timestamp,generator_rotations_per_minute_max,generator_rotations_per_minute_min,generator_rotations_per_minute_average,generator_rotations_per_minute_std,generator_bearing_temperature_average,average_generator_phase_1_temperature,average_generator_phase_2_temperature,average_generator_phase_3_temperature,hydraulic_group_oil_temperature_average,gearbox_oil_temprature_average,gearbox_bearing_temperature_average,average_nacelle_temperature,rotor_rotations_per_minute_max,rotor_rotations_per_minute_min,rotor_rotations_per_minute_std,maximum_ambient_wind_speed,minimum_ambient_wind_speed,average_ambient_wind_speed,std_ambient_wind_speed,average_relative_ambient_wind_direction,average_absolute_ambient_wind_direction,average_ambient_temperature,latest_average_active_power_generated_by_generator_0,latest_average_active_power_generated_by_generator_1,latest_average_total_active_power,latest_average_reactive_power_generated_by_generator_0,latest_average_total_reactive_power,average_high_voltage_transformer_phase_1_temperature,average_high_voltage_transformer_phase_2_temperature,average_high_voltage_transformer_phase_3_temperature,average_grid_inverter_phase_1_temperature,average_controller_top_temperature,average_controller_hub_temperature,average_controller_vcp_(variable_control_panel)_temperature,average_generator_slip_ring_temperature,average_spinner_temperature,minimum_blades_pitch_angle,maximum_blades_pitch_angle,average_blades_pitch_angle,standard_deviation_of_blades_pitch_angle,average_controller_vcp_choke_coil_temperature,average_grid_rotor_inverter_phase_1_temperature,average_grid_rotor_inverter_phase_2_temperature,average_grid_rotor_inverter_phase_3_temperature,average_controller_vcp_water_temperature,grid_production_power_average,grid_production_power_factor_average,grid_production_frequency_average,grid_production_voltage_phase_1_average,grid_production_voltage_phase_2_average,grid_production_voltage_phase_3_average,grid_production_current_phase_1_average,grid_production_current_phase_2_average,grid_production_current_phase_3_average,grid_production_power_maximum,grid_production_power_minimum,grid_busbar_temperature_average,rotor_rotations_per_minute_average,ambient_wind_speed_estimated_average,grid_production_power_standard_deviation,grid_production_reactive_power_average,grid_production_reactive_power_maximum,grid_production_reactive_power_minimum,grid_production_reactive_power_standard_deviation,grid_production_possible_power_average,grid_production_possible_power_maximum,grid_production_possible_power_minimum,grid_production_possible_power_standard_deviation,grid_production_possible_inductive_power_average,grid_production_possible_inductive_power_maximum,grid_production_possible_inductive_power_minimum,grid_production_possible_inductive_power_standard_deviation,grid_production_possible_capacitive_power_average,grid_production_possible_capacitive_power_maximum,grid_production_possible_capacitive_power_minimum,grid_production_possible_capacitive_power_standard_deviation,generator_bearing2_temperature_average,nacelle_direction_average,turbine_id,min_windspeed2,max_windspeed2,avg_windspeed2,var_windspeed2,min_windspeed3,max_windspeed3,avg_windspeed3,var_windspeed3,min_ambienttemp,max_ambienttemp,avg_ambienttemp,minimum_atmospheric_pressure,maximum_atmospheric_pressure,average_atmospheric_pressure,min_humidity,max_humidity,avg_humidity,min_precipitation,max_precipitation,avg_precipitation,max_raindetection,anemometer_1_average_frequency,anemometer_2_average_frequency,pressure_sensor_average_frequency,component,target_class
2016-01-01 00:00:00+00:00,1693.8,0.0,1100.6895833333333,92.58819444444445,39.354166666666664,56.44444444444444,56.43055555555556,55.895833333333336,29.458333333333332,47.541666666666664,50.65972222222222,27.145833333333332,15.0,0.0,9.651388888888889,36.4,0.4,5.070833333333334,1.0041666666666667,2.9993055555555554,228.3673611111111,18.208333333333332,-336.65277777777777,49475.194444444445,7075953.0,-266.21527777777777,-2041680,69.97222222222223,78.43055555555556,67.65277777777777,37.78472222222222,38.520833333333336,28.3125,41.361111111111114,25.520833333333332,20.86111111111111,-3.0,89.7,4.557638888888889,1.5444444444444445,82.28472222222223,37.34027777777778,37.00694444444444,36.791666666666664,36.86805555555556,294.81666666666666,0.8743055555555556,50.0,400.1381944444445,398.87569444444443,397.78263888888887,254.44166666666666,277.0402777777778,263.43541666666664,1689.2,-52.1,37.361111111111114,0.8541666666666666,5.089583333333334,86.7486111111111,-85.06319444444445,1000.1,-740.5,17.17013888888889,299.3215277777778,1705.3,0.0,87.49375,-645.3451388888889,0.0,-1000.0,68.2201388888889,645.2833333333333,1000.0,0.0,68.59583333333333,38.56944444444444,225.37083333333334,T01,0.3,11.3,6.020138888888889,0.4857638888888889,0.4,10.9,6.063888888888889,0.508125,16.0,18.0,16.92361111111111,1015.0,1018.0,1016.4027777777778,75.0,96.0,87.22916666666667,0.0,0.0,0.0,0.0,117.28472222222223,118.15277777777777,416.31944444444446,,0
2016-01-02 00:00:00+00:00,1749.8,0.0,603.7944444444444,58.18333333333333,34.076388888888886,45.52777777777778,45.3125,44.84722222222222,29.618055555555557,45.986111111111114,46.0,26.26388888888889,15.4,0.0,5.104861111111111,43.4,0.4,3.823611111111111,0.8645833333333334,0.3430555555555551,205.90069444444444,16.63888888888889,-641.9097222222222,36844.11111111111,5213120.0,-330.49305555555554,-1206497,69.86805555555556,77.97916666666667,67.51388888888889,34.048611111111114,35.673611111111114,26.01388888888889,37.74305555555556,23.02777777777778,18.833333333333332,-3.0,80.7,14.941666666666666,0.8638888888888888,57.798611111111114,33.56944444444444,33.298611111111114,33.236111111111114,32.833333333333336,217.22500000000002,0.9249999999999999,50.0,399.44930555555555,398.55069444444445,396.3277777777778,191.24097222222224,202.61041666666668,195.06597222222223,2098.0,-49.4,32.61805555555556,0.5291666666666667,3.849305555555555,61.923611111111114,-50.24166666666667,1000.4,-865.4,13.86111111111111,230.33680555555554,2000.0,0.0,67.20763888888888,-312.9430555555556,0.0,-1000.0,30.779861111111114,310.8201388888889,1000.0,0.0,34.513194444444444,33.0,160.56875,T01,0.3,14.0,4.114583333333333,0.455625,0.3,14.2,4.113194444444444,0.453125,13.0,18.0,15.208333333333334,1015.0,1019.0,1016.3541666666666,69.0,97.0,87.74305555555556,0.0,21.0,0.375,0.0,79.06944444444444,79.0,416.34027777777777,,0
2016-01-03 00:00:00+00:00,1795.7,0.0,862.5354166666667,40.109027777777776,42.791666666666664,55.34027777777778,53.94444444444444,52.96527777777778,28.48611111111111,41.59722222222222,44.333333333333336,25.70138888888889,15.7,0.0,7.403472222222222,31.4,0.4,5.527083333333334,1.136111111111111,0.8020833333333335,217.30347222222224,16.53472222222222,-336.3125,99448.78472222222,14272196.0,-92.35416666666667,-2189290,68.93055555555556,77.80555555555556,69.07638888888889,34.6875,35.6875,26.03472222222222,36.486111111111114,24.395833333333332,18.57638888888889,-3.1,55.8,11.213888888888889,0.5847222222222223,59.076388888888886,35.00694444444444,34.96527777777778,34.576388888888886,31.645833333333332,594.6875,0.9868055555555555,50.0,400.0652777777778,398.5104166666667,398.3486111111111,496.6763888888888,514.9277777777778,503.18958333333336,2106.5,-50.1,31.680555555555557,0.3715277777777778,5.487500000000001,130.87569444444443,-91.22361111111111,742.7,-220.8,5.2756944444444445,596.9833333333333,2000.0,0.0,130.11180555555555,-471.18611111111113,0.0,-1000.0,36.30277777777778,439.7784722222222,1000.0,0.0,57.94444444444444,38.21527777777778,246.49652777777777,T01,0.0,17.8,5.634722222222222,0.9665277777777779,0.0,18.0,5.652083333333334,0.9630555555555556,13.0,18.0,15.520833333333334,1012.0,1016.0,1013.9513888888889,81.0,98.0,94.20833333333333,0.0,2.0,0.09722222222222222,0.0,109.47222222222223,109.79861111111111,413.90972222222223,,0
2016-01-04 00:00:00+00:00,1784.6,1232.1,1626.701388888889,39.796527777777776,65.29166666666667,98.65972222222223,94.84722222222223,93.38194444444444,36.138888888888886,53.0625,59.59027777777778,31.21527777777778,15.7,10.9,14.404166666666665,40.8,0.4,9.439583333333333,1.8777777777777775,2.142361111111111,267.2680555555555,18.23611111111111,0.0,226403.86805555556,32602157.0,0.0,-4588645,68.6875,85.61805555555556,87.11805555555556,40.90972222222222,41.75,27.555555555555557,43.458333333333336,33.770833333333336,19.5,-3.1,12.5,-1.0548611111111112,1.0902777777777777,105.68055555555556,41.708333333333336,41.673611111111114,40.74305555555556,38.354166666666664,1358.4666666666667,0.9965277777777778,49.99791666666667,399.29375000000005,397.4506944444445,401.45000000000005,1134.8756944444444,1158.7881944444443,1127.2347222222222,2106.7,143.7,42.416666666666664,0.3493055555555556,9.391666666666667,244.79583333333332,-191.19583333333333,-116.3,-222.5,5.236805555555556,1355.820138888889,2000.0,140.8,242.65277777777777,-926.5736111111112,-583.3,-1000.0,90.78194444444445,829.3020833333334,1000.0,406.1,133.75555555555556,61.1875,265.12152777777777,T01,3.8,18.0,10.003472222222221,1.8233333333333333,3.8,18.3,10.027777777777779,1.8329166666666667,16.0,18.0,17.09027777777778,1004.0,1013.0,1008.8263888888889,75.0,98.0,88.53472222222223,0.0,7.0,0.11805555555555555,0.0,197.0625,197.65277777777777,408.77777777777777,,0
2016-01-05 00:00:00+00:00,1812.5,1236.1,1567.2340277777778,49.702083333333334,56.298611111111114,91.40277777777777,88.15972222222223,86.90972222222223,37.06944444444444,54.28472222222222,59.25694444444444,28.02777777777778,15.9,11.0,13.881250000000001,40.4,0.4,9.043055555555556,1.8020833333333333,-0.7076388888888888,306.8201388888889,14.597222222222221,0.0,191067.9375,27513783.0,0.0,-4294941,64.65972222222223,82.42361111111111,84.88888888888889,38.02777777777778,39.076388888888886,25.22222222222222,40.729166666666664,29.46527777777778,17.055555555555557,-3.2,20.8,-0.0854166666666667,1.1388888888888888,102.89583333333333,38.645833333333336,38.59027777777778,37.81944444444444,35.40277777777778,1146.3548611111112,0.9916666666666667,49.99861111111111,399.68125,397.8569444444445,400.36805555555554,958.7909722222222,982.3249999999999,953.7541666666667,2109.4,97.0,39.291666666666664,0.43472222222222223,9.024999999999999,163.60625,-178.95416666666668,-93.7,-228.2,5.061805555555555,1144.927777777778,2000.0,95.6,163.2527777777778,-896.8208333333333,-468.5,-1000.0,48.36597222222222,828.9597222222222,1000.0,406.1,60.87222222222223,49.28472222222222,312.52986111111113,T01,4.7,23.8,10.00138888888889,1.4977777777777779,4.4,24.0,9.929861111111112,1.4986805555555556,10.0,18.0,13.36111111111111,1001.0,1013.0,1006.9166666666666,52.0,98.0,76.64583333333333,0.0,15.0,0.4236111111111111,0.0,197.03472222222223,195.58333333333334,406.88194444444446,,0
2016-01-06 00:00:00+00:00,1520.1,0.0,435.8069444444444,58.165277777777774,32.09722222222222,38.19444444444444,38.31944444444444,37.99305555555556,24.9375,39.791666666666664,39.8125,23.40277777777778,13.5,0.0,3.767361111111111,14.8,0.4,2.6083333333333334,0.5972222222222222,-2.445138888888889,225.79583333333332,13.833333333333334,-664.7291666666666,5863.777777777777,748662.0,-371.8888888888889,-515328,57.125,65.99305555555556,58.22222222222222,32.541666666666664,32.53472222222222,23.15972222222222,33.25694444444444,18.520833333333332,15.777777777777779,-2.4,79.1,17.025,1.4388888888888889,47.986111111111114,32.173611111111114,31.875,31.88888888888889,30.020833333333332,31.168750000000003,0.8298611111111112,50.00208333333333,400.2638888888889,399.2736111111111,396.9375,44.537499999999994,51.763194444444444,47.74027777777778,618.3,-49.7,27.319444444444443,0.5201388888888889,2.6166666666666667,14.749305555555557,-21.502083333333335,1000.2,-999.5,28.414583333333333,39.49236111111111,630.8,0.0,15.904166666666665,-135.47777777777776,0.0,-1000.0,45.93402777777778,135.47777777777776,1000.0,0.0,45.93402777777778,31.73611111111111,305.7395833333333,T01,0.0,9.9,3.2819444444444446,0.17618055555555556,0.0,9.9,3.2562499999999996,0.17722222222222223,9.0,16.0,12.902777777777779,1013.0,1017.0,1015.4166666666666,59.0,85.0,72.63194444444444,0.0,1.0,0.013888888888888888,0.0,62.333333333333336,61.833333333333336,415.375,,0
2016-01-07 00:00:00+00:00,1551.3,0.0,661.0770833333333,87.66388888888889,38.75694444444444,43.888888888888886,44.1875,43.916666666666664,27.46527777777778,41.451388888888886,43.44444444444444,25.61111111111111,13.7,0.0,5.697916666666667,16.5,0.4,3.271527777777778,0.6527777777777778,-5.56875,254.91944444444445,16.57638888888889,-651.0347222222222,8244.534722222223,1093465.0,-448.9236111111111,-790111,64.125,71.84027777777777,61.25,35.354166666666664,34.645833333333336,25.618055555555557,37.076388888888886,21.84027777777778,18.48611111111111,-2.4,89.7,13.341666666666667,2.3791666666666664,60.923611111111114,34.50694444444444,34.076388888888886,34.15277777777778,34.34027777777778,45.56111111111111,0.775,50.0,399.84722222222223,398.90486111111113,396.59444444444443,55.36527777777778,66.55625,58.76597222222222,607.4,-49.8,32.083333333333336,0.7881944444444444,3.3069444444444445,23.456944444444446,-32.93680555555555,1000.3,-864.5,24.039583333333333,55.10625,618.4,0.0,25.842361111111114,-215.81458333333333,0.0,-1000.0,79.04236111111112,215.81458333333333,1000.0,0.0,79.04236111111112,38.173611111111114,260.4895833333333,T01,0.7000000000000001,8.0,3.953472222222222,0.24493055555555557,0.6000000000000001,8.1,3.9694444444444446,0.24895833333333334,14.0,17.0,15.631944444444445,1013.0,1017.0,1014.8680555555555,67.0,84.0,76.625,0.0,0.0,0.0,0.0,75.8125,76.04861111111111,414.75694444444446,,0
2016-01-08 00:00:00+00:00,1704.8,0.0,878.5416666666666,67.83958333333334,40.104166666666664,48.3125,48.333333333333336,47.833333333333336,26.819444444444443,43.229166666666664,45.75694444444444,25.04861111111111,15.1,0.0,7.715972222222222,25.2,0.4,4.461111111111111,0.970138888888889,-4.435416666666667,206.10902777777778,16.444444444444443,-361.5,36707.756944444445,5233861.0,-181.47222222222223,-1641445,65.25694444444444,73.14583333333333,62.50694444444444,35.40972222222222,35.125,26.46527777777778,37.416666666666664,22.8125,18.76388888888889,-3.1,81.5,8.947916666666666,0.8972222222222221,65.51388888888889,35.02777777777778,34.80555555555556,34.638888888888886,33.72222222222222,218.05416666666667,0.8965277777777777,49.99930555555555,399.86805555555554,398.61249999999995,396.84375,189.31875000000002,208.54652777777778,197.05763888888887,1656.9,-50.2,32.298611111111114,0.6180555555555556,4.481249999999999,78.09097222222222,-68.39930555555556,1000.1,-202.7,10.791666666666666,223.64027777777778,1731.9,0.0,79.81319444444445,-502.4590277777778,0.0,-1000.0,69.26249999999999,502.40347222222226,1000.0,0.0,69.52222222222223,39.28472222222222,210.55902777777777,T01,0.0,13.1,5.298611111111111,0.47215277777777775,0.2,13.3,5.290972222222222,0.5008333333333334,13.0,18.0,15.784722222222221,1005.0,1013.0,1008.8194444444445,70.0,93.0,82.94444444444444,0.0,0.0,0.0,0.0,102.71527777777777,102.5,408.7916666666667,,0
2016-01-09 00:00:00+00:00,1774.5,0.0,1350.4180555555556,70.04861111111111,51.50694444444444,66.95138888888889,66.11111111111111,65.35416666666667,27.79861111111111,50.111111111111114,54.06944444444444,27.5,15.5,0.0,11.941666666666666,38.8,0.4,6.392361111111111,1.2555555555555555,-2.134027777777778,271.6138888888889,16.84722222222222,-160.40277777777777,93099.33333333333,13383205.0,-125.42361111111111,-3027020,60.458333333333336,74.05555555555556,69.47222222222223,39.125,39.40972222222222,26.28472222222222,42.111111111111114,27.083333333333332,18.375,-3.2,89.7,0.6708333333333334,1.0722222222222222,94.30555555555556,39.03472222222222,38.77777777777778,38.4375,37.826388888888886,557.5097222222222,0.8944444444444445,50.00069444444445,399.1819444444444,397.6451388888889,397.9138888888889,473.7326388888889,500.67499999999995,478.4118055555556,2108.2,-50.0,38.923611111111114,0.6333333333333333,6.377083333333333,152.7576388888889,-126.11944444444445,1000.2,-217.9,13.091666666666667,559.5861111111111,2000.0,0.0,153.1638888888889,-784.5638888888889,0.0,-1000.0,81.48194444444444,772.0118055555555,1000.0,0.0,96.01041666666667,46.88194444444444,273.7576388888889,T01,1.7000000000000002,17.0,7.059027777777778,0.9356944444444445,1.6,17.2,7.069444444444445,0.9353472222222222,14.0,18.0,15.680555555555555,1004.0,1012.0,1007.9236111111111,58.0,97.0,78.72222222222223,0.0,4.0,0.125,0.0,138.02083333333334,138.27777777777777,407.875,,0
2016-01-10 00:00:00+00:00,1789.1,175.9,1450.9756944444443,68.5951388888889,57.00694444444444,76.86111111111111,75.125,74.01388888888889,30.65972222222222,50.604166666666664,55.84027777777778,28.29861111111111,15.7,1.6,12.847222222222221,40.6,0.4,7.529861111111111,1.5750000000000002,-0.9090277777777778,246.9909722222222,17.416666666666668,-79.89583333333333,141756.92361111112,20401491.0,-74.90277777777777,-3726061,69.22222222222223,81.20138888888889,74.79861111111111,39.80555555555556,39.6875,27.0,42.21527777777778,29.041666666666668,19.20138888888889,-3.0,45.0,-0.21111111111111114,1.2402777777777778,96.29166666666667,40.09027777777778,39.875,39.326388888888886,38.09722222222222,850.129861111111,0.9395833333333334,50.0,399.2611111111111,397.15277777777777,398.6652777777778,712.3881944444444,744.0944444444444,718.175,2104.4,-48.4,39.74305555555556,0.60625,7.533333333333333,211.00208333333333,-155.24791666666667,758.2,-223.8,8.149999999999999,851.0013888888889,2000.0,0.0,210.84791666666666,-864.1111111111111,0.0,-1000.0,76.93541666666667,822.2847222222222,1000.0,0.0,109.07291666666667,49.40972222222222,247.90555555555557,T01,2.6,19.0,8.306249999999999,1.6411805555555556,2.6,19.4,8.339583333333334,1.645,15.0,18.0,16.444444444444443,1009.0,1012.0,1010.0694444444445,53.0,87.0,72.65277777777777,0.0,1.0,0.006944444444444444,0.0,163.02083333333334,163.76388888888889,410.03472222222223,,0
2016-01-11 00:00:00+00:00,1805.8,0.0,1274.1680555555556,70.37916666666666,60.166666666666664,93.47222222222223,89.88194444444444,88.59722222222223,43.548611111111114,50.15972222222222,55.048611111111114,30.145833333333332,16.0,0.0,11.203472222222222,40.0,0.4,8.28125,1.9027777777777777,-0.1409722222222221,252.37708333333336,16.84722222222222,-392.65972222222223,185885.11111111112,26710915.0,-261.9166666666667,-3465723,69.72222222222223,87.50694444444444,90.10416666666667,39.46527777777778,40.736111111111114,26.88888888888889,42.076388888888886,31.79861111111111,19.01388888888889,-2.8,89.7,6.729861111111111,3.1208333333333336,96.25694444444444,39.833333333333336,39.77777777777778,39.013888888888886,36.94444444444444,1112.8236111111112,0.9243055555555555,50.00208333333333,399.7111111111111,398.0402777777778,399.56180555555557,937.2916666666666,959.1416666666667,936.2479166666667,2109.2,-49.2,40.770833333333336,0.6625000000000001,8.200694444444444,161.51180555555555,-144.41805555555555,829.8,-750.4,19.512500000000003,1129.2979166666667,2000.0,0.0,162.59027777777777,-571.1930555555556,0.0,-1000.0,121.92847222222223,464.8958333333333,1000.0,0.0,140.79583333333332,55.09722222222222,257.51250000000005,T01,1.5,21.8,9.188194444444443,2.2656944444444442,1.5,21.9,9.190277777777778,2.2780555555555555,12.0,18.0,15.666666666666666,1008.0,1015.0,1010.9444444444445,67.0,100.0,84.29166666666667,0.0,3.0,0.1111111111111111,0.0,180.75,180.75694444444446,410.90972222222223,,0
2016-01-12 00:00:00+00:00,1686.8,0.0,806.375,62.63680555555556,37.97222222222222,45.611111111111114,45.65972222222222,45.173611111111114,26.131944444444443,42.31944444444444,44.88194444444444,23.45138888888889,14.9,0.0,6.950694444444444,37.9,0.4,4.049305555555556,0.8944444444444445,1.7562499999999999,131.92361111111111,13.944444444444445,-435.7291666666667,31455.73611111111,4466877.0,-243.54166666666666,-1116151,61.458333333333336,70.25694444444444,61.270833333333336,33.625,34.166666666666664,23.57638888888889,35.63194444444444,20.76388888888889,16.118055555555557,-3.0,89.7,10.618055555555555,1.0465277777777777,61.93055555555556,33.458333333333336,33.229166666666664,33.09722222222222,31.555555555555557,186.12152777777777,0.8708333333333333,50.00138888888889,399.9347222222222,398.7701388888889,396.58194444444445,171.2527777777778,186.92083333333332,182.2486111111111,1524.1,-50.1,30.36111111111111,0.6215277777777778,4.125,62.50069444444445,-46.484027777777776,952.5,-993.4,31.94236111111111,190.7576388888889,1535.2,0.0,62.80694444444445,-423.9951388888889,0.0,-1000.0,53.84583333333333,423.9659722222222,1000.0,0.0,54.047916666666666,30.65277777777778,122.67361111111111,T01,0.5,11.4,4.728472222222222,0.3854861111111111,0.5,11.2,4.65,0.36944444444444446,9.0,16.0,12.847222222222221,1015.0,1018.0,1015.9097222222222,49.0,100.0,77.29166666666667,0.0,1.0,0.006944444444444444,0.0,91.35416666666667,89.79861111111111,415.88194444444446,,0
2016-01-13 00:00:00+00:00,1794.2,0.0,1290.392361111111,42.9625,49.81944444444444,72.15277777777777,70.125,69.06944444444444,26.993055555555557,49.77777777777778,53.84027777777778,26.15277777777778,15.8,0.0,11.383333333333333,39.6,0.4,7.223611111111111,1.2430555555555556,0.15833333333333333,104.19375,15.166666666666666,-179.18055555555554,141874.02083333334,20404057.0,-53.05555555555556,-3018142,66.47916666666667,79.15972222222223,74.15277777777777,36.78472222222222,36.791666666666664,24.479166666666668,38.47222222222222,26.32638888888889,16.75,-3.2,57.6,3.8229166666666665,0.6041666666666666,82.93055555555556,37.166666666666664,37.083333333333336,36.56944444444444,34.263888888888886,850.1409722222222,0.9770833333333333,49.99930555555555,399.6118055555555,398.0763888888889,399.73541666666665,711.1326388888889,732.4069444444444,713.5840277777778,2102.5,-49.1,35.81944444444444,0.3993055555555556,7.1499999999999995,133.24166666666667,-125.75972222222224,757.0,-252.2,5.699999999999999,852.5840277777778,2000.0,0.0,134.55208333333334,-749.9722222222222,0.0,-1000.0,40.06041666666667,699.817361111111,1000.0,0.0,67.61736111111111,42.763888888888886,101.52708333333334,T01,1.1,12.9,7.434027777777778,0.4403472222222222,1.1,13.3,7.48888888888889,0.44548611111111114,11.0,17.0,14.333333333333334,1014.0,1017.0,1015.7152777777778,51.0,82.0,67.42361111111111,0.0,0.0,0.0,0.0,145.67361111111111,146.70833333333334,415.6666666666667,,0
2016-01-14 00:00:00+00:00,1688.7,48.6,911.5770833333333,51.99166666666667,35.486111111111114,49.708333333333336,50.041666666666664,49.69444444444444,26.53472222222222,43.6875,46.326388888888886,25.52777777777778,14.9,0.0,7.938194444444444,20.0,0.4,4.086805555555555,0.7562500000000001,-3.7791666666666663,194.10416666666666,16.083333333333332,-432.5208333333333,22338.07638888889,3154400.0,-316.77777777777777,-1355465,60.173611111111114,70.65277777777777,63.06944444444444,36.77777777777778,36.19444444444444,26.645833333333332,38.97222222222222,22.53472222222222,19.13888888888889,-3.1,84.4,7.816666666666666,1.2722222222222221,76.34027777777777,36.041666666666664,35.65972222222222,35.65972222222222,35.6875,131.42152777777778,0.7923611111111112,49.99791666666667,399.61041666666665,398.65555555555557,396.5465277777778,128.9388888888889,145.2888888888889,133.87222222222223,1492.1,-48.2,34.38194444444444,0.5,4.15625,37.43472222222223,-56.42777777777778,1000.0,-671.7,24.27638888888889,137.32986111111111,1509.3,0.0,38.131249999999994,-455.4777777777778,0.0,-1000.0,78.6625,455.47152777777774,1000.0,0.0,78.71527777777777,31.791666666666668,197.8826388888889,T01,0.9,12.2,4.512499999999999,0.3504861111111111,1.1,12.2,4.518055555555556,0.3560416666666667,13.0,18.0,15.13888888888889,1012.0,1016.0,1014.0277777777778,67.0,97.0,81.75,0.0,0.0,0.0,0.0,87.02777777777777,87.07638888888889,413.94444444444446,,0
2016-01-15 00:00:00+00:00,1708.4,38.3,1000.1680555555556,58.29236111111111,35.44444444444444,51.923611111111114,51.93055555555556,51.53472222222222,26.34722222222222,45.611111111111114,48.53472222222222,24.75,15.1,0.0,8.76736111111111,36.7,0.4,4.8375,0.938888888888889,-1.3708333333333333,303.62638888888887,14.930555555555555,-327.8541666666667,45375.54861111111,6486868.0,-201.96527777777777,-1942664,66.77777777777777,75.34722222222223,64.66666666666667,36.71527777777778,35.791666666666664,25.07638888888889,38.59027777777778,22.25,17.604166666666668,-3.0,85.1,6.534722222222222,0.7125,77.10416666666667,36.27777777777778,36.03472222222222,35.888888888888886,35.451388888888886,270.3381944444444,0.8923611111111112,49.99930555555555,399.57916666666665,398.34583333333336,396.62083333333334,233.8048611111111,253.93819444444443,239.88958333333332,2080.3,-50.1,34.020833333333336,0.5416666666666666,4.882638888888889,76.4048611111111,-80.93958333333333,912.6,-215.1,8.379166666666666,273.54375000000005,2000.0,0.0,76.85833333333333,-592.2277777777778,0.0,-1000.0,47.41111111111111,590.4124999999999,1000.0,0.0,49.50486111111111,32.576388888888886,315.00069444444443,T01,1.2,12.6,5.522916666666666,0.3715972222222222,1.2,12.1,5.480555555555556,0.3699305555555556,11.0,16.0,13.854166666666666,1012.0,1019.0,1015.3472222222222,71.0,98.0,84.125,0.0,2.0,0.020833333333333332,0.0,107.36111111111111,106.48611111111111,415.2986111111111,,0
2016-01-16 00:00:00+00:00,1702.4,0.0,897.4083333333333,89.98472222222222,33.361111111111114,47.9375,47.736111111111114,47.145833333333336,25.819444444444443,43.895833333333336,46.638888888888886,23.618055555555557,15.1,0.0,7.855555555555556,21.1,0.4,4.709722222222222,1.0069444444444444,0.05625000000000007,94.61319444444445,13.347222222222221,-309.2708333333333,47730.020833333336,6828586.0,-95.02777777777777,-1775172,64.15277777777777,72.02083333333333,61.625,34.3125,34.5,23.8125,35.75,20.756944444444443,16.444444444444443,-3.1,84.9,9.311805555555557,1.3145833333333334,62.201388888888886,34.31944444444444,34.09722222222222,33.90972222222222,31.881944444444443,284.5875,0.9166666666666666,50.00069444444445,399.37847222222223,398.1159722222222,397.0236111111111,249.2097222222222,264.1958333333333,255.1534722222222,1902.3,-49.5,30.729166666666668,0.8229166666666666,4.75,83.10208333333334,-73.96944444444445,1001.1,-659.8,20.535416666666666,291.93611111111113,1911.5,0.0,86.03541666666666,-491.1090277777778,0.0,-1000.0,30.168750000000003,490.4548611111111,1000.0,0.0,31.961111111111116,31.444444444444443,99.55416666666666,T01,0.0,11.7,5.484027777777778,0.36895833333333333,0.0,12.0,5.49375,0.37375,9.0,17.0,12.590277777777779,1018.0,1021.0,1019.0,38.0,88.0,61.798611111111114,0.0,1.0,0.006944444444444444,0.0,106.56944444444444,106.74305555555556,418.9791666666667,,0
2016-01-17 00:00:00+00:00,1766.6,109.4,1429.476388888889,53.53888888888889,48.673611111111114,79.89583333333333,77.47916666666667,76.43055555555556,28.680555555555557,53.09027777777778,57.270833333333336,25.541666666666668,15.6,0.0,12.639583333333333,30.4,0.4,7.763888888888889,1.4590277777777778,1.0305555555555557,101.91874999999999,13.791666666666666,-126.8125,157516.97916666666,22664185.0,-95.83333333333333,-3742640,67.77777777777777,81.93055555555556,78.20138888888889,36.666666666666664,37.451388888888886,23.90277777777778,39.354166666666664,26.65972222222222,15.82638888888889,-3.1,59.3,0.8506944444444443,0.9187500000000001,96.78472222222223,36.979166666666664,36.84722222222222,36.25694444444444,34.22222222222222,944.2791666666667,0.9555555555555555,50.00416666666667,399.45000000000005,397.92777777777775,399.32916666666665,791.6638888888889,816.0861111111111,793.3652777777778,2105.3,-44.9,37.27777777777778,0.4722222222222222,7.776388888888889,161.86597222222224,-155.93055555555554,1000.1,-418.5,7.660416666666666,945.7791666666667,2000.0,0.0,161.88472222222222,-848.7666666666667,0.0,-1000.0,66.99930555555555,789.5513888888888,1000.0,0.0,92.9986111111111,43.34722222222222,100.89236111111111,T01,1.1,14.5,8.321527777777778,0.5744444444444444,1.1,14.8,8.368055555555555,0.5779861111111111,12.0,15.0,12.73611111111111,1015.0,1019.0,1017.0972222222222,59.0,72.0,63.65972222222222,0.0,0.0,0.0,0.0,163.34722222222223,164.20833333333334,417.0625,,0
2016-01-18 00:00:00+00:00,1598.6,0.0,422.18125,50.925,32.395833333333336,36.701388888888886,36.854166666666664,36.53472222222222,26.02777777777778,38.701388888888886,39.5,23.88888888888889,14.2,0.0,3.4972222222222222,17.7,0.4,2.928472222222222,0.6666666666666666,-8.856944444444444,251.70208333333332,13.840277777777779,-613.4375,5846.208333333333,753518.0,-250.28472222222223,-401612,58.96527777777778,67.22222222222223,58.458333333333336,31.59027777777778,32.548611111111114,23.1875,33.1875,18.958333333333332,16.36111111111111,-2.4,82.2,18.490277777777777,1.0861111111111112,43.125,31.243055555555557,31.09027777777778,31.09027777777778,29.23611111111111,31.40277777777778,0.8965277777777777,49.99930555555555,400.1965277777778,399.6611111111111,397.0451388888889,39.361805555555556,44.922916666666666,42.85694444444445,745.1,-46.9,27.23611111111111,0.5625,2.951388888888889,15.693750000000001,-16.7125,999.8,-689.7,19.91736111111111,41.07083333333333,754.1,0.0,17.375,-123.23819444444445,0.0,-1000.0,38.36736111111111,123.23819444444445,1000.0,0.0,38.36736111111111,27.63888888888889,283.04583333333335,T01,0.5,9.1,3.6284722222222223,0.15215277777777778,0.4,9.0,3.595138888888889,0.15048611111111113,10.0,17.0,12.930555555555555,1013.0,1017.0,1014.7083333333334,38.0,89.0,65.52083333333333,0.0,0.0,0.0,0.0,69.32638888888889,68.53472222222223,414.65277777777777,,0
2016-01-19 00:00:00+00:00,1422.6,0.0,212.84027777777777,54.36805555555556,26.256944444444443,32.46527777777778,32.451388888888886,32.03472222222222,25.98611111111111,34.22222222222222,34.40277777777778,23.131944444444443,12.6,0.0,1.7277777777777779,13.8,0.4,2.1930555555555555,0.53125,3.839583333333333,221.46388888888887,14.402777777777779,-703.2916666666666,1038.8333333333333,48319.0,-242.27777777777777,-88869,60.423611111111114,67.5625,57.50694444444444,30.01388888888889,32.31944444444444,24.583333333333332,32.00694444444444,18.01388888888889,17.333333333333332,-2.3,89.7,28.314583333333335,1.546527777777778,32.11805555555556,29.78472222222222,29.680555555555557,29.71527777777778,27.506944444444443,2.013888888888889,0.9249999999999999,49.99652777777778,400.33124999999995,400.0513888888889,397.5472222222222,12.70625,14.231250000000001,14.302777777777777,362.2,-50.3,24.97222222222222,0.5208333333333334,2.198611111111111,5.829166666666667,-3.6791666666666663,1000.1,-657.1,14.115277777777777,11.947916666666666,364.6,0.0,7.757638888888888,-28.99652777777778,0.0,-1000.0,14.004861111111111,28.99652777777778,1000.0,0.0,14.004861111111111,25.63888888888889,247.61458333333334,T01,0.0,6.7,2.567361111111111,0.12034722222222223,0.0,6.7,2.5430555555555556,0.11881944444444444,11.0,16.0,13.430555555555555,1011.0,1014.0,1012.0486111111111,47.0,97.0,68.86111111111111,0.0,0.0,0.0,0.0,47.93055555555556,47.486111111111114,412.0,,0
2016-01-20 00:00:00+00:00,1705.3,0.0,699.1645833333333,101.59166666666667,35.791666666666664,45.55555555555556,45.44444444444444,45.076388888888886,27.20138888888889,40.958333333333336,43.38194444444444,24.77777777777778,15.1,0.0,6.044444444444444,37.6,0.4,3.732638888888889,0.7618055555555556,-1.898611111111111,242.07847222222225,15.965277777777779,-646.7708333333334,21855.597222222223,3054075.0,-374.2083333333333,-816263,65.125,72.75,62.395833333333336,34.93055555555556,34.541666666666664,25.36111111111111,36.388888888888886,21.75,18.055555555555557,-2.7,89.7,15.55763888888889,2.8333333333333335,57.583333333333336,34.49305555555556,34.138888888888886,34.15277777777778,33.416666666666664,127.22569444444444,0.7986111111111112,49.99722222222223,399.6479166666667,398.9486111111111,397.01180555555555,131.08958333333334,138.5826388888889,134.31666666666666,2098.0,-50.1,31.3125,0.9368055555555556,3.740277777777778,42.988194444444446,-33.99166666666667,1000.2,-723.7,40.81597222222222,139.99166666666667,2000.0,0.0,46.390277777777776,-226.925,0.0,-1000.0,56.291666666666664,224.46527777777777,1000.0,0.0,60.07361111111111,38.19444444444444,251.48402777777775,T01,0.5,14.2,4.197916666666667,0.2984027777777778,0.5,14.5,4.178472222222222,0.30791666666666667,11.0,17.0,14.993055555555555,1008.0,1014.0,1010.7152777777778,60.0,97.0,83.56944444444444,0.0,27.0,0.3958333333333333,0.0,80.60416666666667,80.27083333333333,410.6736111111111,,0
2016-01-21 00:00:00+00:00,1410.9,0.0,176.20486111111111,18.328472222222224,25.97222222222222,31.02777777777778,31.07638888888889,30.694444444444443,26.180555555555557,33.798611111111114,33.673611111111114,23.86111111111111,12.5,0.0,1.1902777777777778,17.3,0.4,2.1756944444444444,0.4722222222222222,-13.284027777777778,155.99444444444444,16.09722222222222,-654.5625,1119.263888888889,66916.0,-233.23611111111111,-115052,61.625,68.68055555555556,58.513888888888886,30.375,31.84027777777778,25.743055555555557,32.74305555555556,19.40972222222222,18.26388888888889,-2.2,44.2,22.615972222222222,0.19652777777777777,30.208333333333332,29.90972222222222,29.73611111111111,29.79861111111111,28.069444444444443,2.7965277777777775,0.9548611111111112,49.99722222222223,399.7083333333333,399.6534722222222,396.4,9.996527777777779,12.197916666666666,12.299305555555556,329.2,-42.3,25.63888888888889,0.2423611111111111,2.1812500000000004,5.459027777777778,-4.779166666666667,1000.2,-591.1,6.770833333333333,9.304861111111112,333.3,0.0,5.800694444444444,-31.95138888888889,0.0,-1000.0,13.038888888888888,31.95138888888889,1000.0,0.0,13.038888888888888,27.0,171.78819444444446,T01,0.0,6.5,1.9743055555555555,0.07729166666666668,0.0,6.6,1.9618055555555556,0.08229166666666667,13.0,17.0,15.54861111111111,1013.0,1018.0,1015.1736111111111,83.0,98.0,91.70833333333333,0.0,0.0,0.0,0.0,36.06944444444444,35.8125,415.125,,0
2016-01-22 00:00:00+00:00,1681.0,0.0,537.7701388888888,46.172222222222224,30.895833333333332,37.173611111111114,37.31944444444444,36.916666666666664,28.04861111111111,35.61805555555556,37.6875,25.59722222222222,14.9,0.0,4.446527777777778,18.2,0.4,3.2416666666666667,0.6527777777777778,5.221527777777777,97.60208333333334,17.34027777777778,-503.59722222222223,13378.833333333334,1854033.0,-229.9375,-787811,64.00694444444444,71.07638888888889,60.645833333333336,33.28472222222222,34.09027777777778,27.32638888888889,35.69444444444444,22.229166666666668,20.13888888888889,-3.0,89.7,16.077777777777776,0.9868055555555555,44.80555555555556,32.74305555555556,32.56944444444444,32.548611111111114,31.881944444444443,77.2798611111111,0.8909722222222223,50.0,399.9506944444445,399.2951388888889,397.04791666666665,77.53402777777778,85.28194444444445,80.46180555555556,1694.3,-49.7,29.375,0.4937500000000001,3.3041666666666667,28.143055555555556,-32.81458333333333,999.9,-597.0,14.940972222222221,85.22222222222223,1734.0,0.0,30.494444444444444,-220.8125,0.0,-1000.0,36.58541666666667,220.7576388888889,1000.0,0.0,36.84166666666667,31.73611111111111,89.87916666666666,T01,0.0,10.5,3.579861111111111,0.16868055555555556,0.0,10.5,3.599305555555555,0.1711111111111111,14.0,25.0,16.541666666666668,1018.0,1022.0,1019.9722222222222,62.0,100.0,80.44444444444444,0.0,1.0,0.013888888888888888,0.0,68.29166666666667,68.63194444444444,419.9166666666667,,0
2016-01-23 00:00:00+00:00,1733.3,171.2,1523.6027777777776,53.37291666666667,55.638888888888886,77.09027777777777,75.24305555555556,74.28472222222223,28.29861111111111,52.763888888888886,57.49305555555556,27.729166666666668,15.3,1.7000000000000002,13.494444444444445,24.2,0.4,7.71875,1.3319444444444446,-1.9229166666666668,114.64236111111111,16.979166666666668,-14.88888888888889,143063.31944444444,20598974.0,-6.618055555555555,-3866193,71.75,83.875,77.17361111111111,39.833333333333336,40.270833333333336,26.875,43.09027777777778,28.95138888888889,18.98611111111111,-3.1,59.2,-1.6784722222222224,0.5034722222222222,100.20833333333333,40.11805555555556,39.90972222222222,39.34722222222222,38.208333333333336,858.2715277777778,0.9562499999999999,50.0,398.81944444444446,397.32430555555555,399.5388888888889,727.0854166666667,745.84375,719.5270833333333,2102.1,-43.8,40.61805555555556,0.46875,7.6875,165.37708333333333,-161.08888888888887,14.3,-221.1,5.547916666666667,858.1618055555556,2000.0,0.0,165.38125000000002,-943.2361111111111,0.0,-1000.0,47.71527777777778,913.8340277777778,1000.0,0.0,70.39861111111111,53.21527777777778,116.56875000000001,T01,2.1,14.0,8.011111111111111,0.78625,2.0,14.1,8.08125,0.7918055555555555,14.0,18.0,15.916666666666666,1020.0,1024.0,1022.0416666666666,64.0,89.0,76.95833333333333,0.0,0.0,0.0,0.0,157.08333333333334,158.50694444444446,421.99305555555554,,0
2016-01-24 00:00:00+00:00,1691.8,187.1,1394.8715277777778,47.136805555555554,41.375,63.729166666666664,63.18055555555556,62.763888888888886,27.1875,50.28472222222222,54.423611111111114,26.479166666666668,15.0,1.8,12.348611111111111,45.0,0.6000000000000001,6.191666666666666,1.0104166666666667,-1.0868055555555556,119.32152777777777,16.916666666666668,-12.791666666666666,74083.14583333333,10666131.0,-8.45138888888889,-3024319,63.50694444444444,74.96527777777777,68.55555555555556,39.3125,39.43055555555556,27.1875,42.395833333333336,26.4375,19.319444444444443,-3.2,55.3,-1.5437500000000002,0.41875,97.31944444444444,39.03472222222222,38.71527777777778,38.4375,38.13194444444444,444.4375,0.8993055555555556,49.99930555555555,399.2340277777778,397.4555555555555,398.2902777777778,385.74652777777777,407.5444444444445,378.28263888888887,1788.8,-46.9,38.90277777777778,0.4173611111111111,6.165972222222222,88.43958333333333,-126.01319444444445,14.1,-186.6,6.124305555555555,444.75,1823.5,0.0,88.73055555555555,-894.1937499999999,0.0,-1000.0,68.45069444444444,893.4902777777778,1000.0,0.0,69.91388888888889,43.958333333333336,120.41458333333334,T01,1.7000000000000002,11.6,6.204861111111111,0.7141666666666667,1.7000000000000002,12.3,6.258333333333334,0.7229861111111111,14.0,19.0,15.9375,1021.0,1024.0,1022.3611111111111,61.0,78.0,70.91666666666667,0.0,0.0,0.0,0.0,120.97222222222223,122.06944444444444,422.30555555555554,,0
2016-01-25 00:00:00+00:00,1693.5,0.0,1119.1256944444444,85.86388888888888,37.958333333333336,56.666666666666664,56.625,56.166666666666664,27.59722222222222,47.78472222222222,50.96527777777778,26.125,15.0,0.0,9.845833333333333,23.6,0.4,5.225694444444445,0.9104166666666667,-2.5444444444444443,118.32916666666668,16.5,-302.0763888888889,51819.5,7418507.0,-173.07638888888889,-2090866,70.38888888888889,79.49305555555556,68.84722222222223,38.166666666666664,38.076388888888886,26.666666666666668,41.03472222222222,24.430555555555557,19.22222222222222,-3.2,84.8,4.131944444444445,1.4180555555555556,86.30555555555556,37.77777777777778,37.354166666666664,37.201388888888886,37.21527777777778,309.11249999999995,0.8937499999999999,50.00138888888889,399.2340277777778,397.9715277777778,397.4583333333333,273.31597222222223,289.55902777777777,270.375,1519.3,-48.9,37.138888888888886,0.7736111111111111,5.235416666666667,74.69513888888889,-87.11527777777778,1000.0,-438.7,17.574305555555554,314.2236111111111,1544.9,0.0,75.29374999999999,-672.6875,0.0,-1000.0,63.240972222222226,672.6729166666667,1000.0,0.0,63.3451388888889,36.826388888888886,118.3722222222222,T01,0.0,11.4,5.322222222222222,0.500625,0.0,11.6,5.3694444444444445,0.5049305555555557,14.0,18.0,15.409722222222221,1021.0,1024.0,1022.0347222222222,66.0,87.0,77.125,0.0,0.0,0.0,0.0,103.11111111111111,104.25694444444444,422.00694444444446,,0
2016-01-26 00:00:00+00:00,1458.1,0.0,413.3375,33.802083333333336,29.73611111111111,41.18055555555556,41.361111111111114,40.84722222222222,26.875,37.28472222222222,38.104166666666664,24.21527777777778,12.9,0.0,3.4402777777777778,20.0,0.4,2.3881944444444443,0.5652777777777778,4.821527777777778,198.3013888888889,14.895833333333334,-577.2291666666666,4225.708333333333,525379.0,-226.72916666666666,-436507,62.229166666666664,69.85416666666667,59.65277777777778,32.166666666666664,33.138888888888886,24.791666666666668,34.15277777777778,19.729166666666668,17.520833333333332,-2.3,69.1,17.14513888888889,0.7590277777777777,46.111111111111114,31.84722222222222,31.680555555555557,31.666666666666668,30.270833333333332,21.893055555555556,0.8680555555555556,50.00347222222222,399.9326388888889,399.1986111111111,396.9777777777778,34.43541666666667,41.34305555555555,37.12708333333333,490.6,-49.3,28.083333333333332,0.3013888888888889,2.415972222222222,12.706944444444444,-18.203472222222224,894.8,-726.9,21.538888888888888,27.092361111111114,493.4,0.0,12.320833333333333,-120.5923611111111,0.0,-1000.0,45.97222222222222,120.5923611111111,1000.0,0.0,45.97222222222222,29.1875,175.96875,T01,0.0,6.7,2.634027777777778,0.12020833333333332,0.0,6.6,2.6131944444444444,0.11875000000000001,11.0,16.0,13.583333333333334,1022.0,1025.0,1023.3541666666666,62.0,96.0,82.86805555555556,0.0,1.0,0.020833333333333332,0.0,49.166666666666664,48.916666666666664,423.25,,0
2016-01-27 00:00:00+00:00,1426.0,0.0,157.82291666666666,38.50138888888889,24.458333333333332,29.77777777777778,29.770833333333332,29.333333333333332,26.243055555555557,32.99305555555556,32.53472222222222,23.61111111111111,12.6,0.0,0.9826388888888888,12.5,0.4,2.0902777777777777,0.5159722222222223,35.072916666666664,168.9048611111111,13.791666666666666,-592.6944444444445,198.0625,-56827.0,-140.09722222222223,-1379,60.11805555555556,67.15277777777777,57.0625,29.90972222222222,31.743055555555557,24.666666666666668,31.618055555555557,17.90972222222222,17.96527777777778,-2.3,89.7,23.570138888888888,0.9222222222222223,28.20138888888889,29.67361111111111,29.59027777777778,29.59722222222222,26.88888888888889,-2.365277777777778,0.9597222222222221,50.00069444444445,400.4291666666667,400.01180555555555,397.06388888888887,6.414583333333333,7.2875000000000005,8.196527777777778,302.1,-48.2,24.145833333333332,0.3875,2.0972222222222223,3.9500000000000006,-0.05486111111111118,1000.0,-673.5,9.021527777777777,5.023611111111111,321.1,0.0,4.988888888888889,-5.884027777777778,0.0,-1000.0,6.401388888888889,5.884027777777778,1000.0,0.0,6.401388888888889,24.98611111111111,201.33958333333334,T01,0.0,5.2,1.9486111111111113,0.09854166666666667,0.0,5.5,1.9562499999999998,0.10041666666666667,10.0,17.0,13.07638888888889,1020.0,1023.0,1021.375,48.0,96.0,77.49305555555556,0.0,1.0,0.020833333333333332,0.0,35.55555555555556,35.77777777777778,421.3333333333333,,0
2016-01-28 00:00:00+00:00,1386.5,0.0,329.3638888888889,57.37986111111112,28.15277777777778,35.583333333333336,35.59027777777778,35.22222222222222,25.84027777777778,33.173611111111114,34.74305555555556,23.03472222222222,12.3,0.0,2.479861111111111,12.8,0.4,2.6118055555555557,0.5979166666666668,-7.081944444444445,89.23333333333333,13.944444444444445,-620.9513888888889,2034.611111111111,203568.0,-245.14583333333334,-306495,60.1875,67.19444444444444,57.041666666666664,30.82638888888889,32.21527777777778,23.583333333333332,32.09722222222222,18.756944444444443,16.82638888888889,-2.3,85.0,20.35763888888889,1.2395833333333333,35.0625,30.38888888888889,30.256944444444443,30.291666666666668,28.458333333333332,8.48611111111111,0.8777777777777778,50.00069444444445,400.03541666666666,399.63958333333335,397.0541666666667,30.386111111111113,33.21666666666667,33.24444444444444,330.4,-49.1,25.506944444444443,0.6055555555555556,2.6277777777777778,7.964583333333334,-12.852083333333333,901.5,-998.2,38.143055555555556,16.256944444444443,334.8,0.0,9.306944444444445,-58.72708333333334,0.0,-1000.0,25.619444444444444,58.72708333333334,1000.0,0.0,25.619444444444444,27.71527777777778,83.81319444444445,T01,0.0,6.8,3.1312499999999996,0.14395833333333333,0.0,6.7,3.098611111111111,0.14340277777777777,11.0,16.0,13.152777777777779,1020.0,1023.0,1021.3333333333334,66.0,90.0,78.93055555555556,0.0,0.0,0.0,0.0,59.263888888888886,58.666666666666664,421.30555555555554,,0
2016-01-29 00:00:00+00:00,1443.8,0.0,518.4027777777778,60.71180555555556,29.92361111111111,39.520833333333336,39.763888888888886,39.361111111111114,25.52777777777778,38.59027777777778,40.041666666666664,23.618055555555557,12.8,0.0,4.429861111111111,14.4,0.4,2.7916666666666665,0.64375,9.533333333333333,153.51875,14.29861111111111,-581.4444444444445,4856.5625,615617.0,-292.6388888888889,-477703,61.625,69.02777777777777,58.61805555555556,32.80555555555556,33.5625,23.708333333333332,34.22222222222222,19.29861111111111,16.1875,-2.4,89.7,15.606250000000001,1.7215277777777778,51.076388888888886,32.388888888888886,32.166666666666664,32.15277777777778,30.82638888888889,25.658333333333335,0.7777777777777778,50.0,400.0534722222222,399.34791666666666,397.5395833333333,55.87361111111111,61.25416666666667,58.63611111111111,382.7,-49.9,28.479166666666668,0.5493055555555555,2.795138888888889,13.394444444444444,-19.856250000000003,1000.2,-894.9,59.34375,33.93958333333333,385.1,0.0,14.091666666666667,-135.2201388888889,0.0,-1000.0,52.13194444444444,135.2201388888889,1000.0,0.0,52.13194444444444,28.03472222222222,101.48472222222222,T01,0.0,7.6,3.3319444444444444,0.15104166666666666,0.0,7.5,3.276388888888889,0.14722222222222223,10.0,18.0,13.29861111111111,1020.0,1023.0,1021.7569444444445,50.0,87.0,72.90972222222223,0.0,0.0,0.0,0.0,63.298611111111114,62.22222222222222,421.6875,,0
2016-01-30 00:00:00+00:00,1409.1,0.0,250.00972222222222,52.59305555555556,26.618055555555557,31.67361111111111,31.729166666666668,31.36111111111111,26.444444444444443,35.13194444444444,35.5,24.01388888888889,12.5,0.0,1.8506944444444444,19.1,0.4,2.408333333333333,0.6090277777777778,3.093055555555556,172.89236111111111,14.23611111111111,-631.4513888888889,2588.909722222222,281874.0,-219.94444444444446,-128787,60.798611111111114,67.72222222222223,57.708333333333336,30.625,31.90277777777778,23.96527777777778,32.44444444444444,18.79861111111111,16.916666666666668,-2.6,69.0,21.22986111111111,1.0340277777777778,33.65277777777778,30.15972222222222,30.0,30.01388888888889,27.979166666666668,11.740277777777777,0.9312499999999999,50.0,400.0090277777778,399.55833333333334,396.80833333333334,20.26875,23.008333333333333,23.549305555555556,452.3,-49.4,25.583333333333332,0.5145833333333333,2.4118055555555555,6.166666666666667,-5.363888888888889,832.0,-681.0,14.177083333333334,20.495833333333334,459.5,0.0,8.775694444444445,-59.4076388888889,0.0,-1000.0,10.585416666666667,59.4076388888889,1000.0,0.0,10.585416666666667,26.34027777777778,154.80347222222224,T01,0.0,7.4,2.714583333333333,0.14395833333333333,0.0,7.2,2.6847222222222222,0.1425,8.0,18.0,13.20138888888889,1023.0,1028.0,1025.5,54.0,87.0,69.02777777777777,0.0,0.0,0.0,0.0,50.99305555555556,50.395833333333336,425.4513888888889,,0
2016-01-31 00:00:00+00:00,1663.9,0.0,633.3631944444445,96.43263888888889,33.111111111111114,43.229166666666664,43.40972222222222,43.020833333333336,26.42361111111111,40.701388888888886,42.729166666666664,24.118055555555557,14.7,0.0,5.495833333333334,19.7,0.4,3.3,0.7597222222222223,4.5159722222222225,190.93958333333333,14.833333333333334,-574.1805555555555,13570.180555555555,1871425.0,-304.63194444444446,-825869,62.36805555555556,69.75,59.44444444444444,33.38194444444444,33.9375,23.75,35.09722222222222,20.305555555555557,16.305555555555557,-3.0,89.7,13.925694444444444,2.4958333333333336,55.270833333333336,32.99305555555556,32.798611111111114,32.763888888888886,31.72222222222222,77.96180555555556,0.8305555555555556,50.00069444444445,399.9013888888889,398.8569444444445,396.43125,88.01736111111111,97.6875,92.21180555555556,1299.3,-50.0,29.84027777777778,0.8937499999999999,3.3229166666666665,37.393055555555556,-34.389583333333334,1000.2,-920.2,40.5625,87.67500000000001,1322.8,0.0,38.60208333333333,-233.63888888888889,0.0,-1000.0,78.05138888888888,233.63888888888889,1000.0,0.0,78.05138888888888,31.041666666666668,156.4388888888889,T01,0.6000000000000001,10.4,4.088888888888889,0.26083333333333336,0.6000000000000001,10.3,4.022222222222222,0.25319444444444444,10.0,18.0,13.875,1023.0,1028.0,1025.4027777777778,43.0,85.0,67.09722222222223,0.0,0.0,0.0,0.0,78.53472222222223,77.1875,425.3263888888889,,0
2016-02-01 00:00:00+00:00,1459.3,0.0,323.09305555555557,73.00625,28.805555555555557,34.951388888888886,34.96527777777778,34.611111111111114,28.17361111111111,36.61805555555556,37.47222222222222,25.45138888888889,12.9,0.0,2.4701388888888887,13.4,0.4,2.5687499999999996,0.5597222222222222,13.175,122.38194444444444,17.09722222222222,-681.5,3279.7986111111113,374149.0,-299.2013888888889,-293825,62.93055555555556,69.95833333333333,59.78472222222222,32.236111111111114,33.020833333333336,26.395833333333332,33.99305555555556,21.131944444444443,19.63888888888889,-2.3,89.7,21.49652777777778,2.3062500000000004,36.645833333333336,31.67361111111111,31.375,31.479166666666668,30.1875,15.59513888888889,0.8951388888888889,50.0,399.9243055555555,399.42083333333335,396.83958333333334,27.47361111111111,31.36111111111111,29.90138888888889,610.7,-49.7,27.770833333333332,0.6979166666666666,2.5875000000000004,10.497222222222222,-12.227777777777778,1000.2,-1000.2,21.093055555555555,26.064583333333335,631.4,0.0,13.752083333333333,-71.47916666666667,0.0,-1000.0,28.889583333333334,71.47916666666667,1000.0,0.0,28.889583333333334,28.4375,136.70347222222222,T01,0.4,7.6,2.836111111111111,0.14222222222222222,0.4,7.5,2.8159722222222223,0.14666666666666667,12.0,23.0,16.72222222222222,1020.0,1024.0,1022.0972222222222,34.0,85.0,58.916666666666664,0.0,0.0,0.0,0.0,53.298611111111114,52.90972222222222,422.02777777777777,,0
2016-02-02 00:00:00+00:00,1434.4,0.0,647.3694444444444,105.61666666666666,37.013888888888886,43.298611111111114,43.638888888888886,43.333333333333336,29.541666666666668,41.27777777777778,43.50694444444444,26.270833333333332,12.7,0.0,5.569444444444445,17.0,0.4,3.2159722222222222,0.6805555555555556,0.2173611111111111,163.55833333333334,17.04861111111111,-703.0138888888889,6643.875,855482.0,-477.9861111111111,-657234,65.45138888888889,73.11111111111111,62.55555555555556,35.47222222222222,35.09722222222222,27.73611111111111,37.46527777777778,22.5625,20.291666666666668,-2.6,89.7,13.778472222222222,2.761111111111111,60.479166666666664,34.65972222222222,34.24305555555556,34.31944444444444,34.541666666666664,35.62986111111111,0.7694444444444445,49.99930555555555,399.78194444444443,399.0402777777778,397.15694444444443,55.111805555555556,62.03125,56.38055555555556,455.2,-50.0,32.55555555555556,0.9576388888888889,3.2756944444444445,19.556944444444444,-27.37013888888889,1000.0,-945.6,37.46527777777778,49.24722222222223,458.3,0.0,23.838194444444444,-184.12152777777777,0.0,-1000.0,73.00694444444444,184.12152777777777,1000.0,0.0,73.00694444444444,31.381944444444443,183.33819444444444,T01,0.3,8.9,3.855555555555556,0.17381944444444444,0.3,8.9,3.8687500000000004,0.1801388888888889,14.0,21.0,16.243055555555557,1018.0,1021.0,1019.4652777777778,39.0,83.0,55.74305555555556,0.0,0.0,0.0,0.0,73.90972222222223,74.10416666666667,419.4236111111111,,0
2016-02-03 00:00:00+00:00,1698.0,0.0,301.45624999999995,36.46180555555556,27.020833333333332,31.29861111111111,31.256944444444443,30.805555555555557,26.770833333333332,33.263888888888886,33.90972222222222,23.79861111111111,15.0,0.0,2.3805555555555555,18.9,0.4,2.5444444444444443,0.5708333333333333,5.4840277777777775,184.59722222222223,14.868055555555555,-545.2222222222222,10240.319444444445,1396093.0,-129.1875,-439644,61.3125,68.34027777777777,58.166666666666664,30.958333333333332,31.854166666666668,24.79861111111111,32.34027777777778,18.930555555555557,17.916666666666668,-3.1,65.3,20.293750000000003,0.6638888888888889,32.31944444444444,30.67361111111111,30.51388888888889,30.52777777777778,28.23611111111111,58.18333333333333,0.9513888888888888,50.00069444444445,399.86805555555554,399.64166666666665,396.6472222222222,57.639583333333334,62.30277777777778,60.44930555555556,1760.0,-49.1,25.493055555555557,0.3965277777777778,2.5506944444444444,17.19861111111111,-18.32638888888889,839.2,-534.6,9.986805555555556,63.9076388888889,1777.8,0.0,17.19027777777778,-93.51111111111112,0.0,-1000.0,14.044444444444444,93.10624999999999,1000.0,0.0,15.00902777777778,25.98611111111111,229.11527777777778,T01,0.0,12.7,2.896527777777778,0.14402777777777778,0.0,12.2,2.8680555555555554,0.14388888888888887,9.0,17.0,13.895833333333334,1017.0,1020.0,1018.8611111111111,65.0,100.0,85.69444444444444,0.0,0.0,0.0,0.0,54.52777777777778,54.03472222222222,418.8333333333333,,0
2016-02-04 00:00:00+00:00,1854.7,1244.6,1653.6527777777778,33.59305555555555,70.33333333333333,115.78472222222223,109.72222222222223,107.84722222222223,41.4375,53.78472222222222,60.52777777777778,31.125,16.1,11.0,14.654861111111112,39.6,0.7000000000000001,12.066666666666666,2.347916666666667,-0.17708333333333337,117.82986111111111,16.479166666666668,0.0,286611.0486111111,41271991.0,0.0,-4873495,79.72222222222223,96.98611111111111,97.69444444444444,41.97222222222222,42.333333333333336,26.40277777777778,44.27777777777778,34.61805555555556,18.270833333333332,-3.0,20.9,4.0368055555555555,2.1875,113.43055555555556,42.96527777777778,43.104166666666664,41.84722222222222,38.513888888888886,1719.679861111111,0.9993055555555556,49.99930555555555,399.80625,398.10833333333335,402.29999999999995,1433.0826388888888,1451.7993055555555,1424.24375,2106.4,205.4,44.951388888888886,0.28541666666666665,11.847222222222221,132.84027777777777,-203.0638888888889,-128.3,-225.3,2.807638888888889,1717.4562500000002,2000.0,190.0,130.90277777777777,-742.2208333333333,-583.3,-1000.0,73.58333333333333,592.1715277777778,1000.0,406.1,83.32430555555555,63.53472222222222,118.02152777777776,T01,6.2,24.3,12.67361111111111,2.0149305555555554,6.3,24.6,12.752777777777778,2.0477777777777777,14.0,17.0,15.340277777777779,1018.0,1023.0,1020.2083333333334,53.0,81.0,70.25694444444444,0.0,1.0,0.006944444444444444,0.0,250.65972222222223,252.17361111111111,420.13194444444446,,0
2016-02-05 00:00:00+00:00,1798.9,160.3,1576.8541666666667,34.87291666666667,58.59722222222222,104.59722222222223,100.05555555555556,98.69444444444444,41.56944444444444,51.8125,58.1875,30.53472222222222,15.8,0.0,13.966666666666667,42.3,0.5,9.723611111111111,1.9229166666666666,0.6694444444444444,126.14166666666668,16.02777777777778,-9.680555555555555,225861.06944444444,32522600.0,-6.673611111111111,-4517889,72.60416666666667,93.59722222222223,97.77083333333333,40.94444444444444,41.541666666666664,26.84027777777778,43.173611111111114,32.520833333333336,18.61111111111111,-3.1,60.1,1.16875,1.745138888888889,109.77083333333333,41.59027777777778,41.55555555555556,40.645833333333336,38.0625,1355.1881944444444,0.9479166666666666,50.0,399.5777777777778,397.9576388888889,401.4555555555555,1139.4506944444445,1155.2611111111112,1125.6131944444444,2109.0,-48.9,42.74305555555556,0.3006944444444445,9.620833333333334,151.60347222222222,-188.2375,8.7,-224.1,4.959722222222222,1352.4722222222222,2000.0,0.0,149.95694444444445,-758.8097222222223,0.0,-1000.0,107.45972222222223,643.3333333333334,1000.0,0.0,119.45555555555555,52.479166666666664,125.48194444444445,T01,2.2,21.2,10.15763888888889,2.093125,2.4,21.5,10.227083333333333,2.098402777777778,13.0,18.0,14.840277777777779,1015.0,1019.0,1016.5694444444445,62.0,81.0,72.67361111111111,0.0,0.0,0.0,0.0,200.15972222222223,201.53472222222223,416.5138888888889,,0
2016-02-06 00:00:00+00:00,1694.3,0.0,1165.2416666666666,81.04652777777778,40.229166666666664,57.30555555555556,57.270833333333336,56.604166666666664,27.416666666666668,48.63194444444444,51.88194444444444,26.041666666666668,15.0,0.0,10.291666666666666,23.1,0.4,5.643055555555556,1.104861111111111,-2.9590277777777776,187.22361111111113,16.48611111111111,-237.60416666666666,63997.805555555555,9181468.0,-170.82638888888889,-2493479,61.916666666666664,72.55555555555556,65.61805555555556,37.354166666666664,37.583333333333336,26.958333333333332,40.736111111111114,24.47222222222222,19.520833333333332,-3.2,89.7,5.108333333333333,1.21875,83.45138888888889,37.076388888888886,36.78472222222222,36.604166666666664,36.21527777777778,382.5875,0.9069444444444444,50.0,399.43402777777777,397.96875,397.10625000000005,325.2875,350.3388888888889,335.1590277777778,1801.2,-50.1,36.59027777777778,0.7333333333333334,5.667361111111111,116.86944444444445,-103.90208333333334,586.1,-350.4,9.703472222222222,388.97222222222223,1810.0,0.0,119.0340277777778,-716.2520833333333,0.0,-1000.0,48.96180555555556,715.8381944444444,1000.0,0.0,50.480555555555554,43.3125,190.1888888888889,T01,0.9,12.7,5.702083333333333,0.9605555555555555,0.9,12.4,5.69375,0.9895138888888889,13.0,18.0,15.430555555555555,1014.0,1017.0,1015.3333333333334,70.0,92.0,79.74305555555556,0.0,0.0,0.0,0.0,110.72916666666667,110.79166666666667,415.2708333333333,,0
2016-02-07 00:00:00+00:00,1757.7,168.7,1407.3076388888887,57.674305555555556,51.798611111111114,75.57638888888889,73.90277777777777,72.90277777777777,29.631944444444443,52.270833333333336,56.479166666666664,28.319444444444443,15.6,1.6,12.465972222222222,39.0,0.4,7.402083333333334,1.43125,1.3097222222222222,290.6,16.333333333333332,-127.59722222222223,134883.60416666666,19404865.0,-94.11805555555556,-3483612,65.4375,79.8125,75.89583333333333,38.99305555555556,40.46527777777778,26.229166666666668,42.854166666666664,28.07638888888889,18.416666666666668,-3.2,58.0,1.0493055555555555,0.7076388888888889,97.09027777777777,39.201388888888886,39.03472222222222,38.52777777777778,37.47222222222222,808.4729166666667,0.9569444444444445,50.00138888888889,399.3541666666667,397.4861111111111,398.8861111111111,676.2506944444444,705.6069444444444,680.5402777777778,2103.6,-36.3,40.4375,0.5048611111111111,7.377083333333333,174.72847222222222,-145.14583333333334,751.6,-222.7,6.405555555555555,810.6548611111111,2000.0,0.0,175.59444444444443,-835.5548611111111,0.0,-1000.0,37.67986111111111,806.1277777777777,1000.0,0.0,52.94027777777777,51.1875,296.7888888888889,T01,3.1,16.4,8.026388888888889,0.8727777777777779,3.2,16.7,8.0125,0.8674305555555555,13.0,17.0,15.17361111111111,1014.0,1022.0,1017.7708333333334,45.0,97.0,74.53472222222223,0.0,3.0,0.08333333333333333,0.0,157.47916666666666,157.1875,417.7291666666667,,0
2016-02-08 00:00:00+00:00,1645.8,0.0,724.95,86.71805555555555,32.791666666666664,43.09722222222222,43.395833333333336,43.03472222222222,26.22222222222222,41.388888888888886,43.61805555555556,24.194444444444443,14.6,0.0,6.329861111111111,19.8,0.4,3.6437500000000003,0.8013888888888889,-0.420138888888889,258.5701388888889,14.916666666666666,-563.1111111111111,13835.180555555555,1911178.0,-292.2361111111111,-775530,60.673611111111114,69.31944444444444,60.21527777777778,33.763888888888886,33.979166666666664,24.4375,35.451388888888886,20.46527777777778,17.25,-2.8,89.7,12.597916666666666,2.216666666666667,58.111111111111114,33.326388888888886,33.05555555555556,33.00694444444444,32.09722222222222,79.65,0.825,50.00069444444445,399.8930555555555,398.87708333333336,396.93541666666664,85.84444444444445,96.47083333333333,91.1576388888889,998.4,-50.1,30.333333333333332,0.8215277777777777,3.6611111111111114,40.114583333333336,-32.30486111111111,1000.4,-709.5,36.37986111111111,89.43125,1013.6,0.0,42.37222222222223,-263.85069444444446,0.0,-1000.0,82.64930555555556,263.85069444444446,1000.0,0.0,82.64930555555556,31.32638888888889,286.5076388888889,T01,1.6,11.3,4.657638888888889,0.2559722222222222,1.5,11.2,4.6,0.2542361111111111,11.0,17.0,13.916666666666666,1021.0,1024.0,1022.1736111111111,55.0,85.0,69.70138888888889,0.0,0.0,0.0,0.0,89.92361111111111,88.83333333333333,422.125,,0
2016-02-09 00:00:00+00:00,1747.6,0.0,1131.4229166666667,68.01875000000001,44.388888888888886,63.02777777777778,61.94444444444444,61.125,26.71527777777778,46.93055555555556,50.895833333333336,26.645833333333332,15.5,0.0,9.98611111111111,38.8,0.4,5.955555555555556,1.109027777777778,-0.47638888888888886,286.9513888888889,15.909722222222221,-328.3611111111111,92862.52083333333,13324920.0,-254.55555555555554,-2444986,67.75694444444444,77.59027777777777,68.86111111111111,37.770833333333336,36.65972222222222,25.694444444444443,39.18055555555556,24.76388888888889,18.20138888888889,-3.1,45.5,5.690277777777777,1.2770833333333333,78.89583333333333,37.65972222222222,37.34027777777778,37.041666666666664,36.19444444444444,555.3,0.8659722222222223,49.99791666666667,399.4513888888889,398.05625,398.3277777777778,473.1201388888889,493.48333333333335,478.7590277777778,2104.4,-49.8,35.395833333333336,0.6243055555555556,5.910416666666666,121.47638888888888,-101.87430555555555,1000.0,-512.0,16.717361111111114,559.9402777777777,2000.0,0.0,122.09930555555555,-578.4597222222222,0.0,-1000.0,46.30763888888889,555.723611111111,1000.0,0.0,66.11805555555556,40.979166666666664,289.9284722222222,T01,1.4,15.7,6.690972222222222,0.5579166666666667,1.4,15.8,6.6875,0.5610416666666667,13.0,17.0,15.01388888888889,1020.0,1023.0,1021.1944444444445,61.0,96.0,77.625,0.0,0.0,0.0,0.0,130.65277777777777,130.65972222222223,421.13194444444446,,0
2016-02-10 00:00:00+00:00,1733.3,1223.8,1459.2944444444445,64.25277777777778,41.63194444444444,66.23611111111111,65.34027777777777,64.56944444444444,25.993055555555557,51.576388888888886,55.708333333333336,26.993055555555557,15.3,10.8,12.92361111111111,24.1,0.4,6.970138888888889,1.1791666666666667,0.37013888888888885,274.87569444444443,16.458333333333332,0.0,103172.65277777778,14856862.0,0.0,-3376214,64.28472222222223,76.91666666666667,70.97916666666667,39.34722222222222,39.611111111111114,26.02777777777778,42.65277777777778,26.13888888888889,18.055555555555557,-3.1,7.7,-1.8972222222222221,0.3354166666666667,97.9375,39.38194444444444,39.208333333333336,38.770833333333336,38.09722222222222,619.0333333333333,0.9784722222222223,49.99930555555555,399.2986111111111,397.62083333333334,397.3548611111111,515.557638888889,548.2284722222222,527.7027777777778,2101.2,71.9,39.513888888888886,0.5659722222222222,6.984027777777778,137.0125,-140.67361111111111,-84.9,-217.2,6.021527777777778,618.9722222222222,2000.0,67.6,137.44722222222222,-991.8083333333333,-331.2,-1000.0,16.03611111111111,983.5861111111111,1000.0,331.2,24.174305555555556,39.708333333333336,274.5090277777778,T01,3.9,13.3,7.467361111111111,0.6238888888888889,3.9,13.5,7.506944444444445,0.6322916666666667,14.0,17.0,15.45138888888889,1015.0,1021.0,1017.7638888888889,82.0,99.0,92.34027777777777,0.0,2.0,0.06944444444444445,0.0,146.30555555555554,147.02777777777777,417.6736111111111,,0
2016-02-11 00:00:00+00:00,1739.5,1235.2,1561.9166666666667,53.19236111111111,50.15972222222222,78.23611111111111,76.34027777777777,75.14583333333333,27.20138888888889,53.166666666666664,58.111111111111114,28.92361111111111,15.3,10.9,13.830555555555556,37.5,0.5,8.054166666666667,1.4645833333333333,2.1534722222222222,275.10069444444446,17.0,0.0,157306.76388888888,22652174.0,0.0,-3993885,67.8125,82.52083333333333,77.72222222222223,39.69444444444444,40.875,26.895833333333332,43.53472222222222,28.95138888888889,18.854166666666668,-3.2,4.5,-1.9416666666666669,0.36944444444444446,99.98611111111111,40.229166666666664,40.104166666666664,39.548611111111114,38.173611111111114,943.8159722222222,0.9958333333333333,50.00138888888889,398.88472222222225,397.15416666666664,399.1819444444444,786.28125,816.6152777777778,793.7833333333333,2101.8,44.4,41.21527777777778,0.46875,8.077777777777778,185.1576388888889,-166.40833333333333,-97.6,-215.9,5.447916666666667,943.5673611111112,2000.0,43.7,185.17569444444445,-989.65625,-214.2,-1000.0,23.30625,960.5187500000001,1000.0,214.2,47.78888888888889,43.361111111111114,275.45000000000005,T01,3.5,14.0,8.321527777777778,0.8305555555555555,3.5,14.1,8.359722222222222,0.8284722222222222,15.0,17.0,15.9375,1012.0,1015.0,1013.6527777777778,82.0,100.0,94.96527777777777,0.0,9.0,0.5555555555555556,0.0,163.40277777777777,164.125,413.625,,0
2016-02-12 00:00:00+00:00,1754.9,0.0,1420.290972222222,42.84097222222223,52.791666666666664,78.18055555555556,76.08333333333333,75.0,30.27777777777778,49.458333333333336,54.77777777777778,27.90972222222222,15.5,0.0,12.565972222222221,31.5,0.4,7.429166666666666,1.3527777777777779,-0.6125,274.46666666666664,16.805555555555557,-106.51388888888889,142114.36805555556,20449131.0,-87.4375,-3443113,65.44444444444444,79.26388888888889,75.59722222222223,39.888888888888886,39.44444444444444,26.756944444444443,41.81944444444444,28.73611111111111,18.76388888888889,-3.1,89.7,0.34722222222222215,1.1861111111111111,97.89583333333333,40.041666666666664,39.86805555555556,39.28472222222222,37.895833333333336,852.0215277777778,0.9131944444444444,50.00069444444445,398.96944444444443,397.40277777777777,398.56111111111113,718.5152777777778,745.3736111111111,725.2847222222222,2105.3,-47.4,39.53472222222222,0.38958333333333334,7.376388888888889,149.4173611111111,-143.43124999999998,975.9,-888.2,19.813194444444445,852.3513888888889,2000.0,0.0,148.33333333333334,-809.0444444444444,0.0,-1000.0,86.66527777777777,750.1541666666667,1000.0,0.0,110.70972222222223,44.03472222222222,275.0736111111111,T01,1.8,15.6,7.852083333333334,0.8703472222222222,1.8,15.6,7.864583333333333,0.8786805555555556,15.0,17.0,15.680555555555555,1013.0,1016.0,1014.3194444444445,76.0,100.0,91.15972222222223,0.0,1.0,0.027777777777777776,0.0,153.92361111111111,154.29166666666666,414.3125,,0
2016-02-13 00:00:00+00:00,1797.4,1241.3,1599.0819444444444,46.02222222222222,55.31944444444444,89.22222222222223,86.11805555555556,84.70833333333333,32.125,53.72222222222222,59.166666666666664,29.71527777777778,15.7,11.0,14.161805555555555,39.8,0.4,8.868749999999999,1.6569444444444443,-1.1847222222222225,269.88125,16.96527777777778,0.0,196930.8125,28358037.0,0.0,-4312024,62.479166666666664,79.49305555555556,80.52777777777777,40.298611111111114,41.201388888888886,26.756944444444443,43.486111111111114,30.770833333333332,18.756944444444443,-3.1,10.8,-1.3416666666666668,0.8111111111111111,103.68055555555556,41.0,40.895833333333336,40.18055555555556,38.15277777777778,1181.5194444444444,0.9965277777777778,50.0,398.55069444444445,396.95208333333335,399.5597222222222,985.0701388888889,1012.6916666666667,991.2249999999999,2106.0,146.3,42.166666666666664,0.4076388888888889,8.838194444444445,205.36666666666667,-179.67222222222222,-101.1,-220.3,5.25,1181.615277777778,2000.0,136.7,204.50486111111113,-945.3965277777778,-583.3,-1000.0,66.80694444444445,868.2395833333334,1000.0,406.1,93.31458333333333,47.18055555555556,273.56944444444446,T01,4.2,17.2,9.284027777777778,1.2349305555555556,4.2,17.1,9.315972222222221,1.24375,14.0,17.0,15.76388888888889,1011.0,1013.0,1012.0138888888889,77.0,100.0,92.35416666666667,0.0,2.0,0.0625,0.0,182.61111111111111,183.33333333333334,411.9791666666667,,0
2016-02-14 00:00:00+00:00,1870.4,1305.0,1664.1604166666666,32.449305555555554,68.01388888888889,122.25,115.84027777777777,113.77083333333333,46.90972222222222,54.9375,61.520833333333336,31.40277777777778,16.3,11.5,14.741666666666667,42.2,0.6000000000000001,12.664583333333333,2.7708333333333335,0.46458333333333335,301.00416666666666,15.3125,0.0,300743.7916666667,43307106.0,0.0,-5051152,77.89583333333333,98.64583333333333,104.5625,41.333333333333336,42.27777777777778,25.96527777777778,43.5625,34.93055555555556,17.791666666666668,-2.8,24.6,5.246527777777778,2.6534722222222222,115.22916666666667,42.5,42.63194444444444,41.229166666666664,37.5,1804.4499999999998,1.0,50.00138888888889,399.57500000000005,397.61527777777775,401.90555555555557,1501.8243055555556,1526.2486111111111,1497.7069444444444,2106.9,300.2,44.61805555555556,0.27708333333333335,12.566666666666666,120.0111111111111,-210.46180555555554,-137.1,-223.7,2.770138888888889,1805.5006944444444,2000.0,281.9,116.33055555555555,-720.2847222222222,-583.3,-1000.0,88.42152777777778,552.0326388888889,1000.0,406.1,90.91666666666667,55.763888888888886,303.03819444444446,T01,5.1,26.1,13.931249999999999,3.19125,5.1,26.1,13.864583333333334,3.179027777777778,9.0,17.0,14.0,1005.0,1011.0,1007.5138888888889,47.0,100.0,75.27777777777777,0.0,7.0,0.3472222222222222,0.0,275.69444444444446,274.4583333333333,407.47222222222223,,0
2016-02-15 00:00:00+00:00,1794.3,59.0,1503.6256944444444,55.08402777777778,44.166666666666664,79.35416666666667,77.02083333333333,75.93055555555556,31.03472222222222,54.00694444444444,58.111111111111114,24.90277777777778,15.8,0.0,13.313194444444443,39.5,0.4,7.872222222222222,1.6055555555555554,-0.6736111111111112,263.55902777777777,12.090277777777779,-126.9375,156808.18055555556,22562100.0,-72.83333333333333,-3835275,58.229166666666664,75.84722222222223,77.18055555555556,35.604166666666664,36.229166666666664,22.368055555555557,38.270833333333336,24.8125,14.23611111111111,-3.2,83.5,-0.6298611111111111,1.0027777777777778,95.67361111111111,36.201388888888886,36.083333333333336,35.47222222222222,33.208333333333336,940.0722222222222,0.9361111111111112,50.0,399.24305555555554,397.68958333333336,399.3354166666667,796.3354166666667,821.2118055555555,801.5208333333334,2106.8,-49.2,36.18055555555556,0.4895833333333333,7.893750000000001,182.54097222222222,-159.75416666666666,999.2,-917.6,26.816666666666666,940.6430555555556,2000.0,0.0,182.23263888888889,-862.66875,0.0,-1000.0,70.32152777777777,815.1222222222223,1000.0,0.0,91.00625,41.53472222222222,261.73819444444445,T01,1.7000000000000002,17.7,8.897222222222222,1.0271527777777778,1.6,17.5,8.787500000000001,0.9998611111111111,7.0,14.0,10.708333333333334,1007.0,1013.0,1010.2430555555555,38.0,76.0,60.15972222222222,0.0,1.0,0.006944444444444444,0.0,174.86805555555554,172.65972222222223,410.2291666666667,,0
2016-02-16 00:00:00+00:00,1802.0,50.7,1432.2451388888887,63.62777777777777,42.59722222222222,79.84027777777777,77.04166666666667,75.77083333333333,30.194444444444443,52.541666666666664,56.708333333333336,23.520833333333332,15.7,0.0,12.647916666666667,41.4,0.4,7.854166666666667,1.7680555555555555,-0.2270833333333333,55.08958333333333,10.618055555555555,-91.67361111111111,163189.14583333334,23486036.0,-69.65277777777777,-3661484,62.38194444444444,77.6875,75.85416666666667,35.59027777777778,35.47222222222222,20.479166666666668,37.72222222222222,23.22222222222222,12.534722222222221,-3.2,79.3,1.2374999999999998,1.3375,95.82638888888889,36.15972222222222,36.0625,35.375,32.88194444444444,978.6076388888889,0.9555555555555555,50.0,399.30277777777775,397.75972222222225,398.8375,821.0305555555556,845.8062500000001,827.0229166666667,2109.8,-50.0,36.013888888888886,0.5861111111111111,8.040277777777778,145.81944444444446,-152.58194444444445,1000.1,-806.0,16.523611111111112,978.6659722222222,2000.0,0.0,146.05833333333334,-805.6881944444444,0.0,-1000.0,66.47986111111112,741.8479166666667,1000.0,0.0,74.24513888888889,39.5,25.320833333333336,T01,1.0,18.8,8.472222222222221,1.3640277777777776,0.9,18.5,8.32986111111111,1.2937500000000002,5.0,12.0,9.13888888888889,1012.0,1019.0,1015.5486111111111,34.0,60.0,44.020833333333336,0.0,0.0,0.0,0.0,166.41666666666666,163.52083333333334,415.5138888888889,,0
2016-02-17 00:00:00+00:00,1690.1,0.0,601.0430555555555,54.27013888888889,34.93055555555556,43.875,43.888888888888886,43.30555555555556,24.1875,39.826388888888886,41.0,23.055555555555557,15.0,0.0,5.132638888888889,35.3,0.4,3.41875,0.838888888888889,-12.270833333333334,208.24097222222224,11.368055555555555,-429.77777777777777,19813.041666666668,2791192.0,-129.27083333333334,-906568,58.77777777777778,67.07638888888889,58.02777777777778,31.5,32.13194444444444,23.27777777777778,32.923611111111114,18.15277777777778,16.02777777777778,-2.7,60.2,14.039583333333333,0.76875,50.111111111111114,31.3125,31.15277777777778,31.104166666666668,28.5625,116.32569444444445,0.8979166666666667,50.00069444444445,400.06666666666666,399.41597222222225,397.2555555555556,108.22986111111112,118.47222222222223,112.33125000000001,1921.9,-50.3,27.29861111111111,0.48750000000000004,3.433333333333333,53.99097222222222,-37.77916666666667,1000.0,-1001.2,15.417361111111111,121.98680555555555,1961.0,0.0,54.88194444444444,-280.1381944444445,0.0,-1000.0,58.98472222222222,279.93541666666664,1000.0,0.0,59.43194444444445,29.381944444444443,178.00625,T01,0.0,11.1,3.6847222222222222,0.34270833333333334,0.0,11.1,3.6909722222222223,0.3452777777777778,7.0,13.0,10.42361111111111,1015.0,1020.0,1017.5763888888889,31.0,61.0,43.78472222222222,0.0,0.0,0.0,0.0,70.42361111111111,70.49305555555556,417.5486111111111,,0
2016-02-18 00:00:00+00:00,1678.5,0.0,1175.1284722222222,48.36666666666667,38.3125,54.77777777777778,55.333333333333336,54.77777777777778,23.73611111111111,44.770833333333336,48.65277777777778,23.166666666666668,14.9,0.0,10.394444444444444,36.2,0.4,4.86875,1.0284722222222222,-1.2048611111111112,205.35416666666666,12.63888888888889,-194.67361111111111,37829.23611111111,5419380.0,-163.42361111111111,-1981846,64.11111111111111,72.78472222222223,61.94444444444444,34.173611111111114,34.63194444444444,22.875,37.486111111111114,20.319444444444443,15.104166666666666,-3.2,60.1,2.2555555555555555,0.8395833333333333,85.29861111111111,33.84027777777778,33.486111111111114,33.263888888888886,32.69444444444444,225.83402777777778,0.7930555555555556,49.99930555555555,398.3034722222222,397.29999999999995,395.9430555555556,209.03125,229.57847222222225,217.35694444444445,1405.6,-51.0,33.486111111111114,0.42638888888888893,4.936111111111111,72.69722222222222,-82.56944444444444,1000.1,-965.8,36.643055555555556,229.51041666666666,1425.6,0.0,73.57638888888889,-621.9375,0.0,-1000.0,123.64930555555556,621.9375,1000.0,0.0,123.65277777777777,30.73611111111111,226.53680555555556,T01,0.5,11.8,5.672916666666667,0.43604166666666666,0.5,11.7,5.640277777777778,0.4396527777777778,9.0,13.0,11.347222222222221,1009.0,1015.0,1010.9930555555555,58.0,98.0,77.43055555555556,0.0,9.0,0.3680555555555556,0.0,110.29861111111111,109.65972222222223,410.96527777777777,,0
2016-02-19 00:00:00+00:00,1781.1,0.0,1132.8381944444445,55.731944444444444,45.74305555555556,68.25,66.53472222222223,65.56944444444444,29.0,47.708333333333336,51.28472222222222,24.73611111111111,15.8,0.0,9.95486111111111,38.8,0.4,6.352777777777778,1.3402777777777777,6.724305555555556,101.75347222222223,12.57638888888889,-199.43055555555554,113259.09027777778,16280591.0,-84.20138888888889,-2787663,64.72222222222223,76.32638888888889,69.79166666666667,34.625,34.923611111111114,22.631944444444443,36.395833333333336,23.5,15.041666666666666,-3.2,71.8,6.020138888888889,1.3159722222222223,79.63888888888889,34.861111111111114,34.69444444444444,34.24305555555556,31.743055555555557,678.3097222222223,0.9284722222222221,49.99791666666667,399.17569444444445,397.93125,398.19166666666666,574.5180555555556,593.9381944444444,580.89375,2105.9,-49.8,33.21527777777778,0.47708333333333336,6.4,111.32222222222222,-116.16597222222224,680.7,-963.2,17.84652777777778,680.7722222222222,2000.0,0.0,111.7173611111111,-603.7131944444444,0.0,-1000.0,63.77291666666666,562.54375,1000.0,0.0,70.76736111111111,41.52777777777778,67.52291666666666,T01,0.5,17.6,6.976388888888889,0.9029861111111112,0.6000000000000001,17.7,6.955555555555556,0.91125,8.0,15.0,11.54861111111111,1009.0,1014.0,1011.2569444444445,63.0,90.0,75.95833333333333,0.0,2.0,0.0625,0.0,136.44444444444446,136.02777777777777,411.125,,0
2016-02-20 00:00:00+00:00,1825.4,1235.6,1643.1895833333333,38.55972222222223,67.00694444444444,108.31944444444444,103.02083333333333,101.09722222222223,39.05555555555556,54.36805555555556,60.5625,29.25,16.0,10.9,14.559027777777779,41.3,0.5,10.78125,2.185416666666667,0.5104166666666666,110.53541666666666,15.569444444444445,0.0,264715.125,38118978.0,0.0,-4928378,70.1875,88.23611111111111,91.47222222222223,39.75,40.25,25.40972222222222,41.86805555555556,33.03472222222222,17.256944444444443,-3.1,18.9,1.5958333333333334,1.9500000000000002,108.45833333333333,40.80555555555556,40.916666666666664,39.763888888888886,36.333333333333336,1588.3270833333333,1.0,49.99861111111111,398.88750000000005,397.2423611111111,400.90833333333336,1326.365277777778,1348.5673611111113,1324.302777777778,2110.7,149.8,41.93055555555556,0.3354166666666667,10.716666666666667,212.62083333333334,-205.34583333333333,-132.5,-223.0,3.8097222222222222,1585.7680555555555,2000.0,145.5,210.72430555555556,-810.2034722222222,-583.3,-1000.0,98.32916666666667,680.2402777777778,1000.0,406.1,124.7201388888889,58.43055555555556,110.01944444444445,T01,2.8,21.6,11.744444444444445,1.8456944444444447,3.5,21.9,11.804166666666667,1.8733333333333333,12.0,17.0,14.416666666666666,1013.0,1017.0,1014.7569444444445,51.0,80.0,66.34027777777777,0.0,1.0,0.020833333333333332,0.0,231.90972222222223,233.15972222222223,414.6736111111111,,0
2016-02-21 00:00:00+00:00,1785.7,1221.8,1631.7548611111113,42.86736111111111,61.979166666666664,102.65972222222223,98.42361111111111,96.86111111111111,39.979166666666664,54.21527777777778,60.13194444444444,30.40972222222222,15.7,10.8,14.456249999999999,39.6,0.6000000000000001,10.165277777777778,1.9847222222222223,1.8895833333333332,115.55833333333334,15.916666666666666,0.0,235873.52083333334,33965787.0,0.0,-4518207,69.40277777777777,88.23611111111111,91.63194444444444,41.21527777777778,42.03472222222222,26.381944444444443,43.99305555555556,32.15277777777778,18.23611111111111,-3.0,16.9,1.0291666666666666,1.5013888888888889,109.38888888888889,41.979166666666664,41.958333333333336,41.020833333333336,38.520833333333336,1415.2104166666666,0.9986111111111112,49.99861111111111,399.6715277777778,397.69930555555555,401.6333333333333,1180.1604166666666,1204.9888888888888,1173.3131944444444,2108.2,-49.7,43.69444444444444,0.3784722222222222,10.072222222222223,189.08888888888887,-188.25555555555556,0.0,-235.3,4.985416666666667,1455.336111111111,2000.0,0.0,194.40555555555557,-857.9319444444444,0.0,-1000.0,66.99097222222223,759.3305555555556,1000.0,0.0,87.56666666666666,55.013888888888886,113.65902777777778,T01,1.7000000000000002,20.6,10.722916666666666,1.4659027777777778,1.8,20.6,10.785416666666666,1.4806944444444445,13.0,17.0,14.770833333333334,1011.0,1015.0,1012.8402777777778,62.0,86.0,75.45138888888889,0.0,0.0,0.0,0.0,211.4375,212.77777777777777,412.7708333333333,,0
2016-02-22 00:00:00+00:00,1684.8,0.0,697.4664285714285,74.80071428571429,37.26428571428571,50.40714285714286,50.371428571428574,49.857142857142854,28.071428571428573,44.214285714285715,45.135714285714286,26.021428571428572,14.9,0.0,6.082142857142857,20.4,0.4,4.046428571428572,0.812857142857143,15.767142857142858,175.2292857142857,15.621428571428572,-510.8357142857143,29493.47142857143,4057565.0,-311.1857142857143,-1166628,57.95,69.17857142857143,63.792857142857144,35.43571428571428,35.464285714285715,25.207142857142856,38.378571428571426,22.485714285714284,18.021428571428572,-2.9,90.0,29.429285714285715,2.557857142857143,66.17142857142858,34.77142857142857,34.33571428571429,34.30714285714286,34.45,173.89142857142858,0.8650000000000001,50.0,399.5392857142857,398.68428571428575,396.88142857142856,155.96571428571428,169.4,160.2435714285714,1480.2,-49.4,33.02142857142857,0.6592857142857143,4.0,47.39857142857143,-50.02214285714285,1000.8,-424.9,15.879285714285714,192.01142857142855,1514.2,0.0,53.557857142857145,-368.25357142857143,0.0,-1000.0,44.425,368.24357142857144,1000.0,0.0,44.54571428571428,39.51428571428571,167.16071428571428,T01,0.0,11.0,4.484027777777778,0.27388888888888885,0.3,11.1,4.475694444444445,0.2854861111111111,12.0,17.0,14.520833333333334,1010.0,1020.0,1013.9097222222222,60.0,94.0,80.15972222222223,0.0,0.0,0.0,0.0,86.46527777777777,86.29166666666667,413.8541666666667,,0
2016-02-23 00:00:00+00:00,1606.5,0.0,596.3069444444444,57.506249999999994,33.333333333333336,40.97222222222222,41.25694444444444,40.90277777777778,26.645833333333332,39.513888888888886,40.96527777777778,24.291666666666668,14.2,0.0,5.0569444444444445,19.2,0.4,3.271527777777778,0.7125,-7.341666666666667,272.98541666666665,15.291666666666666,-548.1111111111111,11394.541666666666,1561888.0,-251.9375,-678742,62.208333333333336,70.1875,60.06944444444444,33.263888888888886,34.048611111111114,25.36111111111111,35.4375,20.291666666666668,18.32638888888889,-2.6,89.7,14.686111111111112,1.43125,53.55555555555556,32.958333333333336,32.69444444444444,32.645833333333336,31.430555555555557,65.08611111111111,0.8763888888888889,50.0,400.1298611111111,399.4479166666667,397.0159722222222,69.7826388888889,77.87986111111111,73.77638888888889,770.5,-50.1,29.38888888888889,0.5298611111111111,3.285416666666667,26.475694444444443,-28.270833333333332,899.0,-955.0,25.133333333333333,73.81666666666666,779.4,0.0,27.93472222222222,-245.90277777777777,0.0,-1000.0,61.22361111111112,245.90277777777777,1000.0,0.0,61.22361111111112,34.548611111111114,282.8375,T01,0.5,7.8,4.103472222222222,0.17756944444444445,0.6000000000000001,7.8,4.078472222222222,0.17965277777777777,12.0,17.0,14.368055555555555,1018.0,1022.0,1019.6597222222222,54.0,98.0,79.03472222222223,0.0,1.0,0.006944444444444444,0.0,78.86805555555556,78.31944444444444,419.5833333333333,,0
2016-02-24 00:00:00+00:00,1752.4,0.0,904.7201388888889,77.30000000000001,39.020833333333336,50.326388888888886,50.083333333333336,49.388888888888886,25.25,44.15277777777778,46.9375,23.131944444444443,15.5,0.0,7.927777777777777,40.8,0.4,5.172222222222222,1.025,-3.7881944444444446,278.3979166666667,13.305555555555555,-359.375,57076.77777777778,8167306.0,-100.80555555555556,-1733953,64.38888888888889,72.66666666666667,62.75694444444444,32.47222222222222,33.263888888888886,23.680555555555557,34.47222222222222,20.756944444444443,16.395833333333332,-3.2,86.1,12.139583333333333,1.5472222222222223,60.21527777777778,32.53472222222222,32.326388888888886,32.145833333333336,30.0,340.28263888888887,0.9458333333333333,50.00069444444445,399.9736111111111,398.50694444444446,397.5965277777778,288.91319444444446,307.12291666666664,296.5576388888889,2104.6,-49.4,29.583333333333332,0.6993055555555556,5.15,89.86597222222223,-72.23124999999999,1000.2,-596.5,13.0625,377.5993055555556,2000.0,0.0,99.63055555555555,-480.7895833333333,0.0,-1000.0,31.514583333333334,478.18611111111113,1000.0,0.0,35.136805555555554,38.75,287.1965277777778,T01,0.7000000000000001,15.3,5.875694444444445,0.5205555555555555,0.7000000000000001,15.6,5.852777777777778,0.5209027777777778,10.0,15.0,12.479166666666666,1013.0,1019.0,1015.7847222222222,61.0,95.0,80.88194444444444,0.0,10.0,0.09722222222222222,0.0,114.3125,113.89583333333333,415.7291666666667,,0
2016-02-25 00:00:00+00:00,1691.4,0.0,1286.4250000000002,78.63541666666667,43.361111111111114,59.88194444444444,59.61805555555556,59.076388888888886,25.75,48.86805555555556,52.486111111111114,24.45138888888889,15.0,0.0,11.390972222222222,37.2,0.4,5.7125,1.0631944444444443,-0.9548611111111112,303.34166666666664,14.520833333333334,-177.03472222222223,62559.46527777778,8983072.0,-154.65972222222223,-2463832,70.38888888888889,79.96527777777777,69.93055555555556,36.00694444444444,36.40277777777778,24.868055555555557,39.298611111111114,23.27777777777778,17.15972222222222,-3.1,89.7,1.254861111111111,1.8097222222222225,89.54861111111111,35.88194444444444,35.53472222222222,35.30555555555556,34.576388888888886,374.2409722222222,0.8506944444444444,49.99791666666667,398.9638888888889,397.5680555555556,396.8951388888889,323.8041666666667,348.07916666666665,330.65277777777777,1973.3,-52.2,35.479166666666664,0.6993055555555556,5.704861111111111,91.1236111111111,-102.65625,913.6,-529.8,18.149305555555557,378.15208333333334,2000.0,0.0,92.18055555555556,-723.3840277777778,0.0,-1000.0,67.75277777777778,722.8881944444444,1000.0,0.0,68.98333333333333,42.513888888888886,304.28819444444446,T01,1.4,11.3,6.251388888888889,0.3663194444444444,1.1,11.3,6.2243055555555555,0.3672916666666667,11.0,15.0,13.26388888888889,1014.0,1017.0,1015.5486111111111,47.0,88.0,74.04861111111111,0.0,0.0,0.0,0.0,121.97222222222223,121.26388888888889,415.44444444444446,,0
2016-02-26 00:00:00+00:00,1824.2,0.0,1140.6680555555556,78.01875000000001,48.145833333333336,72.61805555555556,70.06944444444444,68.88888888888889,31.770833333333332,47.31944444444444,51.125,24.98611111111111,16.0,0.0,10.040277777777778,39.4,0.4,6.961111111111111,1.6347222222222222,-13.20625,277.0680555555556,13.63888888888889,-327.34722222222223,139478.48611111112,20037765.0,-197.94444444444446,-2869802,69.20833333333333,80.875,74.63194444444444,35.75694444444444,35.15277777777778,23.118055555555557,36.701388888888886,24.5625,15.569444444444445,-3.0,59.7,7.125694444444444,2.4791666666666665,79.05555555555556,36.13194444444444,36.02777777777778,35.44444444444444,32.875,834.89375,0.8958333333333334,49.99861111111111,399.51180555555555,398.12638888888887,398.82708333333335,706.1500000000001,724.9118055555556,710.0819444444445,2106.4,-50.2,34.361111111111114,0.6965277777777777,6.940972222222222,140.71319444444444,-119.61319444444445,987.9,-656.7,20.772222222222222,838.1909722222222,2000.0,0.0,139.60833333333332,-515.0666666666667,0.0,-1000.0,97.17916666666666,448.8256944444445,1000.0,0.0,115.17152777777778,43.513888888888886,292.78125,T01,0.7000000000000001,22.6,7.736111111111111,1.6164583333333333,0.7000000000000001,22.4,7.722916666666666,1.6192361111111113,10.0,15.0,12.527777777777779,1000.0,1015.0,1007.6111111111111,54.0,96.0,79.75694444444444,0.0,16.0,0.5555555555555556,0.0,151.52777777777777,151.29166666666666,407.59027777777777,,0
2016-02-27 00:00:00+00:00,1802.9,1256.1,1637.4305555555557,34.52708333333333,62.673611111111114,112.47916666666667,106.81944444444444,104.86805555555556,42.076388888888886,54.888888888888886,60.548611111111114,25.54861111111111,15.9,11.1,14.50902777777778,45.0,0.4,10.750694444444443,2.429861111111111,-2.6222222222222222,318.1166666666667,11.0,0.0,274054.77777777775,39463888.0,0.0,-4940503,72.47222222222223,91.91666666666667,97.52083333333333,37.361111111111114,37.604166666666664,22.0,39.00694444444444,28.75,13.569444444444445,-3.0,15.2,1.5666666666666667,2.247916666666667,108.10416666666667,38.625,38.65277777777778,37.458333333333336,33.423611111111114,1644.3138888888889,0.9972222222222222,49.99930555555555,399.3930555555555,397.56597222222223,401.15555555555557,1370.788888888889,1394.4173611111112,1367.7381944444444,2111.0,194.5,39.576388888888886,0.2951388888888889,10.7375,184.31944444444446,-205.85555555555555,-123.6,-224.4,3.3409722222222222,1640.44375,2000.0,188.5,181.87986111111113,-782.9388888888889,-583.3,-1000.0,122.92916666666666,633.5625,1000.0,406.1,133.4673611111111,52.611111111111114,320.75208333333336,T01,4.7,18.8,11.706944444444444,2.129722222222222,4.7,18.7,11.622916666666667,2.095,8.0,11.0,9.541666666666666,998.0,1002.0,999.7777777777778,49.0,70.0,61.361111111111114,0.0,1.0,0.006944444444444444,0.0,231.31944444444446,229.5625,399.69444444444446,,0
2016-02-28 00:00:00+00:00,1784.2,178.9,1528.820138888889,45.50347222222222,54.326388888888886,85.00694444444444,82.0,80.71527777777777,31.291666666666668,53.4375,57.99305555555556,24.368055555555557,15.8,1.7000000000000002,13.538194444444445,39.5,0.4,8.485416666666667,1.7833333333333334,1.4104166666666667,309.5548611111111,11.597222222222221,-42.94444444444444,180880.52083333334,26040610.0,-28.28472222222222,-4216711,63.861111111111114,79.93055555555556,80.50694444444444,36.041666666666664,36.46527777777778,21.993055555555557,38.56944444444444,24.84722222222222,13.833333333333334,-3.0,59.6,-0.43125,1.1319444444444444,99.01388888888889,36.75,36.6875,35.90972222222222,33.34027777777778,1084.9916666666666,0.9701388888888888,50.0,399.1472222222222,397.3465277777778,399.37430555555557,909.5666666666667,935.0895833333333,908.4958333333333,2108.5,-46.2,37.06944444444444,0.39722222222222225,8.484027777777778,191.67430555555555,-175.69583333333333,644.5,-223.4,5.4625,1083.954861111111,2000.0,0.0,190.48125,-876.01875,0.0,-1000.0,80.51805555555556,804.2416666666667,1000.0,0.0,102.97430555555555,44.34722222222222,313.14374999999995,T01,3.2,17.8,9.364583333333334,1.1488194444444444,3.1,17.7,9.302083333333334,1.1247916666666666,7.0,14.0,10.277777777777779,1001.0,1007.0,1003.5416666666666,52.0,81.0,68.01388888888889,0.0,0.0,0.0,0.0,184.20138888888889,182.9375,403.47222222222223,,0
2016-02-29 00:00:00+00:00,1628.6,0.0,899.4375,61.232638888888886,39.958333333333336,48.861111111111114,49.298611111111114,48.90277777777778,24.694444444444443,42.916666666666664,45.78472222222222,23.28472222222222,14.4,0.0,7.876388888888889,23.7,0.4,4.116666666666666,0.8861111111111112,-4.560416666666667,284.5729166666667,12.88888888888889,-419.46527777777777,23360.881944444445,3303568.0,-294.3611111111111,-1373781,59.111111111111114,69.09722222222223,61.263888888888886,33.201388888888886,33.854166666666664,23.59027777777778,35.88194444444444,19.819444444444443,16.069444444444443,-2.9,85.6,7.8374999999999995,1.2805555555555557,72.40972222222223,32.72222222222222,32.4375,32.354166666666664,31.354166666666668,137.66250000000002,0.8097222222222222,50.00138888888889,399.78819444444446,398.71458333333334,396.87152777777777,130.63402777777776,147.85347222222222,136.01319444444445,966.1,-48.9,31.395833333333332,0.5541666666666667,4.127777777777777,40.537499999999994,-57.201388888888886,932.9,-691.1,20.834722222222226,144.54583333333332,972.0,0.0,42.09027777777778,-444.8263888888889,0.0,-1000.0,63.206250000000004,444.8263888888889,1000.0,0.0,63.206250000000004,31.54861111111111,304.12916666666666,T01,0.2,8.9,4.667361111111111,0.2411805555555556,0.2,9.4,4.651388888888889,0.24340277777777775,8.0,14.0,11.618055555555555,1007.0,1018.0,1011.9444444444445,52.0,83.0,70.04166666666667,0.0,0.0,0.0,0.0,90.11805555555556,89.75694444444444,411.90277777777777,,0
2016-03-01 00:00:00+00:00,1670.5,0.0,694.3729166666667,72.81041666666667,34.59027777777778,43.826388888888886,44.06944444444444,43.666666666666664,25.243055555555557,41.951388888888886,43.74305555555556,24.03472222222222,14.8,0.0,6.004166666666666,24.3,0.4,3.6527777777777777,0.8277777777777778,-8.569444444444445,182.54652777777778,14.29861111111111,-534.9722222222222,18046.61111111111,2521675.0,-291.80555555555554,-1075793,62.270833333333336,70.56944444444444,60.5625,33.770833333333336,34.125,23.520833333333332,35.395833333333336,20.13888888888889,16.27777777777778,-2.9,89.7,12.676388888888889,1.6493055555555556,59.31944444444444,33.3125,33.09722222222222,33.03472222222222,31.73611111111111,105.07291666666667,0.8493055555555555,50.00138888888889,399.8527777777778,398.79097222222225,396.6902777777778,106.92777777777778,118.3763888888889,110.69722222222222,1107.5,-50.1,30.38888888888889,0.7076388888888889,3.6826388888888886,40.72708333333333,-44.798611111111114,1000.3,-974.9,30.96875,113.25416666666666,1125.4,0.0,43.00694444444444,-312.7888888888889,0.0,-1000.0,66.37083333333334,312.7888888888889,1000.0,0.0,66.37083333333334,29.75,216.1173611111111,T01,0.0,10.3,4.249305555555555,0.2711111111111111,0.0,10.2,4.19375,0.2667361111111111,9.0,19.0,13.444444444444445,1018.0,1021.0,1019.3958333333334,22.0,87.0,59.923611111111114,0.0,0.0,0.0,0.0,81.69444444444444,80.61805555555556,419.34027777777777,,0
2016-03-02 00:00:00+00:00,1672.0,0.0,449.8805555555556,39.78263888888889,30.0,37.548611111111114,37.6875,37.208333333333336,25.666666666666668,38.25,38.24305555555556,23.71527777777778,14.8,0.0,3.8194444444444446,22.1,0.4,2.8763888888888887,0.6979166666666666,3.9736111111111114,234.60416666666666,13.9375,-522.0347222222222,14414.951388888889,2000579.0,-157.5,-641576,61.479166666666664,69.5,59.520833333333336,32.3125,32.93055555555556,24.569444444444443,33.72222222222222,18.979166666666668,17.51388888888889,-2.7,89.7,16.581944444444446,0.8256944444444445,46.8125,32.041666666666664,31.90277777777778,31.86111111111111,29.666666666666668,83.36388888888888,0.9263888888888889,49.99930555555555,399.7076388888889,399.0729166666667,396.3048611111111,81.83333333333333,90.49027777777778,86.09097222222222,1164.7,-47.7,27.805555555555557,0.3527777777777778,2.90625,27.09375,-26.665277777777778,1000.0,-691.9,18.84652777777778,89.05347222222223,1192.0,0.0,27.247916666666665,-234.67083333333332,0.0,-1000.0,26.969444444444445,234.67083333333332,1000.0,0.0,26.969444444444445,26.993055555555557,280.65416666666664,T01,0.0,9.6,3.0881944444444445,0.17520833333333333,0.0,9.7,3.0784722222222225,0.17666666666666667,10.0,17.0,13.125,1016.0,1021.0,1018.6666666666666,46.0,95.0,78.19444444444444,0.0,0.0,0.0,0.0,58.34722222222222,58.19444444444444,418.61805555555554,,0
2016-03-03 00:00:00+00:00,1594.1,0.0,727.2513888888889,86.43680555555555,32.0,44.56944444444444,44.93055555555556,44.451388888888886,25.82638888888889,42.361111111111114,43.979166666666664,23.430555555555557,14.1,0.0,6.388194444444444,20.9,0.4,3.4631944444444445,0.8333333333333334,-0.4895833333333333,258.8979166666667,12.840277777777779,-516.5069444444445,13178.076388888889,1823266.0,-299.65972222222223,-891593,61.3125,69.51388888888889,59.4375,32.326388888888886,33.173611111111114,23.92361111111111,34.375,18.895833333333332,16.84027777777778,-3.0,67.7,11.335416666666667,2.1222222222222222,60.19444444444444,31.881944444444443,31.645833333333332,31.57638888888889,30.3125,75.97916666666667,0.8090277777777778,49.99861111111111,399.55902777777777,398.5520833333333,396.4944444444444,84.02708333333334,95.21944444444445,87.31875,757.4,-49.8,29.430555555555557,0.7770833333333332,3.51875,28.68680555555555,-37.049305555555556,1000.3,-760.4,35.40347222222223,86.34583333333333,780.2,0.0,30.215972222222224,-298.7076388888889,0.0,-1000.0,75.63888888888889,298.7076388888889,1000.0,0.0,75.63888888888889,29.36111111111111,284.3881944444445,T01,0.0,8.1,3.829861111111111,0.2427777777777778,0.0,8.0,3.822222222222222,0.23958333333333334,9.0,14.0,11.70138888888889,1010.0,1016.0,1013.0486111111111,76.0,98.0,89.29166666666667,0.0,1.0,0.006944444444444444,0.0,73.36805555555556,73.14583333333333,413.0,,0
2016-03-04 00:00:00+00:00,1676.0,0.0,717.4819444444444,34.49652777777778,32.19444444444444,41.72222222222222,41.71527777777778,41.145833333333336,24.979166666666668,39.6875,41.27777777777778,23.59027777777778,14.9,0.0,6.279861111111111,36.7,0.4,3.9652777777777777,0.8256944444444445,-9.252083333333333,212.18958333333333,13.51388888888889,-298.30555555555554,30340.32638888889,4326049.0,-61.201388888888886,-1243989,62.00694444444444,70.09722222222223,60.0625,33.93055555555556,33.763888888888886,25.59027777777778,34.84722222222222,19.770833333333332,17.90277777777778,-3.1,58.6,11.600694444444445,0.3402777777777778,54.645833333333336,33.78472222222222,33.645833333333336,33.50694444444444,30.895833333333332,180.25833333333333,0.9624999999999999,49.99930555555555,400.0159722222222,399.0340277777778,396.7986111111111,153.74652777777777,170.52222222222224,161.5298611111111,1485.0,-49.8,28.86111111111111,0.3229166666666667,3.961111111111111,44.05694444444444,-51.829861111111114,794.7,-521.5,7.905555555555556,184.09861111111113,1513.8,0.0,44.84027777777778,-438.51874999999995,0.0,-1000.0,24.413194444444443,438.5131944444445,1000.0,0.0,24.459722222222222,28.631944444444443,238.92222222222225,T01,0.0,10.7,4.019444444444444,0.19069444444444444,0.0,10.9,3.979861111111111,0.20222222222222222,9.0,16.0,12.51388888888889,1004.0,1011.0,1006.7569444444445,64.0,100.0,86.44444444444444,0.0,1.0,0.020833333333333332,0.0,77.04861111111111,76.19444444444444,406.71527777777777,,0
2016-03-05 00:00:00+00:00,1742.9,1232.2,1515.4569444444444,50.27777777777778,53.34027777777778,73.86805555555556,72.36111111111111,71.27777777777777,25.34722222222222,53.31944444444444,57.65972222222222,23.993055555555557,15.4,10.9,13.419444444444444,38.6,0.4,7.7333333333333325,1.5208333333333333,1.4513888888888888,303.7888888888889,13.090277777777779,0.0,142570.65972222222,20530175.0,0.0,-3925337,67.0,79.67361111111111,73.63888888888889,35.90972222222222,35.923611111111114,23.5625,38.44444444444444,24.65277777777778,15.458333333333334,-3.2,11.4,-1.7215277777777778,0.47430555555555554,95.35416666666667,36.36805555555556,36.15277777777778,35.63194444444444,33.611111111111114,855.4479166666666,0.9750000000000001,50.00138888888889,398.96875,397.1958333333333,398.3513888888889,716.0604166666667,744.9118055555556,721.4381944444444,2104.4,-2.0,35.770833333333336,0.44236111111111115,7.727777777777778,191.50555555555556,-163.55763888888887,0.1,-220.5,5.665277777777778,855.4770833333333,2000.0,0.0,191.85833333333332,-972.1451388888888,0.0,-1000.0,38.135416666666664,940.4298611111111,1000.0,0.0,66.6236111111111,40.11805555555556,309.8208333333333,T01,3.3,14.6,8.462499999999999,0.8709722222222223,3.1,14.3,8.413194444444445,0.8564583333333333,9.0,14.0,11.82638888888889,1005.0,1010.0,1007.8888888888889,49.0,95.0,69.70833333333333,0.0,1.0,0.006944444444444444,0.0,166.13194444444446,165.19444444444446,407.8541666666667,,0
2016-03-06 00:00:00+00:00,1672.1,0.0,1253.384722222222,89.06458333333333,39.548611111111114,55.31944444444444,55.63194444444444,55.09722222222222,25.45138888888889,47.3125,51.19444444444444,23.22222222222222,14.8,0.0,11.093055555555557,36.9,0.4,5.270833333333333,1.0750000000000002,-0.8194444444444443,301.275,12.277777777777779,-184.40277777777777,44333.506944444445,6357470.0,-161.13194444444446,-2173329,59.36805555555556,70.30555555555556,63.27777777777778,34.53472222222222,35.125,23.083333333333332,37.90277777777778,20.583333333333332,15.23611111111111,-3.0,89.7,0.9402777777777778,2.2368055555555557,88.42361111111111,34.236111111111114,33.798611111111114,33.65277777777778,32.99305555555556,264.8902777777778,0.8541666666666666,50.0,399.3465277777778,397.68819444444443,396.56458333333336,231.5673611111111,257.41319444444446,237.6361111111111,1503.1,-51.2,34.03472222222222,0.7972222222222222,5.284722222222222,77.60277777777777,-90.56805555555555,1000.2,-907.0,19.1375,271.14444444444445,1535.7,0.0,78.32152777777777,-718.8527777777778,0.0,-1000.0,117.63749999999999,718.8479166666667,1000.0,0.0,117.6902777777778,31.78472222222222,312.09513888888887,T01,1.1,10.6,5.997916666666667,0.44701388888888893,0.9,10.7,5.9631944444444445,0.4471527777777778,7.0,14.0,11.0,1009.0,1012.0,1010.2361111111111,47.0,82.0,66.63888888888889,0.0,0.0,0.0,0.0,116.86111111111111,116.08333333333333,410.15972222222223,,0
2016-03-07 00:00:00+00:00,1805.3,0.0,1314.8868055555556,62.955555555555556,51.4375,75.21527777777777,73.25694444444444,72.3125,31.020833333333332,49.736111111111114,54.13194444444444,24.92361111111111,15.9,0.0,11.624305555555557,37.1,0.4,7.186805555555556,1.5243055555555556,0.32361111111111096,306.51458333333335,12.67361111111111,-214.88888888888889,127093.15277777778,18270471.0,-155.04166666666666,-3159360,66.97222222222223,79.65277777777777,74.52777777777777,35.78472222222222,35.916666666666664,22.430555555555557,38.00694444444444,24.180555555555557,14.57638888888889,-2.8,89.7,3.0229166666666667,2.035416666666667,90.64583333333333,36.0,35.78472222222222,35.236111111111114,33.34722222222222,761.2611111111112,0.8972222222222221,49.99861111111111,399.57500000000005,397.88194444444446,398.53125,644.0923611111111,667.3027777777778,646.0680555555556,2106.2,-50.6,35.69444444444444,0.5638888888888889,7.1499999999999995,109.37916666666666,-131.6486111111111,1000.5,-538.0,12.910416666666666,763.8722222222223,2000.0,0.0,109.76527777777778,-683.1152777777778,0.0,-1000.0,85.25555555555555,627.28125,1000.0,0.0,93.75,40.458333333333336,316.18888888888887,T01,1.6,22.6,8.234722222222222,1.036875,1.5,22.0,8.170833333333333,1.0366666666666666,8.0,27.0,11.541666666666666,1001.0,1011.0,1006.2569444444445,43.0,95.0,66.82638888888889,0.0,10.0,0.1527777777777778,0.0,161.53472222222223,160.40277777777777,406.21527777777777,,0
2016-03-08 00:00:00+00:00,1712.8,0.0,807.9333333333333,134.06180555555557,38.458333333333336,47.86805555555556,47.9375,47.541666666666664,26.5625,43.638888888888886,46.048611111111114,24.27777777777778,15.2,0.0,7.061111111111111,37.8,0.4,3.970833333333333,0.9659722222222222,-1.8541666666666667,207.40694444444443,13.11111111111111,-614.9583333333334,24184.8125,3394053.0,-395.65277777777777,-996793,60.40972222222222,69.82638888888889,62.291666666666664,34.145833333333336,34.59722222222222,22.3125,36.041666666666664,19.98611111111111,15.034722222222221,-3.2,58.8,10.734722222222222,3.1180555555555554,64.99305555555556,33.63194444444444,33.326388888888886,33.326388888888886,32.638888888888886,141.375,0.7930555555555556,50.0,399.6979166666667,398.4479166666667,396.9506944444445,139.25972222222222,150.49513888888887,142.84444444444443,2100.2,-50.5,31.59722222222222,1.2430555555555556,3.9652777777777777,63.00555555555555,-41.52152777777778,1001.7,-922.7,40.796527777777776,153.66944444444445,2000.0,0.0,65.66041666666666,-304.86041666666665,0.0,-1000.0,90.74791666666667,303.09791666666666,1000.0,0.0,93.75972222222222,31.493055555555557,189.27152777777778,T01,0.6000000000000001,13.5,4.605555555555556,0.5249999999999999,0.7000000000000001,13.5,4.538194444444445,0.5095138888888889,7.0,16.0,11.666666666666666,1007.0,1015.0,1011.0555555555555,32.0,83.0,59.6875,0.0,0.0,0.0,0.0,88.84027777777777,87.45833333333333,410.9861111111111,,0
2016-03-09 00:00:00+00:00,1707.0,0.0,822.4555555555556,39.47152777777777,38.895833333333336,50.104166666666664,49.49305555555556,48.708333333333336,25.555555555555557,43.951388888888886,45.548611111111114,24.29861111111111,15.1,0.0,7.0680555555555555,38.9,0.4,4.848611111111111,1.0,7.096527777777777,207.20138888888889,14.01388888888889,-311.7083333333333,68955.11111111111,9884650.0,-62.84722222222222,-2003216,66.08333333333333,74.3125,64.59722222222223,34.22222222222222,34.99305555555556,25.055555555555557,36.19444444444444,21.0,17.493055555555557,-3.2,24.2,10.93611111111111,0.25833333333333336,58.55555555555556,34.4375,34.31944444444444,34.09722222222222,31.430555555555557,411.94444444444446,0.9861111111111112,50.0,399.52708333333334,398.3180555555556,397.5222222222222,345.65555555555557,363.9583333333333,353.5673611111111,2098.2,-28.6,31.229166666666668,0.3631944444444445,4.851388888888889,90.79027777777777,-83.48819444444445,1000.0,-527.9,5.152083333333334,415.4152777777778,2000.0,0.0,91.37986111111111,-490.4916666666667,0.0,-1000.0,14.570833333333333,487.0208333333333,1000.0,0.0,22.5875,32.625,207.60763888888889,T01,0.3,12.0,5.095833333333333,0.3838194444444445,0.0,12.0,5.084722222222222,0.38152777777777774,10.0,16.0,13.222222222222221,1010.0,1015.0,1013.1111111111111,31.0,85.0,54.604166666666664,0.0,0.0,0.0,0.0,98.65972222222223,98.33333333333333,413.0208333333333,,0
2016-03-10 00:00:00+00:00,1738.8,0.0,1223.5569444444445,67.16458333333334,41.72222222222222,59.875,59.833333333333336,59.21527777777778,25.819444444444443,49.923611111111114,53.05555555555556,24.26388888888889,15.4,0.0,10.79861111111111,37.5,0.4,5.620138888888889,1.2312500000000002,2.1680555555555556,279.06458333333336,13.319444444444445,-215.11805555555554,66338.65277777778,9521787.0,-150.55555555555554,-2513039,70.8125,80.49305555555556,70.41666666666667,34.75694444444444,36.13194444444444,24.166666666666668,38.541666666666664,22.01388888888889,16.34722222222222,-3.2,89.7,2.408333333333333,1.2215277777777778,87.56944444444444,34.65277777777778,34.361111111111114,34.09722222222222,33.30555555555556,396.74930555555557,0.8909722222222223,49.99791666666667,399.3881944444445,397.90416666666664,397.1763888888889,340.51666666666665,364.28333333333336,344.9868055555555,2100.3,-50.5,34.916666666666664,0.6041666666666666,5.656944444444445,115.17847222222223,-104.70763888888888,800.1,-349.4,12.47013888888889,400.84513888888887,2000.0,0.0,115.63472222222224,-717.6937499999999,0.0,-1000.0,103.63749999999999,714.5125,1000.0,0.0,108.30138888888888,34.03472222222222,309.40277777777777,T01,0.7000000000000001,13.5,6.113888888888889,0.6444444444444444,0.8,14.5,6.0875,0.6431944444444445,7.0,16.0,11.95138888888889,1008.0,1012.0,1010.1805555555555,29.0,91.0,64.90972222222223,0.0,0.0,0.0,0.0,119.09027777777777,118.4375,410.1041666666667,,0
2016-03-11 00:00:00+00:00,1659.8,0.0,469.43402777777777,85.55555555555556,31.01388888888889,39.02777777777778,39.19444444444444,38.763888888888886,26.57638888888889,39.38194444444444,40.333333333333336,24.29861111111111,14.7,0.0,3.9187499999999997,37.3,0.4,2.9694444444444446,0.7805555555555556,3.2354166666666666,109.42013888888889,14.590277777777779,-633.9513888888889,9331.201388888889,1252405.0,-291.40277777777777,-443522,62.36805555555556,70.3125,60.173611111111114,32.361111111111114,33.3125,24.020833333333332,34.05555555555556,19.555555555555557,16.666666666666668,-2.6,65.0,16.741666666666667,1.7097222222222221,46.395833333333336,31.9375,31.756944444444443,31.76388888888889,30.17361111111111,52.18680555555555,0.8472222222222222,50.00069444444445,400.1826388888889,399.59583333333336,397.24583333333334,66.52430555555556,71.72083333333333,70.13749999999999,1025.9,-50.0,28.118055555555557,0.820138888888889,2.9625000000000004,26.68472222222222,-18.4625,1000.7,-977.1,39.735416666666666,62.55138888888889,1033.5,0.0,29.868055555555557,-162.44097222222223,0.0,-1000.0,51.81944444444444,162.44097222222223,1000.0,0.0,51.81944444444444,27.88888888888889,61.17222222222222,T01,0.0,10.3,3.4652777777777777,0.36416666666666664,0.0,10.2,3.4131944444444446,0.354375,9.0,17.0,13.51388888888889,1010.0,1013.0,1011.5138888888889,23.0,57.0,36.854166666666664,0.0,0.0,0.0,0.0,65.93055555555556,64.88888888888889,411.4583333333333,,0
2016-03-12 00:00:00+00:00,1648.3,0.0,486.5180555555556,69.35555555555555,31.59027777777778,39.56944444444444,39.729166666666664,39.30555555555556,27.006944444444443,39.361111111111114,40.22222222222222,24.29861111111111,14.6,0.0,4.03125,35.7,0.4,3.1020833333333333,0.7229166666666668,12.138194444444444,165.33402777777778,14.840277777777779,-589.3819444444445,15490.458333333334,2145754.0,-217.50694444444446,-587209,62.40277777777778,70.11111111111111,60.02777777777778,32.75694444444444,33.36805555555556,25.72222222222222,34.208333333333336,20.02777777777778,18.479166666666668,-2.9,89.7,16.575694444444444,1.5333333333333334,46.638888888888886,32.40277777777778,32.22222222222222,32.1875,30.243055555555557,89.38888888888889,0.9215277777777777,50.0,400.20624999999995,399.36875,397.15416666666664,84.99652777777777,92.56458333333333,88.90138888888889,974.6,-50.2,28.354166666666668,0.6784722222222223,3.1236111111111113,23.703472222222224,-24.492361111111112,1001.4,-764.7,17.210416666666667,98.60624999999999,980.6,0.0,26.639583333333334,-215.425,0.0,-1000.0,32.02569444444444,215.425,1000.0,0.0,32.02569444444444,33.4375,148.19166666666666,T01,0.0,8.8,3.568055555555555,0.2627777777777778,0.0,9.0,3.5347222222222223,0.25854166666666667,11.0,19.0,13.979166666666666,1011.0,1014.0,1012.625,26.0,59.0,41.708333333333336,0.0,0.0,0.0,0.0,68.02777777777777,67.42361111111111,412.5138888888889,,0
2016-03-13 00:00:00+00:00,1679.6,0.0,535.7298611111112,114.10277777777777,32.00694444444444,41.19444444444444,41.361111111111114,41.0,27.708333333333332,41.61805555555556,42.44444444444444,24.57638888888889,14.9,0.0,4.607638888888889,20.2,0.4,3.134027777777778,0.7333333333333334,12.472916666666666,149.43333333333334,15.04861111111111,-684.4861111111111,8281.138888888889,1093919.0,-403.1388888888889,-466549,62.75,70.54861111111111,60.416666666666664,33.173611111111114,33.59027777777778,26.53472222222222,34.798611111111114,20.26388888888889,19.180555555555557,-2.5,89.7,16.68263888888889,3.09375,50.88194444444444,32.68055555555556,32.326388888888886,32.361111111111114,31.180555555555557,45.56597222222222,0.7958333333333334,50.0,400.2708333333333,399.15416666666664,396.9173611111111,66.05138888888888,71.54374999999999,69.69652777777777,1312.4,-50.1,29.54861111111111,1.042361111111111,3.134722222222222,21.819444444444443,-19.574305555555558,1000.7,-956.4,52.46527777777778,61.1263888888889,1357.0,0.0,26.54236111111111,-159.8097222222222,0.0,-1000.0,46.02152777777778,159.8097222222222,1000.0,0.0,46.02152777777778,34.84027777777778,189.46041666666667,T01,0.4,10.3,3.2840277777777778,0.27416666666666667,0.3,10.2,3.283333333333333,0.2790972222222222,11.0,19.0,14.097222222222221,1008.0,1013.0,1010.5555555555555,39.0,80.0,54.50694444444444,0.0,0.0,0.0,0.0,62.388888888888886,62.326388888888886,410.5208333333333,,0
2016-03-14 00:00:00+00:00,1613.6,0.0,669.4305555555555,84.8111111111111,32.375,44.59027777777778,44.84027777777778,44.423611111111114,27.208333333333332,40.02777777777778,41.72222222222222,24.1875,14.3,0.0,5.901388888888889,20.2,0.4,3.334722222222222,0.7444444444444445,14.515277777777776,195.1548611111111,14.32638888888889,-533.9375,9808.152777777777,1335490.0,-268.6736111111111,-661735,62.09027777777778,70.09027777777777,59.958333333333336,34.0,33.986111111111114,26.46527777777778,35.30555555555556,19.97222222222222,19.25,-2.9,89.7,12.852777777777778,2.502083333333333,57.104166666666664,33.583333333333336,33.298611111111114,33.263888888888886,31.96527777777778,55.638194444444444,0.8222222222222223,50.00069444444445,399.73125000000005,398.72291666666666,396.90972222222223,66.30486111111111,74.39166666666667,68.8736111111111,698.2,-50.5,29.833333333333332,0.7645833333333333,3.3409722222222222,25.65625,-27.599305555555556,897.2,-762.9,32.17638888888889,65.86041666666667,706.6,0.0,27.938194444444445,-236.55902777777777,0.0,-1000.0,74.07013888888889,236.55902777777777,1000.0,0.0,74.07013888888889,34.548611111111114,223.15208333333334,T01,0.0,10.2,3.401388888888889,0.24013888888888887,0.0,10.0,3.35625,0.23763888888888887,10.0,17.0,13.3125,1007.0,1011.0,1008.7361111111111,41.0,87.0,70.15277777777777,0.0,0.0,0.0,0.0,64.75694444444444,63.958333333333336,408.7083333333333,,0
2016-03-15 00:00:00+00:00,1713.4,0.0,616.9159722222222,55.56666666666667,32.69444444444444,43.229166666666664,43.048611111111114,42.5,26.131944444444443,40.708333333333336,40.90972222222222,23.86111111111111,15.2,0.0,5.266666666666667,29.2,0.4,3.7006944444444443,0.7673611111111112,-15.18263888888889,207.7826388888889,14.770833333333334,-517.1597222222222,32936.708333333336,4668412.0,-180.23611111111111,-1113916,63.833333333333336,71.91666666666667,62.09722222222222,33.423611111111114,34.076388888888886,24.895833333333332,35.229166666666664,19.84027777777778,18.26388888888889,-3.1,89.7,13.993749999999999,1.2166666666666668,54.326388888888886,33.27777777777778,33.15277777777778,33.013888888888886,30.95138888888889,194.48055555555555,0.9249999999999999,50.0,400.0805555555555,399.225,397.54791666666665,170.7527777777778,181.49305555555554,174.37569444444443,2094.2,-49.9,30.04861111111111,0.45763888888888893,3.683333333333333,58.704166666666666,-46.41458333333333,1000.1,-565.0,10.325,200.26319444444445,2000.0,0.0,58.2173611111111,-308.025,0.0,-1000.0,27.012500000000003,305.8215277777778,1000.0,0.0,32.2,33.5,287.9777777777778,T01,0.0,12.7,3.7152777777777777,0.2530555555555556,0.0,13.0,3.7083333333333335,0.2551388888888889,11.0,17.0,13.70138888888889,1010.0,1014.0,1012.5486111111111,47.0,91.0,74.13888888888889,0.0,0.0,0.0,0.0,71.00694444444444,70.9375,412.46527777777777,,0
2016-03-16 00:00:00+00:00,1762.0,0.0,1113.5909722222223,85.46944444444445,37.71527777777778,53.951388888888886,54.298611111111114,53.833333333333336,27.708333333333332,45.25,48.78472222222222,25.291666666666668,15.5,0.0,9.84236111111111,37.9,0.4,4.765972222222222,0.96875,-1.2083333333333333,280.49375,15.444444444444445,-330.875,36299.069444444445,5179417.0,-252.11805555555554,-1721066,66.80555555555556,76.00694444444444,65.78472222222223,37.541666666666664,36.6875,26.54861111111111,39.56944444444444,22.63888888888889,18.9375,-3.2,60.9,3.8097222222222222,1.738888888888889,82.29166666666667,37.09027777777778,36.6875,36.625,36.43055555555556,215.78194444444443,0.7930555555555556,49.99930555555555,399.4194444444445,398.0861111111111,396.8381944444444,200.9986111111111,219.37986111111113,206.20069444444445,2105.3,-50.6,35.361111111111114,0.7638888888888888,4.769444444444444,64.27847222222222,-71.76180555555555,1000.2,-999.7,39.69513888888889,222.12152777777777,2000.0,0.0,64.88402777777777,-541.1618055555556,0.0,-1000.0,101.52361111111111,540.4534722222222,1000.0,0.0,102.09444444444445,37.423611111111114,289.20694444444445,T01,0.2,15.8,5.326388888888889,0.38006944444444446,0.3,15.9,5.325694444444444,0.38333333333333336,11.0,18.0,14.090277777777779,1010.0,1013.0,1011.8125,45.0,96.0,81.08333333333333,0.0,1.0,0.006944444444444444,0.0,103.22916666666667,103.29166666666667,411.78472222222223,,0
2016-03-17 00:00:00+00:00,1535.8,0.0,453.9194444444445,44.72222222222222,28.90972222222222,38.611111111111114,38.8125,38.43055555555556,26.86111111111111,38.611111111111114,38.395833333333336,24.29861111111111,13.6,0.0,3.8034722222222217,18.2,0.4,2.6333333333333333,0.6618055555555555,-8.970138888888888,214.98611111111111,14.527777777777779,-570.8125,6022.284722222223,785015.0,-230.27083333333334,-480656,61.763888888888886,69.83333333333333,59.77777777777778,32.666666666666664,33.361111111111114,24.54861111111111,34.326388888888886,18.868055555555557,18.46527777777778,-2.5,89.7,16.385416666666668,1.417361111111111,48.52777777777778,32.291666666666664,32.138888888888886,32.111111111111114,30.270833333333332,32.705555555555556,0.8708333333333333,49.99861111111111,399.78125,398.9555555555555,396.64652777777775,46.37638888888889,52.761805555555554,49.107638888888886,582.5,-51.7,28.506944444444443,0.3951388888888889,2.6569444444444446,24.522916666666667,-20.036805555555556,1000.0,-990.0,33.761805555555554,39.388194444444444,588.6,0.0,22.87013888888889,-155.62083333333334,0.0,-1000.0,82.80069444444445,155.62083333333334,1000.0,0.0,82.80069444444445,28.541666666666668,298.9534722222222,T01,0.0,8.1,2.773611111111111,0.2061111111111111,0.0,8.1,2.771527777777778,0.20902777777777778,11.0,17.0,13.645833333333334,1010.0,1013.0,1011.5763888888889,54.0,96.0,80.66666666666667,0.0,1.0,0.006944444444444444,0.0,52.15972222222222,52.09722222222222,411.53472222222223,,0
2016-03-18 00:00:00+00:00,1667.8,0.0,405.73541666666665,27.113194444444442,28.28472222222222,37.291666666666664,37.44444444444444,36.96527777777778,26.569444444444443,36.75,36.854166666666664,24.42361111111111,14.8,0.0,3.3451388888888887,37.2,0.4,2.7993055555555557,0.6375,21.37986111111111,187.86527777777778,14.965277777777779,-512.4930555555555,11202.222222222223,1539320.0,-208.47916666666666,-578653,62.03472222222222,69.52777777777777,59.43055555555556,32.3125,33.388888888888886,26.041666666666668,34.166666666666664,19.583333333333332,18.645833333333332,-3.0,89.7,18.28125,0.9249999999999999,45.083333333333336,32.020833333333336,31.805555555555557,31.819444444444443,29.604166666666668,64.12152777777777,0.9152777777777779,49.99861111111111,400.1340277777778,399.1354166666667,396.8576388888889,65.12291666666667,73.35347222222222,68.94236111111111,1361.9,-50.1,27.84722222222222,0.23680555555555557,2.823611111111111,22.00277777777778,-24.11388888888889,999.6,-997.3,19.910416666666666,69.37847222222223,1382.2,0.0,21.805555555555557,-216.20347222222222,0.0,-1000.0,36.75069444444445,216.20347222222222,1000.0,0.0,36.75069444444445,28.32638888888889,154.01458333333332,T01,0.0,9.0,3.023611111111111,0.16,0.0,9.2,3.0194444444444444,0.16625,11.0,17.0,13.833333333333334,1008.0,1011.0,1009.3402777777778,61.0,99.0,84.63194444444444,0.0,1.0,0.006944444444444444,0.0,57.166666666666664,57.125,409.2916666666667,,0
2016-03-19 00:00:00+00:00,1646.4,0.0,780.2048611111111,68.68472222222222,35.30555555555556,47.083333333333336,47.40972222222222,47.020833333333336,26.631944444444443,43.30555555555556,45.24305555555556,25.118055555555557,14.6,0.0,6.684722222222223,42.7,0.4,3.861111111111111,0.9006944444444446,-2.9652777777777777,261.6722222222222,15.493055555555555,-458.00694444444446,22019.95138888889,3104920.0,-268.3611111111111,-1213251,64.29861111111111,72.56944444444444,62.451388888888886,35.388888888888886,34.84722222222222,26.5,37.458333333333336,21.40972222222222,19.27777777777778,-3.1,86.2,10.568750000000001,1.1993055555555556,65.91666666666667,34.770833333333336,34.5,34.40972222222222,34.15277777777778,129.37708333333333,0.8625,50.00069444444445,399.9430555555556,398.6791666666667,396.9597222222222,122.70416666666668,135.5013888888889,124.64722222222223,1097.6,-51.7,32.09027777777778,0.6694444444444445,3.9027777777777777,56.493750000000006,-50.544444444444444,1000.1,-998.6,21.20277777777778,134.9659722222222,1116.7,0.0,57.71944444444445,-408.04375000000005,0.0,-1000.0,94.70208333333333,408.04375000000005,1000.0,0.0,94.70208333333333,33.13194444444444,267.1458333333333,T01,0.2,11.9,4.579861111111111,0.3318055555555556,0.3,12.3,4.601388888888889,0.34861111111111115,12.0,16.0,14.13888888888889,1006.0,1009.0,1007.4097222222222,54.0,99.0,79.49305555555556,0.0,9.0,0.4236111111111111,0.0,88.36805555555556,88.76388888888889,407.3888888888889,,0
2016-03-20 00:00:00+00:00,1676.6,0.0,720.8506944444445,72.0,35.75,43.49305555555556,43.736111111111114,43.361111111111114,26.28472222222222,41.38194444444444,43.15277777777778,23.868055555555557,14.9,0.0,6.336805555555555,24.0,0.4,3.782638888888889,0.8881944444444445,-17.227083333333333,192.46666666666667,14.61111111111111,-502.22222222222223,18135.597222222223,2539208.0,-242.52777777777777,-936726,62.74305555555556,71.17361111111111,61.0625,33.763888888888886,33.94444444444444,25.71527777777778,35.61805555555556,20.208333333333332,18.38888888888889,-2.9,89.7,12.435416666666667,1.7166666666666666,58.770833333333336,33.388888888888886,33.22222222222222,33.173611111111114,31.770833333333332,105.79374999999999,0.8666666666666667,49.99791666666667,400.1361111111111,398.7361111111111,397.0756944444445,102.15138888888889,113.59583333333333,104.37916666666666,1443.2,-52.4,30.03472222222222,0.6375,3.7979166666666666,51.09583333333333,-39.014583333333334,1000.0,-903.3,20.189583333333335,116.36874999999999,1458.0,0.0,53.520833333333336,-309.6194444444444,0.0,-1000.0,93.32777777777778,309.61805555555554,1000.0,0.0,93.34305555555555,36.0,212.19930555555555,T01,0.6000000000000001,11.7,4.277083333333334,0.34152777777777776,0.5,11.3,4.191666666666666,0.4011805555555556,10.0,20.0,13.42361111111111,1005.0,1008.0,1005.7152777777778,55.0,96.0,79.47222222222223,0.0,1.0,0.013888888888888888,0.0,82.32638888888889,80.54861111111111,405.6666666666667,,0
2016-03-21 00:00:00+00:00,1670.9,0.0,721.9402777777777,110.64305555555556,36.61805555555556,45.625,45.833333333333336,45.395833333333336,26.625,42.47222222222222,44.69444444444444,23.458333333333332,14.8,0.0,6.250694444444445,39.9,0.4,3.879166666666667,0.9375,-5.094444444444445,202.62986111111113,14.125,-601.5277777777778,21973.902777777777,3077621.0,-342.3611111111111,-950597,63.36805555555556,71.74305555555556,61.673611111111114,32.25694444444444,33.36805555555556,24.96527777777778,34.77777777777778,20.34722222222222,17.59027777777778,-2.9,89.7,12.497916666666667,2.8944444444444444,58.63194444444444,31.75,31.493055555555557,31.444444444444443,30.78472222222222,128.21805555555557,0.8548611111111112,49.99930555555555,400.11041666666665,398.87361111111113,397.30625,123.1861111111111,133.83819444444444,127.07986111111111,1160.6,-50.7,30.069444444444443,1.0229166666666667,3.8743055555555554,47.90555555555556,-39.58402777777778,1000.4,-750.9,28.581944444444446,142.06875000000002,2000.0,0.0,56.265277777777776,-332.2604166666667,0.0,-1000.0,60.47222222222222,332.2604166666667,1000.0,0.0,60.47222222222222,36.576388888888886,207.71458333333334,T01,0.0,11.2,3.954861111111111,0.39069444444444446,0.0,11.3,3.8784722222222223,0.424375,10.0,15.0,12.881944444444445,1001.0,1005.0,1002.3472222222222,57.0,96.0,77.75,0.0,25.0,0.24305555555555555,0.0,75.84027777777777,74.33333333333333,402.2708333333333,,0
2016-03-22 00:00:00+00:00,1739.0,0.0,949.1527777777778,59.45902777777778,41.36805555555556,55.09722222222222,54.361111111111114,53.645833333333336,25.444444444444443,45.451388888888886,47.84722222222222,23.618055555555557,15.4,0.0,8.331944444444444,26.6,0.4,5.257638888888889,1.1472222222222224,-11.365277777777777,241.29999999999998,14.034722222222221,-355.2986111111111,72891.88194444444,10445268.0,-172.07638888888889,-2039512,64.35416666666667,73.75694444444444,65.02777777777777,33.02777777777778,33.5,25.04861111111111,34.416666666666664,21.75,17.041666666666668,-3.1,89.7,8.475694444444445,1.1055555555555554,64.11805555555556,33.145833333333336,32.986111111111114,32.708333333333336,30.15972222222222,435.2131944444444,0.9340277777777778,50.0,400.1111111111111,398.6715277777778,398.22569444444446,368.75416666666666,387.7902777777778,374.29999999999995,2101.4,-50.0,29.979166666666668,0.5479166666666667,5.222916666666666,105.55694444444445,-84.9673611111111,1000.1,-545.9,14.345138888888888,439.93541666666664,2000.0,0.0,106.13194444444444,-545.036111111111,0.0,-1000.0,54.514583333333334,531.6486111111111,1000.0,0.0,67.7173611111111,40.55555555555556,210.16111111111113,T01,0.2,13.9,5.479166666666667,0.5101388888888888,0.3,14.0,5.392361111111111,0.5220138888888889,9.0,15.0,12.715277777777779,1000.0,1005.0,1002.1875,60.0,96.0,80.36111111111111,0.0,8.0,0.09722222222222222,0.0,106.31944444444444,104.65277777777777,402.125,,0
2016-03-23 00:00:00+00:00,1678.8,0.0,1101.2631944444445,77.99583333333334,36.90972222222222,53.81944444444444,54.05555555555556,53.65277777777778,26.11111111111111,45.486111111111114,48.84722222222222,24.5625,14.9,0.0,9.706944444444444,37.3,0.4,4.69375,0.9576388888888889,1.7756944444444445,305.8256944444445,14.04861111111111,-314.375,33545.47222222222,4785276.0,-246.54861111111111,-1689528,58.27777777777778,69.47222222222223,63.048611111111114,35.72222222222222,35.798611111111114,24.875,38.513888888888886,21.5,17.145833333333332,-3.1,85.4,3.7666666666666666,1.770138888888889,84.41666666666667,35.30555555555556,34.94444444444444,34.8125,34.46527777777778,199.36874999999998,0.8069444444444445,49.99722222222223,399.4527777777778,398.07222222222225,396.50347222222223,181.55277777777778,203.44444444444446,189.12291666666667,1349.9,-50.1,34.354166666666664,0.7069444444444444,4.699305555555556,58.9388888888889,-70.40277777777777,837.2,-687.1,27.020833333333332,204.46527777777777,1367.4,0.0,59.1236111111111,-571.0861111111111,0.0,-1000.0,107.65416666666667,571.0861111111111,1000.0,0.0,107.65416666666667,36.125,306.54097222222225,T01,0.4,11.0,5.334722222222222,0.34062499999999996,0.7000000000000001,11.0,5.291666666666667,0.34069444444444447,10.0,15.0,12.73611111111111,1002.0,1005.0,1003.3194444444445,46.0,87.0,69.16666666666667,0.0,1.0,0.006944444444444444,0.0,103.44444444444444,102.61805555555556,403.28472222222223,,0
2016-03-24 00:00:00+00:00,1689.2,0.0,562.1388888888889,51.104166666666664,33.611111111111114,42.9375,42.5625,41.97222222222222,25.868055555555557,41.09722222222222,40.888888888888886,24.305555555555557,15.0,0.0,4.825694444444444,23.2,0.4,3.638888888888889,0.7701388888888889,14.688888888888888,210.2486111111111,14.340277777777779,-542.3263888888889,39845.4375,5659648.0,-199.42361111111111,-1048008,64.65277777777777,72.61111111111111,62.96527777777778,33.076388888888886,33.986111111111114,24.47222222222222,34.75694444444444,19.88888888888889,17.84722222222222,-3.2,89.7,15.450694444444444,1.3986111111111112,50.263888888888886,32.96527777777778,32.826388888888886,32.72222222222222,30.291666666666668,235.80277777777778,0.9375,49.99930555555555,399.81388888888887,398.96736111111113,397.6145833333333,207.95555555555555,216.60416666666666,211.29166666666666,1836.8,-52.3,29.22222222222222,0.44930555555555557,3.632638888888889,39.177083333333336,-43.68680555555555,1000.1,-902.5,20.539583333333336,242.87847222222223,1848.3,0.0,40.73888888888889,-281.93055555555554,0.0,-1000.0,25.210416666666667,280.5236111111111,1000.0,0.0,28.28472222222222,32.375,280.54375000000005,T01,0.0,11.1,3.560416666666667,0.22895833333333332,0.0,11.1,3.582638888888889,0.23458333333333334,10.0,18.0,13.243055555555555,1005.0,1016.0,1009.1805555555555,42.0,81.0,68.90277777777777,0.0,0.0,0.0,0.0,67.96527777777777,68.34027777777777,409.15277777777777,,0
2016-03-25 00:00:00+00:00,1666.9,65.8,923.59375,86.16597222222222,41.166666666666664,48.15277777777778,48.47222222222222,48.111111111111114,27.3125,43.31944444444444,46.263888888888886,24.97222222222222,14.7,0.0,8.179861111111112,36.9,0.4,4.291666666666667,0.9395833333333334,-0.7118055555555555,229.28263888888887,15.430555555555555,-386.4791666666667,23708.034722222223,3358303.0,-201.27083333333334,-1228324,64.88194444444444,73.42361111111111,63.27777777777778,35.56944444444444,35.19444444444444,26.569444444444443,37.625,21.854166666666668,19.180555555555557,-3.0,68.8,8.197916666666666,1.853472222222222,67.98611111111111,35.166666666666664,34.90972222222222,34.80555555555556,34.18055555555556,139.92222222222222,0.8243055555555556,49.99861111111111,400.2631944444445,398.91597222222225,397.60555555555555,135.19652777777776,148.0513888888889,137.36944444444444,1101.4,-51.9,32.05555555555556,0.7625,4.322222222222222,56.11944444444444,-51.172222222222224,975.3,-644.8,27.177777777777777,151.3138888888889,1116.5,0.0,61.21388888888888,-414.29999999999995,0.0,-1000.0,90.29166666666667,414.29999999999995,1000.0,0.0,90.29166666666667,32.111111111111114,232.49930555555557,T01,2.5,10.4,5.427083333333333,0.33041666666666664,2.0,10.5,5.409027777777777,0.38708333333333333,13.0,17.0,14.25,1016.0,1020.0,1017.9166666666666,70.0,95.0,84.20138888888889,0.0,0.0,0.0,0.0,105.36805555555556,104.94444444444444,417.8611111111111,,0
2016-03-26 00:00:00+00:00,1674.9,0.0,746.4604166666667,50.55763888888889,36.28472222222222,46.09722222222222,46.375,45.951388888888886,25.71527777777778,41.97222222222222,43.638888888888886,24.194444444444443,14.9,0.0,6.503472222222222,23.7,0.4,3.8486111111111114,0.8333333333333334,-4.226388888888889,254.6618055555556,14.9375,-433.34027777777777,26037.319444444445,3686970.0,-218.8125,-1209877,63.416666666666664,71.77777777777777,61.8125,34.604166666666664,34.798611111111114,25.180555555555557,36.729166666666664,20.84027777777778,17.868055555555557,-3.0,89.7,11.148611111111112,0.9590277777777777,64.67361111111111,34.21527777777778,34.00694444444444,33.94444444444444,32.84722222222222,153.62569444444443,0.8993055555555556,49.99930555555555,399.7326388888889,398.46666666666664,396.55069444444445,134.73263888888889,151.10277777777776,141.55347222222224,1266.6,-50.0,31.291666666666668,0.45694444444444443,3.855555555555556,54.53541666666667,-50.40625,792.9,-581.9,8.834722222222222,158.53541666666666,1281.4,0.0,55.576388888888886,-411.625,0.0,-1000.0,57.80694444444445,411.625,1000.0,0.0,57.80694444444445,30.631944444444443,266.3798611111111,T01,0.0,10.5,4.263888888888889,0.33902777777777776,0.0,10.4,4.268055555555556,0.33979166666666666,12.0,16.0,13.909722222222221,1016.0,1019.0,1017.8333333333334,66.0,92.0,80.13888888888889,0.0,0.0,0.0,0.0,82.02777777777777,82.16666666666667,417.7708333333333,,0
2016-03-27 00:00:00+00:00,1685.5,0.0,945.6420289855073,79.62971014492753,38.731884057971016,50.51449275362319,50.891304347826086,50.46376811594203,27.3768115942029,44.2463768115942,47.30434782608695,25.963768115942027,14.9,0.0,8.340579710144928,42.0,0.4,4.5050724637681165,0.8753623188405798,0.3963768115942028,275.24202898550726,16.340579710144926,-444.8333333333333,25046.768115942028,3395066.0,-335.1014492753623,-1477115,65.45652173913044,74.1159420289855,63.992753623188406,37.15217391304348,36.31159420289855,27.297101449275363,39.17391304347826,22.91304347826087,19.89855072463768,-3.0,89.7,9.384782608695652,2.621014492753623,75.02898550724638,36.51449275362319,36.094202898550726,36.04347826086956,36.007246376811594,147.6391304347826,0.8239130434782609,50.00217391304348,399.818115942029,398.29855072463766,396.6652173913044,135.12826086956522,155.9659420289855,140.61159420289857,1660.2,-51.7,34.405797101449274,0.7384057971014493,4.506521739130434,46.47898550724638,-64.21014492753623,1000.4,-614.5,15.719565217391306,168.20724637681158,1684.4,0.0,50.64782608695652,-510.18768115942026,0.0,-1000.0,81.21159420289855,510.0456521739131,1000.0,0.0,81.60289855072465,32.85507246376812,274.85869565217394,T01,0.6000000000000001,9.3,4.92536231884058,0.26231884057971017,0.6000000000000001,9.6,4.946376811594203,0.266304347826087,13.0,18.0,15.159420289855072,1014.0,1017.0,1015.1666666666666,57.0,99.0,84.21014492753623,0.0,4.0,0.11594202898550725,0.0,95.21014492753623,95.6231884057971,415.1376811594203,,0
2016-03-28 00:00:00+00:00,1648.9,0.0,753.5402777777778,49.71944444444445,35.583333333333336,45.90277777777778,46.19444444444444,45.763888888888886,26.42361111111111,40.93055555555556,42.916666666666664,24.569444444444443,14.6,0.0,6.593055555555555,35.1,0.4,3.5374999999999996,0.8381944444444445,-15.609722222222224,267.91805555555555,15.17361111111111,-438.5,17139.29861111111,2404916.0,-234.58333333333334,-1149230,63.46527777777778,71.80555555555556,61.65972222222222,35.173611111111114,34.90972222222222,25.291666666666668,36.65972222222222,20.90277777777778,18.53472222222222,-3.0,89.7,10.454166666666667,1.2111111111111112,65.39583333333333,34.8125,34.458333333333336,34.38194444444444,33.486111111111114,100.19513888888889,0.8194444444444444,50.00069444444445,399.87708333333336,398.71736111111113,396.46458333333334,97.09305555555555,113.32083333333334,101.89652777777778,1098.7,-50.5,31.70138888888889,0.4479166666666667,3.572222222222222,35.75486111111111,-47.87708333333333,1000.1,-813.5,14.747916666666665,105.25208333333333,1118.9,0.0,35.76875,-338.49791666666664,0.0,-1000.0,73.48472222222222,338.49791666666664,1000.0,0.0,73.48472222222222,29.916666666666668,293.50416666666666,T01,0.1,9.6,3.884722222222222,0.2079861111111111,0.2,9.5,3.859027777777778,0.21125,11.0,17.0,13.972222222222221,1013.0,1016.0,1014.2638888888889,27.0,87.0,69.72916666666667,0.0,0.0,0.0,0.0,74.30555555555556,73.84027777777777,414.24305555555554,,0
2016-03-29 00:00:00+00:00,1518.3,0.0,261.86527777777775,19.688194444444445,27.73611111111111,34.53472222222222,34.638888888888886,34.28472222222222,26.569444444444443,36.0625,35.25,25.104166666666668,13.4,0.0,2.1312499999999996,13.9,0.4,2.158333333333333,0.5277777777777778,14.918055555555554,205.27638888888887,16.319444444444443,-637.0,3650.8055555555557,433988.0,-249.28472222222223,-351266,62.31944444444444,69.97222222222223,59.916666666666664,31.680555555555557,33.30555555555556,27.0625,34.020833333333336,19.90277777777778,19.72222222222222,-2.4,66.2,19.893749999999997,0.3888888888888889,40.458333333333336,31.256944444444443,31.020833333333332,31.04861111111111,29.26388888888889,18.091666666666665,0.8847222222222223,49.99930555555555,399.4631944444444,399.1791666666667,396.30555555555554,38.770833333333336,41.86736111111111,41.355555555555554,693.9,-36.8,27.743055555555557,0.16458333333333333,2.2,10.665972222222223,-14.695138888888888,1000.2,-1000.0,38.24583333333333,23.494444444444444,699.8,0.0,9.788888888888888,-94.86180555555556,0.0,-1000.0,28.502777777777776,94.86180555555556,1000.0,0.0,28.502777777777776,26.40277777777778,290.32916666666665,T01,0.0,7.6,2.2347222222222225,0.1511111111111111,0.0,7.7,2.2381944444444444,0.15173611111111113,11.0,22.0,15.23611111111111,1008.0,1014.0,1010.3888888888889,42.0,99.0,79.90277777777777,0.0,0.0,0.0,0.0,41.326388888888886,41.34722222222222,410.34027777777777,,0
2016-03-30 00:00:00+00:00,1696.3,0.0,586.9590277777778,48.17638888888889,31.631944444444443,39.77777777777778,39.69444444444444,39.229166666666664,28.07638888888889,38.31944444444444,39.47222222222222,25.59722222222222,15.0,0.0,5.051388888888889,24.9,0.4,3.482638888888889,0.6763888888888889,-13.2375,204.66875,17.256944444444443,-430.94444444444446,22274.88888888889,3145530.0,-105.45138888888889,-838847,64.76388888888889,72.625,62.50694444444444,33.30555555555556,34.576388888888886,28.041666666666668,36.229166666666664,21.77777777777778,21.256944444444443,-3.0,84.5,14.299305555555556,0.9083333333333334,49.5,33.02777777777778,32.8125,32.736111111111114,31.54861111111111,131.06875000000002,0.9249999999999999,50.00138888888889,399.8236111111111,399.14374999999995,396.8465277777778,119.2173611111111,129.52777777777777,123.95625000000001,2083.6,-50.8,29.90277777777778,0.44236111111111115,3.446527777777778,34.55486111111111,-34.949305555555554,981.8,-713.9,16.868055555555557,136.41944444444445,2000.0,0.0,34.954166666666666,-280.74583333333334,0.0,-1000.0,25.101388888888888,279.2444444444444,1000.0,0.0,26.77013888888889,30.40972222222222,235.39999999999998,T01,0.0,12.3,3.695138888888889,0.23625000000000002,0.0,12.4,3.711111111111111,0.238125,14.0,21.0,16.555555555555557,1004.0,1008.0,1005.4305555555555,42.0,85.0,63.611111111111114,0.0,0.0,0.0,0.0,70.74305555555556,70.90277777777777,405.40972222222223,,0
2016-03-31 00:00:00+00:00,1774.4,111.6,1446.4006944444445,70.07152777777777,51.736111111111114,74.86111111111111,73.18055555555556,72.22222222222223,29.194444444444443,50.916666666666664,55.520833333333336,24.958333333333332,15.6,0.0,12.814583333333333,40.5,0.4,7.3999999999999995,1.5625,1.323611111111111,282.01666666666665,14.32638888888889,-123.63194444444444,131452.19444444444,18911314.0,-72.15972222222223,-3400555,72.27083333333333,83.95833333333333,76.61805555555556,37.833333333333336,37.513888888888886,25.17361111111111,40.125,25.46527777777778,17.069444444444443,-3.1,72.5,-0.4229166666666667,1.254861111111111,96.59722222222223,38.09027777777778,37.94444444444444,37.40972222222222,35.81944444444444,787.9472222222222,0.9236111111111112,50.00069444444445,399.49305555555554,397.8958333333333,398.93402777777777,663.4097222222222,688.4722222222222,665.3354166666667,2105.5,-50.1,37.5625,0.6166666666666667,7.307638888888889,189.11111111111111,-141.70694444444445,902.1,-558.2,12.811805555555557,788.8020833333334,2000.0,0.0,188.01805555555555,-836.0368055555556,0.0,-1000.0,90.79513888888889,794.0743055555555,1000.0,0.0,110.67777777777778,45.020833333333336,310.6986111111111,T01,1.5,15.8,8.077083333333333,0.9854861111111111,1.5,15.8,8.009027777777778,0.9706944444444444,8.0,16.0,13.083333333333334,1007.0,1011.0,1008.6875,34.0,88.0,58.52777777777778,0.0,0.0,0.0,0.0,158.51388888888889,157.11111111111111,408.68055555555554,,0
2016-04-01 00:00:00+00:00,1689.3,0.0,1106.540972222222,88.08055555555556,43.93055555555556,54.625,54.833333333333336,54.388888888888886,27.041666666666668,45.604166666666664,49.3125,24.819444444444443,15.0,0.0,9.754166666666666,37.1,0.4,4.743055555555555,1.0645833333333334,2.0562500000000004,196.6361111111111,14.659722222222221,-293.4791666666667,34346.03472222222,4903572.0,-245.29861111111111,-1808656,60.798611111111114,71.22222222222223,64.24305555555556,36.46527777777778,36.625,24.791666666666668,39.104166666666664,22.29861111111111,17.28472222222222,-3.1,89.7,3.9680555555555554,1.9333333333333331,82.97222222222223,36.06944444444444,35.729166666666664,35.576388888888886,35.30555555555556,204.2888888888889,0.7666666666666667,49.99930555555555,399.19444444444446,397.75416666666666,396.87847222222223,195.3423611111111,214.47569444444446,198.68263888888887,1652.3,-50.2,35.0625,0.7951388888888888,4.690972222222222,85.22986111111112,-75.4076388888889,999.7,-899.3,38.40763888888889,210.54930555555555,1686.4,0.0,85.27222222222223,-536.575,0.0,-1000.0,124.12569444444443,536.4729166666667,1000.0,0.0,124.5597222222222,37.875,182.08472222222224,T01,1.2,11.8,5.457638888888889,0.5759027777777779,1.1,11.2,5.388888888888889,0.5623611111111111,8.0,18.0,13.395833333333334,1006.0,1012.0,1008.9930555555555,27.0,72.0,47.72222222222222,0.0,0.0,0.0,0.0,105.97222222222223,104.65277777777777,408.9375,,0
2016-04-02 00:00:00+00:00,1655.5,0.0,609.4645833333333,62.97152777777777,33.166666666666664,41.56944444444444,41.80555555555556,41.46527777777778,27.069444444444443,40.916666666666664,42.270833333333336,24.493055555555557,14.6,0.0,5.211111111111111,23.2,0.4,3.2493055555555554,0.7340277777777778,10.988194444444444,200.39652777777778,14.965277777777779,-602.9930555555555,10542.791666666666,1431331.0,-318.3958333333333,-630017,63.145833333333336,71.43055555555556,61.423611111111114,33.52777777777778,34.27777777777778,26.555555555555557,35.5625,20.375,19.375,-3.0,89.7,14.491666666666667,1.7131944444444445,56.15277777777778,33.09722222222222,32.833333333333336,32.826388888888886,31.569444444444443,59.639583333333334,0.85625,49.99861111111111,399.6819444444444,398.9263888888889,396.32222222222225,65.97222222222223,75.14652777777778,71.20555555555556,962.9,-50.9,29.98611111111111,0.6236111111111111,3.257638888888889,31.772916666666667,-26.30138888888889,1000.2,-614.9,28.294444444444444,68.25208333333333,985.0,0.0,32.18611111111111,-219.33819444444444,0.0,-1000.0,79.10416666666667,219.33819444444444,1000.0,0.0,79.10416666666667,30.333333333333332,216.89791666666667,T01,0.0,9.4,3.4069444444444446,0.2576388888888889,0.0,9.1,3.3687500000000004,0.2659722222222222,10.0,17.0,13.958333333333334,1003.0,1008.0,1005.3194444444445,55.0,89.0,71.22916666666667,0.0,0.0,0.0,0.0,64.86805555555556,64.00694444444444,405.1875,,0
2016-04-03 00:00:00+00:00,1686.9,0.0,673.5208333333334,48.92638888888889,32.166666666666664,42.84722222222222,43.013888888888886,42.548611111111114,25.86111111111111,40.21527777777778,41.47222222222222,23.680555555555557,14.9,0.0,5.802083333333333,37.9,0.4,3.459027777777778,0.7743055555555556,0.5743055555555557,223.39999999999998,14.770833333333334,-454.74305555555554,20639.215277777777,2906561.0,-178.39583333333334,-982418,62.52777777777778,70.69444444444444,60.604166666666664,34.013888888888886,33.833333333333336,25.27777777777778,35.40277777777778,20.118055555555557,17.8125,-2.8,89.7,12.320833333333333,1.0034722222222223,57.236111111111114,33.729166666666664,33.55555555555556,33.479166666666664,31.70138888888889,121.1263888888889,0.8895833333333333,50.0,399.5708333333333,398.5833333333333,396.2048611111111,111.84236111111112,125.82569444444445,117.95555555555555,1758.1,-50.2,29.5625,0.4326388888888889,3.45625,50.17916666666667,-40.96388888888889,1000.1,-604.0,20.049305555555556,126.20972222222223,1807.6,0.0,49.80833333333333,-330.74305555555554,0.0,-1000.0,79.05694444444445,330.5680555555556,1000.0,0.0,79.51944444444445,30.708333333333332,250.32500000000002,T01,0.0,11.0,3.8930555555555557,0.30715277777777783,0.0,10.8,3.892361111111111,0.3142361111111111,10.0,16.0,13.694444444444445,1006.0,1009.0,1007.2013888888889,67.0,99.0,83.40277777777777,0.0,1.0,0.020833333333333332,0.0,74.61805555555556,74.59027777777777,407.15972222222223,,0
2016-04-04 00:00:00+00:00,1923.2,121.2,1447.5597222222223,48.108333333333334,60.59027777777778,97.97916666666667,93.72222222222223,92.25694444444444,38.916666666666664,51.09722222222222,56.6875,29.03472222222222,16.5,0.0,12.820138888888888,42.2,0.4,9.235416666666667,2.0756944444444443,1.0277777777777777,254.85416666666666,15.368055555555555,-122.97916666666667,212309.20138888888,30554816.0,-76.77777777777777,-3930929,76.02083333333333,90.47916666666667,88.09027777777777,40.46527777777778,39.9375,25.13888888888889,42.0,30.17361111111111,17.17361111111111,-3.2,46.9,3.9812499999999997,2.288888888888889,99.9375,41.09722222222222,41.05555555555556,40.15277777777778,37.65972222222222,1273.0756944444445,0.9395833333333334,50.00138888888889,399.23749999999995,397.38194444444446,400.1645833333333,1065.7166666666667,1086.6333333333334,1062.236111111111,2110.8,-50.2,41.486111111111114,0.4201388888888889,9.171527777777778,142.9486111111111,-163.7840277777778,838.7,-236.6,8.09236111111111,1271.9888888888888,2000.0,0.0,142.10347222222222,-643.2715277777778,0.0,-1000.0,107.75208333333333,532.4458333333333,1000.0,0.0,115.12430555555557,53.5,253.82986111111111,T01,1.5,23.3,10.303472222222222,2.3419444444444446,1.6,22.6,10.335416666666667,2.359375,13.0,17.0,14.291666666666666,999.0,1009.0,1003.7916666666666,73.0,99.0,89.70833333333333,0.0,13.0,0.5555555555555556,0.0,203.11111111111111,203.76388888888889,403.74305555555554,,0
2016-04-05 00:00:00+00:00,1767.2,0.0,1498.2347222222222,56.24444444444444,53.388888888888886,76.16666666666667,74.5625,73.54166666666667,28.930555555555557,53.88194444444444,58.06944444444444,26.5,15.6,0.0,13.264583333333333,38.6,0.4,7.584722222222222,1.5284722222222222,-2.1937499999999996,300.8208333333333,14.67361111111111,-66.25694444444444,140129.34027777778,20169083.0,-41.3125,-3644553,61.201388888888886,76.86805555555556,76.78472222222223,37.8125,38.75694444444444,25.819444444444443,41.19444444444444,26.65972222222222,17.84722222222222,-3.2,73.4,-1.3284722222222223,0.5618055555555556,97.86805555555556,38.28472222222222,38.076388888888886,37.541666666666664,36.020833333333336,840.3715277777778,0.9708333333333334,50.0,399.17777777777775,397.59791666666666,398.88680555555555,702.1527777777778,730.4465277777778,708.3298611111111,2103.7,-50.3,38.666666666666664,0.49513888888888885,7.600694444444445,175.25972222222222,-151.84930555555556,16.0,-220.4,7.808333333333334,840.6388888888889,2000.0,0.0,175.04305555555555,-936.3215277777776,0.0,-1000.0,58.94722222222222,908.9458333333333,1000.0,0.0,79.77777777777777,42.77777777777778,310.51250000000005,T01,0.4,15.5,8.197222222222223,0.8350000000000001,0.3,15.4,8.161111111111111,0.8263888888888888,10.0,16.0,13.340277777777779,1000.0,1006.0,1003.0138888888889,58.0,89.0,73.21527777777777,0.0,0.0,0.0,0.0,160.83333333333334,160.15972222222223,402.97222222222223,,0
2016-04-06 00:00:00+00:00,1690.1,0.0,608.1375,72.7125,37.125,46.375,46.55555555555556,46.125,27.645833333333332,44.673611111111114,45.21527777777778,25.75,15.0,0.0,5.218055555555555,22.5,0.4,3.395138888888889,0.8229166666666666,8.128472222222221,185.99027777777778,16.13888888888889,-635.0972222222222,19558.86111111111,2725023.0,-373.2708333333333,-912032,64.52083333333333,73.26388888888889,63.916666666666664,34.125,34.9375,26.04861111111111,36.69444444444444,22.291666666666668,18.8125,-3.1,89.7,14.769444444444446,1.9854166666666666,59.666666666666664,33.63194444444444,33.34027777777778,33.31944444444444,32.923611111111114,113.5625,0.8583333333333334,50.0,399.6472222222222,398.7215277777778,396.5340277777778,115.10902777777778,125.01249999999999,119.3097222222222,1411.6,-52.0,31.881944444444443,0.6465277777777777,3.402083333333333,44.87430555555555,-38.04027777777778,1000.4,-1000.0,35.63333333333333,124.54374999999999,1444.4,0.0,47.34791666666667,-301.58124999999995,0.0,-1000.0,59.15416666666667,301.5805555555555,1000.0,0.0,59.15416666666667,38.770833333333336,200.36666666666667,T01,0.0,10.9,3.8270833333333334,0.35736111111111113,0.0,11.4,3.7979166666666666,0.3604861111111111,11.0,20.0,14.722222222222221,1005.0,1008.0,1006.5972222222222,41.0,88.0,69.18055555555556,0.0,0.0,0.0,0.0,73.3125,72.625,406.5625,,0
2016-04-07 00:00:00+00:00,1641.0,0.0,482.78402777777774,32.456944444444446,33.71527777777778,39.18055555555556,39.36805555555556,38.90277777777778,27.88888888888889,38.09722222222222,38.270833333333336,25.97222222222222,14.5,0.0,4.1625,18.7,0.4,3.070138888888889,0.7430555555555556,-11.243055555555555,211.70972222222224,17.5,-501.25694444444446,12996.291666666666,1799284.0,-184.47222222222223,-728396,63.729166666666664,71.77083333333333,61.65277777777778,33.048611111111114,34.63194444444444,28.78472222222222,36.06944444444444,21.645833333333332,20.930555555555557,-2.7,89.7,15.609027777777776,0.7493055555555554,48.951388888888886,32.625,32.451388888888886,32.36805555555556,31.006944444444443,74.95833333333333,0.9340277777777778,50.0,400.1173611111111,399.31597222222223,396.70000000000005,71.16527777777777,81.19722222222222,75.12013888888889,847.1,-45.9,29.6875,0.29930555555555555,3.084027777777778,23.599305555555553,-30.359027777777776,1000.1,-880.2,10.780555555555557,79.55208333333333,866.8,0.0,23.37013888888889,-254.65555555555557,0.0,-1000.0,37.46458333333333,254.65555555555557,1000.0,0.0,37.46458333333333,32.47222222222222,222.96180555555554,T01,0.0,9.0,3.004861111111111,0.17319444444444446,0.0,9.1,2.9618055555555554,0.1765972222222222,13.0,22.0,16.791666666666668,1006.0,1008.0,1006.9375,49.0,90.0,72.63194444444444,0.0,0.0,0.0,0.0,56.71527777777778,55.708333333333336,406.8958333333333,,0
2016-04-08 00:00:00+00:00,1735.7,0.0,827.4402777777777,67.62291666666667,41.375,51.84027777777778,51.52777777777778,51.02777777777778,28.694444444444443,44.645833333333336,46.583333333333336,26.694444444444443,15.3,0.0,7.2354166666666675,39.4,0.4,4.329861111111111,1.0319444444444443,4.875694444444445,205.25,17.79861111111111,-513.875,45351.868055555555,6456672.0,-280.40972222222223,-1529287,69.34027777777777,77.90972222222223,67.94444444444444,35.576388888888886,36.59027777777778,27.291666666666668,38.701388888888886,24.32638888888889,19.51388888888889,-3.0,84.0,10.096527777777778,0.995138888888889,67.73611111111111,35.236111111111114,34.90277777777778,34.78472222222222,34.28472222222222,269.0597222222222,0.8791666666666668,50.0,399.71944444444443,398.58958333333334,397.62152777777777,238.02986111111113,251.18680555555557,239.8486111111111,2098.0,-50.2,33.611111111111114,0.632638888888889,4.290277777777778,117.76805555555555,-63.71527777777778,949.7,-456.3,17.799999999999997,275.71180555555554,2000.0,0.0,117.69305555555555,-417.3048611111111,0.0,-1000.0,79.3138888888889,411.7590277777778,1000.0,0.0,86.83055555555556,40.24305555555556,232.8659722222222,T01,0.6000000000000001,14.2,5.073611111111111,0.6308333333333334,0.6000000000000001,14.0,5.004861111111111,0.613125,13.0,21.0,16.770833333333332,1005.0,1010.0,1006.9236111111111,27.0,89.0,58.05555555555556,0.0,0.0,0.0,0.0,98.20833333333333,96.88888888888889,406.88194444444446,,0
2016-04-09 00:00:00+00:00,1674.2,0.0,612.5618055555556,58.99930555555555,36.708333333333336,44.479166666666664,44.59722222222222,44.208333333333336,28.01388888888889,41.576388888888886,42.916666666666664,25.51388888888889,14.8,0.0,5.209722222222222,23.1,0.4,3.6597222222222223,0.7791666666666667,-4.947916666666667,218.57569444444445,16.229166666666668,-524.6736111111111,21107.881944444445,2963983.0,-219.625,-888143,65.59027777777777,74.05555555555556,63.81944444444444,33.736111111111114,34.40277777777778,27.01388888888889,36.09722222222222,21.65972222222222,19.65972222222222,-3.2,89.7,14.393749999999999,1.1555555555555557,53.94444444444444,33.25694444444444,32.979166666666664,32.923611111111114,32.31944444444444,123.50347222222223,0.9055555555555556,49.99930555555555,400.31944444444446,399.4659722222222,397.28472222222223,115.48680555555555,125.1763888888889,119.58333333333333,1217.7,-51.0,30.59722222222222,0.5284722222222222,3.630555555555555,34.31180555555555,-36.97361111111111,1000.3,-711.1,20.129166666666666,131.62291666666667,1242.5,0.0,36.04236111111111,-298.8465277777778,0.0,-1000.0,30.275694444444444,298.8465277777778,1000.0,0.0,30.275694444444444,34.75694444444444,231.01736111111111,T01,0.3,9.8,4.009722222222222,0.2529166666666667,0.3,10.0,4.011805555555556,0.25479166666666664,12.0,20.0,15.25,1006.0,1010.0,1008.0763888888889,27.0,82.0,46.86805555555556,0.0,0.0,0.0,0.0,76.86111111111111,76.97222222222223,408.03472222222223,,0
2016-04-10 00:00:00+00:00,1691.3,0.0,908.3520833333333,85.49375,38.548611111111114,50.111111111111114,50.24305555555556,49.75694444444444,26.9375,43.44444444444444,46.40277777777778,23.645833333333332,15.0,0.0,7.993055555555555,38.0,0.4,4.414583333333334,0.9722222222222222,-2.3680555555555554,253.27152777777778,14.36111111111111,-389.27777777777777,33164.79861111111,4719672.0,-144.20833333333334,-1434377,64.44444444444444,72.99305555555556,62.72222222222222,33.02777777777778,33.96527777777778,24.416666666666668,35.81944444444444,21.09722222222222,17.0,-3.0,56.6,8.480555555555556,1.6055555555555556,65.57638888888889,32.63194444444444,32.326388888888886,32.229166666666664,31.45138888888889,196.66250000000002,0.8819444444444444,50.0,399.83402777777775,398.4506944444445,396.8236111111111,174.64722222222224,194.08055555555555,182.96944444444443,2051.9,-50.0,31.333333333333332,0.7673611111111112,4.434722222222223,65.49722222222222,-59.80069444444444,1000.2,-857.0,22.665277777777778,206.42708333333334,2000.0,0.0,69.52847222222222,-441.7215277777778,0.0,-1000.0,79.02152777777778,441.28541666666666,1000.0,0.0,79.58888888888889,36.201388888888886,258.14444444444445,T01,0.5,13.0,4.855555555555556,0.494375,0.5,12.8,4.877777777777777,0.5020833333333333,12.0,15.0,13.3125,1002.0,1006.0,1003.2430555555555,73.0,99.0,90.15972222222223,0.0,7.0,0.2986111111111111,0.0,93.79166666666667,94.43055555555556,403.2083333333333,,0
2016-04-11 00:00:00+00:00,1733.8,0.0,1272.3618055555555,98.53125,43.75694444444444,59.951388888888886,59.84722222222222,59.236111111111114,26.916666666666668,48.56944444444444,52.298611111111114,25.20138888888889,15.3,0.0,11.270833333333334,31.9,0.4,5.688194444444445,1.2361111111111112,-3.4388888888888887,228.4118055555556,15.32638888888889,-224.36111111111111,62276.54861111111,8935513.0,-184.74305555555554,-2407120,68.77777777777777,78.14583333333333,68.1875,36.59027777777778,37.125,26.15277777777778,40.201388888888886,23.854166666666668,18.458333333333332,-3.1,89.7,1.2715277777777778,1.6548611111111111,89.08333333333333,36.34722222222222,36.0,35.75694444444444,35.263888888888886,372.32222222222225,0.8868055555555556,50.00069444444445,399.3069444444444,397.81319444444443,396.67291666666665,317.61527777777775,344.91597222222225,329.10069444444446,2101.7,-52.3,36.486111111111114,0.8729166666666667,5.726388888888889,135.69305555555556,-100.275,1000.2,-848.1,18.20486111111111,378.36527777777775,2000.0,0.0,137.10763888888889,-755.9597222222222,0.0,-1000.0,112.63611111111112,752.6569444444444,1000.0,0.0,118.3451388888889,41.583333333333336,231.85694444444445,T01,2.3,14.1,6.749305555555555,0.8334722222222222,1.7000000000000002,14.1,6.769444444444444,0.8866666666666667,11.0,16.0,14.090277777777779,1002.0,1006.0,1003.9097222222222,62.0,96.0,80.02777777777777,0.0,4.0,0.1388888888888889,0.0,131.81944444444446,132.20138888888889,403.7916666666667,,0
2016-04-12 00:00:00+00:00,1771.7,0.0,1283.09375,104.35208333333334,45.520833333333336,62.15972222222222,61.673611111111114,61.0625,28.34722222222222,49.604166666666664,53.27777777777778,25.993055555555557,15.6,0.0,11.363194444444444,43.0,0.4,5.7868055555555555,1.3930555555555555,-0.8604166666666666,223.2486111111111,15.645833333333334,-182.5625,71476.42361111111,10266315.0,-141.84722222222223,-2768152,71.5,80.95138888888889,71.01388888888889,38.736111111111114,38.541666666666664,25.61111111111111,41.61805555555556,24.520833333333332,17.8125,-3.1,89.7,1.3520833333333333,1.846527777777778,90.61111111111111,38.576388888888886,38.229166666666664,37.923611111111114,37.65972222222222,427.7729166666667,0.8784722222222222,50.00069444444445,399.4138888888889,397.81319444444443,397.31041666666664,368.4923611111111,393.60347222222225,375.3298611111111,2104.8,-50.1,38.111111111111114,0.9277777777777777,5.884722222222222,158.62986111111113,-115.3326388888889,998.4,-499.6,17.50347222222222,431.7347222222222,2000.0,0.0,159.99791666666667,-753.9138888888889,0.0,-1000.0,111.25972222222222,747.5625,1000.0,0.0,118.50902777777777,41.0625,224.11180555555555,T01,2.3,16.3,7.532638888888889,1.2043055555555555,1.8,16.3,7.470833333333333,1.404097222222222,12.0,16.0,14.444444444444445,1004.0,1008.0,1006.0902777777778,74.0,97.0,88.30555555555556,0.0,20.0,0.5208333333333334,0.0,147.70138888888889,146.1875,406.03472222222223,,0
2016-04-13 00:00:00+00:00,1689.6,0.0,897.0201388888888,74.82291666666667,39.479166666666664,51.65277777777778,51.736111111111114,51.28472222222222,28.51388888888889,45.94444444444444,48.25,26.666666666666668,15.0,0.0,7.831250000000001,37.2,0.4,4.329861111111111,0.9027777777777778,6.529166666666667,241.2888888888889,17.0,-455.90972222222223,32781.34027777778,4654863.0,-277.0763888888889,-1479153,68.875,78.02083333333333,67.8125,36.52777777777778,37.34722222222222,27.90972222222222,39.96527777777778,23.756944444444443,20.694444444444443,-3.0,89.7,8.502083333333333,1.532638888888889,75.86111111111111,35.958333333333336,35.486111111111114,35.4375,35.59027777777778,193.96458333333334,0.8777777777777778,50.00138888888889,399.71180555555554,398.71875,396.7027777777778,169.27708333333334,188.11111111111111,178.6548611111111,1427.0,-50.0,35.354166666666664,0.7034722222222222,4.334027777777778,70.50902777777777,-61.618750000000006,954.6,-392.5,11.911805555555555,199.73333333333332,1466.6,0.0,71.93958333333333,-494.0805555555556,0.0,-1000.0,78.42500000000001,494.07916666666665,1000.0,0.0,78.45208333333333,34.99305555555556,252.26041666666666,T01,0.0,10.9,4.856944444444444,0.42520833333333335,0.0,10.8,4.893750000000001,0.43256944444444445,14.0,18.0,15.6875,1007.0,1010.0,1008.5555555555555,55.0,97.0,79.85416666666667,0.0,0.0,0.0,0.0,93.99305555555556,94.68055555555556,408.52777777777777,,0
2016-04-14 00:00:00+00:00,1456.7,0.0,430.1027777777778,55.142361111111114,29.73611111111111,37.90972222222222,38.138888888888886,37.736111111111114,29.29861111111111,37.71527777777778,37.895833333333336,26.21527777777778,12.9,0.0,3.670138888888889,15.9,0.4,2.5708333333333333,0.5840277777777778,3.2145833333333336,198.66250000000002,17.444444444444443,-562.5347222222222,5754.284722222223,747613.0,-240.27083333333334,-474187,64.11805555555556,71.90972222222223,61.55555555555556,32.951388888888886,34.395833333333336,29.118055555555557,35.833333333333336,21.54861111111111,22.118055555555557,-2.3,71.5,16.59861111111111,1.4631944444444445,46.020833333333336,32.43055555555556,32.19444444444444,32.19444444444444,31.23611111111111,31.13819444444444,0.8833333333333333,49.99930555555555,399.7125,399.1618055555556,396.65208333333334,39.91180555555556,47.37291666666667,43.28194444444445,411.3,-49.3,29.416666666666668,0.4708333333333333,2.597916666666667,15.413888888888888,-19.775,1000.3,-904.2,23.939583333333335,37.43194444444444,418.8,0.0,14.972916666666666,-159.82569444444445,0.0,-1000.0,55.09791666666667,159.82569444444445,1000.0,0.0,55.09791666666667,29.4375,212.94097222222223,T01,0.0,6.6,2.351388888888889,0.11645833333333333,0.0,6.6,2.3520833333333333,0.11756944444444445,13.0,20.0,16.53472222222222,1006.0,1010.0,1007.9375,42.0,92.0,66.40972222222223,0.0,0.0,0.0,0.0,43.69444444444444,43.63194444444444,407.875,,0
2016-04-15 00:00:00+00:00,1696.5,0.0,806.0854166666667,51.39375,39.701388888888886,50.5,50.076388888888886,49.40277777777778,27.63888888888889,44.625,45.576388888888886,25.72222222222222,15.0,0.0,7.03125,27.1,0.4,4.503472222222222,0.9208333333333333,-11.36875,237.1305555555556,16.854166666666668,-331.40277777777777,58035.444444444445,8309381.0,-87.375,-1820968,67.54861111111111,75.8125,65.91666666666667,34.75694444444444,36.0,28.15277777777778,37.833333333333336,23.34027777777778,20.59722222222222,-3.2,24.2,10.243749999999999,0.2986111111111111,62.548611111111114,34.63194444444444,34.47222222222222,34.24305555555556,33.00694444444444,346.25208333333336,0.9777777777777779,50.0,399.3013888888889,398.3333333333333,396.9111111111111,291.6423611111111,309.1673611111111,299.6451388888889,1900.2,-27.0,32.59722222222222,0.4402777777777778,4.479166666666667,99.4125,-75.87986111111111,1000.3,-191.1,4.895833333333333,348.49375,1921.6,0.0,98.61250000000001,-519.9486111111112,0.0,-1000.0,20.741666666666667,518.9854166666667,1000.0,0.0,24.174305555555556,37.46527777777778,263.49791666666664,T01,0.0,12.8,4.810416666666667,0.5192361111111111,0.0,12.5,4.833333333333333,0.5273611111111111,14.0,18.0,15.666666666666666,1006.0,1008.0,1007.1388888888889,70.0,98.0,86.83333333333333,0.0,1.0,0.006944444444444444,0.0,93.01388888888889,93.45833333333333,407.0138888888889,,0
2016-04-16 00:00:00+00:00,1761.3,0.0,1440.7395833333333,73.38958333333333,50.263888888888886,71.625,70.58333333333333,69.70833333333333,30.45138888888889,50.74305555555556,55.576388888888886,28.166666666666668,15.6,0.0,12.754861111111111,38.5,0.4,6.821527777777778,1.4645833333333333,1.7666666666666666,234.49166666666667,17.88888888888889,-53.138888888888886,106975.25694444444,15396784.0,-36.34027777777778,-3298977,70.6875,82.95138888888889,75.47222222222223,39.583333333333336,40.22222222222222,28.22222222222222,42.9375,28.53472222222222,20.430555555555557,-3.2,89.7,-1.0215277777777778,1.2180555555555557,98.04861111111111,39.59027777777778,39.34027777777778,38.90277777777778,38.173611111111114,641.5493055555556,0.9263888888888889,49.99930555555555,398.87361111111113,397.28125,397.24861111111113,538.2840277777777,570.9611111111111,551.3888888888889,2104.0,-50.2,39.81944444444444,0.6472222222222223,6.823611111111111,187.66111111111113,-137.45,1000.2,-211.9,13.256944444444445,644.3187499999999,2000.0,0.0,189.83541666666667,-873.9395833333333,0.0,-1000.0,113.67083333333333,854.4798611111112,1000.0,0.0,135.94236111111113,47.9375,232.7298611111111,T01,2.9,15.2,7.908333333333333,1.1077777777777778,2.3,15.5,7.970138888888889,1.1472222222222221,15.0,19.0,16.645833333333332,1006.0,1009.0,1007.2777777777778,75.0,98.0,89.99305555555556,0.0,0.0,0.0,0.0,155.14583333333334,156.32638888888889,407.19444444444446,,0
2016-04-17 00:00:00+00:00,1681.2,0.0,1115.8506944444443,93.8111111111111,41.638888888888886,56.138888888888886,56.298611111111114,55.875,29.375,46.09722222222222,49.625,27.70138888888889,14.9,0.0,9.86111111111111,36.9,0.4,4.848611111111111,0.9381944444444444,-0.7895833333333333,269.58958333333334,18.32638888888889,-353.52777777777777,35212.8125,5019733.0,-288.625,-1642056,58.65277777777778,71.09722222222223,65.81944444444444,38.06944444444444,39.013888888888886,28.979166666666668,41.708333333333336,25.833333333333332,21.618055555555557,-3.1,89.7,3.8701388888888886,2.017361111111111,87.25694444444444,37.53472222222222,37.15972222222222,37.048611111111114,37.236111111111114,209.14722222222224,0.8236111111111112,49.99930555555555,399.33680555555554,398.06111111111113,396.0180555555555,191.36180555555555,216.08472222222224,202.72222222222223,1421.7,-50.5,37.4375,0.851388888888889,4.836805555555555,71.75694444444444,-68.40138888888889,1000.3,-871.0,41.575694444444444,215.56180555555557,1440.8,0.0,73.07708333333333,-610.1472222222222,0.0,-1000.0,121.48472222222222,610.1465277777778,1000.0,0.0,121.49305555555556,38.854166666666664,272.87083333333334,T01,0.7000000000000001,10.3,5.016666666666667,0.4754166666666666,0.3,10.5,5.030555555555555,0.48208333333333336,15.0,20.0,16.944444444444443,1007.0,1009.0,1008.4236111111111,55.0,98.0,78.78472222222223,0.0,0.0,0.0,0.0,97.13194444444444,97.44444444444444,408.36805555555554,,0
2016-04-18 00:00:00+00:00,1826.9,0.0,1105.978472222222,52.53819444444444,54.19444444444444,80.89583333333333,77.61805555555556,76.44444444444444,35.88194444444444,45.86805555555556,50.93055555555556,30.23611111111111,15.9,0.0,9.708333333333334,39.4,0.4,7.5062500000000005,1.4548611111111112,3.4430555555555555,125.29166666666667,18.47222222222222,-279.0625,158491.125,22782538.0,-96.625,-2841242,72.25694444444444,84.31944444444444,79.59722222222223,38.50694444444444,38.861111111111114,28.875,40.56944444444444,29.76388888888889,21.305555555555557,-2.6,44.6,9.292361111111111,1.8083333333333331,79.04861111111111,38.666666666666664,38.638888888888886,37.923611111111114,36.00694444444444,949.2972222222221,0.9562499999999999,50.0,399.67291666666665,398.38472222222225,399.55833333333334,798.4354166666667,810.3583333333333,795.2493055555556,2108.5,-49.2,37.416666666666664,0.5111111111111112,7.330555555555555,113.84375,-118.42361111111111,1000.1,-580.8,10.837499999999999,952.7375000000001,2000.0,0.0,113.71041666666666,-478.47499999999997,0.0,-1000.0,78.92847222222223,392.4222222222222,1000.0,0.0,89.00486111111111,49.520833333333336,119.34583333333333,T01,1.0,20.0,7.407638888888889,1.7327777777777778,0.8,20.0,7.450694444444445,1.728402777777778,13.0,22.0,17.631944444444443,1003.0,1009.0,1005.2291666666666,52.0,81.0,65.04861111111111,0.0,0.0,0.0,0.0,145.05555555555554,145.83333333333334,405.22222222222223,,0
2016-04-19 00:00:00+00:00,1808.2,0.0,1328.7194444444444,90.35486111111112,62.65972222222222,91.34722222222223,88.28472222222223,87.08333333333333,41.40277777777778,49.486111111111114,54.90972222222222,31.118055555555557,16.0,0.0,11.75,40.8,0.4,7.975694444444445,1.6423611111111112,-2.009027777777778,149.6013888888889,17.75,-429.1041666666667,166630.32638888888,23932976.0,-362.44444444444446,-3141810,68.59027777777777,87.75694444444444,90.77777777777777,40.34027777777778,41.19444444444444,27.51388888888889,42.638888888888886,32.13194444444444,19.53472222222222,-3.0,89.7,5.872222222222223,3.4506944444444443,98.3125,40.53472222222222,40.43055555555556,39.770833333333336,38.083333333333336,997.2409722222224,0.8527777777777777,50.0,399.63194444444446,398.18402777777777,399.66875000000005,849.8284722222222,866.9590277777778,847.9090277777777,2112.9,-50.0,41.05555555555556,0.8020833333333334,7.840972222222222,143.98055555555555,-130.90694444444443,1000.1,-750.5,33.26875,1003.3854166666666,2000.0,0.0,143.87916666666666,-558.2819444444444,0.0,-1000.0,129.53125,470.5131944444444,1000.0,0.0,144.22222222222223,52.520833333333336,151.61458333333334,T01,0.7000000000000001,19.9,6.829861111111111,2.7724305555555557,0.8,20.1,6.775,2.7891666666666666,15.0,19.0,16.444444444444443,1003.0,1007.0,1004.9097222222222,64.0,97.0,80.22222222222223,0.0,7.0,0.2152777777777778,0.0,133.57638888888889,132.34722222222223,404.80555555555554,,0
2016-04-20 00:00:00+00:00,1769.6,0.0,1027.2152777777778,121.2784722222222,45.298611111111114,56.43055555555556,56.21527777777778,55.611111111111114,29.166666666666668,47.13194444444444,50.02777777777778,26.09027777777778,15.6,0.0,9.037500000000001,43.8,0.4,4.984722222222222,1.1208333333333333,-2.1923611111111114,209.05416666666667,15.930555555555555,-540.3888888888889,54429.618055555555,7760048.0,-415.13194444444446,-1864303,67.06944444444444,76.70833333333333,68.63888888888889,37.083333333333336,36.888888888888886,26.541666666666668,39.34722222222222,23.72222222222222,19.11111111111111,-3.1,89.7,6.752083333333333,2.617361111111111,77.625,36.673611111111114,36.326388888888886,36.15972222222222,35.923611111111114,323.3520833333333,0.8159722222222222,50.0,399.97847222222225,398.59166666666664,397.75138888888887,286.13472222222225,303.8618055555555,290.6645833333333,2105.8,-51.7,35.55555555555556,1.0902777777777777,5.009722222222222,108.03888888888889,-77.73194444444444,1000.3,-716.7,27.555555555555557,332.3659722222222,2000.0,0.0,109.31875,-501.66875000000005,0.0,-1000.0,100.88611111111112,492.9215277777778,1000.0,0.0,106.82430555555555,39.708333333333336,211.25625000000002,T01,1.1,17.1,5.538194444444445,0.6827777777777777,1.0,17.3,5.442361111111111,0.7675694444444444,11.0,17.0,14.5625,1005.0,1014.0,1008.7361111111111,56.0,96.0,78.47222222222223,0.0,18.0,0.2638888888888889,0.0,107.59722222222223,105.61111111111111,408.68055555555554,,0
2016-04-21 00:00:00+00:00,1613.8,0.0,398.43611111111113,50.12430555555555,28.17361111111111,34.166666666666664,34.34722222222222,34.076388888888886,27.805555555555557,37.041666666666664,38.06944444444444,25.57638888888889,14.3,0.0,3.3604166666666666,27.1,0.4,2.821527777777778,0.6381944444444445,7.240972222222222,194.0965277777778,16.84027777777778,-610.3819444444445,5279.881944444444,672409.0,-275.5625,-379322,63.78472222222222,71.5625,61.18055555555556,32.31944444444444,33.69444444444444,27.791666666666668,34.81944444444444,21.125,20.555555555555557,-2.3,89.7,18.838194444444444,1.2243055555555555,40.861111111111114,31.868055555555557,31.625,31.645833333333332,30.15972222222222,27.999305555555555,0.8937499999999999,49.99861111111111,399.71875,399.35347222222225,396.5284722222222,37.925,42.50416666666667,40.57361111111111,694.9,-49.3,28.243055555555557,0.5006944444444446,2.8541666666666665,15.667361111111111,-15.855555555555554,1000.1,-969.0,21.481944444444444,36.80555555555556,706.1,0.0,16.938194444444445,-116.71666666666667,0.0,-1000.0,38.40347222222223,116.71666666666667,1000.0,0.0,38.40347222222223,30.95138888888889,189.3423611111111,T01,0.0,8.3,3.004166666666667,0.16409722222222223,0.0,8.2,2.9319444444444445,0.16597222222222222,12.0,20.0,15.618055555555555,1011.0,1015.0,1013.25,54.0,93.0,74.65972222222223,0.0,0.0,0.0,0.0,56.833333333333336,55.333333333333336,413.22222222222223,,0
2016-04-22 00:00:00+00:00,1540.9,0.0,442.3951388888889,76.68958333333333,31.48611111111111,39.236111111111114,39.416666666666664,39.09027777777778,29.76388888888889,38.173611111111114,39.111111111111114,26.61111111111111,13.6,0.0,3.602083333333333,18.3,0.4,2.7083333333333335,0.5708333333333333,12.45138888888889,204.64583333333334,18.479166666666668,-707.9375,5275.576388888889,657740.0,-405.0208333333333,-351802,65.03472222222223,72.60416666666667,62.44444444444444,33.388888888888886,34.666666666666664,29.71527777777778,36.46527777777778,22.645833333333332,22.569444444444443,-2.4,70.6,17.227083333333333,1.7451388888888888,46.5625,32.763888888888886,32.47222222222222,32.513888888888886,32.15277777777778,27.4,0.8527777777777777,49.99861111111111,400.1354166666667,399.49375,397.05902777777777,42.422916666666666,47.55833333333333,45.30763888888889,697.8,-50.7,30.381944444444443,0.6965277777777777,2.732638888888889,16.822222222222223,-14.62986111111111,1000.1,-935.9,32.918055555555554,36.17916666666667,719.0,0.0,17.106944444444444,-124.64027777777778,0.0,-1000.0,49.43402777777778,124.64027777777778,1000.0,0.0,49.43402777777778,34.40277777777778,164.69791666666666,T01,0.0,8.1,2.9680555555555554,0.19986111111111113,0.0,8.1,2.9409722222222223,0.19972222222222225,14.0,21.0,17.09722222222222,1010.0,1013.0,1011.75,42.0,85.0,65.13888888888889,0.0,0.0,0.0,0.0,56.111111111111114,55.5625,411.68055555555554,,0
2016-04-23 00:00:00+00:00,1662.3,0.0,517.6576388888889,64.23819444444445,33.02777777777778,40.8125,41.02777777777778,40.576388888888886,30.083333333333332,39.5625,40.65972222222222,27.020833333333332,14.7,0.0,4.353472222222222,21.5,0.4,3.021527777777778,0.6340277777777777,6.9750000000000005,242.11527777777778,18.65972222222222,-586.1736111111111,14769.083333333334,2042339.0,-283.03472222222223,-752914,66.00694444444444,74.02083333333333,63.736111111111114,33.56944444444444,35.34027777777778,28.354166666666668,37.270833333333336,23.36111111111111,21.63888888888889,-3.0,89.7,15.760416666666666,1.5965277777777778,51.111111111111114,32.951388888888886,32.68055555555556,32.68055555555556,32.30555555555556,85.10972222222222,0.8999999999999999,50.00069444444445,400.10555555555555,399.49930555555557,396.5027777777778,84.24236111111111,94.27152777777778,90.60625,1119.1,-51.9,31.319444444444443,0.5965277777777778,3.0368055555555555,33.199305555555554,-31.397222222222222,1000.3,-899.6,25.679861111111112,91.90347222222222,1139.6,0.0,33.42638888888889,-245.35069444444446,0.0,-1000.0,52.80416666666667,245.35069444444446,1000.0,0.0,52.80416666666667,34.84027777777778,285.13958333333335,T01,0.3,9.7,3.529166666666667,0.22583333333333336,0.2,9.5,3.488888888888889,0.22284722222222225,15.0,22.0,17.65277777777778,1008.0,1011.0,1009.2222222222222,38.0,89.0,61.11805555555556,0.0,0.0,0.0,0.0,67.39583333333333,66.46527777777777,409.2083333333333,,0
2016-04-24 00:00:00+00:00,1730.8,0.0,789.3125,94.64097222222222,40.486111111111114,52.888888888888886,52.666666666666664,52.13194444444444,30.881944444444443,43.46527777777778,45.81944444444444,28.25,15.3,0.0,6.84375,27.3,0.4,4.002777777777777,0.8611111111111112,11.493749999999999,218.26597222222222,19.75,-496.75,34984.25,4966199.0,-240.3125,-1284586,69.29166666666667,77.70138888888889,67.52777777777777,35.68055555555556,36.24305555555556,29.854166666666668,38.80555555555556,25.67361111111111,22.65277777777778,-3.1,60.5,10.738194444444444,2.1680555555555556,63.59722222222222,35.09027777777778,34.763888888888886,34.645833333333336,34.520833333333336,206.94930555555555,0.8493055555555555,50.00069444444445,399.6333333333333,398.55833333333334,397.24791666666664,195.4611111111111,207.43055555555554,199.76527777777778,2101.4,-51.6,33.298611111111114,0.8604166666666667,3.9652777777777777,62.75694444444444,-53.53263888888889,1000.6,-973.1,47.14791666666667,215.3111111111111,2000.0,0.0,63.043749999999996,-346.14374999999995,0.0,-1000.0,94.77638888888889,343.19722222222225,1000.0,0.0,98.83472222222223,41.666666666666664,251.7736111111111,T01,0.3,12.8,4.473611111111111,0.4396527777777778,0.3,12.9,4.43125,0.43041666666666667,14.0,25.0,18.354166666666668,1006.0,1009.0,1007.125,35.0,100.0,74.875,0.0,0.0,0.0,0.0,86.21527777777777,85.32638888888889,407.06944444444446,,0
2016-04-25 00:00:00+00:00,1700.4,0.0,1065.8909722222222,73.34166666666667,44.729166666666664,57.74305555555556,57.513888888888886,57.020833333333336,30.95138888888889,46.81944444444444,50.0,28.916666666666668,15.1,0.0,9.359722222222222,22.6,0.4,5.189583333333333,0.9458333333333334,2.624305555555556,102.82638888888889,20.083333333333332,-307.4583333333333,54264.57638888889,7769826.0,-187.4375,-1952027,72.59722222222223,81.88194444444444,71.63888888888889,37.19444444444444,38.22222222222222,30.28472222222222,40.61805555555556,27.34722222222222,23.3125,-3.1,84.4,5.815972222222222,0.9465277777777779,77.0625,36.854166666666664,36.4375,36.333333333333336,36.11805555555556,323.71736111111113,0.8631944444444444,50.0,399.66597222222225,398.29375000000005,397.50694444444446,287.38958333333335,305.57916666666665,291.99444444444447,2072.3,-47.9,36.1875,0.65,5.135416666666667,91.5326388888889,-81.34722222222223,980.2,-666.1,32.49930555555556,328.875,2000.0,0.0,92.86805555555556,-585.1034722222222,0.0,-1000.0,53.00833333333333,582.8652777777778,1000.0,0.0,55.94652777777778,44.00694444444444,95.19930555555555,T01,1.5,12.0,5.782638888888889,0.35333333333333333,1.5,12.2,5.805555555555555,0.3630555555555556,16.0,23.0,19.069444444444443,1005.0,1007.0,1005.9444444444445,43.0,80.0,62.708333333333336,0.0,0.0,0.0,0.0,112.4375,113.01388888888889,405.88194444444446,,0
2016-04-26 00:00:00+00:00,1646.4,0.0,1096.9888888888888,73.68402777777777,40.375,56.97222222222222,57.416666666666664,57.013888888888886,30.5625,45.96527777777778,49.638888888888886,28.52777777777778,14.6,0.0,9.65486111111111,19.2,0.4,4.666666666666667,0.8743055555555556,-1.783333333333333,171.8451388888889,19.458333333333332,-335.38194444444446,30100.590277777777,4286191.0,-286.21527777777777,-1702635,70.58333333333333,80.99305555555556,70.47916666666667,38.645833333333336,39.53472222222222,30.92361111111111,42.361111111111114,26.354166666666668,23.444444444444443,-3.1,89.7,3.4881944444444444,1.6423611111111112,87.99305555555556,38.0625,37.583333333333336,37.479166666666664,37.875,178.58194444444445,0.8263888888888888,50.00069444444445,399.3694444444444,398.25972222222225,396.87638888888887,165.87847222222223,184.49027777777778,170.55763888888887,820.3,-51.8,38.0,0.6715277777777778,4.6875,53.238194444444446,-71.02152777777778,1001.2,-980.4,27.672222222222224,183.79722222222222,836.2,0.0,54.19652777777778,-646.8166666666667,0.0,-1000.0,99.58333333333333,646.8166666666667,1000.0,0.0,99.58333333333333,41.270833333333336,176.12847222222223,T01,0.3,8.6,5.226388888888889,0.2309027777777778,0.2,8.3,5.263888888888889,0.2357638888888889,15.0,24.0,18.208333333333332,1004.0,1007.0,1005.1041666666666,43.0,90.0,67.07638888888889,0.0,0.0,0.0,0.0,101.29166666666667,102.04861111111111,405.05555555555554,,0
2016-04-27 00:00:00+00:00,1592.2,0.0,573.9291666666667,46.828472222222224,32.53472222222222,43.076388888888886,43.361111111111114,42.90277777777778,29.916666666666668,40.604166666666664,41.4375,26.756944444444443,14.1,0.0,4.9006944444444445,18.2,0.4,3.2583333333333333,0.65,0.1284722222222225,219.26875,18.3125,-535.5347222222222,15284.743055555555,2123886.0,-243.38888888888889,-795417,66.14583333333333,74.85416666666667,64.69444444444444,34.09722222222222,35.520833333333336,29.07638888888889,37.78472222222222,23.01388888888889,21.993055555555557,-3.0,89.7,13.881944444444445,1.1305555555555555,57.31944444444444,33.486111111111114,33.104166666666664,33.09027777777778,32.90277777777778,88.47430555555555,0.9027777777777778,50.0,399.0486111111111,398.51666666666665,396.0486111111111,85.29583333333333,95.80208333333333,90.30347222222223,804.8,-47.6,31.96527777777778,0.3909722222222223,3.245138888888889,30.894444444444446,-33.172916666666666,1000.1,-610.1,17.897222222222222,94.90208333333334,821.8,0.0,30.928472222222222,-315.01180555555555,0.0,-1000.0,58.71041666666666,315.01180555555555,1000.0,0.0,58.71041666666666,31.78472222222222,264.1333333333333,T01,0.3,8.6,3.4881944444444444,0.21090277777777777,0.3,8.7,3.4854166666666666,0.2210416666666667,15.0,19.0,17.319444444444443,1004.0,1006.0,1004.6041666666666,47.0,100.0,77.49305555555556,0.0,0.0,0.0,0.0,66.42361111111111,66.54166666666667,404.52777777777777,,0
2016-04-28 00:00:00+00:00,1656.1,0.0,758.6930555555556,91.84930555555555,34.625,46.375,46.604166666666664,46.201388888888886,29.354166666666668,42.604166666666664,44.666666666666664,26.430555555555557,14.7,0.0,6.595138888888889,34.0,0.4,3.7409722222222226,0.8034722222222223,-5.6930555555555555,260.7159722222222,17.57638888888889,-544.2708333333334,18245.784722222223,2549020.0,-315.3125,-812949,65.95833333333333,74.46527777777777,64.375,35.361111111111114,35.56944444444444,28.520833333333332,38.270833333333336,22.98611111111111,21.270833333333332,-3.1,84.4,11.290277777777778,2.0208333333333335,63.46527777777778,34.736111111111114,34.34722222222222,34.354166666666664,34.375,106.19375,0.8076388888888889,49.99930555555555,399.6715277777778,398.8986111111111,397.1354166666667,111.63958333333333,119.41041666666666,114.09444444444443,1258.4,-52.1,33.02777777777778,0.8166666666666668,3.747916666666667,42.40347222222223,-33.83819444444444,1000.2,-1000.0,39.52013888888889,116.04791666666668,1288.4,0.0,44.175694444444446,-309.47083333333336,0.0,-1000.0,69.85347222222222,309.47083333333336,1000.0,0.0,69.85347222222222,33.59027777777778,271.4138888888889,T01,0.5,9.5,3.964583333333333,0.271875,0.4,9.5,3.9638888888888886,0.2733333333333333,15.0,18.0,16.09722222222222,1004.0,1006.0,1005.2708333333334,62.0,98.0,84.25,0.0,0.0,0.0,0.0,75.94444444444444,76.07638888888889,405.2361111111111,,0
2016-04-29 00:00:00+00:00,1780.0,0.0,1228.7159722222223,38.331944444444446,56.49305555555556,83.47222222222223,80.26388888888889,79.05555555555556,34.61805555555556,48.486111111111114,53.208333333333336,30.52777777777778,15.7,0.0,10.813194444444443,38.9,0.4,7.644444444444444,1.463888888888889,6.263194444444444,142.3736111111111,18.75,-195.09027777777777,174656.55555555556,25122450.0,-50.74305555555556,-3302960,73.63888888888889,86.39583333333333,82.00694444444444,38.59722222222222,39.388888888888886,28.006944444444443,41.21527777777778,30.72222222222222,20.583333333333332,-3.2,89.7,5.800694444444444,1.4625,84.63888888888889,38.9375,38.916666666666664,38.1875,36.145833333333336,1046.7875,0.9826388888888888,50.00138888888889,399.2604166666667,397.99791666666664,399.9263888888889,876.1034722222222,892.4965277777778,873.1409722222222,2106.2,-43.8,38.71527777777778,0.33819444444444446,7.46875,175.86874999999998,-137.62847222222223,999.9,-223.4,6.186111111111111,1047.1180555555557,2000.0,0.0,174.0076388888889,-653.5902777777778,0.0,-1000.0,84.69305555555555,567.8944444444445,1000.0,0.0,116.77916666666667,54.125,153.62083333333334,T01,0.6000000000000001,16.1,7.738194444444444,1.1947916666666667,0.5,16.0,7.79236111111111,1.2078472222222223,14.0,21.0,17.54861111111111,1004.0,1008.0,1005.9652777777778,60.0,90.0,76.46527777777777,0.0,0.0,0.0,0.0,151.63888888888889,152.65972222222223,405.93055555555554,,0
2016-04-30 00:00:00+00:00,1711.2,0.0,1046.1791666666666,111.78611111111111,45.666666666666664,57.826388888888886,57.84027777777778,57.4375,31.54861111111111,45.888888888888886,49.291666666666664,29.243055555555557,15.2,0.0,9.233333333333333,24.7,0.4,4.793055555555556,0.9236111111111112,1.0895833333333333,178.89652777777778,19.97222222222222,-532.9305555555555,40600.59722222222,5769740.0,-439.68055555555554,-1763080,61.25,74.70138888888889,70.95833333333333,38.236111111111114,39.69444444444444,30.819444444444443,42.083333333333336,27.625,23.458333333333332,-3.1,84.8,5.882638888888889,2.6715277777777775,82.96527777777777,37.65277777777778,37.30555555555556,37.25,37.513888888888886,240.3694444444444,0.7854166666666668,50.0,399.1298611111111,397.9604166666667,396.7409722222222,223.76319444444445,240.5993055555556,228.1930555555556,2100.5,-50.0,38.05555555555556,1.0069444444444444,4.745833333333334,74.55486111111111,-73.42986111111111,1000.6,-964.2,38.18541666666667,251.12083333333334,2000.0,0.0,76.3125,-487.8222222222222,0.0,-1000.0,105.55277777777778,484.00763888888895,1000.0,0.0,110.26666666666667,39.6875,180.30208333333334,T01,0.0,13.4,5.297916666666667,0.3984722222222222,0.0,13.4,5.321527777777778,0.403125,16.0,22.0,18.666666666666668,1008.0,1012.0,1010.1319444444445,53.0,85.0,70.28472222222223,0.0,0.0,0.0,0.0,102.73611111111111,103.1875,410.09722222222223,,0
2016-05-01 00:00:00+00:00,1762.4,0.0,1364.6888888888889,64.56458333333333,56.84722222222222,77.97222222222223,76.04861111111111,75.01388888888889,34.076388888888886,49.895833333333336,54.99305555555556,30.694444444444443,15.6,0.0,12.0625,38.8,0.4,7.359027777777778,1.4055555555555557,2.715972222222222,111.98958333333333,19.694444444444443,-133.66666666666666,137916.83333333334,19840776.0,-53.875,-3288876,70.61111111111111,83.44444444444444,78.15972222222223,39.520833333333336,40.229166666666664,30.11111111111111,42.173611111111114,31.15277777777778,22.40972222222222,-3.1,89.7,2.0083333333333333,1.4520833333333334,90.28472222222223,39.71527777777778,39.479166666666664,38.97222222222222,37.75,826.661111111111,0.9361111111111112,50.00208333333333,399.40486111111113,397.66597222222225,399.2638888888889,695.1701388888889,718.4236111111111,692.9770833333333,2104.6,-49.6,39.53472222222222,0.5708333333333333,7.245833333333334,177.88680555555555,-137.04652777777778,979.3,-219.2,9.74861111111111,828.2486111111111,2000.0,0.0,177.73611111111111,-763.23125,0.0,-1000.0,75.10763888888889,717.3319444444445,1000.0,0.0,102.13749999999999,47.416666666666664,124.27638888888889,T01,1.0,14.8,7.947916666666667,0.7170138888888888,1.2,14.9,8.009027777777778,0.7348611111111112,15.0,22.0,18.52777777777778,1011.0,1013.0,1011.7222222222222,56.0,87.0,71.47916666666667,0.0,0.0,0.0,0.0,155.9375,157.08333333333334,411.6875,,0
2016-05-02 00:00:00+00:00,1813.2,1229.9,1658.6965277777776,31.498611111111114,72.49305555555556,123.25,116.75694444444444,115.00694444444444,47.708333333333336,53.15972222222222,60.9375,34.68055555555556,16.1,10.9,14.694444444444445,41.1,0.5,11.98125,2.433333333333333,-0.2708333333333334,103.6263888888889,19.02777777777778,0.0,295973.27777777775,42620152.0,0.0,-4961002,79.34027777777777,99.22916666666667,104.72222222222223,43.986111111111114,45.31944444444444,29.916666666666668,46.77777777777778,37.923611111111114,21.72222222222222,-3.0,17.8,3.5576388888888886,2.773611111111111,117.28472222222223,44.979166666666664,45.201388888888886,43.798611111111114,40.583333333333336,1775.8409722222223,0.9972222222222222,50.0,399.32222222222225,397.61527777777775,402.4201388888889,1484.38125,1498.5472222222222,1467.6055555555556,2110.1,110.8,47.78472222222222,0.2652777777777778,11.627777777777778,156.9090277777778,-206.70833333333334,-119.4,-226.4,2.9409722222222223,1772.2631944444445,2000.0,108.1,155.1361111111111,-714.6944444444445,-529.6,-1000.0,109.58055555555556,554.5354166666667,1000.0,406.1,115.1277777777778,58.423611111111114,103.9,T01,4.5,20.2,12.573611111111111,1.9697916666666666,4.5,20.6,12.629861111111111,2.0175694444444447,15.0,21.0,17.90277777777778,1008.0,1013.0,1009.4583333333334,33.0,82.0,56.56944444444444,0.0,0.0,0.0,0.0,248.54166666666666,249.75,409.4513888888889,,0
2016-05-03 00:00:00+00:00,1828.5,0.0,1646.611111111111,33.71805555555555,73.25,132.18055555555554,125.15972222222223,123.26388888888889,50.763888888888886,52.854166666666664,61.208333333333336,36.861111111111114,16.0,0.0,14.589583333333334,44.2,0.5,13.597916666666666,2.5562500000000004,0.37152777777777773,110.91874999999999,20.40277777777778,-78.83333333333333,313156.05555555556,45083119.0,-47.30555555555556,-4966299,86.0,108.77083333333333,116.59027777777777,44.916666666666664,47.09722222222222,30.381944444444443,48.361111111111114,40.69444444444444,22.708333333333332,-2.5,89.7,7.949999999999999,2.8430555555555554,121.10416666666667,45.90972222222222,46.05555555555556,44.69444444444444,41.395833333333336,1878.4048611111111,0.9979166666666666,49.99930555555555,399.3333333333333,397.58958333333334,402.6277777777778,1569.4423611111113,1582.7784722222223,1552.9583333333333,2110.8,-47.1,49.88194444444444,0.2833333333333333,13.120138888888889,81.72430555555555,-206.93263888888887,9.5,-232.7,3.853472222222222,1913.8277777777778,2000.0,467.4,72.4361111111111,-643.9145833333333,0.0,-1000.0,66.07777777777778,469.0541666666667,1000.0,0.0,60.46875,60.020833333333336,110.55625,T01,6.1,23.0,13.70625,1.952361111111111,5.8,23.3,13.777083333333334,1.992361111111111,16.0,24.0,19.333333333333332,1006.0,1010.0,1007.6388888888889,19.0,62.0,34.93055555555556,0.0,0.0,0.0,0.0,271.375,272.77777777777777,407.5763888888889,,0
2016-05-04 00:00:00+00:00,1801.7,1223.9,1645.5090277777776,35.25486111111111,64.81944444444444,116.79166666666667,111.15972222222223,109.54166666666667,46.75,52.65277777777778,60.40972222222222,35.5,15.8,10.8,14.57638888888889,40.1,0.4,11.165972222222223,2.1534722222222222,-1.1159722222222221,121.42222222222222,20.645833333333332,0.0,269529.68055555556,38812275.0,0.0,-4899191,79.22916666666667,100.11111111111111,105.67361111111111,43.81944444444444,45.125,30.73611111111111,46.18055555555556,38.30555555555556,22.51388888888889,-3.1,17.9,2.0,1.8604166666666666,113.67361111111111,44.63194444444444,44.770833333333336,43.520833333333336,40.72222222222222,1617.1944444444443,0.995138888888889,49.99722222222223,399.24583333333334,397.72013888888887,402.2013888888889,1354.9104166666666,1367.8444444444444,1337.4319444444445,2107.8,1.4,46.354166666666664,0.3020833333333333,10.8625,180.37152777777777,-204.13402777777776,-6.9,-229.5,4.393750000000001,1613.7243055555555,2000.0,0.8,177.81597222222223,-790.9437499999999,-3.8,-1000.0,98.92222222222222,646.9916666666667,1000.0,3.8,113.29236111111112,56.59722222222222,122.5423611111111,T01,1.0,21.7,11.17361111111111,2.482361111111111,1.0,21.4,11.249305555555557,2.50125,17.0,22.0,19.59027777777778,1005.0,1008.0,1007.1041666666666,31.0,63.0,44.28472222222222,0.0,0.0,0.0,0.0,220.54166666666666,221.91666666666666,407.05555555555554,,0
2016-05-05 00:00:00+00:00,1772.3,93.5,1526.9951388888887,56.34166666666667,53.708333333333336,91.07638888888889,88.29166666666667,87.20138888888889,37.25,52.18055555555556,57.861111111111114,31.84027777777778,15.6,0.0,13.525694444444445,45.8,0.4,8.252083333333333,1.6118055555555555,-1.107638888888889,140.19166666666666,19.25,-72.875,169336.15972222222,24373913.0,-40.416666666666664,-3285644,67.11111111111111,84.89583333333333,87.375,40.63194444444444,42.31944444444444,29.916666666666668,43.958333333333336,33.298611111111114,21.96527777777778,-3.0,72.3,-0.6979166666666666,1.136111111111111,102.95138888888889,41.13194444444444,41.0,40.263888888888886,38.69444444444444,1015.5083333333334,0.9409722222222222,50.0,399.7583333333333,398.21805555555557,400.7784722222222,864.1312499999999,882.2534722222222,853.8027777777778,2108.2,-51.7,42.09722222222222,0.5013888888888889,8.14375,198.4576388888889,-136.91180555555556,1002.5,-435.8,22.106250000000003,1015.2368055555556,2000.0,0.0,196.81736111111113,-843.8229166666666,0.0,-1000.0,105.08611111111111,773.4520833333333,1000.0,0.0,128.52430555555554,49.27777777777778,141.30624999999998,T01,1.2,18.5,8.255555555555555,1.7399305555555555,1.3,18.6,8.134027777777778,1.8649305555555555,17.0,20.0,18.083333333333332,1003.0,1007.0,1004.1041666666666,44.0,91.0,69.34027777777777,0.0,1.0,0.006944444444444444,0.0,162.03472222222223,159.61805555555554,404.0486111111111,,0
2016-05-06 00:00:00+00:00,1702.4,0.0,1286.4631944444445,102.04374999999999,47.041666666666664,60.09027777777778,60.15277777777778,59.5625,28.895833333333332,48.048611111111114,51.888888888888886,27.20138888888889,15.1,0.0,11.3875,52.5,0.4,5.666666666666667,1.2270833333333335,1.2604166666666667,242.73958333333334,18.15972222222222,-248.60416666666666,60155.26388888889,8626557.0,-192.89583333333334,-2388514,65.22222222222223,77.03472222222223,70.16666666666667,38.77777777777778,39.09722222222222,28.11111111111111,42.00694444444444,26.125,20.458333333333332,-3.2,89.7,1.2243055555555555,1.7527777777777778,91.49305555555556,38.520833333333336,38.173611111111114,37.96527777777778,37.833333333333336,359.35555555555555,0.8576388888888888,50.0,399.46736111111113,397.89652777777775,397.3076388888889,312.18333333333334,337.88472222222225,319.43888888888887,1920.1,-50.8,37.958333333333336,0.90625,5.618055555555555,134.13819444444445,-99.50069444444445,1000.6,-999.8,23.640972222222224,364.2944444444445,1968.8,0.0,134.66111111111113,-712.7131944444444,0.0,-1000.0,122.91458333333334,712.0854166666667,1000.0,0.0,123.68402777777777,36.36805555555556,241.48263888888889,T01,1.2,13.1,6.343055555555555,0.7295138888888889,1.2,13.5,6.317361111111111,0.8003472222222222,15.0,19.0,16.875,1003.0,1005.0,1003.8472222222222,63.0,97.0,85.61805555555556,0.0,38.0,0.7083333333333334,0.0,123.625,123.18055555555556,403.80555555555554,,0
2016-05-07 00:00:00+00:00,1661.3,0.0,974.5819444444444,115.69166666666666,37.15972222222222,50.28472222222222,50.763888888888886,50.38194444444444,29.02777777777778,43.3125,46.701388888888886,26.38888888888889,14.7,0.0,8.580555555555556,32.4,0.4,4.035416666666666,1.05625,2.13125,232.6784722222222,17.21527777777778,-489.13194444444446,17121.29861111111,2395030.0,-397.80555555555554,-1220677,66.875,75.83333333333333,65.54861111111111,37.541666666666664,36.61805555555556,27.395833333333332,39.375,23.59027777777778,20.15277777777778,-3.1,89.7,6.7243055555555555,3.0416666666666665,73.52777777777777,36.88194444444444,36.479166666666664,36.40277777777778,36.61805555555556,99.79305555555555,0.7652777777777778,50.0,399.87708333333336,398.47569444444446,396.74375,105.16319444444444,121.63402777777777,109.82847222222222,1164.4,-52.3,34.81944444444444,1.0430555555555554,4.077083333333333,68.0326388888889,-50.77361111111111,1001.2,-999.2,41.131249999999994,110.3763888888889,1172.1,0.0,69.13333333333334,-390.71458333333334,0.0,-1000.0,194.81041666666667,390.71458333333334,1000.0,0.0,194.81041666666667,32.34027777777778,233.04305555555553,T01,0.9,11.3,5.360416666666667,0.51625,0.7000000000000001,11.6,5.297916666666667,0.6915277777777777,13.0,18.0,15.868055555555555,998.0,1005.0,1001.2638888888889,66.0,99.0,84.91666666666667,0.0,4.0,0.18055555555555555,0.0,104.05555555555556,102.77777777777777,401.21527777777777,,0
2016-05-08 00:00:00+00:00,1807.7,1180.9,1558.9833333333333,75.67152777777778,57.826388888888886,90.98611111111111,87.875,86.50694444444444,36.99305555555556,53.72222222222222,58.791666666666664,29.79861111111111,15.9,10.5,13.81111111111111,44.8,0.5,8.95,2.2041666666666666,-0.1590277777777777,196.25694444444446,17.0625,0.0,190461.40972222222,27426443.0,0.0,-4419321,70.0,85.99305555555556,84.25,40.65277777777778,41.56944444444444,26.819444444444443,43.958333333333336,31.15277777777778,18.75,-3.2,17.7,-0.04305555555555564,1.4500000000000002,104.42361111111111,41.22222222222222,41.173611111111114,40.31944444444444,38.4375,1142.7923611111112,0.9645833333333333,49.99930555555555,399.40416666666664,397.2368055555555,399.4326388888889,956.4548611111111,988.5256944444445,959.0729166666666,2111.4,-51.3,42.61805555555556,0.6583333333333333,8.950694444444444,272.90208333333334,-184.13125000000002,1.4,-226.5,8.067361111111111,1140.9562500000002,2000.0,0.0,271.89652777777775,-886.8944444444445,0.0,-1000.0,95.22708333333334,817.4437499999999,1000.0,0.0,120.52083333333333,55.86805555555556,196.4138888888889,T01,3.5,22.2,10.708333333333334,2.8052777777777775,2.7,22.1,9.919444444444444,3.730208333333333,14.0,17.0,15.76388888888889,991.0,998.0,994.2569444444445,73.0,98.0,86.26388888888889,0.0,27.0,0.9027777777777778,0.0,211.24305555555554,195.38194444444446,394.2013888888889,,0
2016-05-09 00:00:00+00:00,1781.9,0.0,1419.8951388888888,87.18333333333334,45.604166666666664,74.40277777777777,72.79861111111111,71.84722222222223,30.84027777777778,52.09027777777778,56.263888888888886,27.868055555555557,15.7,0.0,12.575694444444444,40.8,0.4,7.276388888888889,1.8284722222222223,1.5256944444444445,209.20347222222222,16.444444444444443,-141.77777777777777,125265.81944444444,18017862.0,-111.59722222222223,-3771867,61.9375,76.47222222222223,74.15972222222223,39.361111111111114,40.076388888888886,26.680555555555557,42.68055555555556,27.63888888888889,18.77777777777778,-3.2,89.7,0.4006944444444444,1.1125,98.08333333333333,39.520833333333336,39.354166666666664,38.90277777777778,37.90277777777778,750.7506944444444,0.9368055555555556,49.99861111111111,398.8465277777778,397.29097222222225,398.0083333333333,635.3673611111111,660.8895833333333,638.1381944444444,2106.4,-50.0,40.0625,0.7708333333333334,7.279166666666667,249.44375000000002,-157.15694444444443,84.1,-232.9,7.702777777777778,761.6763888888888,2000.0,0.0,254.59444444444443,-889.9388888888889,0.0,-1000.0,88.3125,860.3409722222223,1000.0,0.0,111.14305555555556,50.013888888888886,207.6875,T01,2.3,18.2,9.193750000000001,1.7699305555555556,1.8,17.8,8.824305555555556,2.439166666666667,13.0,18.0,15.194444444444445,995.0,1002.0,998.0,63.0,98.0,84.30555555555556,0.0,8.0,0.8402777777777778,0.0,180.77083333333334,173.52777777777777,397.9236111111111,,0
2016-05-10 00:00:00+00:00,1762.3,0.0,1349.4395833333333,78.0326388888889,48.958333333333336,65.47222222222223,64.97222222222223,64.23611111111111,27.88888888888889,49.333333333333336,53.395833333333336,27.256944444444443,15.5,0.0,11.947222222222223,39.4,0.5,6.517361111111111,1.3173611111111112,-1.609722222222222,190.60555555555555,16.71527777777778,-96.97916666666667,85870.36805555556,12351369.0,-50.63194444444444,-3137371,65.82638888888889,77.70138888888889,71.09722222222223,39.298611111111114,38.895833333333336,26.36111111111111,41.833333333333336,25.72222222222222,18.583333333333332,-3.2,86.2,2.1833333333333336,1.1055555555555556,91.86805555555556,39.09722222222222,38.826388888888886,38.47222222222222,37.97222222222222,514.6534722222223,0.9222222222222223,50.0,398.96458333333334,397.43819444444443,397.37916666666666,438.4583333333333,464.2243055555556,444.0701388888889,2105.0,-51.5,38.361111111111114,0.6847222222222222,6.502083333333333,162.80555555555554,-130.71180555555554,1001.1,-494.0,12.446527777777778,533.3270833333333,2000.0,0.0,167.76180555555555,-873.0729166666666,0.0,-1000.0,79.76875000000001,863.4430555555556,1000.0,0.0,91.49513888888889,50.986111111111114,192.22430555555556,T01,2.0,16.9,7.6000000000000005,0.9740972222222223,1.4,17.0,7.5625,1.0504166666666666,13.0,18.0,15.541666666666666,997.0,1002.0,999.5277777777778,61.0,94.0,77.31944444444444,0.0,16.0,0.5902777777777778,0.0,148.90972222222223,148.22222222222223,399.4583333333333,,0
2016-05-11 00:00:00+00:00,1808.9,0.0,1415.9305555555557,81.91041666666666,49.71527777777778,72.83333333333333,71.46527777777777,70.52777777777777,30.020833333333332,51.451388888888886,55.63194444444444,26.395833333333332,16.0,0.0,12.540972222222223,41.0,0.4,6.924305555555556,1.6027777777777779,-2.7173611111111113,198.9611111111111,15.340277777777779,-105.75694444444444,115363.58333333333,16597127.0,-80.61805555555556,-3246682,70.89583333333333,83.15277777777777,75.65972222222223,37.63194444444444,38.19444444444444,24.92361111111111,40.736111111111114,26.28472222222222,16.90972222222222,-3.1,89.7,0.07569444444444441,1.6409722222222223,94.80555555555556,37.84722222222222,37.61805555555556,37.138888888888886,35.916666666666664,691.6805555555555,0.9034722222222222,49.99930555555555,398.87847222222223,397.34305555555557,397.9465277777778,585.7145833333333,610.870138888889,590.2652777777778,2109.2,-51.2,37.861111111111114,0.7256944444444444,6.954861111111111,207.13402777777776,-135.29305555555555,1001.1,-220.9,12.869444444444445,693.4611111111111,2000.0,0.0,206.52083333333334,-810.1395833333333,0.0,-1000.0,111.1548611111111,781.911111111111,1000.0,0.0,128.95694444444445,49.958333333333336,201.67430555555555,T01,0.7000000000000001,23.9,7.9319444444444445,2.0223611111111115,0.9,24.9,7.523611111111112,2.483402777777778,11.0,16.0,14.159722222222221,998.0,1004.0,1000.5486111111111,73.0,93.0,84.51388888888889,0.0,16.0,0.6597222222222222,0.0,155.59027777777777,147.375,400.4861111111111,,0
2016-05-12 00:00:00+00:00,1772.4,1203.8,1531.5930555555556,63.415277777777774,53.27777777777778,80.625,78.52777777777777,77.36805555555556,31.458333333333332,52.97222222222222,57.68055555555556,28.96527777777778,15.6,10.7,13.568750000000001,37.9,0.5,8.082638888888889,1.5569444444444445,-0.7256944444444444,262.2444444444444,16.944444444444443,-0.8541666666666666,153736.25,22137897.0,-0.6527777777777778,-3899198,58.55555555555556,74.6875,74.81944444444444,39.923611111111114,40.736111111111114,27.09722222222222,43.22222222222222,29.26388888888889,19.03472222222222,-3.1,11.1,-1.3034722222222224,0.7569444444444444,101.02777777777777,40.31944444444444,40.1875,39.55555555555556,38.22222222222222,922.4097222222222,0.9743055555555556,50.00069444444445,398.96666666666664,397.2784722222222,398.6020833333333,770.1152777777778,800.0541666666667,776.9868055555556,2105.1,-45.5,41.19444444444444,0.5555555555555556,7.98888888888889,205.28958333333333,-162.46041666666667,17.4,-220.0,6.989583333333333,921.4756944444445,2000.0,0.0,204.6263888888889,-935.6798611111111,0.0,-1000.0,60.30277777777778,893.5979166666667,1000.0,0.0,79.75833333333334,51.826388888888886,262.96805555555557,T01,2.4,19.7,8.431944444444445,1.2882638888888889,2.6,19.4,8.472916666666666,1.2927083333333333,14.0,18.0,15.743055555555555,1003.0,1007.0,1004.5833333333334,63.0,94.0,77.34722222222223,0.0,9.0,0.13194444444444445,0.0,165.59027777777777,166.36805555555554,404.5416666666667,,0
2016-05-13 00:00:00+00:00,1716.7,0.0,1420.1097222222222,65.62847222222223,45.888888888888886,68.625,67.73611111111111,66.79166666666667,27.8125,51.416666666666664,55.611111111111114,27.569444444444443,15.2,0.0,12.556944444444445,36.9,0.4,7.018750000000001,1.2875,0.8111111111111113,295.91041666666666,16.944444444444443,-93.78472222222223,108764.49305555556,15648582.0,-81.78472222222223,-3254267,61.27777777777778,74.90277777777777,71.11111111111111,39.31944444444444,39.673611111111114,27.333333333333332,42.388888888888886,26.868055555555557,19.46527777777778,-3.2,89.7,-0.16250000000000006,1.0833333333333333,94.41666666666667,39.4375,39.138888888888886,38.75,37.99305555555556,651.9805555555555,0.9437500000000001,50.0,398.94375,397.36319444444445,397.6611111111111,547.1118055555556,577.2465277777778,557.4666666666667,2099.3,-50.1,39.28472222222222,0.5854166666666667,6.921527777777778,154.0027777777778,-135.6236111111111,898.6,-827.6,12.252083333333333,655.3958333333334,2000.0,0.0,153.07638888888889,-908.1361111111112,0.0,-1000.0,38.702083333333334,898.3965277777778,1000.0,0.0,53.266666666666666,43.74305555555556,295.09444444444443,T01,1.2,13.4,7.307638888888889,0.6227083333333333,1.2,13.3,7.305555555555555,0.6241666666666666,12.0,18.0,15.57638888888889,1007.0,1012.0,1009.1111111111111,52.0,87.0,73.44444444444444,0.0,2.0,0.020833333333333332,0.0,142.99305555555554,143.0,409.0833333333333,,0
2016-05-14 00:00:00+00:00,1674.0,0.0,968.3499999999999,104.60694444444444,37.611111111111114,51.65972222222222,51.798611111111114,51.40972222222222,28.90277777777778,45.22222222222222,48.236111111111114,26.63888888888889,14.8,0.0,8.536805555555555,36.8,0.4,4.521527777777778,0.9368055555555556,-1.0020833333333334,298.71458333333334,17.36111111111111,-572.0069444444445,29597.479166666668,4179665.0,-477.27777777777777,-1419634,62.1875,72.59722222222223,65.19444444444444,37.263888888888886,37.375,28.333333333333332,40.05555555555556,24.229166666666668,21.07638888888889,-3.1,89.7,7.45763888888889,2.270138888888889,76.38888888888889,36.736111111111114,36.31944444444444,36.236111111111114,36.38194444444444,174.16944444444445,0.7847222222222222,50.00069444444445,399.85069444444446,398.68611111111113,397.05833333333334,163.9576388888889,180.18124999999998,169.99791666666667,1254.9,-50.4,35.791666666666664,0.9555555555555555,4.484027777777778,62.43055555555556,-59.05972222222223,1000.0,-781.3,30.282638888888886,185.03055555555554,1267.1,0.0,65.40277777777777,-452.01666666666665,0.0,-1000.0,79.96180555555556,452.01666666666665,1000.0,0.0,79.96180555555556,34.763888888888886,299.71875,T01,0.5,10.8,4.945138888888889,0.37104166666666666,0.5,10.9,4.927777777777778,0.3697916666666667,13.0,19.0,15.993055555555555,1011.0,1014.0,1012.5555555555555,44.0,91.0,74.63194444444444,0.0,0.0,0.0,0.0,95.80555555555556,95.20138888888889,412.5,,0
2016-05-15 00:00:00+00:00,1683.6,0.0,539.6104166666667,65.74930555555555,36.451388888888886,42.50694444444444,42.43055555555556,41.97222222222222,30.520833333333332,40.923611111111114,41.013888888888886,27.72222222222222,14.9,0.0,4.699999999999999,36.7,0.4,3.223611111111111,0.8215277777777779,-18.665972222222223,243.83055555555555,19.291666666666668,-548.6388888888889,22176.17361111111,3114367.0,-217.39583333333334,-958757,66.70833333333333,74.83333333333333,64.86805555555556,33.854166666666664,35.895833333333336,28.09722222222222,37.65972222222222,23.90277777777778,22.65277777777778,-3.0,89.7,14.939583333333335,1.6375000000000002,52.88194444444444,33.36805555555556,33.104166666666664,33.06944444444444,32.611111111111114,129.77430555555554,0.9284722222222221,50.0,400.0375,399.0847222222222,396.90694444444443,117.67083333333332,128.37847222222223,121.32291666666667,1353.3,-50.4,31.791666666666668,0.5791666666666667,3.211111111111111,44.86736111111111,-39.90763888888889,1000.6,-1000.1,13.859722222222222,136.48055555555555,1374.7,0.0,45.21527777777778,-292.47013888888887,0.0,-1000.0,44.87847222222222,292.47013888888887,1000.0,0.0,44.87847222222222,32.05555555555556,287.47291666666666,T01,0.0,11.0,3.1819444444444445,0.31527777777777777,0.0,11.2,3.176388888888889,0.3113194444444444,14.0,23.0,18.131944444444443,1011.0,1014.0,1012.0972222222222,51.0,93.0,73.19444444444444,0.0,0.0,0.0,0.0,60.31944444444444,60.145833333333336,412.03472222222223,,0
2016-05-16 00:00:00+00:00,1596.4,0.0,365.13125,89.7826388888889,34.388888888888886,38.0,38.13194444444444,37.826388888888886,33.861111111111114,39.770833333333336,40.38194444444444,29.92361111111111,14.2,0.0,3.035416666666667,19.9,0.4,2.682638888888889,0.6194444444444445,20.102083333333333,131.63194444444446,22.520833333333332,-785.8472222222222,3441.972222222222,382478.0,-509.6736111111111,-290779,69.29861111111111,76.69444444444444,66.59722222222223,34.708333333333336,36.56944444444444,32.9375,38.736111111111114,26.416666666666668,25.5625,-2.4,89.7,19.09722222222222,2.272222222222222,45.229166666666664,33.611111111111114,33.0625,33.15972222222222,34.041666666666664,15.941666666666666,0.8333333333333334,50.00069444444445,400.2736111111111,399.4423611111111,397.49652777777777,36.8125,39.74583333333333,39.074305555555554,612.7,-51.4,33.11805555555556,0.8277777777777778,2.6937499999999996,17.313194444444445,-12.086805555555555,1000.4,-1000.3,41.88472222222222,28.568055555555556,620.5,0.0,20.37152777777778,-87.24305555555556,0.0,-1000.0,54.330555555555556,87.24305555555556,1000.0,0.0,54.330555555555556,31.458333333333332,189.0215277777778,T01,0.0,7.8,3.0611111111111113,0.27402777777777776,0.0,7.4,3.0611111111111113,0.27402777777777776,17.0,26.0,21.618055555555557,1010.0,1013.0,1011.8472222222222,38.0,86.0,55.986111111111114,0.0,0.0,0.0,0.0,57.96527777777778,57.798611111111114,411.74305555555554,,0
2016-05-17 00:00:00+00:00,1783.9,50.9,1511.8451388888889,70.86388888888888,61.0,84.81944444444444,82.53472222222223,81.45138888888889,36.00694444444444,51.229166666666664,57.27777777777778,32.84722222222222,15.7,0.0,13.391666666666667,43.2,0.5,8.044444444444444,1.595138888888889,-0.7034722222222222,105.69999999999999,21.979166666666668,-51.583333333333336,157065.9375,22610068.0,-42.81944444444444,-3937139,76.79166666666667,89.57638888888889,83.59027777777777,41.00694444444444,42.65277777777778,31.694444444444443,44.55555555555556,34.15277777777778,24.270833333333332,-3.2,62.9,-0.6708333333333334,1.35,98.625,41.25,41.11805555555556,40.5,39.25,942.0020833333333,0.9340277777777778,49.99861111111111,398.82430555555555,397.43402777777777,399.5673611111111,796.78125,816.3645833333334,794.0006944444444,2109.4,-49.0,42.15277777777778,0.6298611111111111,7.873611111111111,217.16250000000002,-164.03750000000002,999.5,-760.1,14.350694444444445,942.0020833333333,2000.0,0.0,215.83194444444445,-861.0611111111111,0.0,-1000.0,95.22986111111112,809.0006944444444,1000.0,0.0,125.6590277777778,50.63194444444444,106.39166666666667,T01,1.8,16.4,9.056944444444445,0.896388888888889,1.9,16.5,9.109027777777778,0.9138888888888889,18.0,25.0,21.0,1005.0,1011.0,1007.5694444444445,31.0,56.0,43.375,0.0,0.0,0.0,0.0,178.13194444444446,179.06944444444446,407.50694444444446,,0
2016-05-18 00:00:00+00:00,1749.5,0.0,1149.5326388888889,101.03125,48.11805555555556,65.65277777777777,65.25694444444444,64.68055555555556,34.97222222222222,49.298611111111114,52.75694444444444,31.583333333333332,15.5,0.0,10.134722222222223,37.3,0.4,5.478472222222222,1.1305555555555555,0.06875000000000003,163.4138888888889,22.3125,-526.7569444444445,65084.625,9296334.0,-412.86805555555554,-2215604,58.44444444444444,73.4375,72.54166666666667,38.583333333333336,41.30555555555556,33.25,43.263888888888886,31.84722222222222,25.90277777777778,-3.2,89.7,4.432638888888889,2.3979166666666667,87.27777777777777,38.326388888888886,37.923611111111114,37.729166666666664,37.8125,387.2868055555556,0.8423611111111112,49.99861111111111,399.77986111111113,398.6645833333333,398.4284722222222,343.14374999999995,358.4090277777778,344.3347222222222,2103.0,-52.1,39.47222222222222,0.9243055555555555,5.413194444444445,115.09930555555555,-92.32430555555555,1000.6,-1000.0,33.015277777777776,396.99791666666664,2000.0,0.0,114.79513888888889,-591.1069444444444,0.0,-1000.0,116.00555555555555,579.3805555555556,1000.0,0.0,124.30763888888889,41.826388888888886,165.84375,T01,0.9,14.6,6.052777777777778,0.7298611111111111,0.7000000000000001,15.0,6.009722222222222,0.7515277777777778,18.0,26.0,21.03472222222222,1006.0,1011.0,1008.0416666666666,34.0,79.0,49.458333333333336,0.0,0.0,0.0,0.0,117.84722222222223,117.0,408.0138888888889,,0
2016-05-19 00:00:00+00:00,1605.5,0.0,552.2625,37.756249999999994,38.763888888888886,42.958333333333336,43.270833333333336,42.875,32.333333333333336,40.798611111111114,41.611111111111114,28.8125,14.2,0.0,4.707638888888889,20.9,0.4,3.086111111111111,0.5916666666666667,-11.972916666666668,249.10625000000002,21.15972222222222,-525.6111111111111,12082.652777777777,1664217.0,-209.02777777777777,-678522,64.91666666666667,73.52083333333333,65.14583333333333,34.94444444444444,36.30555555555556,31.79861111111111,38.63194444444444,25.72222222222222,24.819444444444443,-3.0,68.9,14.308333333333334,0.6590277777777778,55.80555555555556,34.125,33.583333333333336,33.604166666666664,34.020833333333336,69.3423611111111,0.8819444444444444,50.0,400.04375000000005,399.22013888888887,397.37291666666664,72.26666666666667,80.54305555555555,74.66319444444444,855.5,-49.1,33.298611111111114,0.3340277777777778,3.095833333333333,26.390972222222224,-28.322222222222223,1000.0,-788.6,19.425694444444446,73.93541666666667,874.0,0.0,25.436805555555555,-268.0222222222222,0.0,-1000.0,55.03333333333333,268.0222222222222,1000.0,0.0,55.03333333333333,31.854166666666668,288.59166666666664,T01,0.0,8.8,3.3291666666666666,0.15020833333333333,0.0,8.9,3.3152777777777778,0.15423611111111113,16.0,24.0,20.07638888888889,1009.0,1012.0,1010.3541666666666,44.0,99.0,72.83333333333333,0.0,0.0,0.0,0.0,63.19444444444444,62.888888888888886,410.3333333333333,,0
2016-05-20 00:00:00+00:00,1761.0,0.0,1192.6638655462184,54.71260504201681,54.79831932773109,71.24369747899159,69.63865546218487,68.72268907563026,33.714285714285715,47.78991596638655,52.294117647058826,31.941176470588236,15.6,0.0,10.470588235294118,38.0,0.4,6.594117647058824,1.218487394957983,-2.5983193277310925,131.4,22.596638655462186,-225.50420168067228,117598.49579831933,13967386.0,-88.91596638655462,-2194595,68.87394957983193,78.32773109243698,71.6470588235294,38.33613445378151,39.90756302521008,31.722689075630253,41.69747899159664,32.18487394957983,25.252100840336134,-3.2,90.0,6.807563025210084,1.1277310924369748,79.5798319327731,38.38655462184874,38.18487394957983,37.739495798319325,36.78151260504202,704.1991596638655,0.9436974789915966,49.99915966386554,399.18151260504203,397.9428571428571,399.31428571428575,595.4882352941177,609.9000000000001,591.1941176470589,2104.9,-50.5,37.739495798319325,0.47310924369747903,6.466386554621849,145.83361344537815,-110.61596638655462,1000.0,-394.0,9.463025210084032,706.4739495798319,2000.0,0.0,145.8294117647059,-678.4621848739496,0.0,-1000.0,55.700840336134455,649.9899159663865,1000.0,0.0,70.60672268907564,46.773109243697476,133.99831932773108,T01,0.3,14.6,5.832638888888889,0.6361805555555555,0.3,15.0,5.855555555555556,0.651875,17.0,26.0,21.42361111111111,1009.0,1011.0,1009.7083333333334,49.0,89.0,65.05555555555556,0.0,0.0,0.0,0.0,113.45138888888889,113.93055555555556,409.6736111111111,,0
2016-05-21 00:00:00+00:00,1792.4,0.0,1432.0111111111112,85.36736111111111,58.44444444444444,81.26388888888889,79.5,78.73611111111111,36.18055555555556,53.22222222222222,57.923611111111114,33.88194444444444,15.7,0.0,12.677083333333334,37.2,0.4,7.447916666666667,1.3527777777777779,-2.582638888888889,125.03611111111111,23.11111111111111,-240.61805555555554,127450.07638888889,18318160.0,-170.01388888888889,-3348553,64.23611111111111,79.55555555555556,78.52777777777777,40.06944444444444,43.03472222222222,32.451388888888886,44.52777777777778,35.40972222222222,25.145833333333332,-3.2,84.6,0.3465277777777777,1.3631944444444446,98.3125,40.201388888888886,40.020833333333336,39.486111111111114,38.763888888888886,763.2284722222222,0.9395833333333334,50.00069444444445,398.8576388888889,397.5152777777778,399.38472222222225,650.6312499999999,665.2340277777778,639.0993055555556,2104.1,-50.1,41.49305555555556,0.7527777777777778,7.254861111111111,165.64444444444445,-139.50902777777776,743.3,-278.8,9.093055555555557,766.2805555555556,2000.0,0.0,165.79375,-836.3694444444444,0.0,-1000.0,59.03125,802.3131944444444,1000.0,0.0,73.42638888888888,50.326388888888886,127.6222222222222,T01,0.7000000000000001,15.4,6.717361111111111,1.2783333333333333,0.8,15.6,6.770833333333333,1.2890972222222221,18.0,27.0,22.15972222222222,1007.0,1010.0,1008.0138888888889,36.0,68.0,50.84722222222222,0.0,0.0,0.0,0.0,131.13888888888889,132.20138888888889,408.0,,0
2016-05-22 00:00:00+00:00,1665.0,0.0,982.7923611111112,132.91875,45.979166666666664,52.97222222222222,53.09027777777778,52.68055555555556,33.673611111111114,45.458333333333336,48.59027777777778,29.194444444444443,14.7,0.0,8.606944444444444,23.2,0.4,4.484027777777778,0.9055555555555556,1.2534722222222223,285.1354166666667,20.819444444444443,-532.6944444444445,29710.13888888889,4201557.0,-365.1875,-1397045,63.541666666666664,74.17361111111111,66.60416666666667,37.1875,38.22222222222222,31.47222222222222,40.541666666666664,27.680555555555557,24.368055555555557,-3.2,89.7,6.8805555555555555,3.08125,72.46527777777777,36.56944444444444,36.138888888888886,36.138888888888886,36.34027777777778,175.02777777777777,0.8215277777777779,50.00208333333333,399.77777777777777,398.5986111111111,396.7590277777778,161.23611111111111,179.90555555555557,169.0638888888889,1123.5,-50.1,35.854166666666664,1.2125,4.428472222222222,70.82986111111111,-58.25277777777777,1000.0,-874.0,30.320833333333333,185.29444444444445,1152.7,0.0,73.28055555555555,-471.5888888888889,0.0,-1000.0,102.19652777777777,471.5888888888889,1000.0,0.0,102.19652777777777,38.0,288.8805555555556,T01,0.3,10.3,4.779861111111111,0.4627777777777778,0.3,10.2,4.768055555555556,0.4629861111111111,16.0,24.0,19.430555555555557,1009.0,1013.0,1010.9652777777778,48.0,97.0,79.45138888888889,0.0,0.0,0.0,0.0,92.48611111111111,92.11805555555556,410.94444444444446,,0
2016-05-23 00:00:00+00:00,1730.0,0.0,852.6187500000001,53.62222222222223,45.46527777777778,56.90972222222222,56.09722222222222,55.46527777777778,32.18055555555556,46.173611111111114,48.263888888888886,29.67361111111111,15.3,0.0,7.423611111111111,37.8,0.4,5.050694444444444,0.9777777777777779,17.06736111111111,155.26041666666666,21.48611111111111,-450.125,72608.73611111111,10390841.0,-225.38194444444446,-2012623,71.1875,81.20138888888889,71.81944444444444,35.94444444444444,37.388888888888886,30.75,39.5,28.75,23.40972222222222,-3.0,89.7,12.495138888888889,1.0493055555555555,65.51388888888889,35.576388888888886,35.3125,35.083333333333336,34.65277777777778,433.0625,0.9472222222222223,50.00138888888889,399.62083333333334,398.7215277777778,398.3347222222222,369.0729166666667,380.24652777777777,368.0833333333333,2100.8,-47.1,34.74305555555556,0.4826388888888889,4.969444444444445,109.17222222222222,-83.85486111111112,813.1,-260.7,5.633333333333334,436.6388888888889,2000.0,0.0,109.0326388888889,-510.0715277777778,0.0,-1000.0,15.061805555555557,501.6930555555556,1000.0,0.0,26.703472222222224,42.458333333333336,143.19930555555555,T01,0.0,13.4,5.331250000000001,0.6413194444444444,0.0,13.6,5.348611111111111,0.6457638888888888,15.0,25.0,20.416666666666668,1008.0,1013.0,1010.9652777777778,46.0,99.0,73.94444444444444,0.0,1.0,0.006944444444444444,0.0,103.40972222222223,103.79166666666667,410.9375,,0
2016-05-24 00:00:00+00:00,1705.4,0.0,1220.1041666666667,93.99791666666667,45.125,61.736111111111114,61.71527777777778,61.236111111111114,32.520833333333336,47.93055555555556,51.81944444444444,30.006944444444443,15.1,0.0,10.785416666666666,38.3,0.4,5.331250000000001,1.0277777777777777,-0.7534722222222223,198.14236111111111,21.04861111111111,-330.6875,48555.569444444445,6944383.0,-276.375,-2259613,62.736111111111114,75.18055555555556,68.84722222222223,38.75694444444444,40.673611111111114,32.048611111111114,43.236111111111114,29.25,24.79861111111111,-3.0,89.7,1.8611111111111112,2.1819444444444445,89.75694444444444,38.25,37.99305555555556,37.75,37.96527777777778,289.32708333333335,0.8368055555555556,50.0,399.09583333333336,397.7680555555555,397.03055555555557,261.53055555555557,281.95208333333335,265.5444444444445,2044.1,-51.7,39.111111111111114,0.8409722222222222,5.253472222222222,87.72430555555555,-94.20347222222222,1000.0,-972.1,31.082638888888887,295.84236111111113,2000.0,0.0,88.29861111111111,-687.1972222222222,0.0,-1000.0,134.50833333333333,684.3083333333333,1000.0,0.0,137.79652777777778,43.763888888888886,198.9034722222222,T01,0.3,12.7,5.652083333333334,0.5329166666666666,0.3,12.9,5.676388888888889,0.5363888888888888,17.0,24.0,19.72222222222222,1005.0,1009.0,1006.3402777777778,54.0,92.0,73.43055555555556,0.0,0.0,0.0,0.0,109.81944444444444,110.39583333333333,406.31944444444446,,0
2016-05-25 00:00:00+00:00,1678.0,35.3,1061.2590277777776,96.10069444444444,38.388888888888886,54.013888888888886,54.4375,53.97222222222222,31.319444444444443,45.3125,48.69444444444444,28.069444444444443,14.9,0.0,9.327083333333333,37.1,0.4,4.675694444444444,0.938888888888889,-2.551388888888889,276.5736111111111,19.583333333333332,-368.49305555555554,30803.680555555555,4382663.0,-274.2291666666667,-1632524,69.09722222222223,79.13888888888889,68.125,37.69444444444444,38.451388888888886,30.618055555555557,41.361111111111114,25.958333333333332,23.15972222222222,-3.1,71.2,4.788888888888889,2.196527777777778,79.86805555555556,37.0625,36.68055555555556,36.56944444444444,36.78472222222222,182.58333333333334,0.8284722222222223,49.99930555555555,398.99791666666664,397.8256944444445,396.0847222222222,168.80763888888887,189.0298611111111,177.78333333333333,1212.3,-51.4,36.59722222222222,0.901388888888889,4.593055555555555,68.31458333333333,-68.04166666666667,1000.7,-945.0,33.916666666666664,189.90833333333333,1227.8,0.0,69.0625,-547.325,0.0,-1000.0,138.98958333333334,547.325,1000.0,0.0,138.98958333333334,36.25694444444444,281.6333333333333,T01,1.0,10.1,5.144444444444444,0.4288888888888889,1.1,9.6,5.138194444444444,0.4263888888888889,16.0,21.0,18.21527777777778,1004.0,1007.0,1005.6388888888889,51.0,89.0,71.47222222222223,0.0,0.0,0.0,0.0,99.64583333333333,99.5,405.5833333333333,,0
2016-05-26 00:00:00+00:00,1665.3,54.7,788.8499999999999,69.26736111111111,36.0,48.298611111111114,48.576388888888886,48.201388888888886,29.944444444444443,43.44444444444444,45.55555555555556,27.70138888888889,14.8,0.0,6.699305555555556,36.7,0.4,4.031944444444445,0.8131944444444446,-7.030555555555555,285.90833333333336,19.444444444444443,-529.7013888888889,24507.854166666668,3452851.0,-324.84027777777777,-1230156,68.09027777777777,77.11805555555556,66.17361111111111,35.583333333333336,36.861111111111114,29.833333333333332,39.479166666666664,25.006944444444443,22.78472222222222,-3.0,59.1,10.695138888888888,1.042361111111111,67.17361111111111,34.90277777777778,34.458333333333336,34.47222222222222,34.604166666666664,143.89930555555554,0.8770833333333333,50.0,399.89444444444445,398.93333333333334,396.9215277777778,130.73819444444445,144.23055555555555,135.60972222222222,1146.5,-50.5,34.208333333333336,0.6583333333333333,3.990277777777778,67.77847222222222,-51.25833333333333,1000.4,-591.9,13.139583333333333,150.97777777777776,1158.9,0.0,68.00833333333334,-409.1076388888889,0.0,-1000.0,94.22847222222222,409.1076388888889,1000.0,0.0,94.22847222222222,33.9375,295.43958333333336,T01,1.3,10.7,4.618055555555555,0.42076388888888894,1.3,11.2,4.592361111111111,0.4215277777777778,16.0,21.0,18.45138888888889,1004.0,1007.0,1005.8541666666666,47.0,83.0,67.47222222222223,0.0,0.0,0.0,0.0,89.14583333333333,88.64583333333333,405.74305555555554,,0
2016-05-27 00:00:00+00:00,1654.4,0.0,719.8027777777778,47.74236111111111,34.861111111111114,46.041666666666664,46.25694444444444,45.923611111111114,30.881944444444443,41.80555555555556,43.833333333333336,28.22222222222222,14.7,0.0,6.295833333333333,38.1,0.4,3.6416666666666666,0.7083333333333334,17.01736111111111,236.2451388888889,20.13888888888889,-382.9166666666667,19980.51388888889,2822055.0,-161.54861111111111,-1079412,68.0,76.68055555555556,65.84027777777777,35.34722222222222,36.40972222222222,30.75,39.138888888888886,25.11111111111111,23.604166666666668,-3.0,84.6,10.98125,0.7298611111111111,62.041666666666664,34.736111111111114,34.263888888888886,34.24305555555556,34.354166666666664,117.58958333333334,0.8798611111111111,49.99930555555555,399.8777777777778,399.0486111111111,396.8236111111111,106.70833333333333,120.32499999999999,110.73472222222222,847.4,-50.0,33.763888888888886,0.4444444444444444,3.5791666666666666,46.830555555555556,-44.962500000000006,1000.3,-893.0,8.680555555555555,121.63958333333332,861.6,0.0,47.2625,-381.78194444444443,0.0,-1000.0,67.34166666666665,381.78194444444443,1000.0,0.0,67.34166666666665,32.833333333333336,201.73541666666665,T01,0.0,10.3,3.917361111111111,0.2995138888888889,0.0,10.6,3.913888888888889,0.30645833333333333,15.0,22.0,18.97222222222222,1006.0,1010.0,1008.3402777777778,44.0,83.0,67.4375,0.0,0.0,0.0,0.0,75.19444444444444,75.0,408.28472222222223,,0
2016-05-28 00:00:00+00:00,1825.5,0.0,1054.0916666666667,41.25902777777778,48.06944444444444,69.85416666666667,68.02083333333333,67.13888888888889,33.77777777777778,46.84027777777778,50.479166666666664,29.479166666666668,16.0,0.0,9.290972222222223,39.7,0.4,6.428472222222222,1.2638888888888888,-6.330555555555556,260.3972222222222,19.458333333333332,-364.56944444444446,118589.83333333333,17024438.0,-192.09027777777777,-2560638,71.38194444444444,83.15972222222223,76.31944444444444,37.458333333333336,38.604166666666664,29.625,40.74305555555556,28.97222222222222,21.96527777777778,-3.3,58.0,8.240972222222222,0.7944444444444445,77.24305555555556,37.388888888888886,37.15277777777778,36.708333333333336,35.729166666666664,709.3201388888889,0.9430555555555556,50.0,399.55833333333334,398.42083333333335,399.28541666666666,598.1375,611.5506944444445,597.9104166666667,2108.7,-48.7,37.30555555555556,0.3680555555555556,6.264583333333333,139.9875,-106.70902777777778,999.3,-259.3,7.06875,712.213888888889,2000.0,0.0,139.8513888888889,-554.1041666666666,0.0,-1000.0,49.511805555555554,506.6930555555556,1000.0,0.0,70.47361111111111,46.4375,274.2270833333333,T01,0.6000000000000001,18.0,6.939583333333333,0.8003472222222222,0.7000000000000001,18.1,6.958333333333333,0.8080555555555555,16.0,21.0,18.47222222222222,1009.0,1014.0,1011.2430555555555,55.0,91.0,77.43055555555556,0.0,1.0,0.013888888888888888,0.0,135.70138888888889,136.02083333333334,411.2013888888889,,0
2016-05-29 00:00:00+00:00,1689.6,0.0,910.0444444444444,76.03541666666666,42.22222222222222,52.513888888888886,52.40972222222222,52.013888888888886,30.22222222222222,47.083333333333336,48.84722222222222,27.944444444444443,14.9,0.0,7.859722222222222,36.6,0.4,4.636805555555556,0.9131944444444444,8.500694444444443,265.1534722222222,18.98611111111111,-473.2638888888889,40591.916666666664,5777085.0,-257.375,-1596321,63.19444444444444,73.97916666666667,66.90972222222223,36.145833333333336,37.78472222222222,29.36111111111111,40.31944444444444,25.895833333333332,22.13888888888889,-3.2,89.7,8.443750000000001,1.167361111111111,72.31944444444444,35.666666666666664,35.30555555555556,35.166666666666664,35.13194444444444,240.69930555555553,0.9236111111111112,50.0,399.6715277777778,398.3048611111111,396.8798611111111,207.29444444444445,225.88888888888889,214.08333333333334,2072.1,-50.0,35.47222222222222,0.6930555555555555,4.552083333333333,84.13194444444444,-66.50208333333333,1000.2,-1000.2,10.659027777777778,245.5055555555556,2000.0,0.0,85.06319444444445,-546.8062500000001,0.0,-1000.0,51.447916666666664,546.5548611111111,1000.0,0.0,51.94236111111111,43.513888888888886,296.6458333333333,T01,0.4,11.7,5.141666666666667,0.47131944444444446,0.4,11.9,5.127777777777777,0.47284722222222225,15.0,20.0,17.65972222222222,1013.0,1015.0,1013.5069444444445,43.0,86.0,69.35416666666667,0.0,0.0,0.0,0.0,99.70833333333333,99.36805555555556,413.4583333333333,,0
2016-05-30 00:00:00+00:00,1711.8,0.0,884.9673611111111,72.29444444444444,43.22222222222222,54.80555555555556,54.486111111111114,53.979166666666664,30.520833333333332,45.083333333333336,47.861111111111114,28.59722222222222,15.1,0.0,7.706250000000001,38.6,0.4,4.550000000000001,0.9944444444444446,-0.48888888888888904,267.99930555555557,19.756944444444443,-580.8472222222222,47217.631944444445,6715697.0,-356.11805555555554,-1654583,69.40277777777777,78.73611111111111,68.72222222222223,36.236111111111114,36.958333333333336,29.694444444444443,39.104166666666664,26.583333333333332,22.833333333333332,-3.1,84.9,9.609722222222222,1.3819444444444444,68.45138888888889,35.75,35.44444444444444,35.298611111111114,35.06944444444444,279.8152777777778,0.8680555555555556,50.00069444444445,399.85347222222225,398.4777777777778,398.0986111111111,249.54861111111111,261.4819444444445,249.52083333333334,2098.0,-51.9,34.22222222222222,0.6645833333333333,4.487500000000001,93.20694444444445,-68.94930555555555,991.5,-994.5,19.447222222222223,287.3666666666667,2000.0,0.0,93.74305555555556,-421.77430555555554,0.0,-1000.0,93.43472222222222,418.6222222222222,1000.0,0.0,99.25277777777778,42.763888888888886,275.99305555555554,T01,1.2,12.9,5.284722222222222,0.5979166666666667,1.0,12.4,5.230555555555556,0.5877777777777777,13.0,24.0,18.631944444444443,1009.0,1014.0,1010.5347222222222,39.0,85.0,64.49305555555556,0.0,0.0,0.0,0.0,102.47222222222223,101.29166666666667,410.5138888888889,,0
2016-05-31 00:00:00+00:00,1665.5,0.0,667.8812499999999,137.71527777777777,43.291666666666664,47.520833333333336,47.68055555555556,47.423611111111114,34.548611111111114,45.49305555555556,47.395833333333336,30.993055555555557,14.7,0.0,5.81875,18.7,0.4,3.640972222222222,0.775,5.876388888888889,172.80555555555554,22.96527777777778,-883.2430555555555,14737.430555555555,1995006.0,-773.3194444444445,-689101,62.80555555555556,72.72222222222223,65.54861111111111,37.02777777777778,38.75,32.71527777777778,40.80555555555556,28.743055555555557,25.708333333333332,-3.1,89.7,14.916666666666666,4.0256944444444445,60.520833333333336,36.166666666666664,35.75694444444444,35.854166666666664,36.56944444444444,83.14097222222222,0.757638888888889,50.00069444444445,400.12361111111113,399.0048611111111,397.40277777777777,97.6548611111111,105.69791666666667,101.49722222222222,1185.5,-52.2,36.125,1.2666666666666666,3.6180555555555554,31.926388888888887,-28.647222222222222,1000.6,-1000.1,51.44027777777777,101.33333333333333,1197.2,0.0,39.68888888888889,-264.4034722222222,0.0,-1000.0,64.25208333333333,264.4034722222222,1000.0,0.0,64.25208333333333,37.65972222222222,171.92847222222224,T01,0.0,12.6,4.024305555555555,0.39111111111111113,0.2,12.5,3.988194444444444,0.38625,16.0,28.0,21.61111111111111,1008.0,1011.0,1009.3958333333334,30.0,80.0,53.486111111111114,0.0,0.0,0.0,0.0,77.11805555555556,76.65277777777777,409.36805555555554,,0
2016-06-01 00:00:00+00:00,1764.2,80.3,1492.5680555555555,67.53402777777778,61.298611111111114,81.63194444444444,80.13888888888889,79.1875,35.65277777777778,51.61805555555556,57.423611111111114,33.69444444444444,15.5,0.0,13.22013888888889,39.5,0.4,7.566666666666666,1.4152777777777779,-2.0652777777777778,111.84930555555555,23.770833333333332,-75.90277777777777,130818.93055555556,18826994.0,-42.47222222222222,-3551527,72.13888888888889,85.40972222222223,79.65277777777777,40.638888888888886,43.36805555555556,32.77777777777778,45.06944444444444,35.40277777777778,25.645833333333332,-3.1,73.9,-1.2590277777777779,0.8798611111111111,98.9375,40.791666666666664,40.53472222222222,40.083333333333336,39.34722222222222,784.4277777777778,0.9472222222222223,49.99930555555555,399.12916666666666,397.6166666666667,399.41875000000005,661.0284722222223,685.0562500000001,660.2958333333333,2104.1,-50.0,41.986111111111114,0.5951388888888889,7.372916666666667,195.00416666666666,-147.98958333333334,956.5,-218.2,8.384027777777778,785.1131944444445,2000.0,0.0,194.79305555555555,-909.84375,0.0,-1000.0,60.83680555555556,881.2104166666667,1000.0,0.0,86.12708333333333,57.104166666666664,113.9173611111111,T01,1.5,14.8,8.131944444444445,0.7670138888888889,1.7000000000000002,14.9,8.211111111111112,0.7813888888888889,18.0,28.0,22.63888888888889,1006.0,1010.0,1008.3055555555555,28.0,69.0,43.15277777777778,0.0,0.0,0.0,0.0,159.55555555555554,161.15277777777777,408.28472222222223,,0
2016-06-02 00:00:00+00:00,1694.0,0.0,1246.8493055555555,88.35555555555555,47.02777777777778,65.63194444444444,65.38194444444444,64.95833333333333,34.708333333333336,52.138888888888886,55.27777777777778,33.03472222222222,15.0,0.0,11.010416666666666,21.3,0.4,5.75,1.063888888888889,-3.4583333333333335,146.98125,24.618055555555557,-354.8333333333333,58249.29861111111,8336802.0,-260.9861111111111,-2606449,57.22222222222222,71.56944444444444,68.375,38.38194444444444,42.229166666666664,33.666666666666664,43.90277777777778,33.576388888888886,26.375,-3.2,89.7,1.8243055555555554,1.0409722222222222,91.65972222222223,38.09027777777778,37.77777777777778,37.513888888888886,37.75694444444444,347.37083333333334,0.890277777777778,50.00069444444445,399.8201388888889,398.51458333333335,397.8277777777778,305.0465277777778,325.69375,304.3465277777778,1719.8,-49.9,39.520833333333336,0.788888888888889,5.631944444444445,109.85277777777777,-108.60486111111112,1000.1,-600.9,12.609722222222222,351.70000000000005,1728.2,0.0,110.3375,-787.5090277777778,0.0,-1000.0,72.41736111111112,787.3923611111111,1000.0,0.0,72.7798611111111,50.44444444444444,150.44097222222223,T01,1.2,12.3,6.319444444444445,0.630625,1.1,12.7,6.344444444444445,0.6438888888888888,20.0,29.0,23.59027777777778,1003.0,1007.0,1005.1041666666666,25.0,73.0,40.38194444444444,0.0,0.0,0.0,0.0,123.20833333333333,123.8125,405.0416666666667,,0
2016-06-03 00:00:00+00:00,1704.0,0.0,1255.0673611111113,114.64027777777778,41.083333333333336,60.77777777777778,60.43055555555556,59.90972222222222,31.930555555555557,49.201388888888886,52.791666666666664,29.15972222222222,15.0,0.0,11.097916666666666,36.7,0.4,5.856249999999999,1.1965277777777779,-3.477777777777778,240.24166666666667,19.96527777777778,-281.25694444444446,66654.07638888889,9557687.0,-244.25694444444446,-2324057,68.90277777777777,79.25,70.75694444444444,38.55555555555556,39.55555555555556,31.22222222222222,42.13194444444444,27.895833333333332,23.729166666666668,-3.2,63.8,2.05,1.7152777777777777,84.09722222222223,38.354166666666664,38.0,37.798611111111114,37.625,398.3076388888889,0.882638888888889,50.00069444444445,398.9770833333333,397.5111111111111,397.6965277777778,344.59513888888887,364.1743055555555,346.9298611111111,1844.9,-50.0,38.06944444444444,1.0340277777777778,5.738194444444444,139.9486111111111,-96.84861111111111,1000.2,-687.0,20.225694444444443,403.77152777777775,1869.7,0.0,142.08333333333334,-723.0645833333333,0.0,-1000.0,83.40555555555555,722.0611111111111,1000.0,0.0,85.71805555555555,44.041666666666664,243.7159722222222,T01,1.9,11.5,6.148611111111111,0.7351388888888889,1.6,11.9,6.126388888888889,0.7681944444444445,17.0,21.0,18.57638888888889,1004.0,1009.0,1006.4375,65.0,96.0,79.43055555555556,0.0,0.0,0.0,0.0,119.81944444444444,119.36805555555556,406.34722222222223,,0
2016-06-04 00:00:00+00:00,1689.0,0.0,1226.3229166666667,70.59097222222222,40.65972222222222,60.125,60.09027777777778,59.666666666666664,29.4375,48.451388888888886,52.041666666666664,28.541666666666668,14.9,0.0,10.84236111111111,35.7,0.4,5.496527777777778,1.051388888888889,-0.8583333333333333,294.6534722222222,19.368055555555557,-253.1875,51138.819444444445,7327527.0,-206.43055555555554,-2315009,72.31944444444444,82.81944444444444,71.5,38.583333333333336,40.013888888888886,30.07638888888889,42.80555555555556,27.09722222222222,22.569444444444443,-3.0,89.7,1.8208333333333333,0.9354166666666668,91.14583333333333,38.15972222222222,37.84722222222222,37.55555555555556,37.69444444444444,305.2243055555556,0.86875,50.0,399.6381944444445,398.31319444444443,397.9347222222222,268.71805555555557,287.7104166666667,267.9423611111111,1622.3,-50.8,38.61805555555556,0.6256944444444446,5.393750000000001,101.17569444444445,-96.43819444444445,828.0,-656.9,14.527083333333334,307.98541666666665,1658.4,0.0,101.12083333333334,-744.8888888888889,0.0,-1000.0,98.00347222222223,744.8763888888889,1000.0,0.0,98.08680555555556,40.791666666666664,295.5138888888889,T01,1.3,11.3,5.982638888888889,0.5363194444444445,1.3,11.3,5.975,0.5415277777777778,16.0,21.0,18.09027777777778,1007.0,1010.0,1008.4444444444445,56.0,91.0,74.66666666666667,0.0,0.0,0.0,0.0,116.49305555555556,116.3125,408.40972222222223,,0
2016-06-05 00:00:00+00:00,1669.9,0.0,594.5409722222222,46.556250000000006,35.208333333333336,45.15972222222222,45.22222222222222,44.798611111111114,31.229166666666668,43.423611111111114,43.333333333333336,28.97222222222222,14.8,0.0,5.109722222222222,21.8,0.4,3.3631944444444444,0.7638888888888888,-20.763194444444444,215.71249999999998,21.791666666666668,-547.1666666666666,22154.840277777777,3111506.0,-222.84027777777777,-967177,69.60416666666667,77.97916666666667,67.5,34.666666666666664,35.9375,31.48611111111111,38.27777777777778,26.17361111111111,24.805555555555557,-3.0,83.6,13.594444444444443,0.6756944444444444,55.888888888888886,33.93055555555556,33.541666666666664,33.576388888888886,33.65972222222222,129.6263888888889,0.9090277777777778,49.99930555555555,400.1638888888889,398.8284722222222,397.0798611111111,118.27291666666666,129.08680555555554,119.97291666666666,1267.5,-49.8,32.50694444444444,0.3826388888888889,3.3305555555555557,41.97569444444444,-40.30833333333333,617.2,-741.8,9.544444444444444,134.25347222222223,1277.7,0.0,41.68263888888889,-319.8229166666667,0.0,-1000.0,36.16458333333333,319.8229166666667,1000.0,0.0,36.16458333333333,34.791666666666664,253.99444444444447,T01,0.0,10.5,3.3854166666666665,0.2940277777777778,0.0,10.5,3.3784722222222223,0.29152777777777783,16.0,26.0,20.569444444444443,1007.0,1010.0,1008.0277777777778,46.0,100.0,76.84722222222223,0.0,1.0,0.006944444444444444,0.0,64.36111111111111,64.11805555555556,407.96527777777777,,0
2016-06-06 00:00:00+00:00,1587.8,0.0,653.9513888888889,108.275,38.451388888888886,47.5625,47.84027777777778,47.479166666666664,34.78472222222222,44.5625,46.145833333333336,30.8125,14.0,0.0,5.614583333333333,20.7,0.4,3.4055555555555554,0.7166666666666667,12.728472222222223,152.75833333333333,23.59027777777778,-755.4444444444445,12119.909722222223,1636488.0,-606.9097222222222,-719112,71.61111111111111,79.89583333333333,69.16666666666667,37.013888888888886,38.513888888888886,34.326388888888886,40.638888888888886,28.791666666666668,27.38888888888889,-2.9,89.7,13.193055555555555,2.8597222222222225,62.076388888888886,36.09722222222222,35.65277777777778,35.68055555555556,36.513888888888886,68.15277777777777,0.7784722222222222,50.00138888888889,400.15555555555557,399.0909722222222,397.5416666666667,76.67569444444445,84.31111111111112,79.35694444444444,735.0,-50.2,35.75694444444444,1.0097222222222222,3.39375,35.329861111111114,-29.94722222222222,1000.3,-923.9,32.486805555555556,79.95277777777778,743.1,0.0,37.41111111111111,-268.0777777777778,0.0,-1000.0,87.91319444444444,268.0777777777778,1000.0,0.0,87.91319444444444,35.770833333333336,210.02916666666667,T01,0.8,8.9,3.8131944444444446,0.31625,0.7000000000000001,8.9,3.8291666666666666,0.3169444444444445,16.0,28.0,22.59722222222222,1007.0,1010.0,1009.0555555555555,33.0,88.0,58.298611111111114,0.0,0.0,0.0,0.0,73.02777777777777,73.28472222222223,409.0138888888889,,0
2016-06-07 00:00:00+00:00,1819.5,0.0,1245.4305555555557,77.00555555555555,60.90277777777778,89.9375,87.04166666666667,85.90972222222223,41.00694444444444,51.52777777777778,56.72222222222222,35.59027777777778,15.9,0.0,11.008333333333333,38.0,0.4,9.471527777777778,1.6416666666666666,-1.338888888888889,98.91805555555555,25.32638888888889,-600.5208333333334,157255.47222222222,22558314.0,-426.46527777777777,-3262207,81.52777777777777,94.84027777777777,90.02083333333333,42.145833333333336,45.673611111111114,34.13194444444444,47.77777777777778,39.21527777777778,27.34027777777778,-3.1,89.7,13.769444444444444,2.8979166666666667,96.60416666666667,42.201388888888886,42.03472222222222,41.38194444444444,40.666666666666664,939.9840277777779,0.8951388888888889,50.00416666666667,399.82222222222225,398.34375,400.60625000000005,797.2020833333333,810.9083333333333,793.6381944444444,2106.6,-49.8,45.770833333333336,0.66875,9.339583333333334,100.95277777777778,-135.92708333333334,916.9,-836.5,13.59375,1169.8152777777777,2000.0,0.0,86.60486111111112,-577.9895833333334,0.0,-1000.0,67.44791666666667,506.68541666666664,1000.0,0.0,73.04652777777778,56.11805555555556,100.26944444444445,T01,1.9,18.6,9.752777777777778,0.933125,1.8,19.0,9.810416666666667,0.9553472222222221,21.0,28.0,24.3125,1008.0,1011.0,1009.625,32.0,50.0,40.861111111111114,0.0,0.0,0.0,0.0,192.09027777777777,193.20138888888889,409.59722222222223,,0
2016-06-08 00:00:00+00:00,1796.3,0.0,1591.1444444444444,59.611805555555556,72.75694444444444,106.05555555555556,102.375,100.88888888888889,44.326388888888886,52.8125,60.361111111111114,38.19444444444444,15.8,0.0,14.09513888888889,40.9,0.5,9.963194444444445,1.7645833333333334,-0.04444444444444443,106.76388888888889,26.125,-64.05555555555556,212102.84027777778,30533583.0,-41.986111111111114,-4140100,77.84027777777777,96.54861111111111,98.82638888888889,44.138888888888886,47.354166666666664,34.38194444444444,48.47222222222222,42.13194444444444,27.770833333333332,-3.2,89.7,1.8104166666666666,2.0347222222222223,108.04166666666667,44.583333333333336,44.5625,43.65972222222222,42.111111111111114,1272.2569444444443,0.9798611111111111,50.0,399.0493055555555,397.5236111111111,400.93958333333336,1064.0458333333333,1085.0868055555557,1060.6215277777778,2104.3,-48.6,47.173611111111114,0.5236111111111111,9.586805555555555,157.70416666666668,-172.50694444444446,12.6,-223.3,6.471527777777777,1285.951388888889,2000.0,0.0,149.27083333333334,-844.3569444444444,0.0,-1000.0,60.09444444444445,758.2958333333333,1000.0,0.0,77.96319444444445,68.05555555555556,106.81319444444445,T01,3.6,20.1,10.019444444444444,0.7630555555555555,3.8,20.1,10.086111111111112,0.7845833333333334,21.0,30.0,25.07638888888889,1007.0,1010.0,1008.7847222222222,31.0,74.0,51.8125,0.0,0.0,0.0,0.0,197.45138888888889,198.76388888888889,408.71527777777777,,0
2016-06-09 00:00:00+00:00,1632.1,0.0,818.45,148.82569444444445,51.013888888888886,54.229166666666664,54.451388888888886,54.11805555555556,39.548611111111114,47.40972222222222,49.65277777777778,33.84722222222222,14.5,0.0,7.16736111111111,21.3,0.4,3.796527777777778,0.8097222222222222,-3.5138888888888884,179.86111111111111,26.381944444444443,-1052.9375,13192.368055555555,1748078.0,-826.2083333333334,-963001,56.958333333333336,69.88194444444444,67.15972222222223,38.576388888888886,41.701388888888886,36.104166666666664,43.375,33.84722222222222,29.1875,-3.0,89.7,10.193055555555555,4.223611111111111,72.49305555555556,37.736111111111114,37.326388888888886,37.333333333333336,38.361111111111114,72.85208333333334,0.7180555555555556,49.99861111111111,400.05833333333334,398.93680555555557,397.22222222222223,100.91527777777777,110.85972222222222,104.53472222222223,878.0,-52.0,38.63194444444444,1.3583333333333334,3.745833333333333,41.28125,-40.22013888888889,1000.4,-1000.0,72.72986111111112,89.36597222222223,891.9,0.0,44.06736111111111,-288.98125000000005,0.0,-1000.0,119.79513888888889,288.98125000000005,1000.0,0.0,119.79513888888889,44.416666666666664,180.87569444444443,T01,0.0,8.4,3.8499999999999996,0.3490972222222222,0.0,8.5,3.842361111111111,0.3578472222222222,21.0,30.0,25.3125,1005.0,1008.0,1006.4166666666666,35.0,85.0,52.729166666666664,0.0,0.0,0.0,0.0,73.75,73.61111111111111,406.3611111111111,,0
2016-06-10 00:00:00+00:00,1695.0,47.3,1260.2965277777778,132.84305555555557,51.576388888888886,62.020833333333336,62.00694444444444,61.52777777777778,35.22222222222222,47.59027777777778,51.951388888888886,30.930555555555557,15.0,0.0,11.15763888888889,26.8,0.4,5.386805555555556,1.088888888888889,-0.688888888888889,267.62152777777777,22.493055555555557,-385.5138888888889,50913.694444444445,7276054.0,-307.47222222222223,-2054695,68.75694444444444,79.09027777777777,70.70138888888889,38.763888888888886,40.28472222222222,32.729166666666664,42.458333333333336,30.45138888888889,25.57638888888889,-3.1,86.3,1.5138888888888888,2.986111111111111,84.6875,38.5625,38.104166666666664,38.00694444444444,38.05555555555556,303.1652777777778,0.820138888888889,50.0,399.60069444444446,397.9777777777778,397.75,272.24375,293.8701388888889,277.8305555555555,1689.4,-51.8,38.013888888888886,1.1868055555555557,5.270833333333333,97.36666666666666,-85.66944444444444,1000.5,-810.5,37.70625,311.4138888888889,1708.0,0.0,98.34722222222223,-606.4715277777777,0.0,-1000.0,115.46041666666666,606.3777777777777,1000.0,0.0,115.85416666666667,47.451388888888886,268.31458333333336,T01,0.4,12.0,5.758333333333334,0.5897222222222223,0.4,11.7,5.763194444444444,0.6077083333333334,19.0,25.0,21.03472222222222,1005.0,1008.0,1006.3680555555555,53.0,93.0,78.34722222222223,0.0,0.0,0.0,0.0,111.90277777777777,112.11111111111111,406.2638888888889,,0
2016-06-11 00:00:00+00:00,1644.4,0.0,836.7722222222222,75.73680555555556,41.229166666666664,52.395833333333336,52.791666666666664,52.38194444444444,33.28472222222222,44.611111111111114,46.97222222222222,29.333333333333332,14.6,0.0,7.3493055555555555,26.7,0.4,3.9791666666666665,0.8500000000000001,6.282638888888888,268.3888888888889,21.27777777777778,-564.6041666666666,22502.1875,3159014.0,-401.77777777777777,-1162402,71.32638888888889,80.57638888888889,69.625,37.27777777777778,38.65972222222222,31.916666666666668,41.09722222222222,27.29861111111111,24.458333333333332,-3.0,89.7,8.947916666666666,1.7069444444444444,72.65277777777777,36.583333333333336,36.09722222222222,36.11805555555556,36.63194444444444,131.64375,0.8215277777777779,50.0,399.6798611111111,398.55625,396.87361111111113,127.66319444444444,141.45277777777778,131.56180555555557,917.7,-50.1,36.44444444444444,0.6937500000000001,3.929861111111111,53.57361111111111,-48.44652777777778,916.3,-684.3,24.910416666666666,139.4263888888889,927.6,0.0,54.97013888888889,-432.7388888888889,0.0,-1000.0,90.13611111111112,432.7388888888889,1000.0,0.0,90.13611111111112,43.59027777777778,269.5993055555556,T01,0.0,10.0,4.292361111111111,0.3857638888888889,0.0,10.2,4.28125,0.393125,16.0,23.0,19.916666666666668,1006.0,1009.0,1007.1527777777778,50.0,92.0,72.75,0.0,0.0,0.0,0.0,82.54166666666667,82.43055555555556,407.125,,0
2016-06-12 00:00:00+00:00,1665.5,0.0,633.3381944444444,66.16041666666666,39.625,49.13194444444444,49.15277777777778,48.78472222222222,33.40972222222222,43.03472222222222,44.53472222222222,30.57638888888889,14.8,0.0,5.256944444444445,24.1,0.4,3.41875,0.7069444444444444,3.7631944444444443,211.89097222222222,23.458333333333332,-603.6736111111111,15042.729166666666,2079224.0,-285.9375,-997665,70.36805555555556,78.60416666666667,67.92361111111111,35.138888888888886,37.111111111111114,33.486111111111114,39.270833333333336,28.59722222222222,26.805555555555557,-3.1,84.9,13.595833333333333,1.2479166666666666,56.666666666666664,34.21527777777778,33.888888888888886,33.875,34.34027777777778,86.65416666666667,0.8673611111111111,50.0,399.8576388888889,398.9243055555555,396.7104166666667,90.87777777777778,101.92847222222223,95.26736111111111,928.5,-50.6,33.65277777777778,0.65,3.3819444444444446,36.78194444444445,-41.611805555555556,1000.1,-1000.0,27.834027777777777,93.14027777777778,948.6,0.0,37.09305555555555,-303.04791666666665,0.0,-1000.0,70.93333333333334,303.04791666666665,1000.0,0.0,70.93333333333334,41.354166666666664,208.11874999999998,T01,0.2,9.8,3.4805555555555556,0.3157638888888889,0.0,9.8,3.428472222222222,0.3167361111111111,16.0,30.0,22.34027777777778,1008.0,1010.0,1008.7708333333334,36.0,100.0,73.75694444444444,0.0,1.0,0.006944444444444444,0.0,66.25694444444444,65.22916666666667,408.72222222222223,,0
2016-06-13 00:00:00+00:00,1695.0,0.0,698.9972222222223,48.03888888888889,44.673611111111114,52.833333333333336,52.59722222222222,52.083333333333336,36.93055555555556,46.611111111111114,47.88194444444444,34.25,15.0,0.0,6.093055555555555,24.0,0.4,4.058333333333334,0.7736111111111111,-0.8861111111111111,234.22083333333336,26.22222222222222,-519.8194444444445,41865.875,5953830.0,-273.8611111111111,-1443444,73.19444444444444,82.40277777777777,72.75694444444444,37.77777777777778,40.673611111111114,35.44444444444444,42.333333333333336,32.666666666666664,28.944444444444443,-3.3,81.8,12.223611111111111,0.6340277777777777,63.30555555555556,37.13194444444444,36.625,36.65277777777778,37.34027777777778,248.07986111111111,0.9104166666666667,50.0,399.65694444444443,398.68958333333336,397.14444444444445,213.6590277777778,228.85208333333333,219.70277777777778,1751.1,-50.0,37.65277777777778,0.4118055555555556,3.988888888888889,62.83958333333333,-60.138888888888886,735.9,-933.8,8.752083333333333,254.21041666666667,1790.9,0.0,63.821527777777774,-423.24930555555557,0.0,-1000.0,22.618055555555557,422.8611111111111,1000.0,0.0,24.49375,44.84722222222222,292.6125,T01,0.0,11.8,4.075694444444444,0.3950694444444445,0.0,11.8,4.078472222222222,0.39208333333333334,20.0,30.0,25.291666666666668,1006.0,1009.0,1007.7152777777778,43.0,77.0,59.93055555555556,0.0,0.0,0.0,0.0,78.34722222222223,78.21527777777777,407.6666666666667,,0
2016-06-14 00:00:00+00:00,1702.6,36.0,1312.5680555555555,103.29374999999999,51.05555555555556,67.01388888888889,66.77083333333333,66.29166666666667,36.666666666666664,51.354166666666664,55.59027777777778,33.763888888888886,15.1,0.0,11.602083333333333,35.3,0.4,5.884722222222222,1.0604166666666668,-0.05833333333333332,308.4291666666667,25.375,-254.39583333333334,62218.270833333336,8922799.0,-190.44444444444446,-2453816,58.59722222222222,72.15972222222223,68.5,38.93055555555556,42.125,34.604166666666664,43.71527777777778,34.951388888888886,27.53472222222222,-3.1,85.0,0.37361111111111106,1.9805555555555554,90.24305555555556,38.71527777777778,38.361111111111114,38.18055555555556,38.263888888888886,371.7895833333333,0.8888888888888888,50.0,399.2631944444445,397.77708333333334,397.4861111111111,320.9423611111111,346.43888888888887,327.2604166666667,1856.1,-52.0,39.361111111111114,0.9340277777777778,5.732638888888889,94.60277777777777,-102.22847222222222,1000.2,-901.2,20.663888888888888,376.97291666666666,1888.5,0.0,96.55833333333334,-770.05,0.0,-1000.0,72.44999999999999,769.79375,1000.0,0.0,73.24444444444445,53.03472222222222,313.4944444444444,T01,0.4,11.9,6.196527777777778,0.5253472222222223,0.3,11.9,6.153472222222223,0.5205555555555555,19.0,28.0,24.13888888888889,1004.0,1007.0,1005.5416666666666,24.0,77.0,56.3125,0.0,0.0,0.0,0.0,120.78472222222223,119.93055555555556,405.4236111111111,,0
2016-06-15 00:00:00+00:00,1785.6,181.5,1547.55625,47.52569444444444,57.291666666666664,88.4375,85.81944444444444,84.64583333333333,36.30555555555556,52.486111111111114,58.291666666666664,32.59722222222222,15.7,1.8,13.705555555555556,49.1,0.5,8.523611111111112,1.6777777777777778,-0.7819444444444446,301.8409722222222,21.069444444444443,-28.40277777777778,170143.86111111112,24496625.0,-15.104166666666666,-3888584,63.458333333333336,78.88888888888889,78.25694444444444,40.729166666666664,42.93055555555556,31.666666666666668,44.798611111111114,34.354166666666664,23.90277777777778,-3.2,60.1,-0.9881944444444445,0.8972222222222224,102.75,41.15972222222222,41.00694444444444,40.31944444444444,38.888888888888886,1020.5305555555556,0.9631944444444444,49.99930555555555,398.8152777777778,397.1784722222222,399.5993055555556,854.1722222222222,879.5180555555556,854.4715277777777,2107.6,-45.1,42.826388888888886,0.4222222222222223,8.206944444444444,201.9090277777778,-162.02430555555554,656.1,-220.4,6.322916666666667,1019.7555555555555,2000.0,0.0,200.51666666666668,-895.6694444444444,0.0,-1000.0,85.29236111111112,831.6541666666667,1000.0,0.0,114.46458333333334,57.96527777777778,302.63125,T01,2.8,15.6,8.712499999999999,0.9948611111111111,2.8,15.6,8.695833333333333,0.9897222222222223,18.0,22.0,19.84027777777778,1003.0,1005.0,1003.9444444444445,49.0,93.0,72.0,0.0,0.0,0.0,0.0,171.27083333333334,170.81944444444446,403.90277777777777,,0
2016-06-16 00:00:00+00:00,1709.8,177.0,1391.0569444444445,64.51666666666667,53.06944444444444,70.8125,69.96527777777777,69.21527777777777,30.63888888888889,50.8125,55.354166666666664,29.805555555555557,15.1,1.7000000000000002,12.31388888888889,37.0,0.4,6.881944444444445,1.3215277777777779,0.18749999999999994,298.5263888888889,19.479166666666668,-160.18055555555554,102940.59722222222,14800380.0,-126.27777777777777,-3107497,65.31944444444444,79.08333333333333,74.63194444444444,38.916666666666664,40.416666666666664,30.32638888888889,42.736111111111114,29.67361111111111,22.6875,-3.2,59.5,0.23680555555555552,0.4930555555555556,92.36805555555556,39.0,38.71527777777778,38.38194444444444,37.68055555555556,616.7611111111112,0.9298611111111111,50.0,399.2875,397.71180555555554,398.8381944444444,520.53125,545.098611111111,523.0881944444444,2091.7,-45.0,39.270833333333336,0.5673611111111111,6.720138888888889,159.99305555555554,-129.48402777777778,610.7,-269.0,8.195833333333333,618.8631944444445,2000.0,0.0,161.17430555555555,-854.6729166666667,0.0,-1000.0,38.37430555555555,849.6875,1000.0,0.0,49.52777777777778,52.15972222222222,298.33680555555554,T01,2.5,12.9,7.146527777777777,0.7234027777777778,2.4,12.9,7.136805555555556,0.7215972222222222,15.0,21.0,18.21527777777778,1004.0,1009.0,1006.6180555555555,47.0,80.0,66.88888888888889,0.0,0.0,0.0,0.0,139.80555555555554,139.63888888888889,406.55555555555554,,0
2016-06-17 00:00:00+00:00,1665.5,0.0,712.036111111111,106.87986111111111,41.076388888888886,47.88194444444444,47.94444444444444,47.576388888888886,32.78472222222222,43.9375,45.583333333333336,29.70138888888889,14.7,0.0,6.067361111111111,25.9,0.4,3.5888888888888886,0.8208333333333333,2.2909722222222224,293.73749999999995,21.618055555555557,-682.9305555555555,20300.04861111111,2824865.0,-396.74305555555554,-1136269,63.53472222222222,73.5,65.91666666666667,35.78472222222222,37.3125,31.166666666666668,39.458333333333336,27.5625,24.270833333333332,-3.1,89.7,12.168055555555556,2.365972222222222,61.875,35.013888888888886,34.61805555555556,34.625,35.020833333333336,117.72708333333334,0.8479166666666668,50.00069444444445,399.9125,398.75625,397.42569444444445,116.6590277777778,125.29027777777777,116.375,1361.0,-51.8,34.263888888888886,0.9923611111111111,3.5472222222222225,53.768055555555556,-47.3625,1000.4,-998.5,21.290277777777778,126.89791666666666,1384.6,0.0,55.46319444444444,-312.06388888888887,0.0,-1000.0,72.44652777777777,312.06388888888887,1000.0,0.0,72.44652777777777,39.22222222222222,308.9534722222222,T01,0.2,11.3,4.240972222222222,0.49916666666666665,0.2,11.6,4.194444444444445,0.4925,16.0,25.0,20.11111111111111,1008.0,1011.0,1009.2361111111111,38.0,81.0,59.708333333333336,0.0,0.0,0.0,0.0,81.54166666666667,80.77083333333333,409.22222222222223,,0
2016-06-18 00:00:00+00:00,1699.6,0.0,639.2830985915492,71.30140845070422,41.69718309859155,49.40845070422535,49.15492957746479,48.70422535211268,34.58450704225352,44.12676056338028,45.83802816901409,31.401408450704224,15.1,0.0,5.490140845070423,23.9,0.4,3.9457746478873235,0.8697183098591549,15.690140845070422,217.6161971830986,23.802816901408452,-664.1478873239437,34499.52112676056,4804625.0,-338.4507042253521,-1220435,70.52816901408451,79.36619718309859,69.82394366197182,36.19718309859155,38.225352112676056,32.95774647887324,40.014084507042256,29.732394366197184,26.239436619718308,-3.2,90.0,15.352112676056338,1.7140845070422535,58.23943661971831,35.5,35.098591549295776,35.183098591549296,35.443661971830984,202.91478873239438,0.897887323943662,50.0,400.05422535211267,398.9274647887324,397.66760563380285,184.20704225352114,194.9274647887324,187.5007042253521,1947.7,-52.2,35.105633802816904,0.6950704225352113,3.862676056338028,59.219014084507045,-51.609154929577464,1000.4,-999.9,22.447183098591548,213.07112676056337,1965.9,0.0,61.180281690140845,-294.70352112676056,0.0,-1000.0,53.465492957746484,291.92042253521123,1000.0,0.0,58.449999999999996,39.894366197183096,283.04366197183094,T01,0.3,13.1,4.449999999999999,0.47583333333333333,0.2,13.2,4.411111111111111,0.46513888888888894,18.0,30.0,22.65972222222222,1010.0,1014.0,1012.0625,22.0,71.0,46.03472222222222,0.0,0.0,0.0,0.0,85.8125,85.01388888888889,412.0,,0
2016-06-19 00:00:00+00:00,1777.8,0.0,1171.4125,69.97777777777777,54.6875,73.95138888888889,72.55555555555556,71.78472222222223,37.40277777777778,50.979166666666664,54.56944444444444,34.451388888888886,15.7,0.0,10.306944444444445,39.8,0.4,6.383333333333334,1.251388888888889,5.6513888888888895,100.36944444444445,24.71527777777778,-441.0,105838.40277777778,15177224.0,-313.19444444444446,-2690773,63.013888888888886,77.04861111111111,75.08333333333333,39.791666666666664,42.645833333333336,33.61805555555556,44.076388888888886,35.486111111111114,26.631944444444443,-3.2,89.7,4.895833333333333,1.2972222222222223,86.42361111111111,39.71527777777778,39.43055555555556,38.99305555555556,38.69444444444444,632.3763888888889,0.8868055555555556,49.99930555555555,399.8972222222222,398.18333333333334,399.1652777777778,543.2645833333333,561.9361111111111,538.7569444444445,2105.6,-51.9,40.75,0.6256944444444446,6.220138888888889,155.4090277777778,-112.13541666666667,1000.1,-741.6,22.070138888888888,636.9749999999999,2000.0,0.0,154.375,-653.6319444444445,0.0,-1000.0,71.6548611111111,621.1624999999999,1000.0,0.0,90.66736111111112,53.52777777777778,129.72569444444446,T01,1.0,15.2,6.709027777777778,0.6992361111111111,0.9,15.4,6.74375,0.7134027777777778,19.0,28.0,23.541666666666668,1013.0,1016.0,1014.5208333333334,36.0,69.0,50.520833333333336,0.0,0.0,0.0,0.0,130.99305555555554,131.75,414.5,,0
2016-06-20 00:00:00+00:00,1798.4,0.0,1298.1576388888889,60.645833333333336,54.923611111111114,75.85416666666667,74.34027777777777,73.43055555555556,36.958333333333336,49.63194444444444,54.68055555555556,33.52777777777778,15.8,0.0,11.471527777777778,37.2,0.4,7.140277777777778,1.3006944444444446,-0.6347222222222223,104.79722222222222,24.055555555555557,-258.8333333333333,119364.8125,17151262.0,-170.38194444444446,-2985661,70.28472222222223,82.73611111111111,77.6875,39.979166666666664,42.25,33.56944444444444,44.298611111111114,34.520833333333336,26.645833333333332,-3.1,45.2,3.3409722222222222,0.8201388888888889,87.61111111111111,39.96527777777778,39.708333333333336,39.27777777777778,38.729166666666664,714.6590277777777,0.9347222222222222,50.0,399.6743055555555,398.1715277777778,399.3826388888889,602.6902777777777,622.48125,602.536111111111,2104.9,-44.3,41.041666666666664,0.5423611111111112,6.936805555555555,145.24374999999998,-124.40555555555557,912.4,-377.7,8.311805555555555,718.254861111111,2000.0,0.0,146.22916666666666,-741.9486111111112,0.0,-1000.0,57.02708333333333,710.7576388888889,1000.0,0.0,69.03472222222223,55.111111111111114,105.43055555555556,T01,0.9,16.3,7.410416666666666,0.6072916666666667,0.8,16.3,7.470138888888889,0.6245138888888889,18.0,28.0,22.84027777777778,1010.0,1014.0,1011.9930555555555,32.0,82.0,54.21527777777778,0.0,0.0,0.0,0.0,145.05555555555554,146.20138888888889,411.9236111111111,,0
2016-06-21 00:00:00+00:00,1837.2,0.0,1614.5201388888888,50.33263888888889,72.90972222222223,114.4375,109.48611111111111,107.96527777777777,45.13194444444444,54.5,61.708333333333336,37.201388888888886,16.2,0.0,14.299305555555556,35.4,0.8,12.14375,2.247916666666667,0.23958333333333343,117.98750000000001,24.21527777777778,-64.4375,249883.72222222222,35973977.0,-43.604166666666664,-4760633,80.11805555555556,98.64583333333333,101.91666666666667,43.34722222222222,47.375,33.298611111111114,49.0,42.166666666666664,26.0625,-3.1,89.7,5.313194444444445,2.132638888888889,113.17361111111111,44.083333333333336,44.1875,43.076388888888886,41.013888888888886,1498.7930555555556,0.9916666666666667,49.99930555555555,399.6979166666667,398.03055555555557,402.46458333333334,1254.6930555555555,1270.5083333333334,1240.351388888889,2110.0,-49.8,48.708333333333336,0.4395833333333334,11.650694444444445,156.80833333333334,-198.35625,9.4,-227.4,4.612500000000001,1527.0673611111113,2000.0,94.4,144.60208333333333,-789.4368055555556,0.0,-1000.0,49.302083333333336,676.4256944444445,1000.0,0.0,66.85277777777777,62.84722222222222,117.75625000000001,T01,3.2,25.0,12.898611111111112,2.1915277777777775,3.4,25.6,12.977083333333333,2.242986111111111,20.0,27.0,23.0625,1007.0,1012.0,1009.3402777777778,30.0,70.0,42.388888888888886,0.0,0.0,0.0,0.0,255.02777777777777,256.59722222222223,409.28472222222223,,0
2016-06-22 00:00:00+00:00,1817.1,1213.8,1628.052777777778,36.80347222222222,75.78472222222223,119.6875,114.48611111111111,112.80555555555556,48.05555555555556,53.541666666666664,61.34722222222222,37.74305555555556,16.0,10.8,14.418750000000001,42.8,0.5,10.827777777777778,2.198611111111111,0.21249999999999994,118.17222222222222,24.3125,0.0,260520.90972222222,37515011.0,0.0,-4744820,84.20833333333333,103.9375,108.65277777777777,44.673611111111114,48.31944444444444,33.270833333333336,49.611111111111114,43.22222222222222,26.20138888888889,-3.0,16.3,1.4895833333333333,2.1354166666666665,115.84027777777777,45.4375,45.46527777777778,44.375,42.18055555555556,1563.03125,0.9888888888888889,50.00069444444445,399.67291666666665,397.84513888888887,402.28194444444443,1304.9972222222223,1324.5930555555556,1292.459027777778,2108.2,3.6,49.583333333333336,0.31666666666666665,10.458333333333334,187.55347222222224,-197.69930555555555,-36.3,-229.4,3.3583333333333334,1558.8555555555556,2000.0,0.0,185.21319444444444,-805.5583333333333,0.0,-1000.0,120.05347222222223,662.2881944444445,1000.0,0.0,134.50902777777776,60.53472222222222,117.96458333333334,T01,2.0,19.9,10.783333333333333,2.0908333333333333,2.0,20.3,10.851388888888888,2.1154166666666665,20.0,28.0,23.15972222222222,1006.0,1009.0,1007.5763888888889,40.0,70.0,51.65277777777778,0.0,0.0,0.0,0.0,212.71527777777777,214.14583333333334,407.5208333333333,,0
2016-06-23 00:00:00+00:00,1725.8,0.0,1467.507638888889,68.56736111111111,57.395833333333336,75.63888888888889,74.71527777777777,73.99305555555556,35.34722222222222,52.63194444444444,57.798611111111114,34.611111111111114,15.2,0.0,12.997222222222222,22.9,0.4,7.14513888888889,1.2131944444444445,-1.1534722222222222,124.58680555555556,25.243055555555557,-40.263888888888886,103507.20833333333,14899239.0,-27.79861111111111,-3375637,62.076388888888886,77.33333333333333,75.65972222222223,40.541666666666664,43.28472222222222,33.90277777777778,44.611111111111114,36.27777777777778,26.77777777777778,-3.2,89.7,-0.8715277777777779,0.7493055555555556,97.20833333333333,40.49305555555556,40.298611111111114,39.833333333333336,39.479166666666664,620.8625,0.9263888888888889,50.00069444444445,399.0965277777778,397.67291666666665,398.92083333333335,528.6555555555556,551.245138888889,526.95625,2103.5,-51.0,40.90277777777778,0.6048611111111112,6.893055555555556,150.6222222222222,-140.64930555555554,1.2,-219.5,7.831250000000001,633.9923611111111,2000.0,0.0,150.65208333333334,-907.0284722222223,0.0,-1000.0,71.35972222222222,899.08125,1000.0,0.0,78.60138888888889,47.979166666666664,125.74097222222223,T01,1.6,15.0,7.039583333333334,1.379027777777778,1.6,15.0,7.090277777777778,1.3879166666666667,20.0,31.0,24.07638888888889,1009.0,1012.0,1010.4791666666666,30.0,79.0,57.576388888888886,0.0,0.0,0.0,0.0,137.66666666666666,138.77777777777777,410.43055555555554,,0
2016-06-24 00:00:00+00:00,1671.3,0.0,1162.8270833333333,123.50902777777777,47.5,62.416666666666664,62.40972222222222,62.02777777777778,36.84027777777778,50.40277777777778,53.625,33.84027777777778,14.8,0.0,10.272916666666667,17.9,0.4,5.060416666666667,1.0027777777777778,0.22916666666666663,166.33541666666667,25.95138888888889,-565.2430555555555,37655.305555555555,5340973.0,-399.68055555555554,-1951812,56.80555555555556,70.11805555555556,66.99305555555556,40.0,43.388888888888886,35.638888888888886,45.34722222222222,34.173611111111114,28.38888888888889,-3.1,89.7,2.8722222222222222,2.8111111111111113,89.47222222222223,39.40972222222222,39.013888888888886,38.875,39.611111111111114,222.49374999999998,0.8444444444444446,50.0,399.28541666666666,398.12152777777777,396.64166666666665,202.89930555555554,224.26458333333332,208.85902777777778,1199.5,-52.0,40.99305555555556,1.1236111111111111,4.965277777777778,78.83819444444445,-81.29791666666667,1000.6,-1000.0,27.81875,232.71041666666667,1228.6,0.0,81.31666666666666,-641.7930555555555,0.0,-1000.0,118.13680555555555,641.7930555555555,1000.0,0.0,118.13680555555555,43.291666666666664,166.11041666666668,T01,0.2,10.8,5.535416666666666,0.5636805555555555,0.2,10.9,5.531944444444445,0.5743055555555556,20.0,33.0,24.729166666666668,1008.0,1011.0,1009.5347222222222,28.0,78.0,56.80555555555556,0.0,0.0,0.0,0.0,107.48611111111111,107.48611111111111,409.4791666666667,,0
2016-06-25 00:00:00+00:00,1667.7,0.0,669.3444444444444,62.641666666666666,40.604166666666664,48.361111111111114,48.40277777777778,47.979166666666664,36.1875,45.25694444444444,46.145833333333336,31.95138888888889,14.8,0.0,5.742361111111111,25.2,0.4,3.714583333333333,0.7173611111111111,10.169444444444444,236.57222222222222,24.28472222222222,-647.7361111111111,23877.770833333332,3345126.0,-351.2291666666667,-1020837,65.67361111111111,74.95833333333333,67.70833333333333,36.895833333333336,38.8125,34.59027777777778,40.75,30.1875,28.020833333333332,-3.1,69.4,12.662500000000001,1.1555555555555557,61.076388888888886,36.09722222222222,35.6875,35.6875,36.38194444444444,139.36319444444445,0.8930555555555555,49.99861111111111,399.98333333333335,399.0076388888889,396.9152777777778,125.93958333333333,138.63958333333332,131.48194444444445,1060.5,-50.2,35.770833333333336,0.58125,3.6430555555555557,38.827083333333334,-42.46041666666667,1000.0,-998.6,14.177777777777777,147.09583333333333,1077.1,0.0,40.49513888888889,-371.3152777777778,0.0,-1000.0,41.675694444444446,371.3152777777778,1000.0,0.0,41.675694444444446,37.354166666666664,238.92291666666668,T01,0.0,9.3,3.8125,0.2279861111111111,0.3,9.4,3.7819444444444446,0.23694444444444443,18.0,27.0,22.979166666666668,1006.0,1009.0,1007.3055555555555,35.0,96.0,64.48611111111111,0.0,0.0,0.0,0.0,72.89583333333333,72.34027777777777,407.2708333333333,,0
2016-06-26 00:00:00+00:00,1645.9,0.0,884.7840277777777,159.34375,39.47222222222222,51.15972222222222,51.5625,51.145833333333336,35.375,44.31944444444444,47.09027777777778,29.458333333333332,14.6,0.0,7.7645833333333325,39.3,0.4,3.9194444444444443,0.9770833333333334,0.37361111111111117,227.17013888888889,21.42361111111111,-739.5486111111111,15664.597222222223,2149209.0,-532.8125,-934540,70.6875,79.82638888888889,69.00694444444444,37.38194444444444,38.53472222222222,32.673611111111114,40.9375,27.319444444444443,25.618055555555557,-3.1,89.7,8.889583333333333,4.4743055555555555,69.60416666666667,36.65972222222222,36.19444444444444,36.229166666666664,36.81944444444444,89.54097222222222,0.7993055555555556,50.00138888888889,400.06388888888887,398.8201388888889,397.21736111111113,96.94027777777778,108.2173611111111,99.52569444444445,953.0,-51.9,36.25,1.4645833333333333,3.877083333333333,63.94166666666667,-38.98125,1000.6,-965.4,44.41597222222222,105.00555555555555,993.0,0.0,66.85486111111112,-338.65555555555557,0.0,-1000.0,169.52638888888887,338.65555555555557,1000.0,0.0,169.52638888888887,35.40972222222222,226.79722222222222,T01,0.8,9.9,4.686111111111111,0.5103472222222222,0.8,10.1,4.659722222222222,0.6135416666666668,18.0,24.0,19.958333333333332,1006.0,1010.0,1008.1180555555555,57.0,95.0,79.46527777777777,0.0,0.0,0.0,0.0,90.44444444444444,89.9375,408.05555555555554,,0
2016-06-27 00:00:00+00:00,1819.8,0.0,1042.6368055555556,35.46597222222223,56.96527777777778,87.04166666666667,83.40277777777777,81.97222222222223,41.229166666666664,47.173611111111114,51.270833333333336,33.80555555555556,16.0,0.0,9.136805555555556,41.5,0.4,8.261111111111111,1.645138888888889,-3.988888888888889,134.5013888888889,23.21527777777778,-319.21527777777777,176511.33333333334,25371665.0,-90.51388888888889,-2982848,79.84722222222223,92.35416666666667,88.45833333333333,40.354166666666664,42.5,32.28472222222222,44.958333333333336,35.93055555555556,25.27777777777778,-2.7,89.7,11.875694444444443,2.1180555555555554,82.90277777777777,40.423611111111114,40.24305555555556,39.50694444444444,38.263888888888886,1057.3166666666666,0.9763888888888889,49.99861111111111,399.7388888888889,398.40208333333334,399.6534722222222,883.1944444444445,897.8895833333333,882.3763888888889,2110.1,-50.3,43.395833333333336,0.30694444444444446,7.877777777777778,96.43125,-124.27777777777777,1000.7,-222.4,4.682638888888889,1058.1298611111113,2000.0,0.0,95.24097222222223,-442.32222222222225,0.0,-1000.0,67.39236111111111,345.63472222222225,1000.0,0.0,71.55486111111111,52.4375,148.49513888888887,T01,0.0,20.8,8.522222222222222,1.4734027777777778,0.0,21.1,8.556944444444445,1.5105555555555557,17.0,26.0,22.02777777777778,1006.0,1011.0,1008.6875,59.0,94.0,77.36111111111111,0.0,0.0,0.0,0.0,167.33333333333334,167.94444444444446,408.625,,0
2016-06-28 00:00:00+00:00,1800.3,1209.6,1527.7965277777778,72.74652777777777,61.15972222222222,93.58333333333333,91.26388888888889,90.15972222222223,41.47222222222222,54.02777777777778,59.701388888888886,36.5,15.9,10.7,13.528472222222222,28.7,0.4,8.372222222222222,1.6555555555555557,-1.8090277777777777,113.90625,25.26388888888889,-4.625,156173.91666666666,22488379.0,-3.076388888888889,-3844655,72.52777777777777,90.22916666666667,91.50694444444444,41.18055555555556,45.125,32.895833333333336,46.02777777777778,39.263888888888886,26.17361111111111,-3.2,15.3,-0.5569444444444445,1.0652777777777778,104.04166666666667,41.423611111111114,41.34722222222222,40.625,39.611111111111114,936.8708333333333,0.9590277777777777,50.00138888888889,399.2034722222222,397.6951388888889,399.14930555555554,783.7249999999999,811.5777777777778,789.4833333333333,2108.2,-44.8,43.326388888888886,0.6368055555555556,8.121527777777779,198.0027777777778,-160.19236111111113,17.0,-222.4,7.85486111111111,935.6131944444444,2000.0,0.0,197.1798611111111,-888.692361111111,0.0,-1000.0,91.87708333333333,833.9027777777778,1000.0,0.0,102.88749999999999,63.736111111111114,115.72291666666666,T01,2.3,21.9,8.948611111111111,1.6515972222222224,2.2,22.1,9.0,1.666388888888889,22.0,28.0,24.17361111111111,1005.0,1009.0,1006.4652777777778,48.0,77.0,64.32638888888889,0.0,2.0,0.013888888888888888,0.0,176.01388888888889,176.96527777777777,406.44444444444446,,0
2016-06-29 00:00:00+00:00,1701.3,0.0,827.7680555555556,58.05277777777778,44.875,54.75,54.78472222222222,54.388888888888886,34.888888888888886,48.44444444444444,49.763888888888886,32.673611111111114,15.1,0.0,7.2333333333333325,19.9,0.4,4.313194444444445,0.7826388888888889,2.2527777777777773,213.25694444444446,24.71527777777778,-701.6944444444445,30951.958333333332,4356039.0,-500.90972222222223,-1312502,63.80555555555556,75.16666666666667,69.5,37.888888888888886,40.21527777777778,34.166666666666664,42.104166666666664,31.555555555555557,27.333333333333332,-3.0,89.7,10.117361111111112,0.9597222222222221,71.91666666666667,37.22222222222222,36.798611111111114,36.798611111111114,37.451388888888886,181.44791666666666,0.8618055555555556,50.0,399.64374999999995,398.78125,396.75138888888887,164.02708333333334,179.15138888888887,171.28472222222223,1984.7,-51.4,37.201388888888886,0.5402777777777777,4.234027777777778,54.53888888888889,-54.68888888888889,1000.1,-999.8,15.23263888888889,188.99374999999998,2000.0,0.0,56.57222222222222,-471.0993055555556,0.0,-1000.0,54.83263888888889,470.23055555555555,1000.0,0.0,56.109722222222224,45.84027777777778,211.00208333333333,T01,0.0,12.8,4.436111111111111,0.34402777777777777,0.0,12.7,4.442361111111111,0.35618055555555556,20.0,26.0,23.34027777777778,1006.0,1009.0,1007.25,63.0,92.0,73.49305555555556,0.0,0.0,0.0,0.0,85.39583333333333,85.54166666666667,407.21527777777777,,0
2016-06-30 00:00:00+00:00,1595.6,0.0,819.4826388888889,70.66944444444444,41.50694444444444,51.201388888888886,51.625,51.24305555555556,35.31944444444444,44.263888888888886,46.59027777777778,31.0625,14.1,0.0,7.106944444444444,19.4,0.4,3.7395833333333335,0.7569444444444444,-4.658333333333334,254.5888888888889,23.73611111111111,-547.0972222222222,13811.409722222223,1910056.0,-326.90972222222223,-1030485,71.57638888888889,80.29861111111111,69.64583333333333,37.47222222222222,38.90277777777778,34.38194444444444,41.1875,29.430555555555557,27.708333333333332,-3.1,89.7,9.62361111111111,2.007638888888889,68.28472222222223,36.71527777777778,36.24305555555556,36.236111111111114,36.90277777777778,79.57361111111112,0.8333333333333334,49.99791666666667,399.65763888888887,398.6333333333333,396.9423611111111,80.73888888888888,93.80486111111111,84.21388888888889,734.5,-50.6,36.236111111111114,0.6701388888888888,3.732638888888889,42.84375,-42.92916666666667,1000.0,-656.7,19.898611111111112,87.68125,749.6,0.0,43.44583333333333,-355.76250000000005,0.0,-1000.0,139.77152777777778,355.76250000000005,1000.0,0.0,139.77152777777778,40.52777777777778,259.2472222222222,T01,0.6000000000000001,8.5,3.9097222222222223,0.30118055555555556,0.6000000000000001,8.7,3.894444444444444,0.32208333333333333,20.0,26.0,22.17361111111111,1008.0,1011.0,1009.0277777777778,48.0,100.0,80.35416666666667,0.0,0.0,0.0,0.0,74.90277777777777,74.53472222222223,408.9861111111111,,0
2016-07-01 00:00:00+00:00,1647.1,0.0,779.8375000000001,90.38055555555555,43.236111111111114,50.36805555555556,50.47222222222222,50.104166666666664,35.013888888888886,45.40972222222222,47.34722222222222,31.444444444444443,14.6,0.0,6.826388888888889,18.2,0.4,3.8041666666666663,0.7562500000000001,-7.963888888888889,242.07083333333333,24.22222222222222,-619.5,17600.534722222223,2445271.0,-419.27777777777777,-980983,72.48611111111111,81.00694444444444,70.23611111111111,37.06944444444444,38.673611111111114,34.21527777777778,40.65277777777778,30.291666666666668,27.555555555555557,-3.2,89.7,10.863194444444444,2.240972222222222,64.80555555555556,36.326388888888886,35.875,35.875,36.4375,101.89305555555556,0.7923611111111112,49.99791666666667,399.75347222222223,398.7888888888889,397.2673611111111,112.32152777777777,122.17291666666668,116.1763888888889,904.3,-50.4,35.65277777777778,0.8604166666666667,3.777083333333333,39.31388888888889,-40.89652777777778,1000.1,-999.3,46.69652777777778,111.22708333333333,920.3,0.0,42.09236111111111,-342.62708333333336,0.0,-1000.0,80.17013888888889,342.62708333333336,1000.0,0.0,80.17013888888889,40.666666666666664,250.04791666666668,T01,0.4,10.2,4.143055555555556,0.31548611111111113,0.4,9.9,4.048611111111111,0.36333333333333334,19.0,28.0,22.791666666666668,1008.0,1011.0,1009.3958333333334,40.0,100.0,73.26388888888889,0.0,0.0,0.0,0.0,79.61111111111111,77.75,409.28472222222223,,0
2016-07-02 00:00:00+00:00,1750.5,0.0,650.3986111111111,94.40208333333334,44.34027777777778,50.75694444444444,50.486111111111114,50.00694444444444,37.611111111111114,44.986111111111114,46.90972222222222,34.520833333333336,15.5,0.0,5.536111111111111,24.7,0.4,3.926388888888889,0.890277777777778,-0.6263888888888888,187.72361111111113,26.70138888888889,-613.0694444444445,34198.520833333336,4836305.0,-348.8541666666667,-1255305,74.26388888888889,82.66666666666667,72.47222222222223,38.388888888888886,40.90972222222222,35.65972222222222,42.826388888888886,32.31944444444444,29.0,-3.0,89.7,14.093055555555557,1.9944444444444445,59.74305555555556,37.63194444444444,37.201388888888886,37.1875,38.041666666666664,201.53750000000002,0.8805555555555555,49.99930555555555,399.52986111111113,398.7555555555556,397.45000000000005,184.8777777777778,194.08472222222224,187.08749999999998,2103.0,-51.5,38.0625,0.8812500000000001,3.8569444444444443,66.99097222222223,-52.3625,1000.2,-1000.3,28.81666666666667,210.38472222222222,2000.0,0.0,69.50277777777778,-313.81388888888887,0.0,-1000.0,57.00833333333334,309.6715277777778,1000.0,0.0,61.275000000000006,42.576388888888886,203.36041666666668,T01,0.0,15.1,4.354861111111111,0.5706944444444445,0.0,15.2,4.345833333333333,0.6054166666666667,19.0,34.0,25.3125,1005.0,1010.0,1008.2152777777778,32.0,99.0,66.40277777777777,0.0,0.0,0.0,0.0,83.77777777777777,83.59027777777777,408.1875,,0
2016-07-03 00:00:00+00:00,1806.9,0.0,1304.5993055555555,65.53194444444445,68.14583333333333,98.125,94.95138888888889,93.71527777777777,42.923611111111114,54.11805555555556,59.53472222222222,38.125,15.8,0.0,11.53125,42.4,0.4,9.325,1.802777777777778,1.6326388888888888,129.53680555555556,27.51388888888889,-595.9861111111111,169148.72916666666,24271594.0,-372.49305555555554,-3594910,75.44444444444444,90.73611111111111,91.21527777777777,42.84027777777778,47.201388888888886,35.916666666666664,48.8125,42.916666666666664,29.145833333333332,-3.0,86.2,10.469444444444443,2.0409722222222224,102.72222222222223,42.986111111111114,42.798611111111114,42.138888888888886,41.34722222222222,1011.2534722222222,0.9333333333333333,49.99930555555555,399.4006944444444,397.91875000000005,399.99861111111113,854.1833333333333,872.55,853.3958333333334,2107.6,-50.2,46.923611111111114,0.5694444444444444,8.879166666666666,132.96666666666667,-149.76944444444445,1000.1,-283.9,11.81111111111111,1128.6333333333334,2000.0,0.0,154.76527777777778,-647.2145833333333,0.0,-1000.0,101.49236111111111,566.7034722222222,1000.0,0.0,109.27847222222222,63.951388888888886,125.40833333333333,T01,0.2,22.9,9.621527777777779,1.8286805555555554,0.3,23.2,9.676388888888889,1.855,23.0,29.0,26.34027777777778,1004.0,1007.0,1006.0902777777778,34.0,74.0,51.02777777777778,0.0,0.0,0.0,0.0,189.27083333333334,190.47916666666666,406.0486111111111,,0
2016-07-04 00:00:00+00:00,1688.8,0.0,851.4833333333333,105.27708333333334,46.951388888888886,54.5,54.625,54.236111111111114,36.55555555555556,48.1875,49.611111111111114,32.236111111111114,15.0,0.0,7.4541666666666675,23.2,0.4,4.617361111111111,0.8875000000000001,0.6555555555555554,219.57847222222222,24.21527777777778,-961.8611111111111,25685.26388888889,3560168.0,-769.7847222222222,-1246906,57.145833333333336,71.28472222222223,69.15972222222223,37.666666666666664,40.458333333333336,33.90277777777778,42.083333333333336,32.166666666666664,27.083333333333332,-2.7,89.7,14.945833333333333,2.509722222222222,70.64583333333333,36.979166666666664,36.59722222222222,36.5625,37.25694444444444,148.33194444444445,0.7895833333333333,50.00208333333333,399.85833333333335,399.0861111111111,397.4895833333333,151.11944444444444,162.75833333333333,156.54583333333332,1517.5,-52.1,37.326388888888886,0.942361111111111,4.515972222222222,57.28611111111112,-52.02361111111111,1000.4,-993.0,45.104861111111106,217.86111111111111,2000.0,0.0,75.98611111111111,-400.66597222222225,0.0,-1000.0,102.83402777777778,400.65208333333334,1000.0,0.0,102.91041666666666,47.548611111111114,218.92777777777778,T01,0.0,13.6,4.774305555555555,0.6436805555555556,0.0,13.9,4.730555555555556,0.6904861111111111,20.0,26.0,22.77777777777778,1007.0,1010.0,1008.5486111111111,65.0,93.0,77.79166666666667,0.0,0.0,0.0,0.0,92.35416666666667,91.34722222222223,408.4513888888889,,0
2016-07-05 00:00:00+00:00,1656.7,0.0,562.4604166666667,47.14722222222222,39.763888888888886,46.201388888888886,46.298611111111114,45.90972222222222,35.729166666666664,42.861111111111114,43.56944444444444,32.15972222222222,14.7,0.0,4.873611111111111,18.3,0.4,3.0027777777777778,0.6402777777777778,-0.42430555555555516,251.45624999999998,24.604166666666668,-557.4166666666666,13801.027777777777,1907080.0,-230.1875,-781096,67.84027777777777,76.33333333333333,67.82638888888889,36.895833333333336,38.576388888888886,35.229166666666664,40.68055555555556,29.65277777777778,28.28472222222222,-2.9,83.9,13.821527777777778,1.0319444444444443,58.451388888888886,36.048611111111114,35.520833333333336,35.611111111111114,36.43055555555556,79.45277777777778,0.8847222222222223,50.00069444444445,399.9173611111111,399.34027777777777,397.0875,78.8111111111111,88.97916666666667,82.94583333333334,1046.0,-51.9,35.63194444444444,0.4097222222222222,2.9625000000000004,36.58958333333333,-32.51875,1000.1,-999.9,18.568055555555556,85.17361111111111,1061.4,0.0,35.703472222222224,-269.1798611111111,0.0,-1000.0,67.56319444444445,269.1798611111111,1000.0,0.0,67.56319444444445,39.93055555555556,281.8861111111111,T01,0.0,9.1,2.9402777777777778,0.26034722222222223,0.0,9.2,2.9388888888888887,0.26222222222222225,19.0,27.0,23.006944444444443,1008.0,1010.0,1009.2916666666666,61.0,98.0,79.23611111111111,0.0,0.0,0.0,0.0,55.36805555555556,55.458333333333336,409.2638888888889,,0
2016-07-06 00:00:00+00:00,1723.9,0.0,850.51875,57.924305555555556,47.88194444444444,57.06944444444444,56.833333333333336,56.326388888888886,36.43055555555556,46.6875,48.833333333333336,34.15277777777778,15.2,0.0,7.378472222222222,37.7,0.4,4.525,0.8770833333333333,16.007638888888888,153.19097222222223,26.15277777777778,-372.1666666666667,48339.88888888889,6907352.0,-165.40972222222223,-1791222,73.29166666666667,82.81944444444444,73.29166666666667,37.791666666666664,40.72222222222222,34.763888888888886,42.423611111111114,33.020833333333336,28.57638888888889,-3.2,58.0,9.152083333333334,0.4708333333333333,69.10416666666667,37.208333333333336,36.833333333333336,36.78472222222222,37.201388888888886,287.7604166666667,0.9131944444444444,49.99930555555555,399.92291666666665,398.7951388888889,397.7131944444444,248.9611111111111,264.81666666666666,252.16944444444445,2098.8,-50.3,37.736111111111114,0.48750000000000004,4.393055555555556,111.43194444444445,-74.63541666666667,1001.0,-707.8,10.55,290.93888888888887,2000.0,0.0,110.43958333333333,-520.4791666666666,0.0,-1000.0,67.67847222222223,517.8868055555555,1000.0,0.0,72.40138888888889,46.520833333333336,207.17847222222224,T01,0.5,13.5,4.278472222222223,1.058263888888889,0.4,13.4,4.302777777777778,1.0866666666666667,20.0,30.0,24.72222222222222,1007.0,1010.0,1008.7083333333334,35.0,93.0,65.13194444444444,0.0,0.0,0.0,0.0,82.23611111111111,82.66666666666667,408.65972222222223,,0
2016-07-07 00:00:00+00:00,1672.2,0.0,676.9555555555556,87.42361111111111,40.923611111111114,50.541666666666664,50.75694444444444,50.354166666666664,36.611111111111114,46.048611111111114,47.145833333333336,32.173611111111114,14.8,0.0,5.86875,21.8,0.4,3.4347222222222222,0.7381944444444444,16.52013888888889,247.0569444444444,24.375,-790.1944444444445,14687.458333333334,2001204.0,-518.7777777777778,-817188,63.451388888888886,73.96527777777777,67.60416666666667,37.6875,39.861111111111114,34.34722222222222,41.979166666666664,30.555555555555557,27.618055555555557,-3.1,89.7,12.195138888888888,2.401388888888889,65.6875,36.86805555555556,36.451388888888886,36.451388888888886,37.333333333333336,83.33819444444445,0.8131944444444446,50.0,400.1979166666667,399.3520833333333,397.5423611111111,91.22847222222222,101.45902777777778,95.96527777777777,1114.5,-51.2,37.048611111111114,0.7479166666666667,3.4034722222222222,38.541666666666664,-34.076388888888886,1000.2,-848.7,34.58958333333333,92.68680555555555,1126.0,0.0,38.704861111111114,-303.74930555555557,0.0,-1000.0,95.10416666666667,303.74930555555557,1000.0,0.0,95.10416666666667,39.93055555555556,228.04999999999998,T01,0.0,9.6,3.513888888888889,0.41631944444444446,0.0,9.8,3.521527777777778,0.4277777777777778,20.0,26.0,22.729166666666668,1007.0,1012.0,1009.3819444444445,58.0,93.0,77.83333333333333,0.0,1.0,0.006944444444444444,0.0,67.03472222222223,67.11805555555556,409.3263888888889,,0
2016-07-08 00:00:00+00:00,1653.1,0.0,764.6243055555556,154.01875,43.31944444444444,52.75694444444444,52.94444444444444,52.59722222222222,38.31944444444444,46.36805555555556,48.90972222222222,33.90277777777778,14.6,0.0,6.668749999999999,18.6,0.4,3.7180555555555554,0.7881944444444444,0.8770833333333331,181.86874999999998,27.54861111111111,-907.5138888888889,12351.229166666666,1647896.0,-794.7013888888889,-891453,74.29861111111111,82.70138888888889,72.02777777777777,39.75,41.61805555555556,37.06944444444444,43.75,32.951388888888886,30.27777777777778,-2.9,89.7,12.694444444444445,4.520833333333333,68.21527777777777,38.888888888888886,38.44444444444444,38.50694444444444,39.65277777777778,68.65555555555555,0.7131944444444445,50.00069444444445,400.1715277777778,399.2638888888889,397.90694444444443,94.45763888888888,102.16666666666667,97.75763888888889,914.5,-52.3,38.895833333333336,1.4298611111111112,3.6840277777777777,38.6125,-37.118750000000006,1000.4,-999.9,70.35555555555555,85.66180555555555,926.0,0.0,44.58819444444444,-275.9166666666667,0.0,-1000.0,107.60624999999999,275.9166666666667,1000.0,0.0,107.60624999999999,42.24305555555556,175.98680555555555,T01,0.4,9.8,4.077777777777778,0.44909722222222226,0.3,9.6,4.061111111111111,0.45048611111111114,19.0,33.0,26.416666666666668,1008.0,1012.0,1010.1458333333334,37.0,96.0,62.916666666666664,0.0,0.0,0.0,0.0,78.22916666666667,77.91666666666667,410.1111111111111,,0
2016-07-09 00:00:00+00:00,1800.8,71.4,1455.2645833333333,56.733333333333334,69.66666666666667,99.27083333333333,96.1875,94.82638888888889,44.708333333333336,53.979166666666664,60.15972222222222,39.80555555555556,15.8,0.0,12.860416666666667,40.8,0.4,8.780555555555557,1.6229166666666666,-1.0604166666666666,109.71388888888889,29.694444444444443,-122.40972222222223,181402.06944444444,26104271.0,-106.31944444444444,-3839544,86.27083333333333,99.49305555555556,95.23611111111111,44.979166666666664,48.65972222222222,38.30555555555556,50.50694444444444,44.4375,31.65972222222222,-3.1,53.6,2.1444444444444444,1.867361111111111,103.49305555555556,45.125,45.11805555555556,44.270833333333336,43.548611111111114,1087.6472222222224,0.9270833333333334,50.00069444444445,399.14930555555554,397.61527777777775,400.3215277777778,912.9423611111112,933.5534722222224,910.6208333333333,2105.0,-51.1,48.72222222222222,0.4993055555555556,8.350694444444445,158.62430555555557,-159.9798611111111,936.4,-238.1,7.486805555555555,1101.61875,2000.0,0.0,162.24444444444444,-761.5965277777777,0.0,-1000.0,93.7173611111111,662.5847222222222,1000.0,0.0,116.54930555555555,63.4375,110.77569444444445,T01,1.2,18.0,9.522916666666667,1.0078472222222221,1.1,18.1,9.574305555555556,1.0292361111111112,25.0,32.0,28.76388888888889,1005.0,1010.0,1007.5277777777778,33.0,60.0,41.701388888888886,0.0,0.0,0.0,0.0,187.45138888888889,188.54166666666666,407.49305555555554,,0
2016-07-10 00:00:00+00:00,1802.2,0.0,1202.7895833333334,73.29861111111111,66.5,85.57638888888889,83.89583333333333,82.90277777777777,43.0625,52.895833333333336,57.68055555555556,39.1875,15.8,0.0,10.618055555555555,43.4,0.4,9.03263888888889,1.657638888888889,1.3763888888888889,109.4,29.4375,-789.9236111111111,123011.64583333333,17599930.0,-522.7291666666666,-2787034,73.76388888888889,90.27083333333333,91.3125,42.298611111111114,47.5,37.6875,48.479166666666664,42.520833333333336,30.96527777777778,-3.2,89.7,17.834722222222222,1.46875,92.72222222222223,42.229166666666664,41.96527777777778,41.56944444444444,41.583333333333336,733.2770833333333,0.9319444444444444,50.0,400.0173611111111,398.5208333333333,400.5222222222222,623.2895833333333,640.8256944444444,622.5326388888889,2103.4,-50.0,45.34722222222222,0.6319444444444444,8.70625,132.7625,-116.11180555555555,999.9,-563.9,11.788888888888888,1058.445138888889,2000.0,0.0,188.8513888888889,-650.1263888888889,0.0,-1000.0,44.515972222222224,617.9361111111111,1000.0,0.0,48.09652777777777,61.40972222222222,108.01388888888889,T01,1.6,20.0,9.243055555555555,1.1503472222222222,1.7000000000000002,20.2,9.302083333333334,1.1784027777777777,25.0,33.0,28.25,1005.0,1007.0,1006.1111111111111,36.0,62.0,47.24305555555556,0.0,0.0,0.0,0.0,181.86805555555554,183.0,406.05555555555554,,0
2016-07-11 00:00:00+00:00,1693.7,0.0,897.4465277777778,93.06944444444444,49.770833333333336,59.94444444444444,59.916666666666664,59.50694444444444,40.24305555555556,49.74305555555556,51.97222222222222,36.798611111111114,15.0,0.0,7.819444444444445,39.8,0.4,4.311805555555555,0.7868055555555556,1.6312499999999999,238.8381944444444,29.291666666666668,-837.1458333333334,28005.506944444445,3912245.0,-633.1805555555555,-1391797,59.986111111111114,72.11111111111111,69.73611111111111,40.201388888888886,43.8125,38.11805555555556,45.201388888888886,36.9375,31.305555555555557,-3.1,85.0,8.489583333333334,1.9124999999999999,76.63194444444444,39.50694444444444,39.06944444444444,39.0,40.076388888888886,163.00902777777776,0.7708333333333334,50.00208333333333,399.62361111111113,398.7027777777778,397.2013888888889,162.9972222222222,177.06458333333333,168.56944444444446,1533.3,-50.1,40.40972222222222,0.8465277777777778,4.213888888888889,51.27222222222222,-57.947916666666664,1000.1,-999.9,43.03402777777777,173.66250000000002,1548.7,0.0,52.12013888888889,-425.375,0.0,-1000.0,80.17361111111111,425.3541666666667,1000.0,0.0,80.3375,48.736111111111114,237.2131944444444,T01,0.0,12.6,4.420833333333333,0.42006944444444444,0.0,12.9,4.425000000000001,0.4203472222222222,24.0,33.0,28.13888888888889,1005.0,1007.0,1006.1180555555555,30.0,62.0,43.104166666666664,0.0,0.0,0.0,0.0,85.09027777777777,85.22916666666667,406.0763888888889,,0
2016-07-12 00:00:00+00:00,1723.7,0.0,749.2659722222222,81.18263888888889,46.1875,54.048611111111114,53.895833333333336,53.423611111111114,39.611111111111114,47.43055555555556,49.576388888888886,34.951388888888886,15.1,0.0,6.470833333333333,38.5,0.4,4.260416666666667,0.7319444444444445,-0.6180555555555557,281.3548611111111,27.27777777777778,-800.2569444444445,37548.01388888889,5291678.0,-676.9375,-1234859,66.65972222222223,76.49305555555556,71.11805555555556,39.729166666666664,42.49305555555556,36.69444444444444,44.3125,33.923611111111114,30.09027777777778,-3.2,89.7,12.962499999999999,1.8590277777777777,65.45833333333333,39.173611111111114,38.65277777777778,38.72222222222222,39.708333333333336,220.51319444444445,0.7944444444444445,49.99861111111111,400.18819444444443,399.3013888888889,398.1138888888889,198.78750000000002,209.64722222222224,204.61666666666667,1777.8,-51.6,39.6875,0.7583333333333333,4.148611111111111,52.30555555555556,-51.421527777777776,1000.3,-835.1,21.31875,236.2722222222222,1798.3,0.0,54.18472222222223,-351.46875,0.0,-1000.0,26.69861111111111,351.2215277777778,1000.0,0.0,27.7875,45.05555555555556,296.9798611111111,T01,0.5,11.5,4.622222222222223,0.29965277777777777,0.4,11.4,4.612500000000001,0.2997222222222222,22.0,32.0,25.993055555555557,1006.0,1008.0,1006.5763888888889,29.0,76.0,53.15277777777778,0.0,0.0,0.0,0.0,89.20138888888889,88.91666666666667,406.49305555555554,,0
2016-07-13 00:00:00+00:00,1669.7,0.0,544.2881944444445,68.03541666666666,40.11805555555556,46.854166666666664,46.96527777777778,46.59027777777778,39.451388888888886,45.90972222222222,45.791666666666664,34.208333333333336,14.8,0.0,4.642361111111111,25.5,0.4,2.9631944444444445,0.6666666666666666,6.228472222222221,201.86111111111111,26.82638888888889,-703.7291666666666,13391.75,1827073.0,-424.8333333333333,-732038,75.15972222222223,83.19444444444444,72.74305555555556,38.72222222222222,41.083333333333336,36.861111111111114,43.05555555555556,31.73611111111111,30.07638888888889,-3.0,89.7,14.45138888888889,1.661111111111111,58.13194444444444,37.736111111111114,37.3125,37.38194444444444,38.583333333333336,76.10486111111112,0.8263888888888888,50.0,399.9826388888889,399.1902777777778,397.0652777777778,84.22083333333333,93.66041666666666,89.45694444444445,1133.1,-52.5,38.19444444444444,0.5833333333333334,2.933333333333333,33.03958333333333,-30.522916666666667,1000.2,-917.8,36.87916666666667,85.43958333333333,1162.5,0.0,34.06111111111111,-247.79791666666668,0.0,-1000.0,69.74513888888889,247.79791666666668,1000.0,0.0,69.74513888888889,42.041666666666664,253.14999999999998,T01,0.0,9.4,3.1215277777777777,0.363125,0.0,9.6,3.0791666666666666,0.36118055555555556,21.0,30.0,25.569444444444443,1006.0,1009.0,1007.6736111111111,39.0,75.0,55.986111111111114,0.0,0.0,0.0,0.0,59.0625,58.21527777777778,407.5763888888889,,0
2016-07-14 00:00:00+00:00,1818.1,0.0,1576.7555555555555,37.825694444444444,79.6875,124.00694444444444,118.22222222222223,116.25694444444444,48.71527777777778,54.74305555555556,62.326388888888886,39.1875,16.0,0.0,13.957638888888889,37.4,0.7000000000000001,12.349305555555555,2.316666666666667,-0.6277777777777778,109.83680555555556,26.569444444444443,-196.86805555555554,276995.4791666667,39859001.0,-125.64583333333333,-4792604,90.16666666666667,107.91666666666667,110.0625,45.458333333333336,50.013888888888886,35.21527777777778,52.25,46.951388888888886,28.54861111111111,-3.2,89.7,7.383333333333334,2.5777777777777775,117.22916666666667,46.166666666666664,46.326388888888886,44.9375,43.0,1660.8173611111113,0.9895833333333334,50.00069444444445,399.20000000000005,397.53819444444446,401.62083333333334,1386.4833333333333,1406.8138888888889,1382.3125,2111.6,-48.0,52.77777777777778,0.32430555555555557,11.728472222222223,139.75069444444443,-199.69444444444446,10.2,-243.0,4.377083333333333,1751.3756944444444,2000.0,80.2,131.08333333333334,-695.5381944444445,0.0,-1000.0,102.42847222222223,539.4381944444444,1000.0,0.0,103.00902777777777,72.1875,110.45763888888888,T01,5.2,20.6,12.692361111111111,1.545,5.4,20.5,12.759722222222223,1.5847222222222221,23.0,28.0,25.319444444444443,1007.0,1010.0,1008.6111111111111,52.0,79.0,67.86111111111111,0.0,0.0,0.0,0.0,250.94444444444446,252.3125,408.56944444444446,,0
2016-07-15 00:00:00+00:00,1840.9,0.0,1090.9152777777776,32.203472222222224,67.23611111111111,100.13194444444444,96.0625,94.45833333333333,47.0,52.77777777777778,56.770833333333336,38.13194444444444,16.2,0.0,9.556944444444445,41.1,1.0,14.506944444444445,2.6381944444444443,-0.3013888888888889,111.48194444444444,26.40277777777778,-787.6944444444445,196613.02777777778,28198848.0,-584.7152777777778,-3301350,80.84722222222223,100.17361111111111,104.81944444444444,43.208333333333336,47.625,34.638888888888886,49.21527777777778,42.75694444444444,27.979166666666668,-2.8,89.7,33.671527777777776,1.9118055555555555,94.48611111111111,43.38194444444444,43.25694444444444,42.479166666666664,41.49305555555556,1174.9104166666666,0.932638888888889,50.00069444444445,400.44375,398.8590277777778,402.15625,987.6090277777779,1001.1944444444445,984.3388888888888,2107.6,-47.4,48.111111111111114,0.22291666666666668,14.054166666666667,93.88194444444444,-137.55555555555554,17.3,-234.1,4.864583333333333,1889.8027777777777,2000.0,348.9,86.12152777777777,-456.1458333333333,0.0,-1000.0,59.76111111111111,347.6277777777778,1000.0,0.0,63.06736111111112,61.708333333333336,111.79305555555555,T01,4.6,25.8,14.359027777777776,2.4683333333333333,4.9,26.0,14.4375,2.5150694444444444,23.0,28.0,25.28472222222222,1006.0,1009.0,1007.5763888888889,31.0,75.0,54.583333333333336,0.0,0.0,0.0,0.0,284.40277777777777,285.96527777777777,407.5416666666667,,0
2016-07-16 00:00:00+00:00,1855.7,0.0,1309.3145833333333,35.4875,75.48611111111111,118.13194444444444,112.42361111111111,110.61805555555556,49.291666666666664,54.22222222222222,59.59722222222222,38.68055555555556,16.2,0.0,11.53263888888889,42.3,0.7000000000000001,16.51111111111111,2.8854166666666665,-2.5305555555555554,106.75555555555555,25.569444444444443,-594.1388888888889,255885.97916666666,36762025.0,-422.06944444444446,-4181586,84.24305555555556,103.59722222222223,110.13888888888889,43.80555555555556,48.72222222222222,33.90277777777778,50.923611111111114,44.55555555555556,27.15277777777778,-2.5,86.4,28.53194444444445,2.375,107.52777777777777,44.3125,44.31944444444444,43.30555555555556,41.513888888888886,1531.7493055555556,0.9576388888888889,50.0,399.9534722222222,398.1986111111111,402.4944444444444,1283.6402777777778,1297.1479166666666,1275.8256944444445,2108.5,-46.9,51.30555555555556,0.26249999999999996,15.809027777777779,27.731250000000003,-174.23125,16.2,-234.4,3.773611111111111,1986.8138888888889,2000.0,731.5,19.74652777777778,-462.2243055555556,0.0,-1000.0,17.918750000000003,325.14374999999995,1000.0,0.0,14.490277777777777,66.61805555555556,109.275,T01,7.8,24.8,16.408333333333335,2.6649305555555554,7.9,24.5,16.490277777777777,2.7415972222222225,22.0,27.0,24.395833333333332,1005.0,1008.0,1007.1875,39.0,69.0,54.05555555555556,0.0,0.0,0.0,0.0,325.43055555555554,327.03472222222223,407.13194444444446,,0
2016-07-17 00:00:00+00:00,1857.6,0.0,824.9597222222222,70.11458333333333,63.673611111111114,91.09027777777777,87.625,86.34027777777777,45.770833333333336,53.451388888888886,56.40972222222222,36.951388888888886,16.2,0.0,7.185416666666667,31.7,1.2,15.431249999999999,2.752083333333333,0.35069444444444436,112.8111111111111,25.375,-1490.2777777777778,157244.43055555556,22428599.0,-1032.4652777777778,-2709164,75.95138888888889,95.40277777777777,100.68055555555556,41.69444444444444,45.84722222222222,33.020833333333336,47.09722222222222,40.548611111111114,26.59027777777778,-2.5,89.7,50.2625,3.7194444444444446,85.86111111111111,41.548611111111114,41.333333333333336,40.75,40.21527777777778,934.4597222222224,0.90625,50.0,401.09791666666666,399.34166666666664,402.3777777777778,796.3847222222222,804.0458333333333,791.0604166666667,2109.4,-51.1,45.30555555555556,0.5597222222222222,15.006944444444445,71.90069444444445,-112.8763888888889,14.9,-234.9,8.87638888888889,1944.0673611111113,2000.0,295.7,54.99861111111111,-293.73819444444445,0.0,-1000.0,36.60625,209.3763888888889,1000.0,0.0,29.984722222222224,53.479166666666664,112.45208333333333,T01,5.6,25.1,15.126388888888888,2.5974305555555555,5.9,25.4,15.188888888888888,2.659861111111111,21.0,27.0,24.26388888888889,1005.0,1008.0,1006.4305555555555,30.0,74.0,54.013888888888886,0.0,0.0,0.0,0.0,299.68055555555554,300.94444444444446,406.3958333333333,,0
2016-07-18 00:00:00+00:00,1759.3,0.0,42.59305555555555,19.555555555555557,32.30555555555556,34.90277777777778,34.826388888888886,34.4375,36.19444444444444,44.895833333333336,40.736111111111114,33.145833333333336,15.5,0.0,0.24097222222222225,24.3,1.1,11.40486111111111,2.120138888888889,-1.6166666666666665,118.60833333333332,26.145833333333332,-820.7847222222222,5127.597222222223,620180.0,-366.8888888888889,-136387,62.958333333333336,73.14583333333333,69.36805555555556,37.24305555555556,39.43055555555556,29.868055555555557,41.451388888888886,30.645833333333332,25.729166666666668,-2.0,89.7,88.27222222222223,0.5243055555555556,39.763888888888886,36.083333333333336,35.513888888888886,35.708333333333336,37.201388888888886,25.880555555555553,0.9305555555555556,49.99930555555555,402.16805555555555,400.7611111111111,401.9611111111111,30.31527777777778,30.758333333333333,31.11736111111111,2102.5,-50.0,36.47222222222222,0.07430555555555556,11.401388888888889,11.529166666666667,-5.680555555555555,13.6,-227.0,2.8680555555555554,1651.2722222222224,2000.0,82.9,215.70694444444445,-10.594444444444443,0.0,-1000.0,5.00625,7.383333333333334,1000.0,0.0,3.8527777777777774,31.569444444444443,120.26736111111111,T01,4.9,18.9,11.839583333333334,1.5380555555555555,4.9,19.3,11.900694444444445,1.555625,22.0,29.0,25.07638888888889,1006.0,1008.0,1006.7847222222222,26.0,68.0,49.923611111111114,0.0,0.0,0.0,0.0,233.79861111111111,235.04861111111111,406.7013888888889,,0
2016-07-19 00:00:00+00:00,1840.0,0.0,753.3398601398602,30.1,48.76923076923077,63.62937062937063,62.13286713286713,61.31468531468531,40.76223776223776,44.66433566433567,46.73426573426573,36.60839160839161,16.0,0.0,6.619580419580419,28.3,0.6000000000000001,10.416083916083917,1.8615384615384614,-5.234965034965035,111.63916083916084,27.48951048951049,-241.8111888111888,91103.27272727272,12993190.0,29.20979020979021,-1272604,76.78321678321679,86.52447552447552,80.95104895104895,41.58741258741259,43.73426573426573,32.72727272727273,45.71328671328671,36.55244755244755,27.853146853146853,-3.1,90.0,47.60419580419581,0.7517482517482518,67.5034965034965,41.14685314685315,40.86713286713287,40.51748251748252,40.88811188811189,545.6552447552448,0.9769230769230769,49.9993006993007,401.23916083916083,399.81468531468533,401.5979020979021,462.15874125874126,473.61818181818177,463.9706293706294,2104.6,-26.1,41.81118881118881,0.22727272727272727,8.583216783216784,106.38181818181819,-53.0993006993007,1001.7,-225.7,11.344755244755245,1184.3006993006993,2000.0,0.0,221.15034965034965,-434.76223776223776,0.0,-1000.0,28.988811188811187,404.2713286713287,1000.0,0.0,42.506293706293704,47.0979020979021,116.9055944055944,T01,2.5,24.7,10.275694444444445,1.609236111111111,2.3,25.5,10.337499999999999,1.6260416666666666,23.0,32.0,26.47222222222222,1005.0,1010.0,1006.6666666666666,34.0,69.0,52.96527777777778,0.0,0.0,0.0,0.0,202.5625,203.85416666666666,406.61805555555554,,0
2016-07-20 00:00:00+00:00,1815.9,0.0,1062.5574468085106,118.80354609929077,51.780141843971634,67.74468085106383,67.48936170212765,66.93617021276596,40.177304964539005,52.226950354609926,54.88652482269504,36.52482269503546,15.9,0.0,9.325531914893618,36.8,0.4,5.267375886524823,1.1382978723404256,0.06666666666666649,180.10496453900709,29.05673758865248,-775.531914893617,46828.645390070924,6493489.0,-530.8156028368794,-1992732,72.53191489361703,84.46099290780141,78.87234042553192,40.304964539007095,43.836879432624116,37.290780141843975,45.12056737588652,37.43971631205674,30.51063829787234,-3.1,90.0,7.173758865248227,2.519148936170213,84.87234042553192,39.744680851063826,39.43971631205674,39.290780141843975,39.86524822695036,276.2751773049646,0.7936170212765958,49.99858156028369,399.5,398.56170212765954,397.2049645390071,275.3666666666667,292.2106382978723,281.33120567375886,2102.0,-52.0,40.361702127659576,1.0851063829787233,5.126241134751773,110.1418439716312,-84.75886524822695,1000.6,-1000.2,75.98652482269503,305.03120567375885,2000.0,0.0,113.63333333333333,-586.4510638297872,0.0,-1000.0,128.74113475177305,581.9560283687944,1000.0,0.0,130.36028368794325,48.5177304964539,182.5886524822695,T01,0.0,21.3,5.090972222222223,1.0634722222222224,0.0,21.8,5.104166666666667,1.0758333333333332,24.0,35.0,28.07638888888889,1005.0,1009.0,1007.4861111111111,30.0,73.0,51.0,0.0,0.0,0.0,0.0,98.63888888888889,98.84722222222223,407.43055555555554,,0
2016-07-21 00:00:00+00:00,1681.7,0.0,705.3006944444445,59.922916666666666,42.298611111111114,51.798611111111114,51.71527777777778,51.263888888888886,40.798611111111114,46.729166666666664,48.49305555555556,36.05555555555556,14.9,0.0,6.067361111111111,22.5,0.4,3.867361111111111,0.6805555555555556,8.069444444444445,253.1486111111111,28.416666666666668,-540.2916666666666,27929.618055555555,3944063.0,-307.52777777777777,-1381567,77.89583333333333,86.11805555555556,75.79861111111111,39.645833333333336,42.38194444444444,38.18055555555556,44.19444444444444,34.048611111111114,31.368055555555557,-3.2,89.7,12.361805555555556,1.1062500000000002,64.02777777777777,38.84722222222222,38.40277777777778,38.395833333333336,39.5,164.33958333333334,0.8701388888888889,50.0,399.40694444444443,398.82708333333335,396.87847222222223,153.20138888888889,164.21527777777777,158.26458333333332,1444.1,-50.1,39.25,0.5513888888888889,3.78125,48.420833333333334,-57.572916666666664,930.2,-1000.1,20.663888888888888,170.1548611111111,1475.2,0.0,49.00416666666667,-387.30069444444445,0.0,-1000.0,38.17916666666667,387.2993055555555,1000.0,0.0,38.19861111111111,40.90277777777778,267.56388888888887,T01,0.0,11.0,4.004861111111111,0.2882638888888889,0.0,10.9,3.997916666666667,0.289375,22.0,32.0,27.17361111111111,1006.0,1009.0,1007.3888888888889,22.0,76.0,52.111111111111114,0.0,0.0,0.0,0.0,76.79861111111111,76.74305555555556,407.3541666666667,,0
2016-07-22 00:00:00+00:00,1701.9,0.0,807.3458333333333,72.87013888888889,43.31944444444444,55.9375,55.94444444444444,55.44444444444444,38.11805555555556,47.69444444444444,49.40277777777778,32.701388888888886,15.1,0.0,7.105555555555556,30.1,0.4,4.188194444444445,0.8048611111111111,-7.840277777777778,263.81388888888887,24.63888888888889,-670.7847222222222,36250.5,5123480.0,-537.1527777777778,-1450908,76.91666666666667,86.06944444444444,75.34722222222223,38.111111111111114,40.263888888888886,34.895833333333336,42.138888888888886,31.36111111111111,28.0,-3.3,89.7,10.746527777777779,1.9187500000000002,70.97222222222223,37.46527777777778,37.041666666666664,36.958333333333336,37.604166666666664,213.50208333333333,0.8104166666666667,50.0,400.1798611111111,399.3013888888889,397.87569444444443,193.34791666666666,207.14583333333334,198.18124999999998,1990.1,-50.1,37.5,0.6472222222222223,4.100694444444445,64.31875,-60.44930555555556,1000.3,-821.5,21.958333333333332,225.46180555555554,2000.0,0.0,64.20763888888888,-414.3979166666667,0.0,-1000.0,72.85208333333334,413.5951388888889,1000.0,0.0,74.94583333333334,40.673611111111114,271.6590277777778,T01,0.0,11.8,4.324999999999999,0.37701388888888887,0.0,11.9,4.3180555555555555,0.3811805555555556,20.0,27.0,23.17361111111111,1006.0,1008.0,1007.4305555555555,51.0,84.0,68.85416666666667,0.0,0.0,0.0,0.0,83.19444444444444,83.18055555555556,407.3611111111111,,0
2016-07-23 00:00:00+00:00,1771.2,0.0,1125.3777777777777,87.75069444444445,49.53472222222222,69.1875,67.84722222222223,66.97222222222223,38.270833333333336,48.263888888888886,52.645833333333336,34.736111111111114,15.6,0.0,9.932638888888889,25.9,0.4,6.279166666666667,1.2208333333333334,-6.568055555555556,140.6763888888889,26.055555555555557,-437.3263888888889,98647.51388888889,14142268.0,-391.71527777777777,-2375656,75.875,86.52083333333333,78.45833333333333,40.604166666666664,42.49305555555556,34.77777777777778,44.5,35.263888888888886,28.375,-3.2,62.0,6.171527777777778,1.8305555555555557,79.23611111111111,40.354166666666664,40.11805555555556,39.75,39.625,589.3694444444444,0.8486111111111111,50.00069444444445,399.56319444444443,398.47222222222223,398.90625,507.6208333333333,523.0833333333334,510.9368055555555,2106.2,-50.2,40.81944444444444,0.7881944444444444,6.048611111111111,129.73680555555555,-98.95347222222222,1001.0,-891.9,29.918055555555554,596.1131944444445,2000.0,0.0,131.54305555555555,-573.2076388888888,0.0,-1000.0,72.52777777777777,542.5388888888889,1000.0,0.0,80.12847222222223,48.69444444444444,147.2388888888889,T01,0.0,15.4,6.299305555555556,0.6497916666666668,0.0,15.3,6.211805555555555,0.7011805555555556,20.0,31.0,24.881944444444443,1006.0,1008.0,1007.3402777777778,48.0,97.0,72.10416666666667,0.0,0.0,0.0,0.0,122.75694444444444,121.03472222222223,407.28472222222223,,0
2016-07-24 00:00:00+00:00,1809.3,0.0,1304.8180555555555,39.68194444444444,78.29861111111111,118.28472222222223,113.125,111.375,49.52777777777778,54.513888888888886,60.65972222222222,39.77777777777778,15.9,0.0,11.504861111111111,31.7,0.6000000000000001,13.966666666666667,2.457638888888889,0.2993055555555556,110.73541666666667,26.868055555555557,-809.875,242998.72916666666,34875195.0,-511.7916666666667,-3993235,86.09722222222223,105.375,111.86805555555556,44.63194444444444,49.86805555555556,35.24305555555556,51.548611111111114,46.53472222222222,28.569444444444443,-2.5,89.7,23.78472222222222,2.738888888888889,109.43055555555556,45.09027777777778,45.083333333333336,44.03472222222222,42.520833333333336,1453.0152777777778,0.9694444444444444,50.0,399.9951388888889,398.2444444444444,402.29583333333335,1218.3972222222224,1233.642361111111,1212.6305555555555,2111.7,-49.5,51.53472222222222,0.32152777777777775,13.340277777777779,105.7826388888889,-166.38055555555556,15.9,-258.7,5.788888888888889,1908.7222222222222,2000.0,383.3,89.02638888888889,-524.5611111111111,0.0,-1000.0,74.2201388888889,388.1590277777778,1000.0,0.0,73.6861111111111,68.78472222222223,110.43680555555555,T01,6.3,21.5,13.838194444444445,1.609513888888889,6.4,21.6,13.913888888888888,1.6593749999999998,23.0,29.0,25.65277777777778,1006.0,1008.0,1006.875,44.0,80.0,61.65277777777778,0.0,0.0,0.0,0.0,273.9166666666667,275.4791666666667,406.7986111111111,,0
2016-07-25 00:00:00+00:00,1816.9,0.0,1422.9868055555555,26.869444444444444,77.24305555555556,115.77777777777777,111.02777777777777,109.27777777777777,47.99305555555556,55.21527777777778,61.72222222222222,40.763888888888886,15.9,0.0,12.572222222222223,41.3,0.8,13.190277777777778,2.271527777777778,-0.16527777777777777,108.0923611111111,27.65277777777778,-484.9513888888889,240036.8125,34495469.0,-317.15972222222223,-4250800,84.28472222222223,103.79166666666667,110.56944444444444,45.81944444444444,50.22222222222222,35.99305555555556,51.673611111111114,45.97222222222222,29.22222222222222,-3.1,86.3,17.109027777777776,1.9666666666666666,110.95138888888889,46.145833333333336,46.1875,45.104166666666664,43.666666666666664,1437.2972222222222,0.9715277777777778,50.0,399.8902777777778,398.375,402.0173611111111,1202.9444444444443,1219.1368055555556,1198.6965277777776,2110.3,-49.2,51.3125,0.21041666666666667,12.488888888888889,92.05625,-177.11319444444445,1.5,-375.3,5.280555555555555,1793.0770833333333,2000.0,0.0,86.94027777777778,-689.1500000000001,0.0,-1000.0,64.71111111111111,540.5125,1000.0,0.0,72.97222222222223,68.63888888888889,108.25069444444445,T01,3.8,21.3,12.93888888888889,1.39625,3.6,21.2,13.027777777777779,1.437361111111111,24.0,30.0,26.430555555555557,1006.0,1008.0,1007.2638888888889,41.0,66.0,52.479166666666664,0.0,0.0,0.0,0.0,256.0208333333333,257.6041666666667,407.24305555555554,,0
2016-07-26 00:00:00+00:00,1769.4,0.0,1399.0493055555555,51.703472222222224,71.42361111111111,99.10416666666667,96.04861111111111,94.55555555555556,46.11805555555556,53.25,59.541666666666664,40.5,15.6,0.0,12.363194444444444,29.9,0.4,9.220833333333333,1.5756944444444445,1.9548611111111112,129.73611111111111,29.416666666666668,-461.93055555555554,184993.34027777778,26572520.0,-320.6736111111111,-3359845,77.09722222222223,94.46527777777777,98.27777777777777,45.111111111111114,49.125,37.28472222222222,50.416666666666664,44.25694444444444,30.819444444444443,-3.2,89.7,6.107638888888889,1.5416666666666667,101.02777777777777,45.291666666666664,45.21527777777778,44.423611111111114,43.71527777777778,1107.1666666666667,0.9451388888888889,49.99930555555555,399.6409722222222,398.4152777777778,400.73819444444445,928.3909722222221,948.0354166666667,932.1166666666666,2103.3,-51.1,48.541666666666664,0.4527777777777778,8.757638888888888,165.24652777777777,-140.00069444444443,998.9,-774.0,15.295833333333333,1198.86875,2000.0,0.0,158.5951388888889,-731.7368055555556,0.0,-1000.0,64.22986111111112,653.8166666666667,1000.0,0.0,92.26527777777778,65.54166666666667,127.76875000000001,T01,0.4,16.4,8.931944444444445,0.6768055555555557,0.4,16.5,8.990277777777777,0.6888194444444444,24.0,34.0,28.32638888888889,1007.0,1009.0,1007.9930555555555,31.0,65.0,44.30555555555556,0.0,0.0,0.0,0.0,175.59722222222223,176.85416666666666,407.94444444444446,,0
2016-07-27 00:00:00+00:00,1621.0,0.0,671.6680555555555,68.68263888888889,45.861111111111114,50.65277777777778,50.791666666666664,50.46527777777778,39.916666666666664,46.923611111111114,47.979166666666664,33.236111111111114,14.4,0.0,5.799305555555556,28.4,0.4,3.3194444444444446,0.6902777777777778,2.3,216.22291666666666,25.625,-810.9652777777778,12456.291666666666,1676930.0,-567.2152777777778,-837736,63.6875,74.53472222222223,69.86111111111111,38.145833333333336,40.208333333333336,36.49305555555556,41.84722222222222,32.361111111111114,29.645833333333332,-2.8,89.7,14.717361111111112,1.7048611111111112,63.645833333333336,37.34027777777778,36.875,36.888888888888886,37.78472222222222,69.8451388888889,0.7819444444444446,49.99861111111111,400.00972222222225,399.4263888888889,396.9944444444444,82.70625000000001,91.2798611111111,87.20625000000001,850.9,-50.2,36.854166666666664,0.5993055555555555,3.271527777777778,36.611111111111114,-34.87569444444445,710.4,-829.4,37.016666666666666,79.98819444444445,888.7,0.0,37.40208333333333,-272.45000000000005,0.0,-1000.0,100.01736111111111,272.45000000000005,1000.0,0.0,100.01736111111111,40.326388888888886,228.91875000000002,T01,0.0,8.9,3.6284722222222223,0.26694444444444443,0.0,9.1,3.5812500000000003,0.32534722222222223,20.0,28.0,24.354166666666668,1007.0,1010.0,1008.7777777777778,37.0,98.0,71.97916666666667,0.0,0.0,0.0,0.0,69.29166666666667,68.23611111111111,408.68055555555554,,0
2016-07-28 00:00:00+00:00,1704.5,0.0,688.5062499999999,58.8423611111111,44.13194444444444,50.56944444444444,50.34722222222222,49.84722222222222,38.104166666666664,45.75694444444444,47.388888888888886,34.604166666666664,15.1,0.0,5.865277777777778,24.2,0.4,4.184027777777778,0.8708333333333333,10.597916666666666,170.80624999999998,27.04861111111111,-514.4097222222222,37747.930555555555,5361627.0,-270.875,-1519430,75.4375,83.43055555555556,73.51388888888889,38.47222222222222,40.861111111111114,35.77777777777778,42.798611111111114,32.65972222222222,29.3125,-3.1,89.7,14.396527777777777,0.8555555555555556,60.326388888888886,37.75694444444444,37.298611111111114,37.326388888888886,38.125,223.39722222222224,0.9034722222222222,49.99930555555555,399.9895833333333,399.11527777777775,397.55069444444445,196.10833333333332,208.08472222222224,199.5201388888889,2097.1,-50.6,37.99305555555556,0.5868055555555556,4.065972222222222,83.84652777777778,-63.31527777777777,1000.3,-608.9,7.079166666666667,235.9326388888889,2000.0,0.0,88.76458333333333,-403.74027777777775,0.0,-1000.0,37.05763888888889,401.9840277777778,1000.0,0.0,40.84722222222222,42.84027777777778,162.71458333333334,T01,0.2,15.0,4.270833333333333,0.9242361111111111,0.2,15.0,4.223611111111111,0.9658333333333334,20.0,32.0,25.319444444444443,1006.0,1009.0,1007.7152777777778,34.0,98.0,68.61805555555556,0.0,0.0,0.0,0.0,82.0625,81.1875,407.6111111111111,,0
2016-07-29 00:00:00+00:00,1700.6,0.0,1386.0430555555556,82.91597222222222,57.49305555555556,73.78472222222223,73.25,72.69444444444444,37.826388888888886,52.21527777777778,56.75,36.18055555555556,15.1,0.0,12.279166666666667,22.1,0.4,6.290277777777778,1.1548611111111111,-0.5666666666666668,157.29861111111111,27.09722222222222,-174.00694444444446,72666.11111111111,10438862.0,-114.10416666666667,-2782567,63.673611111111114,78.14583333333333,75.0625,40.3125,43.52777777777778,36.02777777777778,44.56944444444444,37.361111111111114,29.11111111111111,-3.2,89.7,-0.7645833333333334,1.3680555555555556,95.04166666666667,40.09027777777778,39.84027777777778,39.5,39.5,434.9090277777778,0.875,49.99930555555555,399.44097222222223,398.09791666666666,398.2395833333333,381.56041666666664,403.06944444444446,382.34583333333336,1987.4,-51.8,40.173611111111114,0.7305555555555556,6.029166666666667,126.60555555555555,-115.94722222222224,608.0,-744.1,27.819444444444443,437.8861111111111,2000.0,0.0,126.82916666666668,-816.1743055555556,0.0,-1000.0,113.29027777777777,812.1041666666666,1000.0,0.0,119.26180555555555,55.833333333333336,157.86597222222224,T01,1.3,14.0,6.264583333333333,1.198888888888889,1.2,14.3,6.311805555555555,1.2381944444444446,21.0,32.0,25.90972222222222,1005.0,1009.0,1006.4513888888889,41.0,89.0,68.02083333333333,0.0,0.0,0.0,0.0,122.125,123.1875,406.36805555555554,,0
2016-07-30 00:00:00+00:00,1691.2,0.0,633.4000000000001,96.16041666666666,40.93055555555556,46.520833333333336,46.65972222222222,46.326388888888886,37.27777777777778,43.3125,45.083333333333336,32.25,15.0,0.0,5.440972222222222,21.0,0.4,3.3944444444444444,0.7395833333333334,3.6979166666666665,266.85833333333335,24.4375,-817.6597222222222,12855.055555555555,1733382.0,-511.0138888888889,-736985,65.40277777777777,75.00694444444444,68.09722222222223,37.15277777777778,39.31944444444444,34.375,41.270833333333336,30.444444444444443,27.729166666666668,-3.0,70.4,13.721527777777778,2.2069444444444444,60.666666666666664,36.326388888888886,35.81944444444444,35.86805555555556,36.81944444444444,72.23194444444444,0.8506944444444444,50.0,400.2277777777778,399.2590277777778,396.9298611111111,78.7513888888889,87.4048611111111,82.29236111111112,1504.6,-50.3,36.3125,0.8958333333333334,3.3499999999999996,40.78958333333333,-30.71875,1000.3,-881.6,30.18402777777778,84.79027777777777,1529.4,0.0,43.21111111111111,-252.59722222222223,0.0,-1000.0,91.69236111111111,252.59236111111113,1000.0,0.0,91.74583333333334,37.1875,270.6673611111111,T01,0.0,9.9,3.55,0.403125,0.0,10.0,3.5576388888888886,0.40423611111111113,20.0,27.0,22.770833333333332,1008.0,1011.0,1009.5555555555555,52.0,92.0,74.15972222222223,0.0,0.0,0.0,0.0,67.65277777777777,67.79166666666667,409.52777777777777,,0
2016-07-31 00:00:00+00:00,1670.4,0.0,727.6965277777778,116.20277777777778,42.72222222222222,50.736111111111114,50.8125,50.38194444444444,36.666666666666664,45.736111111111114,47.88194444444444,33.00694444444444,14.8,0.0,6.277777777777778,17.6,0.4,3.679861111111111,0.7625000000000001,10.283333333333333,246.3236111111111,25.618055555555557,-680.0625,17941.54861111111,2485654.0,-501.125,-1028923,73.76388888888889,81.97222222222223,71.47222222222223,37.74305555555556,39.916666666666664,34.479166666666664,41.99305555555556,31.569444444444443,27.729166666666668,-3.1,89.7,11.319444444444445,2.66875,65.14583333333333,36.94444444444444,36.55555555555556,36.56944444444444,37.354166666666664,103.56527777777778,0.8159722222222222,50.0,399.75208333333336,398.6118055555555,396.54583333333335,102.97361111111111,117.7298611111111,109.73680555555556,1188.2,-50.2,36.90972222222222,1.0409722222222222,3.6201388888888886,45.61944444444444,-42.90486111111111,1000.2,-881.3,35.44236111111111,113.47291666666666,1206.5,0.0,47.265972222222224,-343.2034722222222,0.0,-1000.0,103.02291666666666,343.2034722222222,1000.0,0.0,103.02291666666666,39.43055555555556,296.03194444444443,T01,0.0,10.2,3.9749999999999996,0.4484027777777778,0.0,10.3,3.9506944444444443,0.4481944444444445,20.0,30.0,24.256944444444443,1007.0,1011.0,1009.1041666666666,44.0,93.0,75.25,0.0,0.0,0.0,0.0,76.24305555555556,75.74305555555556,409.06944444444446,,0
2016-08-01 00:00:00+00:00,1676.1,0.0,482.5263888888889,38.76875,42.458333333333336,47.770833333333336,47.763888888888886,47.361111111111114,37.951388888888886,45.479166666666664,45.44444444444444,34.71527777777778,14.8,0.0,4.081250000000001,19.2,0.4,2.9430555555555555,0.59375,-9.67986111111111,229.5256944444444,27.34722222222222,-792.7222222222222,17560.79861111111,2414600.0,-475.28472222222223,-680612,75.77777777777777,83.64583333333333,73.34027777777777,39.138888888888886,41.44444444444444,36.43055555555556,43.40972222222222,32.38194444444444,29.944444444444443,-3.0,89.7,16.081944444444446,0.8847222222222223,58.53472222222222,38.361111111111114,37.80555555555556,37.861111111111114,39.125,100.59166666666667,0.8416666666666667,50.00208333333333,400.13680555555555,399.56180555555557,397.15486111111113,99.89583333333333,107.73611111111111,106.025,1276.2,-50.5,38.53472222222222,0.34444444444444444,2.8930555555555557,29.92361111111111,-28.31875,882.1,-999.4,24.586111111111112,107.51319444444444,1299.7,0.0,28.28125,-220.63333333333333,0.0,-1000.0,34.700694444444444,220.63333333333333,1000.0,0.0,34.700694444444444,40.076388888888886,284.2277777777778,T01,0.0,9.9,2.91875,0.2297916666666667,0.0,10.3,2.9256944444444444,0.23055555555555557,21.0,32.0,26.229166666666668,1008.0,1010.0,1008.7569444444445,28.0,91.0,61.270833333333336,0.0,0.0,0.0,0.0,54.986111111111114,55.09027777777778,408.69444444444446,,0
2016-08-02 00:00:00+00:00,1697.7,0.0,1151.263888888889,85.86319444444445,54.69444444444444,66.95833333333333,66.71527777777777,66.19444444444444,39.916666666666664,50.854166666666664,54.173611111111114,36.423611111111114,15.0,0.0,10.104166666666666,39.5,0.4,5.465972222222223,1.0444444444444445,3.6923611111111114,120.65069444444445,28.42361111111111,-495.0138888888889,56965.666666666664,8131773.0,-375.96527777777777,-2243771,74.97916666666667,86.02777777777777,77.79861111111111,40.49305555555556,43.80555555555556,37.013888888888886,45.40277777777778,36.986111111111114,30.291666666666668,-3.1,89.7,3.797222222222222,1.1583333333333334,85.13194444444444,40.201388888888886,39.708333333333336,39.513888888888886,40.05555555555556,338.81458333333336,0.8395833333333333,49.99930555555555,399.4736111111111,398.0402777777778,397.8354166666667,303.13125,323.21527777777777,305.5444444444445,1788.9,-50.0,40.861111111111114,0.7708333333333334,5.273611111111111,125.87569444444443,-93.47916666666667,1000.3,-506.9,21.269444444444442,344.4513888888889,1812.6,0.0,125.73541666666668,-656.9972222222223,0.0,-1000.0,87.44583333333334,656.3763888888889,1000.0,0.0,88.96180555555556,49.90972222222222,131.95069444444445,T01,0.7000000000000001,12.7,5.640277777777778,0.9314583333333333,0.7000000000000001,12.8,5.679861111111111,0.9425,24.0,32.0,27.09722222222222,1007.0,1010.0,1009.125,45.0,83.0,65.33333333333333,0.0,0.0,0.0,0.0,109.63888888888889,110.38888888888889,409.0833333333333,,0
2016-08-03 00:00:00+00:00,1661.1,0.0,779.2418803418803,103.21965811965812,49.05982905982906,53.256410256410255,53.547008547008545,53.15384615384615,38.76068376068376,46.70940170940171,48.65811965811966,34.31623931623932,14.7,0.0,6.811965811965812,17.3,0.4,3.8410256410256407,0.7145299145299147,-7.8820512820512825,218.74102564102566,27.307692307692307,-818.5470085470085,14578.401709401709,1609903.0,-667.6752136752136,-773019,60.52991452991453,69.52136752136752,66.11965811965813,39.87179487179487,42.06837606837607,36.87179487179487,44.598290598290596,33.376068376068375,30.136752136752136,-3.0,90.0,15.438461538461539,3.588034188034188,69.97435897435898,39.05982905982906,38.60683760683761,38.58119658119658,39.82051282051282,82.55641025641026,0.747008547008547,49.9991452991453,399.8128205128205,398.76581196581196,396.6666666666667,96.16752136752137,108.78376068376069,102.46581196581197,876.1,-50.1,39.70940170940171,0.9427350427350427,3.7196581196581198,39.79230769230769,-39.67350427350428,1000.3,-1000.0,53.590598290598294,97.48974358974358,886.4,0.0,43.33846153846154,-321.0811965811966,0.0,-1000.0,110.72393162393163,321.0811965811966,1000.0,0.0,110.72393162393163,40.15384615384615,217.39743589743588,T01,0.0,10.2,3.582638888888889,0.3695833333333333,0.0,10.2,3.5687499999999996,0.37562500000000004,23.0,30.0,25.694444444444443,1006.0,1010.0,1008.0625,60.0,91.0,74.35416666666667,0.0,0.0,0.0,0.0,68.38194444444444,68.16666666666667,408.02777777777777,,0
2016-08-04 00:00:00+00:00,1667.8,0.0,655.7493055555556,82.83125000000001,44.354166666666664,49.65972222222222,49.6875,49.270833333333336,38.0,45.86805555555556,47.22222222222222,33.611111111111114,14.8,0.0,5.647222222222222,20.5,0.4,3.563888888888889,0.68125,-8.917361111111111,255.9284722222222,26.243055555555557,-657.4375,20502.42361111111,2857675.0,-378.81944444444446,-923395,72.90972222222223,79.01388888888889,71.53472222222223,37.416666666666664,39.833333333333336,35.861111111111114,41.74305555555556,31.75,29.145833333333332,-3.2,56.7,12.869444444444445,1.504861111111111,60.80555555555556,36.71527777777778,36.24305555555556,36.28472222222222,37.13194444444444,119.07430555555555,0.8562500000000001,50.00069444444445,399.8659722222222,399.1486111111111,396.68333333333334,112.46458333333334,123.45555555555555,118.40069444444445,984.8,-50.2,36.673611111111114,0.7208333333333333,3.486111111111111,41.97361111111111,-38.5125,1000.2,-1000.1,21.631944444444443,127.69930555555555,1003.4,0.0,43.037499999999994,-317.3958333333333,0.0,-1000.0,58.665277777777774,317.3958333333333,1000.0,0.0,58.665277777777774,39.46527777777778,259.84305555555557,T01,0.0,10.6,3.654166666666667,0.29631944444444447,0.0,10.4,3.65625,0.3047222222222222,20.0,30.0,24.881944444444443,1007.0,1009.0,1007.9375,44.0,100.0,75.60416666666667,0.0,0.0,0.0,0.0,69.73611111111111,69.78472222222223,407.8611111111111,,0
2016-08-05 00:00:00+00:00,1657.9,0.0,623.3743055555556,82.84375,43.30555555555556,50.451388888888886,50.53472222222222,50.15972222222222,38.736111111111114,46.486111111111114,47.81944444444444,34.44444444444444,14.7,0.0,5.332638888888889,18.7,0.4,3.4555555555555557,0.6756944444444444,-1.711111111111111,243.99861111111113,26.916666666666668,-762.1527777777778,14787.034722222223,2019578.0,-538.0625,-668235,75.79166666666667,82.06944444444444,74.14583333333333,38.111111111111114,40.59722222222222,36.479166666666664,42.47222222222222,32.71527777777778,29.854166666666668,-3.0,89.7,14.21875,2.0131944444444443,59.06944444444444,37.326388888888886,36.80555555555556,36.84027777777778,37.90277777777778,84.14861111111111,0.80625,50.00069444444445,400.1736111111111,399.37361111111113,397.16319444444446,91.70277777777778,99.85763888888889,96.04861111111111,886.8,-50.7,37.31944444444444,0.8076388888888889,3.396527777777778,33.050694444444446,-27.886805555555554,1000.2,-900.5,36.06111111111111,94.39861111111111,920.9,0.0,35.96180555555556,-266.41805555555555,0.0,-1000.0,55.47569444444444,266.41805555555555,1000.0,0.0,55.47569444444444,40.02777777777778,245.7138888888889,T01,0.3,8.9,3.6631944444444446,0.32319444444444445,0.0,9.1,3.6590277777777778,0.3260416666666667,23.0,29.0,25.70138888888889,1008.0,1011.0,1009.1458333333334,37.0,83.0,64.79166666666667,0.0,0.0,0.0,0.0,70.03472222222223,69.90277777777777,409.0625,,0
2016-08-06 00:00:00+00:00,1807.2,0.0,1355.6416666666667,42.44305555555556,74.71527777777777,111.27777777777777,106.57638888888889,104.93055555555556,48.145833333333336,54.791666666666664,61.166666666666664,39.05555555555556,15.9,0.0,11.96736111111111,43.5,0.8,12.492361111111112,2.292361111111111,-1.7208333333333334,113.87430555555557,27.65972222222222,-742.3680555555555,231075.11111111112,33167915.0,-443.0486111111111,-4046205,86.28472222222223,102.86805555555556,107.50694444444444,44.486111111111114,48.77777777777778,36.03472222222222,50.59722222222222,46.09027777777778,29.444444444444443,-3.0,89.7,18.456944444444446,2.6277777777777778,105.90972222222223,44.895833333333336,44.88194444444444,43.90277777777778,42.451388888888886,1381.9854166666667,0.9750000000000001,50.0,399.67777777777775,397.84375,401.4923611111111,1160.2729166666666,1178.5368055555555,1155.5597222222223,2108.3,-47.6,50.21527777777778,0.3527777777777778,11.881944444444445,126.0284722222222,-168.59375,12.2,-239.3,5.399305555555555,1731.9993055555556,2000.0,107.7,125.01805555555555,-614.3951388888888,0.0,-1000.0,84.225,479.35069444444446,1000.0,0.0,86.71944444444445,67.58333333333333,115.60069444444444,T01,3.3,22.2,12.899999999999999,1.7695138888888888,3.4,22.3,12.977777777777778,1.8028472222222223,25.0,30.0,26.680555555555557,1009.0,1012.0,1010.4583333333334,43.0,78.0,64.18055555555556,0.0,0.0,0.0,0.0,255.20833333333334,256.6388888888889,410.38194444444446,,0
2016-08-07 00:00:00+00:00,1832.6,0.0,1380.1131944444444,44.56597222222222,79.06944444444444,119.20138888888889,114.16666666666667,112.38194444444444,49.44444444444444,54.75694444444444,61.75,39.56944444444444,16.1,0.0,12.186805555555557,43.5,0.6000000000000001,12.953472222222222,2.3333333333333335,-1.1361111111111113,109.93819444444445,27.125,-725.7986111111111,243763.26388888888,34997394.0,-445.8125,-3936581,86.25694444444444,105.60416666666667,115.01388888888889,44.53472222222222,49.93055555555556,35.513888888888886,51.59027777777778,47.02777777777778,28.930555555555557,-2.9,86.3,18.539583333333333,2.7618055555555556,111.47222222222223,45.0,45.0,43.94444444444444,42.416666666666664,1458.0986111111113,0.9798611111111111,49.99930555555555,400.1159722222222,398.2895833333333,402.25138888888887,1221.420138888889,1238.8895833333333,1215.5652777777777,2108.8,-49.7,51.75694444444444,0.3638888888888889,12.34375,123.14861111111112,-164.01527777777778,9.8,-282.8,7.140972222222222,1809.103472222222,2000.0,106.3,111.27638888888889,-593.3881944444444,0.0,-1000.0,83.13819444444444,459.04583333333335,1000.0,0.0,77.60902777777778,72.06944444444444,111.07638888888889,T01,3.4,23.2,12.760416666666666,1.7128472222222222,3.8,22.9,12.834027777777777,1.7482638888888888,24.0,29.0,25.96527777777778,1009.0,1012.0,1010.5416666666666,41.0,70.0,55.84027777777778,0.0,0.0,0.0,0.0,252.29166666666666,253.83333333333334,410.49305555555554,,0
2016-08-08 00:00:00+00:00,1859.0,0.0,1259.0166666666667,43.825,73.25,109.97916666666667,105.0625,103.24305555555556,47.74305555555556,54.0625,59.645833333333336,38.50694444444444,16.3,0.0,11.09375,43.2,0.9,13.790972222222223,2.5923611111111113,1.3354166666666667,112.70416666666667,26.53472222222222,-835.5069444444445,232142.17361111112,33308159.0,-558.5347222222222,-3876762,81.17361111111111,99.86111111111111,108.31944444444444,44.604166666666664,47.88194444444444,34.59027777777778,49.47222222222222,43.875,28.041666666666668,-2.5,89.7,26.130555555555556,3.1215277777777777,100.84722222222223,45.00694444444444,44.94444444444444,43.951388888888886,42.38194444444444,1387.867361111111,0.9576388888888889,49.99930555555555,400.14166666666665,398.5111111111111,402.1277777777778,1166.3034722222224,1179.3173611111113,1160.7923611111112,2110.8,-47.5,49.270833333333336,0.3534722222222222,13.143055555555556,119.80902777777777,-161.53333333333333,11.7,-240.3,5.995833333333334,1856.170138888889,2000.0,208.4,128.72777777777776,-526.8423611111111,0.0,-1000.0,85.28680555555555,392.40694444444443,1000.0,0.0,90.47638888888889,67.84027777777777,111.35694444444444,T01,6.1,24.6,14.051388888888889,2.423541666666667,5.9,23.8,14.12638888888889,2.4747222222222223,23.0,29.0,25.40277777777778,1009.0,1011.0,1009.8472222222222,42.0,75.0,59.270833333333336,0.0,0.0,0.0,0.0,278.19444444444446,279.69444444444446,409.8125,,0
2016-08-09 00:00:00+00:00,1777.6,1223.7,1576.3770833333333,50.28263888888889,68.83333333333333,97.47916666666667,95.10416666666667,93.77083333333333,42.861111111111114,53.40277777777778,60.361111111111114,38.97222222222222,15.6,10.8,13.960416666666667,37.0,0.7000000000000001,8.827083333333333,1.6458333333333333,-0.5368055555555554,117.23402777777778,28.15972222222222,0.0,173233.0625,24945561.0,0.0,-4273006,73.65277777777777,90.36111111111111,95.65972222222223,43.43055555555556,47.31944444444444,36.236111111111114,48.111111111111114,42.11805555555556,29.54861111111111,-3.1,10.9,-1.2458333333333333,0.7354166666666667,104.56944444444444,43.791666666666664,43.583333333333336,42.9375,41.986111111111114,1039.2465277777778,0.9784722222222223,50.0,398.82222222222225,397.4486111111111,399.57430555555555,869.2055555555556,896.1541666666667,873.5756944444444,2102.8,-50.0,45.84722222222222,0.44166666666666665,8.359027777777778,204.15138888888887,-178.04027777777776,0.2,-264.3,5.765972222222222,1038.4520833333333,2000.0,0.0,204.0388888888889,-954.4819444444444,0.0,-1000.0,56.519444444444446,898.85625,1000.0,0.0,89.45763888888888,66.90277777777777,117.77499999999999,T01,1.6,16.0,8.59236111111111,1.2624305555555555,1.3,16.2,8.652777777777779,1.2827777777777778,24.0,32.0,26.9375,1006.0,1010.0,1008.0902777777778,28.0,58.0,42.21527777777778,0.0,0.0,0.0,0.0,168.79166666666666,170.08333333333334,408.0416666666667,,0
2016-08-10 00:00:00+00:00,1802.2,0.0,1394.2833333333333,71.60069444444444,64.6875,99.20833333333333,95.72222222222223,94.43055555555556,44.1875,52.375,58.22222222222222,36.791666666666664,15.9,0.0,12.356944444444444,39.6,0.4,8.947916666666666,1.65,-0.6048611111111111,119.98402777777778,26.618055555555557,-375.8611111111111,184781.34722222222,26554389.0,-293.0,-3678689,72.91666666666667,87.84027777777777,92.79166666666667,43.28472222222222,46.798611111111114,34.94444444444444,48.84027777777778,41.88194444444444,28.32638888888889,-2.9,89.7,4.454166666666667,2.90625,102.02083333333333,43.53472222222222,43.458333333333336,42.59722222222222,41.61805555555556,1106.4458333333334,0.8812500000000001,50.0,399.57708333333335,397.9527777777778,400.2729166666667,936.4270833333334,954.0840277777778,933.7062500000001,2110.8,-49.6,47.63194444444444,0.6298611111111111,8.458333333333334,131.16180555555556,-153.27777777777777,999.9,-499.9,20.117361111111112,1119.4569444444444,2000.0,0.0,134.0340277777778,-610.6798611111111,0.0,-1000.0,105.38125,505.8847222222222,1000.0,0.0,117.24097222222223,64.41666666666667,120.5951388888889,T01,1.1,17.9,9.080555555555556,1.4025694444444445,1.3,18.2,9.152777777777779,1.4109027777777776,22.0,30.0,25.381944444444443,1005.0,1008.0,1006.3125,41.0,78.0,56.13194444444444,0.0,0.0,0.0,0.0,178.58333333333334,179.94444444444446,406.27777777777777,,0
2016-08-11 00:00:00+00:00,1824.1,0.0,1343.3604166666667,38.327083333333334,73.75694444444444,111.56944444444444,106.94444444444444,105.32638888888889,48.791666666666664,53.8125,59.81944444444444,38.479166666666664,16.0,0.0,11.841666666666667,32.6,0.5,12.831944444444444,2.490277777777778,-0.361111111111111,113.75555555555555,26.625,-558.8958333333334,228592.69444444444,32836866.0,-381.5,-4136156,82.39583333333333,101.38888888888889,109.02777777777777,44.138888888888886,48.423611111111114,34.854166666666664,49.80555555555556,44.291666666666664,28.180555555555557,-3.1,89.7,19.213194444444444,2.4361111111111113,104.71527777777777,44.56944444444444,44.49305555555556,43.53472222222222,42.03472222222222,1368.1902777777777,0.9624999999999999,49.99791666666667,399.7277777777778,398.1118055555555,401.94097222222223,1148.4798611111112,1164.8111111111111,1142.2854166666666,2110.4,-50.0,49.4375,0.30694444444444446,12.338888888888889,158.30763888888887,-172.33680555555554,16.1,-234.2,5.136805555555556,1758.1125000000002,2000.0,0.0,146.39999999999998,-612.0763888888889,0.0,-1000.0,90.51458333333333,491.5805555555556,1000.0,0.0,103.05486111111111,67.13888888888889,114.12152777777777,T01,3.0,23.1,13.23125,2.3336805555555555,3.0,23.4,13.299305555555556,2.3665972222222225,23.0,29.0,25.395833333333332,1007.0,1010.0,1008.3333333333334,44.0,74.0,60.53472222222222,0.0,0.0,0.0,0.0,261.72222222222223,263.1666666666667,408.28472222222223,,0
2016-08-12 00:00:00+00:00,1857.8,0.0,1107.6611111111113,34.385416666666664,67.54166666666667,99.48611111111111,95.21527777777777,93.72916666666667,46.80555555555556,52.583333333333336,56.541666666666664,37.479166666666664,16.3,0.0,9.700694444444444,41.3,0.8,14.74097222222222,2.8090277777777777,0.29097222222222224,115.51180555555555,26.041666666666668,-741.0694444444445,199914.65972222222,28680997.0,-530.5694444444445,-3385095,77.20138888888889,94.97222222222223,101.84722222222223,43.30555555555556,46.576388888888886,34.25,48.173611111111114,41.90972222222222,27.625,-2.6,89.7,32.730555555555554,2.3569444444444443,93.41666666666667,43.541666666666664,43.4375,42.666666666666664,41.49305555555556,1195.076388888889,0.9388888888888888,49.99930555555555,400.4513888888889,398.89374999999995,402.49652777777777,1005.7006944444444,1015.8854166666666,998.3187499999999,2109.2,-46.5,47.208333333333336,0.24375000000000002,14.294444444444444,122.22083333333333,-141.05069444444445,23.1,-229.5,4.535416666666666,1888.9694444444442,2000.0,172.2,108.55833333333334,-470.86041666666665,0.0,-1000.0,82.91388888888889,357.28263888888887,1000.0,0.0,87.6548611111111,60.076388888888886,115.22291666666666,T01,1.7000000000000002,26.2,14.413888888888888,3.802430555555555,1.7000000000000002,26.0,14.480555555555554,3.860347222222222,23.0,28.0,24.9375,1009.0,1012.0,1010.4166666666666,41.0,71.0,56.80555555555556,0.0,0.0,0.0,0.0,285.4513888888889,286.84722222222223,410.3888888888889,,0
2016-08-13 00:00:00+00:00,1861.8,0.0,1253.9402777777777,33.855555555555554,70.86111111111111,105.27083333333333,100.65972222222223,99.16666666666667,47.09027777777778,53.19444444444444,58.36805555555556,37.423611111111114,16.1,0.0,11.040277777777778,43.0,1.2,13.244444444444445,2.566666666666667,-0.6319444444444444,113.63125,25.65972222222222,-706.7083333333334,218474.26388888888,31358526.0,-514.0902777777778,-3785338,77.34027777777777,95.09722222222223,102.125,43.72222222222222,46.77777777777778,33.861111111111114,48.125,41.96527777777778,27.27777777777778,-2.9,89.7,24.536805555555556,2.2826388888888887,98.73611111111111,44.104166666666664,44.125,43.24305555555556,41.625,1306.6722222222222,0.9500000000000001,49.99861111111111,399.9555555555555,398.40208333333334,402.2326388888889,1099.0993055555555,1110.3319444444444,1090.4423611111113,2107.3,-46.5,47.38194444444444,0.2625,12.755555555555555,138.29930555555555,-157.72291666666666,13.2,-230.0,4.503472222222222,1812.0090277777776,2000.0,274.9,137.0076388888889,-558.89375,0.0,-1000.0,81.26388888888889,441.6590277777778,1000.0,0.0,90.83402777777778,62.06944444444444,114.26875000000001,T01,2.6,23.5,13.40763888888889,2.583263888888889,2.6,23.4,13.466666666666667,2.6213194444444445,22.0,28.0,24.46527777777778,1008.0,1011.0,1009.7083333333334,46.0,73.0,58.833333333333336,0.0,0.0,0.0,0.0,265.2361111111111,266.47222222222223,409.7013888888889,,0
2016-08-14 00:00:00+00:00,1804.4,0.0,1258.0006944444444,36.80347222222222,74.98611111111111,113.93055555555556,108.91666666666667,107.34722222222223,48.40277777777778,54.27777777777778,59.791666666666664,38.020833333333336,15.9,0.0,11.083333333333334,34.9,0.7000000000000001,12.603472222222223,2.2944444444444443,-0.17986111111111108,110.14513888888888,25.97222222222222,-841.7777777777778,231021.22222222222,33145839.0,-552.1319444444445,-3894886,83.66666666666667,102.68055555555556,111.45833333333333,43.71527777777778,48.375,34.27777777777778,50.048611111111114,44.90277777777778,27.79861111111111,-2.7,89.7,25.131944444444443,2.5569444444444445,104.50694444444444,44.15277777777778,44.083333333333336,43.125,41.61805555555556,1381.0597222222223,0.9590277777777777,49.99930555555555,400.0076388888889,398.3465277777778,402.2270833333333,1162.3486111111113,1173.9215277777778,1153.892361111111,2109.9,-49.7,50.02777777777778,0.3006944444444445,12.144444444444444,76.78333333333333,-162.28750000000002,9.5,-230.2,4.281944444444445,1842.5395833333334,2000.0,138.7,107.05625,-503.28402777777774,0.0,-1000.0,63.760416666666664,377.61041666666665,1000.0,0.0,55.15486111111111,63.979166666666664,110.31944444444444,T01,5.2,20.1,12.899305555555555,1.7787499999999998,5.5,20.5,12.962499999999999,1.8079166666666664,23.0,28.0,24.930555555555557,1007.0,1009.0,1007.9583333333334,53.0,71.0,62.09027777777778,0.0,0.0,0.0,0.0,255.09722222222223,256.36805555555554,407.88194444444446,,0
2016-08-15 00:00:00+00:00,1778.1,167.4,1531.8805555555555,60.88333333333334,64.68055555555556,95.38194444444444,92.66666666666667,91.45833333333333,42.673611111111114,53.451388888888886,59.451388888888886,36.576388888888886,15.7,1.5,13.571527777777778,27.6,0.4,8.766666666666667,1.5979166666666667,-0.052083333333333245,112.79652777777778,25.694444444444443,-29.45138888888889,167925.20833333334,24176990.0,-19.40972222222222,-3735113,70.45833333333333,87.02083333333333,91.65277777777777,42.06944444444444,44.916666666666664,33.354166666666664,45.96527777777778,39.44444444444444,26.819444444444443,-3.1,43.8,-0.1104166666666667,1.0444444444444445,103.0,42.298611111111114,42.201388888888886,41.451388888888886,40.229166666666664,1007.4354166666667,0.9506944444444445,50.0,399.3305555555555,397.74305555555554,399.6652777777778,845.3583333333333,870.2291666666666,845.29375,2104.4,-50.0,43.770833333333336,0.5340277777777778,8.347916666666666,172.15416666666667,-155.6236111111111,976.6,-583.0,12.78263888888889,1006.8402777777778,2000.0,0.0,171.4798611111111,-857.7249999999999,0.0,-1000.0,91.74097222222223,791.0270833333333,1000.0,0.0,104.28958333333334,62.173611111111114,112.84722222222223,T01,1.5,17.8,8.39375,1.2011111111111112,1.1,17.9,8.443750000000001,1.2070138888888888,23.0,28.0,24.70138888888889,1006.0,1010.0,1008.3333333333334,56.0,77.0,68.125,0.0,0.0,0.0,0.0,164.76388888888889,165.66666666666666,408.31944444444446,,0
2016-08-16 00:00:00+00:00,1673.1,0.0,885.8520833333333,146.42847222222224,48.861111111111114,57.09027777777778,57.22222222222222,56.99305555555556,40.74305555555556,48.388888888888886,50.916666666666664,36.00694444444444,14.8,0.0,7.773611111111112,20.9,0.4,4.010416666666667,0.8652777777777778,1.9090277777777775,147.36458333333334,28.895833333333332,-878.0138888888889,15425.013888888889,2094768.0,-764.1875,-1118580,57.826388888888886,69.3125,69.94444444444444,40.27777777777778,43.68055555555556,37.916666666666664,45.40277777777778,35.833333333333336,31.069444444444443,-3.0,89.7,8.752083333333333,3.8618055555555557,76.23611111111111,39.5,39.0625,39.03472222222222,40.326388888888886,87.26597222222222,0.7333333333333334,50.0,399.97291666666666,398.93819444444443,397.5076388888889,103.3375,114.26041666666667,104.18472222222222,1043.7,-51.1,40.71527777777778,1.348611111111111,3.921527777777778,49.10277777777778,-46.537499999999994,1000.4,-991.0,48.56527777777777,102.99722222222222,1064.1,0.0,52.236805555555556,-342.9736111111111,0.0,-1000.0,133.9263888888889,342.9736111111111,1000.0,0.0,133.9263888888889,44.111111111111114,150.46249999999998,T01,0.2,10.0,4.238888888888889,0.49347222222222226,0.2,9.9,4.216666666666667,0.4964583333333333,23.0,34.0,27.65277777777778,1006.0,1009.0,1007.5486111111111,32.0,77.0,56.111111111111114,0.0,0.0,0.0,0.0,81.64583333333333,81.11805555555556,407.52777777777777,,0
2016-08-17 00:00:00+00:00,1675.5,0.0,752.2826388888889,60.02638888888888,48.729166666666664,54.326388888888886,54.3125,53.80555555555556,42.11805555555556,48.888888888888886,50.520833333333336,36.09027777777778,14.9,0.0,6.4430555555555555,36.4,0.4,3.8756944444444446,0.7180555555555556,-0.9659722222222226,226.21249999999998,27.854166666666668,-650.8055555555555,25155.847222222223,3528727.0,-470.96527777777777,-1201646,58.15277777777778,68.41666666666667,69.09722222222223,39.81944444444444,42.763888888888886,36.90277777777778,44.38194444444444,36.00694444444444,30.270833333333332,-3.2,57.5,11.006250000000001,0.9708333333333334,67.41666666666667,39.13194444444444,38.673611111111114,38.6875,39.770833333333336,147.03055555555557,0.8083333333333333,49.99861111111111,399.7368055555555,398.78541666666666,397.0888888888889,140.8861111111111,152.36111111111111,144.84930555555556,1303.8,-50.9,39.604166666666664,0.54375,3.800694444444444,48.03958333333333,-50.08263888888889,827.2,-902.6,24.18263888888889,153.26597222222222,1333.6,0.0,47.48125,-361.66319444444446,0.0,-1000.0,61.700694444444444,361.66319444444446,1000.0,0.0,61.700694444444444,43.21527777777778,249.6673611111111,T01,0.3,11.1,4.036111111111111,0.28402777777777777,0.2,11.7,4.0256944444444445,0.28444444444444444,23.0,32.0,26.34027777777778,1006.0,1008.0,1006.9583333333334,21.0,72.0,54.861111111111114,0.0,0.0,0.0,0.0,77.36111111111111,77.18055555555556,406.875,,0
2016-08-18 00:00:00+00:00,1678.2,0.0,662.4305555555555,38.93611111111111,42.88194444444444,50.06944444444444,50.03472222222222,49.65277777777778,38.333333333333336,46.201388888888886,46.94444444444444,33.138888888888886,14.9,0.0,5.607638888888889,19.5,0.4,3.6062499999999997,0.6548611111111111,-2.004861111111111,232.79999999999998,25.680555555555557,-638.7013888888889,24406.57638888889,3422573.0,-367.49305555555554,-1069191,65.59027777777777,73.69444444444444,69.69444444444444,37.19444444444444,39.72222222222222,36.05555555555556,41.611111111111114,31.291666666666668,29.15277777777778,-3.3,83.6,12.577083333333333,0.4527777777777778,62.22222222222222,36.49305555555556,36.09027777777778,36.083333333333336,36.791666666666664,142.61944444444444,0.8638888888888889,50.0,399.8020833333333,399.07222222222225,397.3694444444444,135.97708333333333,145.7513888888889,141.42847222222224,1227.1,-49.3,36.5625,0.3333333333333333,3.5250000000000004,38.08125,-44.61388888888889,661.1,-993.1,26.73611111111111,147.77222222222224,1240.8,0.0,37.56527777777777,-363.96527777777777,0.0,-1000.0,42.166666666666664,363.96527777777777,1000.0,0.0,42.166666666666664,39.173611111111114,234.81597222222223,T01,0.0,10.9,3.577777777777778,0.22722222222222221,0.0,10.3,3.577777777777778,0.22868055555555555,20.0,29.0,24.118055555555557,1004.0,1008.0,1005.5208333333334,22.0,98.0,71.63194444444444,0.0,0.0,0.0,0.0,68.1875,68.20833333333333,405.4861111111111,,0
2016-08-19 00:00:00+00:00,1673.3,0.0,696.4222222222222,67.17847222222223,42.6875,48.68055555555556,48.729166666666664,48.34722222222222,36.826388888888886,45.6875,47.041666666666664,32.25694444444444,14.8,0.0,5.993055555555555,39.5,0.4,3.925694444444444,0.7541666666666668,-5.5,235.55902777777777,24.993055555555557,-662.4027777777778,23333.631944444445,3264656.0,-354.90277777777777,-1061748,72.21527777777777,79.06944444444444,71.59027777777777,36.43055555555556,38.708333333333336,34.611111111111114,40.541666666666664,30.54861111111111,28.006944444444443,-3.0,89.7,12.849305555555555,1.2222222222222223,60.604166666666664,35.708333333333336,35.236111111111114,35.27777777777778,35.861111111111114,136.01666666666668,0.8895833333333333,49.99930555555555,399.6763888888889,399.12708333333336,396.99930555555557,124.46249999999999,134.95972222222224,129.49305555555554,1015.5,-50.0,35.4375,0.6694444444444445,3.8402777777777777,43.45625,-44.24027777777778,950.2,-784.1,11.891666666666667,143.97708333333333,1030.3,0.0,45.452777777777776,-362.5138888888889,0.0,-1000.0,37.484027777777776,362.5138888888889,1000.0,0.0,37.484027777777776,37.68055555555556,241.05833333333334,T01,0.3,9.9,3.9305555555555554,0.27631944444444445,0.3,9.6,3.884722222222222,0.29194444444444445,19.0,29.0,23.645833333333332,1004.0,1007.0,1005.9236111111111,35.0,100.0,74.65972222222223,0.0,1.0,0.006944444444444444,0.0,75.29861111111111,74.47222222222223,405.8541666666667,,0
2016-08-20 00:00:00+00:00,1695.3,0.0,659.6055555555555,60.69444444444444,43.65972222222222,51.1875,51.041666666666664,50.548611111111114,38.791666666666664,46.61805555555556,47.65972222222222,34.895833333333336,15.0,0.0,5.683333333333334,30.7,0.4,3.9013888888888886,0.7631944444444445,-20.700694444444444,247.51527777777775,26.743055555555557,-558.875,33089.65972222222,4684434.0,-319.1388888888889,-1194504,76.15972222222223,82.45833333333333,74.94444444444444,39.15277777777778,41.513888888888886,36.263888888888886,43.49305555555556,32.263888888888886,29.38888888888889,-3.0,84.6,12.973611111111111,1.11875,62.361111111111114,38.388888888888886,38.020833333333336,38.03472222222222,38.97222222222222,195.17291666666668,0.8923611111111112,49.99930555555555,400.06666666666666,399.14444444444445,397.77986111111113,171.81666666666666,184.57083333333333,176.90138888888887,1605.9,-50.0,38.701388888888886,0.5826388888888889,3.8090277777777777,51.47847222222222,-49.806250000000006,1000.7,-1000.0,15.313194444444443,201.43263888888887,1617.1,0.0,51.849999999999994,-370.92777777777775,0.0,-1000.0,40.671527777777776,370.81875,1000.0,0.0,41.34305555555556,40.875,245.73402777777775,T01,0.0,11.1,3.923611111111111,0.3222916666666667,0.0,11.7,3.9090277777777778,0.32104166666666667,21.0,31.0,25.32638888888889,1006.0,1010.0,1008.0138888888889,35.0,98.0,71.65277777777777,0.0,0.0,0.0,0.0,75.14583333333333,74.88194444444444,407.9583333333333,,0
2016-08-21 00:00:00+00:00,1792.0,0.0,960.6743055555556,32.65138888888889,57.145833333333336,80.125,77.52083333333333,76.43055555555556,41.638888888888886,49.22222222222222,52.770833333333336,35.326388888888886,15.8,0.0,8.390277777777778,31.9,0.4,6.688888888888889,1.225,-6.863194444444444,134.55694444444444,26.28472222222222,-515.2152777777778,135910.22916666666,19496883.0,-331.3263888888889,-2366127,80.35416666666667,90.5625,87.38194444444444,41.548611111111114,43.9375,34.84722222222222,46.125,37.576388888888886,28.28472222222222,-2.7,68.8,10.692361111111111,1.2243055555555555,79.95138888888889,41.27777777777778,41.104166666666664,40.59027777777778,40.15277777777778,812.3159722222222,0.9083333333333334,50.0,399.71666666666664,398.49861111111113,399.4451388888889,684.6624999999999,696.3319444444445,683.1194444444444,2106.2,-50.1,43.826388888888886,0.34305555555555556,6.341666666666667,112.46597222222222,-98.62777777777778,1000.2,-501.9,10.294444444444444,815.5104166666666,2000.0,0.0,110.54374999999999,-444.34722222222223,0.0,-1000.0,91.19930555555555,364.9173611111111,1000.0,0.0,102.76875000000001,50.8125,143.90972222222223,T01,0.0,16.9,6.35,0.6793055555555555,0.0,16.9,6.388194444444444,0.686875,19.0,31.0,25.1875,1009.0,1011.0,1010.1736111111111,52.0,100.0,73.84722222222223,0.0,0.0,0.0,0.0,123.77083333333333,124.57638888888889,410.13194444444446,,0
2016-08-22 00:00:00+00:00,1816.3,0.0,1250.3215277777776,46.703472222222224,63.47222222222222,92.52083333333333,89.63194444444444,88.52777777777777,42.854166666666664,54.75,59.0,37.75,16.0,0.0,11.008333333333333,40.6,0.7000000000000001,12.17361111111111,2.145138888888889,-0.5354166666666668,112.89652777777778,27.13888888888889,-666.2152777777778,165335.71527777778,23712407.0,-471.77777777777777,-3501236,73.63194444444444,91.16666666666667,96.29166666666667,41.770833333333336,46.11805555555556,35.1875,47.09722222222222,41.31944444444444,28.416666666666668,-3.1,89.7,21.549305555555556,1.3201388888888888,94.13888888888889,41.97222222222222,41.854166666666664,41.24305555555556,40.34722222222222,988.063888888889,0.9548611111111112,49.99930555555555,399.8576388888889,398.39444444444445,401.45694444444445,836.7631944444444,848.9805555555555,827.4826388888889,2110.8,-48.2,44.798611111111114,0.37430555555555556,11.801388888888889,116.32291666666667,-145.8826388888889,13.4,-238.2,4.333333333333333,1451.0375,2000.0,85.9,107.76666666666667,-655.2076388888888,0.0,-1000.0,29.252083333333335,596.0770833333333,1000.0,0.0,34.20902777777778,55.13194444444444,113.43472222222222,T01,2.3,22.7,12.240277777777777,1.9384027777777777,2.4,23.0,12.315277777777778,1.9678472222222223,24.0,29.0,26.125,1009.0,1012.0,1010.4652777777778,55.0,82.0,68.63888888888889,0.0,0.0,0.0,0.0,241.92361111111111,243.40277777777777,410.375,,0
2016-08-23 00:00:00+00:00,1801.7,0.0,1304.7680555555555,32.22291666666667,73.15277777777777,106.88888888888889,102.40277777777777,100.77777777777777,46.53472222222222,53.63194444444444,59.263888888888886,38.22222222222222,15.9,0.0,11.490277777777777,32.2,0.6000000000000001,13.234027777777778,2.3208333333333333,-0.7319444444444444,107.12916666666666,26.90972222222222,-616.5625,221636.29861111112,31826841.0,-425.3125,-3816829,77.40972222222223,95.58333333333333,102.05555555555556,44.166666666666664,47.375,34.68055555555556,49.00694444444444,43.583333333333336,28.291666666666668,-3.0,86.3,21.234027777777776,1.78125,100.3125,44.55555555555556,44.583333333333336,43.611111111111114,42.11805555555556,1326.0194444444444,0.9604166666666667,49.99930555555555,400.1381944444445,398.6145833333333,402.3409722222222,1113.086111111111,1126.804861111111,1106.0090277777776,2109.9,-46.9,48.326388888888886,0.25277777777777777,12.791666666666666,142.29722222222222,-159.03819444444446,16.3,-230.7,4.970138888888889,1770.298611111111,2000.0,118.4,128.66319444444446,-608.9236111111111,0.0,-1000.0,76.78333333333333,490.1743055555556,1000.0,0.0,92.75902777777777,65.5625,107.85069444444444,T01,2.1,23.0,12.965972222222222,1.5685416666666667,2.0,22.4,13.043055555555556,1.5917361111111112,24.0,29.0,25.92361111111111,1007.0,1011.0,1009.0902777777778,44.0,67.0,55.923611111111114,0.0,0.0,0.0,0.0,256.5138888888889,257.94444444444446,409.0486111111111,,0
2016-08-24 00:00:00+00:00,1820.9,0.0,1008.7180555555556,34.636805555555554,63.083333333333336,89.68055555555556,86.5625,85.39583333333333,44.5625,52.395833333333336,55.43055555555556,37.076388888888886,16.0,0.0,8.818055555555555,39.0,0.7000000000000001,12.786111111111111,2.314583333333333,-0.2666666666666666,109.37569444444445,26.333333333333332,-862.8611111111111,161897.8125,23189033.0,-620.4513888888889,-3026885,73.30555555555556,90.88194444444444,96.84722222222223,42.236111111111114,45.736111111111114,34.395833333333336,46.951388888888886,40.3125,27.73611111111111,-2.6,89.7,36.00486111111111,1.5750000000000002,87.375,42.1875,42.11805555555556,41.40972222222222,40.729166666666664,966.3020833333334,0.9291666666666667,49.99930555555555,400.56319444444443,398.8125,401.96736111111113,817.4222222222222,828.3270833333333,811.1743055555556,2106.0,-46.4,44.88194444444444,0.2520833333333334,12.477083333333333,108.43402777777777,-126.1263888888889,19.5,-233.5,4.329166666666667,1759.9847222222222,2000.0,174.9,122.47847222222224,-480.3284722222222,0.0,-1000.0,45.677083333333336,402.8215277777778,1000.0,0.0,59.080555555555556,56.97222222222222,109.63958333333333,T01,2.4,20.9,12.90763888888889,1.766875,2.5,20.9,12.978472222222223,1.7984722222222222,23.0,36.0,25.28472222222222,1005.0,1008.0,1006.5,43.0,76.0,61.5625,0.0,0.0,0.0,0.0,255.33333333333334,256.6041666666667,406.4861111111111,,0
2016-08-25 00:00:00+00:00,1819.1,0.0,1135.5131944444445,30.220138888888886,68.67361111111111,99.95833333333333,95.63888888888889,94.07638888888889,46.9375,52.895833333333336,57.145833333333336,37.298611111111114,15.9,0.0,9.972222222222221,33.6,0.8,12.442361111111111,2.3131944444444446,0.35347222222222224,110.62777777777778,26.291666666666668,-763.6041666666666,204899.39583333334,29395554.0,-559.9791666666666,-3374740,76.18055555555556,93.34722222222223,99.73611111111111,43.673611111111114,46.43055555555556,34.38194444444444,48.15972222222222,42.31944444444444,27.819444444444443,-2.5,86.3,30.393749999999997,2.0145833333333334,92.34027777777777,43.90277777777778,43.791666666666664,42.895833333333336,41.72222222222222,1224.8729166666667,0.9375,49.99930555555555,400.6763888888889,399.00138888888887,402.41597222222225,1028.7840277777777,1042.3034722222224,1024.0048611111113,2109.2,-47.0,47.270833333333336,0.2201388888888889,12.036111111111111,100.93194444444445,-140.61527777777778,16.0,-228.7,4.488194444444444,1847.7916666666667,2000.0,465.1,148.2625,-487.1520833333333,0.0,-1000.0,73.21666666666667,372.3263888888889,1000.0,0.0,74.52847222222222,61.94444444444444,110.27777777777777,T01,6.1,21.1,12.406944444444443,1.735,6.2,20.9,12.479166666666666,1.760486111111111,23.0,29.0,25.166666666666668,1003.0,1006.0,1004.3333333333334,50.0,75.0,64.38194444444444,0.0,0.0,0.0,0.0,245.31944444444446,246.56944444444446,404.28472222222223,,0
2016-08-26 00:00:00+00:00,1798.0,0.0,1261.072222222222,29.213194444444444,72.66666666666667,106.16666666666667,102.05555555555556,100.53472222222223,47.00694444444444,53.90972222222222,59.104166666666664,38.458333333333336,15.8,0.0,11.108333333333334,32.9,0.9,11.572916666666666,2.0458333333333334,-0.6180555555555557,108.92777777777778,26.875,-697.9027777777778,209936.44444444444,30130351.0,-498.5416666666667,-3695265,78.96527777777777,97.20833333333333,104.20833333333333,44.111111111111114,48.06944444444444,35.048611111111114,49.388888888888886,43.916666666666664,28.5625,-3.2,89.7,22.226388888888888,1.5868055555555556,100.82638888888889,44.333333333333336,44.31944444444444,43.46527777777778,42.229166666666664,1255.3326388888888,0.9562499999999999,49.99930555555555,400.0416666666667,398.36805555555554,401.92083333333335,1054.9715277777777,1069.5541666666666,1048.5965277777777,2105.7,-47.6,48.5625,0.22569444444444445,11.102777777777778,148.30902777777777,-153.96666666666667,16.1,-221.7,4.745833333333334,1689.632638888889,2000.0,82.9,179.74791666666667,-609.40625,0.0,-1000.0,88.91458333333334,491.98819444444445,1000.0,0.0,100.24027777777778,64.89583333333333,109.55833333333334,T01,3.1,21.7,11.238888888888889,1.3921527777777778,2.8,22.0,11.31388888888889,1.412638888888889,23.0,30.0,25.805555555555557,1004.0,1008.0,1005.0763888888889,44.0,76.0,60.861111111111114,0.0,0.0,0.0,0.0,221.83333333333334,223.3125,405.0486111111111,,0
2016-08-27 00:00:00+00:00,1714.1,1221.1,1496.7152777777778,53.925694444444446,63.1875,79.34722222222223,78.43055555555556,77.73611111111111,38.923611111111114,52.22222222222222,58.173611111111114,37.30555555555556,15.1,10.8,13.256944444444445,26.1,0.8,7.260416666666667,1.1909722222222223,0.6159722222222223,111.85624999999999,28.354166666666668,-5.708333333333333,107897.94444444444,15536483.0,-3.638888888888889,-3446226,63.03472222222222,77.36805555555556,78.95833333333333,41.645833333333336,44.736111111111114,36.298611111111114,45.923611111111114,39.25694444444444,29.65972222222222,-3.3,5.0,-1.7798611111111111,0.34861111111111115,96.5,41.61805555555556,41.40972222222222,40.97222222222222,40.75,647.3645833333334,0.9388888888888888,49.99930555555555,398.75416666666666,397.1826388888889,399.0111111111111,550.91875,573.6604166666667,546.2118055555555,2098.9,-44.4,42.173611111111114,0.4715277777777778,6.976388888888889,139.30416666666667,-143.59375,16.1,-205.5,6.422916666666667,647.4333333333333,2000.0,0.0,139.71458333333334,-931.0027777777777,0.0,-1000.0,42.702083333333334,927.1312499999999,1000.0,0.0,51.75277777777777,54.708333333333336,111.23541666666667,T01,1.2,12.5,7.3500000000000005,0.6267361111111112,1.4,12.3,7.415277777777778,0.6324305555555556,24.0,32.0,27.32638888888889,1007.0,1010.0,1008.2430555555555,42.0,77.0,57.791666666666664,0.0,0.0,0.0,0.0,143.88888888888889,145.13888888888889,408.1666666666667,,0
2016-08-28 00:00:00+00:00,1678.3,0.0,768.0208333333334,48.59166666666667,51.479166666666664,56.61805555555556,56.625,56.09027777777778,41.22222222222222,48.99305555555556,50.78472222222222,36.78472222222222,14.9,0.0,6.649305555555555,20.5,0.4,3.964583333333333,0.6861111111111112,7.073611111111111,184.54583333333332,28.9375,-783.1041666666666,25090.5,3500266.0,-534.3958333333334,-1179557,59.4375,71.36111111111111,71.77777777777777,39.888888888888886,43.38194444444444,38.333333333333336,44.71527777777778,36.96527777777778,31.47222222222222,-3.1,84.3,10.970833333333333,0.8826388888888889,71.24305555555556,39.15277777777778,38.74305555555556,38.68055555555556,39.81944444444444,145.8083333333333,0.8354166666666667,49.99930555555555,399.88125,398.7416666666667,396.9347222222222,141.8625,157.16597222222222,148.94722222222222,1098.8,-51.5,39.84722222222222,0.46319444444444446,3.879166666666667,36.489583333333336,-49.15972222222222,1000.2,-999.9,33.00416666666667,154.48541666666668,1114.8,0.0,38.515972222222224,-391.69375,0.0,-1000.0,61.56944444444444,391.69375,1000.0,0.0,61.56944444444444,43.63194444444444,199.95486111111111,T01,0.0,9.4,3.997916666666667,0.23159722222222223,0.0,9.5,4.013194444444444,0.23416666666666666,23.0,33.0,27.71527777777778,1009.0,1012.0,1010.3333333333334,39.0,78.0,57.229166666666664,0.0,0.0,0.0,0.0,76.69444444444444,77.06944444444444,410.25,,0
2016-08-29 00:00:00+00:00,1645.4,0.0,582.1888888888889,44.40416666666667,45.145833333333336,50.333333333333336,50.423611111111114,49.951388888888886,41.625,46.479166666666664,47.111111111111114,36.31944444444444,14.6,0.0,5.042361111111111,19.4,0.4,3.2347222222222225,0.5770833333333334,10.830555555555556,235.93819444444443,29.0625,-746.3194444444445,13912.590277777777,1895942.0,-476.81944444444446,-860813,64.64583333333333,73.28472222222223,70.43055555555556,40.13194444444444,42.81944444444444,37.61805555555556,44.71527777777778,35.020833333333336,31.194444444444443,-2.7,81.1,13.7625,0.8555555555555556,62.888888888888886,39.125,38.78472222222222,38.770833333333336,40.166666666666664,78.99583333333334,0.8125,50.00138888888889,399.5861111111111,398.9527777777778,396.1159722222222,87.13125,97.25,94.57708333333333,876.4,-50.2,39.77777777777778,0.40069444444444446,3.178472222222222,30.33402777777778,-35.890277777777776,981.4,-998.0,37.324305555555554,86.14097222222222,890.0,0.0,29.011111111111113,-291.00069444444443,0.0,-1000.0,68.79583333333333,291.00069444444443,1000.0,0.0,68.79583333333333,40.65972222222222,297.59236111111113,T01,0.0,9.0,3.3499999999999996,0.1938888888888889,0.3,8.7,3.3375000000000004,0.19555555555555557,24.0,34.0,27.95138888888889,1008.0,1012.0,1010.3055555555555,22.0,71.0,48.104166666666664,0.0,0.0,0.0,0.0,63.61805555555556,63.451388888888886,410.28472222222223,,0
2016-08-30 00:00:00+00:00,1424.7,0.0,149.89305555555555,32.576388888888886,34.333333333333336,37.47222222222222,37.47222222222222,37.166666666666664,38.375,41.763888888888886,40.583333333333336,31.38888888888889,12.6,0.0,1.1347222222222222,14.4,0.4,2.2333333333333334,0.3763888888888889,-3.912499999999999,192.4361111111111,23.47222222222222,-1026.5972222222222,424.65277777777777,-43340.0,-688.5972222222222,-56156,66.59722222222223,71.75,65.40277777777777,36.208333333333336,37.375,31.98611111111111,39.5,28.22222222222222,25.61111111111111,-2.3,90.0,43.791666666666664,1.7111111111111112,40.22222222222222,35.083333333333336,34.47222222222222,34.72222222222222,35.888888888888886,-3.6791666666666663,0.8222222222222223,50.00277777777777,400.00416666666666,399.4888888888889,396.3527777777778,13.65,14.213888888888889,15.433333333333334,289.5,-50.1,34.416666666666664,0.3388888888888889,2.2194444444444446,5.6305555555555555,-4.695833333333334,1000.2,-682.2,14.983333333333333,9.284722222222221,295.6,0.0,6.887499999999999,-12.68888888888889,0.0,-1000.0,10.090277777777779,12.68888888888889,1000.0,0.0,10.090277777777779,33.18055555555556,196.34861111111113,T01,0.0,9.5,4.179861111111111,0.265,0.0,9.7,3.9777777777777774,0.3348611111111111,20.0,29.0,23.90972222222222,1008.0,1011.0,1009.3333333333334,39.0,100.0,73.66666666666667,0.0,0.0,0.0,0.0,80.34722222222223,76.27083333333333,409.2638888888889,,0
2016-08-31 00:00:00+00:00,1564.1,0.0,489.379104477612,71.29701492537313,36.223880597014926,44.059701492537314,44.208955223880594,43.80597014925373,34.059701492537314,39.28358208955224,40.8955223880597,29.82089552238806,13.9,0.0,4.077611940298508,14.8,0.4,3.1283582089552238,0.5402985074626866,-19.45820895522388,182.55074626865672,22.16417910447761,-619.9253731343283,6551.194029850746,397397.0,-252.38805970149255,-296449,54.6865671641791,57.95522388059702,53.507462686567166,36.35820895522388,35.97014925373134,30.104477611940297,39.02985074626866,27.253731343283583,24.074626865671643,-2.4,90.0,19.108955223880596,2.7582089552238807,47.71641791044776,35.417910447761194,34.80597014925373,34.92537313432836,35.776119402985074,35.70597014925374,0.8582089552238806,49.9955223880597,399.8164179104478,398.95522388059703,396.92985074626864,44.25373134328358,50.87014925373135,44.985074626865675,671.4,-47.1,34.07462686567164,0.6835820895522388,3.1164179104477614,28.265671641791045,-26.404477611940298,1000.1,-555.4,17.89701492537313,47.22835820895523,687.2,0.0,31.017910447761192,-166.00746268656715,0.0,-1000.0,88.97164179104477,166.00746268656715,1000.0,0.0,88.97164179104477,34.865671641791046,185.89850746268658,T01,0.9,10.6,4.188888888888889,0.47923611111111114,0.9,9.5,3.998611111111111,0.555625,19.0,27.0,22.166666666666668,1009.0,1012.0,1010.0416666666666,50.0,100.0,76.78472222222223,0.0,0.0,0.0,0.0,80.50694444444444,76.65972222222223,409.9861111111111,,0
2016-09-01 00:00:00+00:00,1802.6,244.8,1573.4916666666666,38.44583333333333,70.8125,104.59027777777777,100.58333333333333,99.14583333333333,42.770833333333336,53.048611111111114,59.96527777777778,36.84027777777778,15.8,2.1,13.939583333333333,41.6,0.8,9.76736111111111,1.7256944444444444,0.3770833333333334,111.97847222222222,26.84722222222222,-10.42361111111111,211031.375,30387017.0,-3.9027777777777777,-4182665,78.09722222222223,88.78472222222223,90.375,43.833333333333336,46.72222222222222,35.27777777777778,49.291666666666664,42.8125,28.354166666666668,-3.2,44.7,0.8256944444444444,1.6013888888888888,106.63888888888889,44.236111111111114,44.19444444444444,43.270833333333336,41.88194444444444,1266.1680555555556,0.9555555555555555,49.99930555555555,398.71458333333334,397.36805555555554,400.1013888888889,1059.7798611111111,1080.4118055555555,1057.2624999999998,2106.9,-49.2,48.298611111111114,0.3375,9.238888888888889,151.72916666666666,-174.28680555555556,700.1,-224.5,5.852083333333334,1267.334027777778,2000.0,0.0,151.6986111111111,-800.3402777777778,0.0,-1000.0,114.21111111111112,692.3069444444444,1000.0,0.0,122.30486111111112,61.19444444444444,111.60069444444444,T01,3.2,18.8,10.064583333333333,0.8946527777777779,3.4,18.8,10.129861111111111,0.9195138888888889,23.0,29.0,25.604166666666668,1009.0,1012.0,1010.3472222222222,53.0,85.0,69.71527777777777,0.0,0.0,0.0,0.0,198.20833333333334,199.58333333333334,410.31944444444446,,0
2016-09-02 00:00:00+00:00,1754.1,1215.4,1551.4013888888887,44.171527777777776,63.361111111111114,95.23611111111111,92.90972222222223,91.88888888888889,41.99305555555556,53.486111111111114,59.99305555555556,37.97222222222222,15.5,10.8,13.742361111111112,25.3,0.6000000000000001,8.424305555555556,1.4777777777777779,0.7048611111111112,116.32916666666668,27.4375,-9.722222222222221,161829.27777777778,23302016.0,-5.6875,-3877409,72.20138888888889,89.14583333333333,94.47222222222223,42.875,46.52777777777778,35.736111111111114,47.44444444444444,41.19444444444444,29.055555555555557,-3.1,7.7,-1.3333333333333333,0.6604166666666668,103.82638888888889,43.0,42.895833333333336,42.21527777777778,41.30555555555556,970.8638888888888,0.9562499999999999,50.00069444444445,398.5423611111111,397.2763888888889,399.78194444444443,819.2944444444444,837.786111111111,810.9770833333333,2105.3,-44.9,44.875,0.38958333333333334,8.015972222222222,184.1951388888889,-161.55694444444444,17.0,-218.1,6.4006944444444445,970.2347222222221,2000.0,0.0,183.5125,-929.6152777777778,0.0,-1000.0,68.73958333333333,875.7270833333333,1000.0,0.0,98.98263888888889,67.0,115.6222222222222,T01,1.5,15.3,8.280555555555557,1.0815972222222223,1.7000000000000002,15.2,8.34513888888889,1.0909722222222222,24.0,31.0,26.25,1009.0,1012.0,1010.3402777777778,47.0,78.0,65.49305555555556,0.0,0.0,0.0,0.0,162.50694444444446,163.88194444444446,410.3263888888889,,0
2016-09-03 00:00:00+00:00,1819.4,1213.9,1567.3777777777777,39.761805555555554,67.25694444444444,104.44444444444444,100.98611111111111,99.55555555555556,42.0625,54.951388888888886,61.291666666666664,38.958333333333336,16.0,10.8,13.8875,42.0,0.8,10.34513888888889,1.6590277777777778,-1.929861111111111,108.89583333333333,28.04861111111111,0.0,197557.64583333334,28448301.0,0.0,-4032349,73.77777777777777,90.03472222222223,96.24305555555556,44.63194444444444,47.673611111111114,35.625,49.34027777777778,43.13194444444444,29.006944444444443,-3.2,17.0,2.4937500000000004,1.1715277777777777,109.25,44.90277777777778,44.86805555555556,43.97222222222222,42.75,1185.4111111111113,0.9555555555555555,50.0,399.0520833333333,397.42291666666665,399.7993055555555,991.8798611111112,1016.3874999999999,990.3513888888889,2107.5,-18.5,47.916666666666664,0.3493055555555556,9.720833333333333,97.39652777777778,-168.0111111111111,0.6000000000000001,-257.3,6.268055555555556,1223.0027777777777,2000.0,0.0,96.41874999999999,-846.4770833333333,0.0,-1000.0,53.05833333333333,737.3680555555555,1000.0,0.0,59.05763888888888,66.77777777777777,110.82916666666667,T01,1.9,20.2,9.986805555555556,0.8997916666666667,2.0,20.4,10.070833333333333,0.9254861111111112,24.0,31.0,26.90277777777778,1007.0,1011.0,1009.2222222222222,37.0,77.0,56.84722222222222,0.0,0.0,0.0,0.0,196.875,198.38888888888889,409.1875,,0
2016-09-04 00:00:00+00:00,1750.7,1224.4,1559.7298611111112,47.420138888888886,67.88888888888889,95.50694444444444,93.5,92.35416666666667,43.951388888888886,54.798611111111114,61.326388888888886,40.50694444444444,15.5,10.9,13.8125,41.1,0.8,8.536111111111111,1.4152777777777779,-1.0465277777777777,111.56944444444444,30.82638888888889,0.0,158112.57638888888,22768211.0,0.0,-3578160,72.9375,88.97222222222223,93.90972222222223,44.47222222222222,48.80555555555556,38.423611111111114,49.888888888888886,44.236111111111114,31.854166666666668,-3.2,8.9,-1.4166666666666667,0.5423611111111112,105.16666666666667,44.59722222222222,44.458333333333336,43.78472222222222,43.31944444444444,948.7097222222224,0.9784722222222223,49.99930555555555,399.1277777777778,397.66805555555555,399.40763888888887,791.2027777777778,818.2215277777777,793.2777777777778,2103.9,2.1,47.298611111111114,0.41875,8.037500000000001,164.24305555555554,-149.09375,-10.7,-210.1,5.109027777777778,948.2166666666667,2000.0,1.3,164.42222222222222,-966.2756944444445,-6.5,-1000.0,41.99027777777778,921.1659722222222,1000.0,6.5,66.45555555555556,66.95138888888889,112.61388888888888,T01,1.6,14.2,8.265972222222222,0.8015277777777778,1.8,14.4,8.325,0.809375,25.0,36.0,29.90972222222222,1009.0,1011.0,1009.8819444444445,21.0,59.0,37.833333333333336,0.0,0.0,0.0,0.0,162.14583333333334,163.47916666666666,409.84027777777777,,0
2016-09-05 00:00:00+00:00,1695.3,0.0,1101.24375,74.3375,59.013888888888886,71.63888888888889,71.45138888888889,70.79861111111111,43.986111111111114,52.53472222222222,56.854166666666664,41.34027777777778,15.0,0.0,9.725694444444445,23.6,0.4,6.239583333333333,1.1041666666666667,0.29652777777777767,113.80069444444445,34.458333333333336,-836.9791666666666,54598.944444444445,7741721.0,-588.9375,-2215359,66.21527777777777,79.25,81.0,43.513888888888886,48.111111111111114,41.604166666666664,49.201388888888886,43.173611111111114,35.111111111111114,-3.2,89.7,16.786805555555556,1.4402777777777778,86.875,43.09722222222222,42.638888888888886,42.52777777777778,43.6875,322.5451388888889,0.85625,49.99930555555555,398.76874999999995,397.72291666666666,397.16319444444446,289.3048611111111,309.8305555555555,294.8527777777778,1593.6,-52.0,44.75,0.6430555555555556,6.020833333333333,80.54513888888889,-92.27916666666667,877.4,-810.2,24.599305555555556,431.3326388888889,1618.3,0.0,120.41180555555555,-617.9118055555556,0.0,-1000.0,72.69305555555555,617.8277777777778,1000.0,0.0,73.01111111111112,55.520833333333336,113.51249999999999,T01,0.7000000000000001,12.2,6.676388888888889,0.5621527777777778,0.6000000000000001,12.5,6.719444444444445,0.5671527777777778,28.0,40.0,33.486111111111114,1008.0,1011.0,1009.8541666666666,13.0,31.0,20.555555555555557,0.0,0.0,0.0,0.0,130.40972222222223,131.09722222222223,409.78472222222223,,0
2016-09-06 00:00:00+00:00,1552.7,0.0,513.813492063492,124.85634920634921,45.62698412698413,51.41269841269841,51.642857142857146,51.23809523809524,46.41269841269841,47.96825396825397,48.857142857142854,38.26984126984127,13.8,0.0,4.392063492063492,18.7,0.4,2.965873015873016,0.6246031746031746,-11.9,216.27142857142857,31.928571428571427,-1411.563492063492,3292.1746031746034,236957.0,-1097.6984126984128,-81768,64.73015873015873,73.46825396825396,71.93650793650794,41.666666666666664,45.15079365079365,41.05555555555556,46.73809523809524,37.785714285714285,34.86507936507937,-2.5,90.0,17.983333333333334,3.977777777777778,61.34920634920635,40.73809523809524,40.13492063492063,40.23809523809524,42.198412698412696,11.200793650793651,0.7103174603174603,50.00079365079365,400.59761904761905,399.8857142857143,397.63968253968255,43.24603174603175,44.57539682539682,45.67063492063492,619.5,-52.3,41.801587301587304,1.1642857142857141,2.907142857142857,21.71666666666667,-3.9595238095238092,1000.1,-709.3,41.39920634920635,28.88888888888889,637.3,0.0,23.567460317460316,-91.15317460317459,0.0,-1000.0,76.43253968253968,91.15317460317459,1000.0,0.0,76.43253968253968,46.91269841269841,196.73650793650793,T01,0.0,10.2,3.1618055555555555,0.24333333333333332,0.0,9.7,3.1187500000000004,0.26993055555555556,26.0,37.0,31.743055555555557,1007.0,1010.0,1008.3263888888889,17.0,49.0,30.15972222222222,0.0,0.0,0.0,0.0,59.826388888888886,59.041666666666664,408.24305555555554,,0
2016-09-07 00:00:00+00:00,1662.6,0.0,664.5236111111111,63.266666666666666,41.06944444444444,50.041666666666664,50.11805555555556,49.75694444444444,41.49305555555556,46.576388888888886,47.96527777777778,34.3125,14.7,0.0,5.734027777777778,19.1,0.4,3.447222222222222,0.6347222222222223,-10.252083333333333,224.82569444444445,27.083333333333332,-765.8472222222222,12209.972222222223,1647951.0,-716.4375,-788363,74.75694444444444,80.90277777777777,73.89583333333333,38.47222222222222,41.0,37.59722222222222,42.88194444444444,32.798611111111114,31.006944444444443,-3.0,84.3,12.78125,1.4590277777777778,61.56944444444444,37.604166666666664,37.21527777777778,37.25,38.30555555555556,68.65902777777778,0.7041666666666667,49.99930555555555,399.86527777777775,399.14930555555554,396.91041666666666,90.09791666666666,97.80347222222223,95.29791666666667,983.9,-50.2,37.74305555555556,0.5951388888888889,3.3409722222222222,30.346527777777776,-32.82152777777778,991.1,-986.2,56.06736111111111,79.40625,998.9,0.0,32.079861111111114,-258.4798611111111,0.0,-1000.0,81.67222222222222,258.4798611111111,1000.0,0.0,81.67222222222222,44.15277777777778,257.5805555555555,T01,0.0,9.0,3.586111111111111,0.23055555555555557,0.0,9.1,3.542361111111111,0.2511111111111111,22.0,30.0,26.04861111111111,1007.0,1009.0,1007.5347222222222,31.0,96.0,62.5,0.0,0.0,0.0,0.0,68.31944444444444,67.46527777777777,407.4861111111111,,0
2016-09-08 00:00:00+00:00,1669.6,0.0,820.3229166666666,122.7923611111111,40.104166666666664,51.611111111111114,51.701388888888886,51.38194444444444,37.09027777777778,45.84722222222222,48.15972222222222,31.9375,14.8,0.0,7.1625000000000005,24.6,0.4,4.104861111111111,0.7722222222222223,-4.227083333333334,246.13125000000002,24.15972222222222,-710.2361111111111,22038.034722222223,3071202.0,-503.5208333333333,-1031705,73.04861111111111,79.84027777777777,72.59027777777777,37.326388888888886,39.388888888888886,34.56944444444444,41.44444444444444,30.180555555555557,27.944444444444443,-3.0,89.7,10.385416666666666,2.8847222222222224,66.77083333333333,36.625,36.18055555555556,36.201388888888886,36.854166666666664,127.92430555555555,0.8277777777777778,50.0,399.91597222222225,399.11319444444445,397.4736111111111,127.1534722222222,136.45694444444445,131.20416666666668,1044.0,-50.1,36.5,1.1520833333333333,4.029861111111111,47.00694444444444,-43.046527777777776,1000.4,-862.1,35.49236111111111,139.68402777777777,1057.6,0.0,51.84027777777778,-372.04375000000005,0.0,-1000.0,64.01736111111111,372.04375000000005,1000.0,0.0,64.01736111111111,42.03472222222222,250.36319444444447,T01,0.9,9.4,4.245833333333334,0.32409722222222226,0.8,9.6,4.274305555555555,0.3359722222222222,20.0,26.0,22.680555555555557,1008.0,1010.0,1008.5694444444445,58.0,95.0,80.84027777777777,0.0,0.0,0.0,0.0,81.66666666666667,82.27777777777777,408.5486111111111,,0
2016-09-09 00:00:00+00:00,1584.0,0.0,686.1631944444445,54.97777777777778,38.173611111111114,48.75694444444444,49.041666666666664,48.69444444444444,35.34722222222222,44.30555555555556,45.34027777777778,31.25,14.0,0.0,5.893750000000001,20.8,0.4,3.461111111111111,0.7013888888888888,-22.55972222222222,247.50833333333333,24.006944444444443,-572.8194444444445,14090.555555555555,1946554.0,-315.0833333333333,-928464,71.39583333333333,78.24305555555556,71.10416666666667,36.958333333333336,38.548611111111114,34.166666666666664,40.72222222222222,28.868055555555557,27.083333333333332,-3.1,89.7,11.6875,1.4354166666666666,63.06944444444444,36.138888888888886,35.63194444444444,35.68055555555556,36.416666666666664,81.10902777777778,0.8472222222222222,50.0,399.69930555555555,398.90486111111113,397.49305555555554,83.36875,91.69722222222222,84.42013888888889,706.6,-52.4,35.75694444444444,0.47500000000000003,3.411111111111111,37.59166666666667,-38.672916666666666,996.9,-671.8,18.94236111111111,88.8763888888889,716.6,0.0,36.894444444444446,-331.7347222222222,0.0,-1000.0,96.59097222222222,331.7347222222222,1000.0,0.0,96.59097222222222,37.74305555555556,237.56944444444446,T01,0.3,8.4,3.504166666666667,0.2575,0.3,8.5,3.4965277777777777,0.25916666666666666,20.0,27.0,22.666666666666668,1008.0,1010.0,1008.9097222222222,26.0,96.0,62.6875,0.0,0.0,0.0,0.0,66.75,66.58333333333333,408.8888888888889,,0
2016-09-10 00:00:00+00:00,1676.8,0.0,662.2472222222223,42.99930555555555,37.520833333333336,47.8125,47.88194444444444,47.55555555555556,34.770833333333336,43.8125,45.104166666666664,31.11111111111111,14.8,0.0,5.710416666666666,19.0,0.4,3.6666666666666665,0.6534722222222222,-1.061111111111111,230.6277777777778,23.444444444444443,-669.9166666666666,20135.604166666668,2803058.0,-412.1388888888889,-826672,71.52083333333333,78.16666666666667,71.04861111111111,36.236111111111114,38.1875,33.791666666666664,40.15277777777778,28.88888888888889,26.944444444444443,-3.1,86.1,17.856944444444444,0.942361111111111,60.65277777777778,35.55555555555556,35.048611111111114,35.083333333333336,35.72222222222222,116.78680555555555,0.8388888888888889,50.0,400.0027777777778,398.8805555555556,397.57916666666665,117.44305555555555,125.01527777777778,119.14236111111111,1134.1,-50.0,35.22222222222222,0.39305555555555555,3.6041666666666665,33.3625,-34.50833333333333,855.3,-976.2,27.342361111111114,124.88194444444444,1155.1,0.0,34.25416666666667,-300.1277777777778,0.0,-1000.0,46.230555555555554,300.1277777777778,1000.0,0.0,46.230555555555554,38.229166666666664,231.6847222222222,T01,0.4,10.4,3.8659722222222226,0.21284722222222222,0.4,10.6,3.8659722222222226,0.2204861111111111,19.0,26.0,22.256944444444443,1007.0,1010.0,1008.5208333333334,48.0,99.0,75.27083333333333,0.0,0.0,0.0,0.0,74.09722222222223,73.97916666666667,408.40277777777777,,0
2016-09-11 00:00:00+00:00,1724.1,0.0,924.1208333333333,68.15694444444445,42.513888888888886,57.1875,56.9375,56.44444444444444,35.291666666666664,47.013888888888886,49.68055555555556,32.72222222222222,15.3,0.0,8.037500000000001,26.1,0.4,4.872222222222223,0.8895833333333333,-2.5243055555555554,134.3048611111111,25.4375,-419.59027777777777,45587.604166666664,6504193.0,-206.48611111111111,-1730142,73.75694444444444,80.34027777777777,73.31944444444444,37.24305555555556,39.27777777777778,34.458333333333336,41.1875,31.54861111111111,27.92361111111111,-3.2,89.7,8.90625,0.9659722222222222,67.31944444444444,36.72222222222222,36.30555555555556,36.19444444444444,36.423611111111114,271.0152777777778,0.901388888888889,49.99861111111111,399.7611111111111,398.34166666666664,397.78541666666666,239.92291666666668,252.19930555555553,239.11666666666667,2098.6,-52.4,36.38194444444444,0.6340277777777777,4.722916666666666,85.92222222222222,-72.09722222222223,1000.1,-559.7,15.421527777777776,277.84444444444443,2000.0,0.0,87.09930555555555,-517.1083333333333,0.0,-1000.0,66.05277777777778,514.3284722222222,1000.0,0.0,68.15,43.625,136.82569444444445,T01,0.7000000000000001,12.0,4.734722222222222,0.6710416666666666,0.7000000000000001,12.3,4.745138888888889,0.6909722222222222,19.0,30.0,24.47222222222222,1005.0,1009.0,1007.1458333333334,40.0,97.0,70.875,0.0,0.0,0.0,0.0,91.50694444444444,91.65277777777777,407.1111111111111,,0
2016-09-12 00:00:00+00:00,1723.0,0.0,1383.8312500000002,97.89027777777778,52.104166666666664,74.81944444444444,74.04166666666667,73.45833333333333,36.63194444444444,52.09722222222222,56.708333333333336,35.03472222222222,15.3,0.0,12.254861111111111,26.0,0.4,6.478472222222222,1.2888888888888888,-1.1326388888888888,151.36874999999998,26.40277777777778,-272.1111111111111,85995.29166666667,12344137.0,-178.65277777777777,-2954275,74.89583333333333,86.17361111111111,82.29861111111111,40.375,43.145833333333336,35.236111111111114,44.59027777777778,35.86805555555556,28.29861111111111,-3.2,89.7,0.031944444444444414,1.6965277777777779,93.63888888888889,40.236111111111114,39.923611111111114,39.604166666666664,39.416666666666664,514.3041666666667,0.8833333333333333,49.99930555555555,398.8972222222222,397.5104166666667,398.32500000000005,446.43611111111113,464.08750000000003,441.8881944444445,2095.5,-52.2,40.5,0.8694444444444445,6.252777777777777,160.72916666666666,-123.1048611111111,1000.3,-212.0,17.743055555555557,518.7520833333333,2000.0,0.0,161.22777777777776,-777.1930555555556,0.0,-1000.0,113.10486111111112,770.7069444444445,1000.0,0.0,123.9798611111111,54.548611111111114,152.50625000000002,T01,0.8,13.3,6.877083333333333,1.1606944444444445,0.9,13.3,6.902777777777778,1.219513888888889,21.0,30.0,25.270833333333332,1004.0,1009.0,1005.6180555555555,54.0,94.0,73.55555555555556,0.0,0.0,0.0,0.0,134.375,134.91666666666666,405.5625,,0
2016-09-13 00:00:00+00:00,1762.4,77.2,1330.8770833333333,66.79374999999999,48.173611111111114,71.3125,70.61111111111111,70.00694444444444,36.56944444444444,48.770833333333336,53.354166666666664,32.020833333333336,15.6,0.0,11.785416666666666,37.8,0.4,6.052777777777778,1.1611111111111112,-2.6097222222222225,250.84236111111113,22.73611111111111,-142.93055555555554,74514.08333333333,10709443.0,-121.57638888888889,-2603797,56.55555555555556,71.15972222222223,72.74305555555556,39.916666666666664,41.861111111111114,31.38888888888889,44.19444444444444,32.479166666666664,24.17361111111111,-3.0,62.6,0.056249999999999994,1.5277777777777777,93.86805555555556,39.645833333333336,39.388888888888886,38.97222222222222,38.916666666666664,446.2076388888889,0.838888888888889,50.00069444444445,399.0833333333333,397.6201388888889,397.62638888888887,388.78472222222223,409.7013888888889,388.05069444444445,2104.4,-50.0,40.61805555555556,0.5944444444444446,5.852777777777778,119.13819444444445,-108.47222222222223,1001.0,-877.5,19.946527777777778,448.73819444444445,2000.0,0.0,119.0597222222222,-690.5951388888889,0.0,-1000.0,152.83055555555555,668.1375,1000.0,0.0,162.73611111111111,48.958333333333336,253.45624999999998,T01,1.6,16.0,6.483333333333333,0.6876388888888889,1.6,16.5,6.530555555555555,0.69875,19.0,24.0,21.506944444444443,1007.0,1010.0,1008.2777777777778,70.0,97.0,80.59027777777777,0.0,12.0,0.2222222222222222,0.0,126.59027777777777,127.53472222222223,408.2083333333333,,0
2016-09-14 00:00:00+00:00,1725.8,0.0,1254.9965277777778,105.71944444444445,42.798611111111114,63.03472222222222,62.72222222222222,62.270833333333336,31.618055555555557,47.791666666666664,51.958333333333336,29.47222222222222,15.3,0.0,11.098611111111111,39.8,0.4,5.560416666666667,1.0916666666666668,-0.29374999999999996,308.05069444444445,20.416666666666668,-319.38194444444446,59768.430555555555,8560659.0,-242.375,-2388226,65.52083333333333,74.85416666666667,71.0625,38.916666666666664,39.895833333333336,30.055555555555557,42.4375,28.28472222222222,22.4375,-3.1,89.7,1.7659722222222223,2.415972222222222,88.34722222222223,38.65277777777778,38.30555555555556,37.99305555555556,38.02777777777778,356.6791666666667,0.8354166666666667,50.0,399.1965277777778,397.5340277777778,397.6027777777778,315.52986111111113,333.33402777777775,311.9527777777778,2097.2,-50.2,38.375,0.9513888888888888,5.495138888888889,116.44166666666666,-99.49722222222222,1000.4,-288.7,17.189583333333335,362.5263888888889,2000.0,0.0,117.5611111111111,-655.1840277777778,0.0,-1000.0,89.50416666666666,652.1444444444445,1000.0,0.0,96.21805555555555,43.27777777777778,320.85069444444446,T01,0.4,16.7,6.334027777777778,0.5891666666666667,0.5,17.4,6.280555555555555,0.5834027777777778,15.0,22.0,19.270833333333332,1009.0,1012.0,1010.3055555555555,37.0,78.0,62.020833333333336,0.0,0.0,0.0,0.0,123.5625,122.51388888888889,410.2291666666667,,0
2016-09-15 00:00:00+00:00,1691.6,0.0,718.1243055555556,75.40069444444445,36.59027777777778,47.94444444444444,47.861111111111114,47.479166666666664,31.29861111111111,44.11805555555556,45.77777777777778,28.625,15.0,0.0,6.1930555555555555,35.5,0.4,4.030555555555555,0.8520833333333333,3.5104166666666665,242.7409722222222,20.48611111111111,-653.3055555555555,31061.777777777777,4378820.0,-401.15972222222223,-1278000,69.65277777777777,76.20833333333333,69.20833333333333,35.15972222222222,36.65972222222222,29.5625,39.03472222222222,25.90277777777778,22.756944444444443,-3.1,89.7,12.98611111111111,1.3708333333333333,60.270833333333336,34.513888888888886,34.09027777777778,34.0625,34.27777777777778,182.45972222222224,0.8812500000000001,50.00069444444445,399.9298611111111,398.8777777777778,397.80069444444445,167.3083333333333,175.54027777777776,167.79652777777778,1910.8,-50.3,33.673611111111114,0.7381944444444444,3.984027777777778,71.10416666666667,-53.24861111111111,1000.1,-1000.2,15.947222222222223,190.6013888888889,1949.4,0.0,72.67916666666666,-341.0104166666667,0.0,-1000.0,58.106944444444444,340.8048611111111,1000.0,0.0,58.96597222222223,35.701388888888886,289.19722222222225,T01,0.0,12.2,4.647222222222222,0.48972222222222217,0.3,11.9,4.610416666666667,0.48430555555555554,15.0,23.0,19.22222222222222,1009.0,1012.0,1010.6388888888889,39.0,75.0,59.3125,0.0,0.0,0.0,0.0,89.71527777777777,88.90972222222223,410.5486111111111,,0
2016-09-16 00:00:00+00:00,1677.6,0.0,489.5756944444444,92.60902777777778,34.729166666666664,43.40972222222222,43.458333333333336,43.05555555555556,33.958333333333336,42.40972222222222,42.40277777777778,30.36111111111111,14.8,0.0,4.186111111111111,20.2,0.4,2.879861111111111,0.7131944444444445,29.28055555555555,181.24444444444444,23.208333333333332,-688.3055555555555,11723.368055555555,1589050.0,-358.6111111111111,-626144,69.75694444444444,75.83333333333333,68.77083333333333,35.18055555555556,36.854166666666664,32.138888888888886,38.895833333333336,27.11111111111111,24.98611111111111,-2.8,89.7,15.82986111111111,2.6,51.68055555555556,34.28472222222222,33.75694444444444,33.86805555555556,34.40277777777778,66.20416666666667,0.8625,50.0,400.24861111111113,399.19097222222223,397.62291666666664,75.15694444444445,81.62708333333333,77.33263888888888,1658.6,-51.8,33.46527777777778,0.8222222222222223,2.851388888888889,34.07083333333333,-26.102083333333333,1001.2,-1000.2,39.10277777777778,76.89444444444445,1692.1,0.0,34.91041666666667,-204.74791666666667,0.0,-1000.0,78.50486111111111,204.71944444444443,1000.0,0.0,78.68819444444445,37.041666666666664,239.48541666666668,T01,0.0,10.6,3.0791666666666666,0.4020138888888889,0.0,10.5,3.0458333333333334,0.3959722222222222,18.0,28.0,22.09027777777778,1010.0,1013.0,1011.4513888888889,31.0,79.0,59.46527777777778,0.0,0.0,0.0,0.0,58.22222222222222,57.513888888888886,411.3958333333333,,0
2016-09-17 00:00:00+00:00,1777.2,188.2,1486.961111111111,53.827777777777776,58.77777777777778,87.65277777777777,85.51388888888889,84.59027777777777,40.3125,51.93055555555556,57.701388888888886,34.65277777777778,15.7,1.7000000000000002,13.169444444444444,38.7,0.5,7.8187500000000005,1.4506944444444445,-1.6520833333333331,110.19999999999999,25.01388888888889,-27.03472222222222,142273.29166666666,20483460.0,-14.333333333333334,-3599738,76.63194444444444,88.875,87.15277777777777,41.645833333333336,44.88194444444444,33.416666666666664,47.00694444444444,37.40277777777778,26.541666666666668,-3.1,44.0,-0.8097222222222222,1.0326388888888889,101.71527777777777,41.770833333333336,41.576388888888886,40.986111111111114,40.27777777777778,853.4888888888888,0.9340277777777778,49.99930555555555,398.98333333333335,397.43819444444443,399.2013888888889,719.4298611111111,741.5729166666666,715.7249999999999,2105.1,-41.9,44.49305555555556,0.476388888888889,7.584722222222222,164.70625,-149.9923611111111,628.5,-276.1,7.461805555555555,852.2069444444445,2000.0,0.0,163.6048611111111,-865.8763888888889,0.0,-1000.0,101.50069444444445,810.4284722222222,1000.0,0.0,120.25902777777777,59.43055555555556,111.85694444444444,T01,1.9,16.8,8.570138888888888,0.7360416666666666,2.0,16.9,8.630555555555555,0.7517361111111112,20.0,29.0,24.006944444444443,1007.0,1012.0,1009.8125,22.0,58.0,40.25694444444444,0.0,0.0,0.0,0.0,168.19444444444446,169.57638888888889,409.75694444444446,,0
2016-09-18 00:00:00+00:00,1659.3,0.0,1088.8527777777776,92.67847222222223,46.03472222222222,61.201388888888886,61.3125,61.041666666666664,36.888888888888886,48.31944444444444,51.49305555555556,33.583333333333336,14.7,0.0,9.584027777777777,20.3,0.4,4.479861111111111,0.8784722222222222,-0.23472222222222225,153.17708333333334,26.09722222222222,-609.2430555555555,22262.625,3118084.0,-425.9583333333333,-1700841,56.15277777777778,69.60416666666667,69.80555555555556,39.44444444444444,42.80555555555556,35.0,44.86805555555556,33.583333333333336,27.895833333333332,-2.7,89.7,3.726388888888889,2.576388888888889,87.47916666666667,38.75694444444444,38.375,38.201388888888886,39.15277777777778,129.88055555555556,0.7729166666666667,50.0,399.74583333333334,398.35069444444446,397.4111111111111,139.42222222222222,155.0388888888889,136.42152777777778,928.6,-52.2,40.43055555555556,0.8333333333333334,4.386111111111111,57.37847222222222,-70.89861111111111,1002.0,-996.9,37.90486111111111,139.78194444444443,946.4,0.0,57.981249999999996,-521.4722222222222,0.0,-1000.0,164.77152777777778,521.4722222222222,1000.0,0.0,164.77152777777778,45.541666666666664,150.91597222222222,T01,0.3,9.9,5.045138888888889,0.5090277777777777,0.2,9.8,5.05625,0.5166666666666667,21.0,31.0,24.979166666666668,1008.0,1011.0,1008.9236111111111,26.0,73.0,40.208333333333336,0.0,0.0,0.0,0.0,97.61111111111111,97.89583333333333,408.90277777777777,,0
2016-09-19 00:00:00+00:00,1571.3,0.0,376.1629370629371,103.92727272727274,37.51048951048951,45.39160839160839,45.37062937062937,44.92307692307692,38.74125874125874,41.35664335664335,41.95804195804196,30.657342657342657,13.9,0.0,3.265734265734266,13.0,0.4,3.8146853146853146,0.7013986013986013,22.141958041958045,169.28741258741258,23.27972027972028,-823.5174825174826,3387.6923076923076,366678.0,-650.2447552447552,-311329,65.35664335664336,72.32867132867133,67.1958041958042,37.08391608391609,37.58041958041958,31.293706293706293,40.66433566433567,28.13986013986014,25.04895104895105,-2.4,90.0,42.78671328671329,4.209090909090909,49.41258741258741,35.97202797202797,35.48951048951049,35.48251748251748,36.64335664335665,15.408391608391609,0.7608391608391609,50.0,400.7825174825175,399.72657342657345,398.32377622377624,35.207692307692305,38.30979020979021,36.46153846153846,602.9,-50.1,34.51048951048951,0.9503496503496504,3.8153846153846156,15.742657342657342,-13.065734265734266,1000.3,-764.6,34.20979020979021,100.85104895104895,1190.1,0.0,51.075524475524475,-85.95384615384616,0.0,-1000.0,53.17412587412587,85.95384615384616,1000.0,0.0,53.17412587412587,35.20979020979021,142.1048951048951,T01,0.0,9.0,3.9618055555555554,0.51,0.4,9.4,3.9131944444444446,0.5464583333333333,19.0,25.0,22.13888888888889,1009.0,1012.0,1010.0,32.0,94.0,71.30555555555556,0.0,0.0,0.0,0.0,75.90277777777777,75.02083333333333,409.9861111111111,,0
2016-09-20 00:00:00+00:00,1677.5,0.0,636.1666666666666,93.44305555555555,43.15277777777778,48.22222222222222,48.263888888888886,47.861111111111114,35.31944444444444,44.46527777777778,46.451388888888886,31.145833333333332,14.8,0.0,5.495138888888889,22.4,0.4,3.5673611111111114,0.6840277777777778,4.235416666666667,225.5423611111111,23.395833333333332,-759.0763888888889,16639.944444444445,2286841.0,-574.5625,-826952,71.08333333333333,77.20138888888889,69.75694444444444,37.34722222222222,38.84722222222222,33.298611111111114,41.13194444444444,29.291666666666668,26.458333333333332,-3.2,89.7,18.43263888888889,2.6145833333333335,60.88194444444444,36.576388888888886,36.111111111111114,36.15972222222222,36.923611111111114,95.26458333333333,0.8020833333333334,49.99930555555555,399.93333333333334,399.0173611111111,397.20694444444445,101.49513888888889,108.15833333333335,103.32847222222222,1142.5,-50.3,36.24305555555556,0.8430555555555556,3.520138888888889,39.41041666666667,-34.456944444444446,1000.6,-988.0,35.62083333333333,107.47986111111112,1174.6,0.0,41.43402777777778,-273.4125,0.0,-1000.0,79.0326388888889,273.4125,1000.0,0.0,79.0326388888889,37.701388888888886,226.32083333333333,T01,0.0,9.6,3.6868055555555554,0.3109722222222222,0.0,9.6,3.642361111111111,0.33631944444444445,19.0,26.0,22.180555555555557,1007.0,1010.0,1008.4305555555555,42.0,99.0,74.22916666666667,0.0,0.0,0.0,0.0,70.46527777777777,69.52777777777777,408.40277777777777,,0
2016-09-21 00:00:00+00:00,1673.9,0.0,522.1583333333333,35.857638888888886,36.09027777777778,43.28472222222222,43.38194444444444,43.013888888888886,33.770833333333336,42.30555555555556,42.38194444444444,29.46527777777778,14.8,0.0,4.521527777777778,17.4,0.4,3.127083333333333,0.6041666666666666,-5.018055555555556,241.91458333333333,21.625,-671.8611111111111,15246.597222222223,2098764.0,-319.4375,-806254,69.24305555555556,75.49305555555556,68.22222222222223,35.326388888888886,36.80555555555556,31.46527777777778,38.97222222222222,26.25,24.895833333333332,-3.0,85.0,15.26736111111111,0.6243055555555556,54.25,34.458333333333336,33.93055555555556,33.986111111111114,34.53472222222222,87.43680555555555,0.8958333333333334,49.99791666666667,399.78472222222223,398.9430555555556,397.0138888888889,90.33055555555556,97.05763888888889,92.05069444444445,1273.2,-49.4,33.916666666666664,0.31319444444444444,3.1104166666666666,31.55277777777778,-33.608333333333334,1000.0,-977.1,22.936805555555555,96.40416666666667,1295.7,0.0,32.485416666666666,-265.30555555555554,0.0,-1000.0,48.86597222222222,265.30555555555554,1000.0,0.0,48.86597222222222,34.09722222222222,269.4347222222222,T01,0.0,10.0,3.1597222222222223,0.19215277777777778,0.0,10.3,3.177777777777778,0.1984027777777778,17.0,24.0,20.36111111111111,1008.0,1010.0,1008.7777777777778,62.0,100.0,84.19444444444444,0.0,1.0,0.006944444444444444,0.0,59.8125,60.22222222222222,408.75,,0
2016-09-22 00:00:00+00:00,1696.8,0.0,695.5909722222223,83.33194444444445,39.5625,48.145833333333336,47.979166666666664,47.673611111111114,33.11805555555556,44.451388888888886,46.4375,29.70138888888889,15.0,0.0,6.054861111111111,26.0,0.4,4.245138888888889,0.9083333333333334,-0.44861111111111107,225.42222222222222,21.381944444444443,-625.2847222222222,28561.125,4022763.0,-320.2013888888889,-1233857,70.32638888888889,76.81944444444444,69.71527777777777,36.15277777777778,37.77777777777778,31.4375,40.03472222222222,27.75,24.42361111111111,-3.2,89.7,16.736805555555556,1.976388888888889,60.34027777777778,35.395833333333336,34.96527777777778,35.03472222222222,35.451388888888886,167.64166666666668,0.8972222222222224,50.0,400.23819444444445,399.1020833333333,398.04583333333335,152.80763888888887,161.03472222222223,153.17777777777778,1820.4,-51.0,35.479166666666664,0.7722222222222223,4.223611111111111,83.74791666666667,-51.425694444444446,810.2,-495.7,13.234722222222222,215.57708333333332,1977.7,0.0,97.8451388888889,-361.775,0.0,-1000.0,74.73541666666667,361.5444444444445,1000.0,0.0,75.19027777777778,37.06944444444444,228.37430555555557,T01,0.0,12.6,5.044444444444444,0.4652777777777778,0.0,12.8,5.0881944444444445,0.5017361111111112,19.0,22.0,20.04861111111111,1009.0,1014.0,1011.5763888888889,54.0,89.0,77.13888888888889,0.0,0.0,0.0,0.0,97.73611111111111,98.5625,411.5625,,0
2016-09-23 00:00:00+00:00,1469.5,0.0,426.3909722222222,30.136111111111113,33.208333333333336,40.78472222222222,40.986111111111114,40.604166666666664,32.958333333333336,40.416666666666664,39.90277777777778,29.21527777777778,13.0,0.0,3.54375,23.7,0.4,2.5868055555555554,0.5527777777777778,-5.490972222222222,192.28958333333333,21.791666666666668,-648.0972222222222,5355.479166666667,677861.0,-303.19444444444446,-500630,67.97222222222223,74.04861111111111,66.90972222222223,34.645833333333336,36.111111111111114,31.59722222222222,38.458333333333336,25.61111111111111,25.52777777777778,-3.1,84.9,16.74375,0.7749999999999999,50.34027777777778,33.6875,33.18055555555556,33.263888888888886,33.88194444444444,28.240972222222222,0.8652777777777778,49.99791666666667,400.12638888888887,399.09027777777777,397.35833333333335,39.80555555555556,44.45625,39.93888888888889,523.3,-50.1,32.99305555555556,0.2555555555555556,2.597916666666667,19.30972222222222,-20.867361111111112,726.8,-903.8,18.243055555555557,33.97708333333333,533.8,0.0,18.296527777777776,-149.2701388888889,0.0,-1000.0,69.07499999999999,149.2701388888889,1000.0,0.0,69.07499999999999,36.46527777777778,252.78125,T01,0.0,7.5,2.6430555555555557,0.1832638888888889,0.0,7.7,2.6534722222222222,0.18381944444444442,17.0,25.0,20.645833333333332,1012.0,1015.0,1013.7777777777778,55.0,90.0,73.375,0.0,0.0,0.0,0.0,49.43055555555556,49.75694444444444,413.71527777777777,,0
2016-09-24 00:00:00+00:00,1723.0,0.0,1243.8486111111113,75.8375,51.18055555555556,68.09722222222223,67.56944444444444,67.02777777777777,34.625,48.361111111111114,52.8125,32.84722222222222,15.3,0.0,10.984027777777778,37.8,0.4,5.759722222222222,1.073611111111111,3.6187500000000004,108.30208333333333,24.208333333333332,-306.97222222222223,70403.20138888889,10093859.0,-192.36805555555554,-2603066,70.45138888888889,80.22222222222223,75.63888888888889,38.951388888888886,41.3125,33.02777777777778,43.40972222222222,32.951388888888886,25.958333333333332,-3.0,84.8,2.2375,1.3118055555555557,85.5,38.736111111111114,38.416666666666664,38.173611111111114,38.111111111111114,420.57430555555555,0.8520833333333333,49.99930555555555,399.3923611111111,397.8881944444445,398.52152777777775,369.65763888888887,387.4576388888889,364.82500000000005,2098.9,-49.8,39.38194444444444,0.675,5.675000000000001,124.8013888888889,-108.45416666666667,974.3,-814.0,17.331944444444446,424.93888888888887,2000.0,0.0,125.17916666666666,-662.5236111111111,0.0,-1000.0,89.87152777777777,656.2631944444444,1000.0,0.0,98.26875000000001,53.38194444444444,114.6763888888889,T01,0.3,13.5,6.5368055555555555,0.502013888888889,0.4,13.4,6.588888888888889,0.5152083333333333,19.0,28.0,23.104166666666668,1010.0,1014.0,1011.8333333333334,40.0,90.0,64.70138888888889,0.0,0.0,0.0,0.0,127.59722222222223,128.58333333333334,411.7083333333333,,0
2016-09-25 00:00:00+00:00,1691.9,0.0,1096.1631944444443,96.91111111111111,45.708333333333336,60.576388888888886,60.77777777777778,60.43055555555556,35.31944444444444,48.763888888888886,52.083333333333336,32.548611111111114,15.0,0.0,9.633333333333333,19.6,0.4,4.738194444444444,0.9173611111111111,4.431944444444444,139.9875,24.53472222222222,-413.75694444444446,32670.63888888889,4644989.0,-335.9583333333333,-1929615,54.208333333333336,68.02777777777777,68.5625,38.826388888888886,41.451388888888886,33.75,43.59722222222222,32.97222222222222,26.618055555555557,-3.1,89.7,4.0256944444444445,2.3180555555555555,85.44444444444444,38.236111111111114,37.861111111111114,37.75,38.31944444444444,193.58819444444444,0.8,50.0,399.7875,398.34236111111113,397.6118055555555,184.75069444444443,200.98819444444445,180.64305555555555,1400.9,-52.3,39.173611111111114,0.8833333333333333,4.683333333333334,76.18125,-80.3736111111111,912.8,-793.2,26.36388888888889,200.81319444444443,1413.6,0.0,76.67430555555556,-580.4652777777778,0.0,-1000.0,154.08055555555555,580.4652777777778,1000.0,0.0,154.08194444444445,45.166666666666664,150.5638888888889,T01,0.8,10.4,5.336111111111111,0.4673611111111111,0.3,10.6,5.363888888888889,0.47923611111111114,20.0,29.0,23.333333333333332,1009.0,1012.0,1011.0763888888889,38.0,87.0,70.47916666666667,0.0,0.0,0.0,0.0,103.48611111111111,103.98611111111111,411.0208333333333,,0
2016-09-26 00:00:00+00:00,1721.9,34.7,1153.9534722222222,86.47638888888889,46.486111111111114,63.40972222222222,63.173611111111114,62.666666666666664,35.94444444444444,49.93055555555556,53.21527777777778,32.826388888888886,15.2,0.0,10.212499999999999,22.4,0.4,5.453472222222222,0.9868055555555555,-0.8625,110.13333333333334,24.958333333333332,-442.97222222222223,55346.88888888889,7906162.0,-351.4375,-2160168,70.25,78.57638888888889,73.91666666666667,38.451388888888886,41.013888888888886,33.451388888888886,43.05555555555556,32.416666666666664,26.63888888888889,-3.2,84.0,3.761805555555556,1.3027777777777778,82.17361111111111,38.02777777777778,37.645833333333336,37.50694444444444,37.638888888888886,329.43055555555554,0.8479166666666668,50.00069444444445,399.29791666666665,397.97222222222223,397.61527777777775,291.71180555555554,307.7576388888889,291.23541666666665,2103.5,-49.6,38.604166666666664,0.7784722222222222,5.371527777777778,103.51666666666667,-90.01041666666667,999.9,-847.8,19.81597222222222,336.7888888888889,2000.0,0.0,105.05416666666666,-665.0611111111111,0.0,-1000.0,83.34097222222222,659.8055555555555,1000.0,0.0,88.70208333333333,47.03472222222222,110.99930555555555,T01,1.1,12.8,6.004861111111111,0.46541666666666665,1.0,12.9,6.052083333333333,0.4769444444444445,20.0,29.0,23.729166666666668,1009.0,1013.0,1010.2986111111111,35.0,83.0,63.986111111111114,0.0,0.0,0.0,0.0,116.95138888888889,117.76388888888889,410.25694444444446,,0
2016-09-27 00:00:00+00:00,1792.5,0.0,1426.728472222222,76.48750000000001,57.72222222222222,85.84027777777777,83.69444444444444,82.70138888888889,40.201388888888886,50.53472222222222,56.65972222222222,34.8125,15.8,0.0,12.630555555555555,29.3,0.4,7.939583333333333,1.438888888888889,-1.7993055555555553,115.22777777777777,24.805555555555557,-230.36111111111111,143211.11805555556,20589232.0,-150.22916666666666,-3350912,76.61805555555556,88.95833333333333,86.92361111111111,41.4375,44.125,33.50694444444444,46.145833333333336,36.416666666666664,26.61111111111111,-2.9,89.7,2.509027777777778,2.4694444444444446,98.16666666666667,41.576388888888886,41.416666666666664,40.791666666666664,39.93055555555556,858.0618055555556,0.9208333333333333,49.99930555555555,399.06180555555557,397.5826388888889,399.40555555555557,726.786111111111,746.1798611111111,723.66875,2106.4,-48.2,43.638888888888886,0.6854166666666667,7.711111111111112,179.02083333333334,-139.64097222222222,903.5,-502.9,15.552083333333334,915.8993055555555,2000.0,0.0,174.22083333333333,-789.8208333333333,0.0,-1000.0,113.72986111111112,731.7756944444444,1000.0,0.0,135.1576388888889,56.53472222222222,117.0284722222222,T01,1.3,16.5,8.147916666666667,1.0024305555555555,1.2,16.4,8.218055555555557,1.016736111111111,21.0,28.0,23.70138888888889,1011.0,1014.0,1012.4583333333334,42.0,84.0,67.625,0.0,0.0,0.0,0.0,159.83333333333334,161.22222222222223,412.375,,0
2016-09-28 00:00:00+00:00,1816.6,0.0,1496.6006944444443,35.74027777777778,72.60416666666667,116.20138888888889,110.60416666666667,108.98611111111111,47.30555555555556,53.02777777777778,60.423611111111114,37.63194444444444,15.9,0.0,13.238194444444444,38.9,0.5,12.703472222222222,2.3902777777777775,-0.17847222222222225,114.86597222222223,24.22222222222222,-392.5486111111111,260397.97916666666,37440782.0,-245.72916666666666,-4362542,78.65277777777777,98.60416666666667,106.73611111111111,44.28472222222222,46.666666666666664,32.666666666666664,47.986111111111114,41.888888888888886,25.854166666666668,-3.2,89.7,12.797916666666667,2.3687500000000004,108.45833333333333,44.93055555555556,45.041666666666664,43.888888888888886,41.541666666666664,1559.9673611111111,0.9847222222222223,49.99861111111111,399.64930555555554,397.9638888888889,402.28055555555557,1306.007638888889,1321.2458333333334,1294.6430555555555,2108.7,-46.8,48.02777777777778,0.2972222222222223,12.26736111111111,123.49166666666666,-181.7701388888889,13.2,-233.4,4.209027777777778,1766.5437499999998,2000.0,144.4,124.18680555555557,-664.3756944444444,0.0,-1000.0,73.15902777777778,524.2541666666667,1000.0,0.0,79.5326388888889,68.06944444444444,115.05000000000001,T01,3.3,24.4,13.184027777777779,2.282916666666667,3.2,24.5,13.258333333333333,2.321041666666667,21.0,26.0,23.055555555555557,1012.0,1014.0,1013.0,50.0,77.0,65.20833333333333,0.0,0.0,0.0,0.0,260.84027777777777,262.44444444444446,412.96527777777777,,0
2016-09-29 00:00:00+00:00,1845.6,0.0,1430.5736111111112,36.044444444444444,73.09722222222223,121.45138888888889,115.48611111111111,113.68055555555556,49.56944444444444,52.65972222222222,59.72222222222222,38.513888888888886,16.1,0.0,12.629861111111111,43.7,0.6000000000000001,14.501388888888888,2.6527777777777777,1.0013888888888889,112.45555555555556,24.118055555555557,-462.2083333333333,266783.84027777775,38350315.0,-308.4791666666667,-4413664,82.57638888888889,104.59027777777777,114.82638888888889,45.076388888888886,47.84722222222222,32.46527777777778,49.020833333333336,42.15277777777778,25.59722222222222,-3.1,86.2,18.59027777777778,2.6395833333333334,109.70833333333333,45.729166666666664,45.8125,44.5,42.291666666666664,1597.8777777777777,0.9756944444444444,49.99930555555555,400.01458333333335,398.43611111111113,402.525,1336.4770833333334,1350.8729166666667,1329.0749999999998,2109.9,-47.7,49.55555555555556,0.2909722222222222,14.010416666666666,88.30208333333333,-183.9048611111111,16.1,-230.4,4.084722222222222,1899.5604166666667,2000.0,435.3,70.30972222222222,-565.0736111111111,0.0,-1000.0,58.102777777777774,420.4659722222222,1000.0,0.0,56.49166666666667,69.52777777777777,111.45069444444444,T01,3.1,26.3,15.20486111111111,2.5763194444444446,3.2,26.7,15.274999999999999,2.6297916666666667,21.0,25.0,22.958333333333332,1008.0,1014.0,1011.0,47.0,74.0,62.479166666666664,0.0,0.0,0.0,0.0,301.1875,302.71527777777777,410.9583333333333,,0
2016-09-30 00:00:00+00:00,1805.5,93.1,1607.9979166666667,35.84375,65.75,113.06944444444444,108.48611111111111,106.99305555555556,46.80555555555556,52.05555555555556,59.97222222222222,37.34722222222222,15.8,0.0,14.246527777777779,37.8,0.6000000000000001,10.031944444444443,1.8993055555555556,-1.1541666666666666,112.01388888888889,23.97222222222222,-40.951388888888886,237967.1875,34261379.0,-23.53472222222222,-4447334,77.52083333333333,97.97222222222223,105.91666666666667,43.56944444444444,46.520833333333336,32.90277777777778,47.291666666666664,40.38194444444444,25.78472222222222,-3.3,70.7,0.3284722222222222,1.588888888888889,110.27777777777777,44.236111111111114,44.27777777777778,43.201388888888886,41.0625,1427.6159722222224,0.9770833333333333,50.0,399.12291666666664,397.5520833333333,401.42499999999995,1196.0645833333333,1213.6881944444444,1184.4388888888889,2108.1,-50.0,46.74305555555556,0.31180555555555556,9.625694444444443,211.14236111111111,-185.3013888888889,730.6,-225.2,5.647222222222222,1424.8097222222223,2000.0,0.0,208.82986111111111,-823.6416666666667,0.0,-1000.0,118.2611111111111,700.6548611111111,1000.0,0.0,148.8548611111111,68.0,113.17500000000001,T01,2.2,20.0,10.620138888888889,1.2518055555555554,2.2,20.2,10.682638888888889,1.2741666666666667,21.0,26.0,22.77777777777778,1006.0,1010.0,1007.4652777777778,52.0,77.0,68.625,0.0,0.0,0.0,0.0,209.40972222222223,210.76388888888889,407.4513888888889,,0
2016-10-01 00:00:00+00:00,1701.9,0.0,995.2979166666667,98.85208333333334,42.09027777777778,57.75,57.736111111111114,57.291666666666664,35.5,47.298611111111114,49.916666666666664,31.291666666666668,15.1,0.0,8.718055555555557,19.6,0.4,4.522222222222222,0.8277777777777778,4.473611111111111,169.45208333333332,23.006944444444443,-661.6111111111111,37150.59027777778,5254415.0,-501.65972222222223,-1524394,55.13194444444444,69.23611111111111,70.17361111111111,37.951388888888886,40.604166666666664,33.604166666666664,42.68055555555556,31.21527777777778,26.319444444444443,-3.2,89.7,6.802083333333333,2.647222222222222,79.3125,37.47222222222222,37.020833333333336,36.90972222222222,37.43055555555556,218.91041666666666,0.7979166666666667,49.99930555555555,399.59236111111113,398.20416666666665,397.0888888888889,206.69236111111113,222.91805555555555,209.72291666666666,1980.6,-50.4,38.423611111111114,0.9055555555555556,4.447916666666667,64.78541666666666,-63.46180555555556,1000.3,-1001.0,36.770833333333336,229.23541666666668,1988.0,0.0,66.32222222222222,-455.1409722222222,0.0,-1000.0,89.92430555555556,453.9527777777778,1000.0,0.0,92.89791666666667,46.9375,167.47916666666666,T01,0.0,12.1,4.684027777777778,0.39291666666666664,0.0,12.4,4.699305555555556,0.4007638888888889,19.0,27.0,21.8125,1006.0,1008.0,1006.6111111111111,51.0,85.0,75.29861111111111,0.0,0.0,0.0,0.0,90.43055555555556,90.79861111111111,406.56944444444446,,0
2016-10-02 00:00:00+00:00,1623.2,0.0,466.7944444444444,55.40625,33.638888888888886,42.65277777777778,42.77777777777778,42.486111111111114,34.270833333333336,40.59027777777778,41.208333333333336,29.6875,14.4,0.0,3.986111111111111,18.7,0.4,2.9375,0.5951388888888889,9.171527777777778,240.70277777777775,22.0625,-695.2916666666666,8787.236111111111,1165241.0,-349.9166666666667,-597680,65.72916666666667,72.53472222222223,66.23611111111111,35.361111111111114,36.74305555555556,32.388888888888886,39.00694444444444,26.625,25.430555555555557,-2.9,89.7,16.71527777777778,1.426388888888889,51.486111111111114,34.395833333333336,33.888888888888886,33.986111111111114,34.68055555555556,48.56527777777777,0.875,50.0,400.14166666666665,398.8861111111111,396.7451388888889,54.743750000000006,62.70277777777778,57.081250000000004,727.6,-50.0,33.888888888888886,0.5729166666666666,2.9270833333333335,23.027083333333334,-24.90625,1000.4,-1000.0,17.872916666666665,57.35069444444444,739.6,0.0,23.619444444444444,-205.19097222222223,0.0,-1000.0,57.013888888888886,205.19097222222223,1000.0,0.0,57.013888888888886,36.00694444444444,246.52777777777777,T01,0.0,7.9,3.1125,0.23111111111111113,0.0,8.3,3.0458333333333334,0.24791666666666667,17.0,24.0,20.73611111111111,1006.0,1009.0,1007.5486111111111,47.0,97.0,76.29861111111111,0.0,0.0,0.0,0.0,59.013888888888886,57.645833333333336,407.5138888888889,,0
2016-10-03 00:00:00+00:00,1697.9,0.0,905.8083333333333,65.66319444444444,40.5,54.99305555555556,54.44444444444444,54.020833333333336,34.0625,45.55555555555556,48.451388888888886,31.368055555555557,15.0,0.0,7.918749999999999,24.5,0.4,5.045833333333333,0.8840277777777777,12.358333333333334,112.59027777777777,23.506944444444443,-387.09027777777777,56962.76388888889,8146896.0,-123.73611111111111,-1855838,73.48611111111111,79.71527777777777,72.9375,36.30555555555556,38.076388888888886,32.25694444444444,40.048611111111114,29.98611111111111,25.604166666666668,-3.2,55.5,9.636805555555556,0.7854166666666667,64.03472222222223,35.90277777777778,35.486111111111114,35.46527777777778,35.361111111111114,339.4243055555555,0.9416666666666667,50.00069444444445,400.03472222222223,398.7604166666667,398.67291666666665,294.3576388888889,303.93611111111113,290.89374999999995,1840.1,-49.8,35.5625,0.5916666666666667,4.956944444444444,95.10347222222222,-77.33333333333333,601.9,-199.1,7.557638888888889,347.1673611111111,1850.2,0.0,97.35555555555555,-498.3833333333333,0.0,-1000.0,32.989583333333336,497.1826388888889,1000.0,0.0,36.69305555555556,44.020833333333336,137.73402777777778,T01,0.8,12.1,5.418749999999999,0.5297222222222222,0.8,12.4,5.450694444444444,0.5352083333333333,19.0,29.0,22.76388888888889,1008.0,1010.0,1008.9861111111111,35.0,82.0,60.59722222222222,0.0,0.0,0.0,0.0,105.20833333333333,105.77777777777777,408.9583333333333,,0
2016-10-04 00:00:00+00:00,1757.7,36.1,1460.2930555555556,79.40208333333334,51.0,78.27083333333333,76.89583333333333,76.11111111111111,35.333333333333336,52.59722222222222,57.65277777777778,34.25,15.6,0.0,12.925694444444444,29.6,0.4,7.263194444444445,1.3618055555555555,0.8652777777777776,112.39583333333333,24.88888888888889,-144.52083333333334,115461.16666666667,16605595.0,-83.45833333333333,-3301025,68.31944444444444,82.19444444444444,81.42361111111111,39.78472222222222,42.3125,33.298611111111114,43.763888888888886,35.833333333333336,26.01388888888889,-3.3,84.7,-0.9805555555555556,1.0319444444444443,95.02083333333333,39.78472222222222,39.576388888888886,39.09027777777778,38.34722222222222,691.9138888888889,0.9333333333333333,50.00138888888889,399.0777777777778,397.7347222222222,398.8465277777778,588.3326388888888,609.2833333333333,585.5840277777778,2102.1,-50.3,40.166666666666664,0.7041666666666667,7.020138888888889,164.86666666666667,-137.5611111111111,1000.9,-368.9,13.367361111111112,693.8743055555556,2000.0,0.0,165.0638888888889,-896.9479166666666,0.0,-1000.0,85.61736111111111,877.91875,1000.0,0.0,101.52847222222222,54.75,111.51805555555556,T01,1.5,13.8,7.728472222222223,0.6718055555555557,1.0,14.0,7.779166666666667,0.6838194444444444,21.0,28.0,23.6875,1008.0,1012.0,1009.8472222222222,48.0,80.0,68.70833333333333,0.0,0.0,0.0,0.0,151.41666666666666,152.48611111111111,409.7638888888889,,0
2016-10-05 00:00:00+00:00,1787.4,1193.0,1595.3402777777778,49.21666666666667,58.541666666666664,94.14583333333333,91.04861111111111,89.84722222222223,38.951388888888886,52.979166666666664,59.736111111111114,35.395833333333336,15.7,10.6,14.127777777777778,41.0,0.5,9.079166666666667,1.6486111111111112,0.37222222222222207,110.46666666666667,24.11111111111111,0.0,191089.20138888888,27516845.0,0.0,-4145347,66.11805555555556,82.57638888888889,87.20833333333333,41.99305555555556,44.548611111111114,32.895833333333336,46.083333333333336,38.166666666666664,25.666666666666668,-3.2,10.9,-1.020138888888889,0.8611111111111112,103.22222222222223,42.40277777777778,42.31944444444444,41.541666666666664,39.99305555555556,1146.5013888888889,0.9868055555555555,49.99930555555555,399.2388888888889,397.8541666666667,400.95000000000005,961.2062500000001,979.1743055555556,950.8944444444444,2106.8,33.8,44.25694444444444,0.43125,8.746527777777779,201.04027777777776,-172.72500000000002,-80.9,-228.2,4.657638888888889,1144.9680555555556,2000.0,33.2,200.27430555555554,-936.7409722222224,-162.8,-1000.0,59.260416666666664,869.067361111111,1000.0,162.8,86.22777777777777,56.076388888888886,110.09375,T01,3.5,16.5,9.435416666666667,0.8676388888888888,3.3,16.7,9.504861111111111,0.8840972222222222,21.0,27.0,23.09027777777778,1005.0,1009.0,1007.1666666666666,54.0,84.0,71.61805555555556,0.0,0.0,0.0,0.0,185.57638888888889,187.14583333333334,407.1388888888889,,0
2016-10-06 00:00:00+00:00,1784.6,0.0,1127.3459016393444,65.75573770491803,51.39344262295082,69.98360655737704,69.09016393442623,68.5,37.14754098360656,49.631147540983605,52.877049180327866,32.221311475409834,15.7,0.0,9.87704918032787,23.9,0.4,5.7901639344262295,1.0131147540983607,7.498360655737705,174.0311475409836,23.024590163934427,-432.3360655737705,74809.72131147541,9074039.0,-313.76229508196724,-1856478,62.4344262295082,76.05737704918033,77.64754098360656,38.81967213114754,41.76229508196721,31.69672131147541,43.71311475409836,32.959016393442624,24.950819672131146,-3.1,90.0,6.955737704918033,1.7188524590163934,86.35245901639344,38.5655737704918,38.16393442622951,37.942622950819676,37.92622950819672,446.29590163934427,0.8368852459016394,49.993442622950816,399.41803278688525,398.3295081967213,398.1491803278688,400.43278688524595,416.1729508196721,401.00573770491803,2107.6,-50.0,40.02459016393443,0.6040983606557377,5.642622950819672,99.55081967213115,-91.32868852459016,1000.5,-1000.4,47.56885245901639,457.57295081967214,2000.0,0.0,101.24754098360657,-621.4901639344263,0.0,-1000.0,79.25737704918032,599.0450819672132,1000.0,0.0,87.68524590163935,44.32786885245902,166.54426229508198,T01,0.0,15.9,5.65625,0.4516666666666667,0.2,16.0,5.704861111111111,0.4634722222222222,18.0,29.0,22.541666666666668,1003.0,1006.0,1004.3333333333334,49.0,99.0,76.15277777777777,0.0,0.0,0.0,0.0,109.97916666666667,110.79166666666667,404.28472222222223,,0
2016-10-07 00:00:00+00:00,1536.4,0.0,380.1277777777778,41.71944444444445,34.1875,40.041666666666664,40.111111111111114,39.770833333333336,33.22222222222222,39.395833333333336,39.416666666666664,28.805555555555557,13.6,0.0,3.23125,13.0,0.4,2.4701388888888887,0.5625,-6.2124999999999995,214.58680555555554,21.479166666666668,-646.1388888888889,5150.965277777777,648696.0,-287.55555555555554,-460227,65.81944444444444,71.50694444444444,65.17361111111111,34.236111111111114,35.5,32.229166666666664,37.96527777777778,25.54861111111111,25.006944444444443,-2.6,89.7,17.395833333333332,1.1159722222222221,48.138888888888886,33.291666666666664,32.78472222222222,32.84027777777778,33.375,27.019444444444446,0.8368055555555556,49.99930555555555,399.6923611111111,398.98333333333335,397.0680555555556,54.80347222222222,58.84375,57.099999999999994,613.7,-49.9,32.125,0.31527777777777777,2.4756944444444446,16.220833333333335,-19.123611111111114,1000.6,-1000.9,55.77986111111111,33.42986111111111,627.4,0.0,14.502083333333335,-133.63472222222222,0.0,-1000.0,51.09513888888889,133.63472222222222,1000.0,0.0,51.09513888888889,30.854166666666668,225.81180555555557,T01,0.0,7.8,2.35625,0.17479166666666668,0.0,8.1,2.367361111111111,0.17708333333333334,16.0,25.0,20.0625,1004.0,1009.0,1006.3472222222222,66.0,100.0,89.61111111111111,0.0,1.0,0.020833333333333332,0.0,43.666666666666664,43.916666666666664,406.2291666666667,,0
2016-10-08 00:00:00+00:00,1515.4,0.0,434.4631944444444,33.21666666666667,34.19444444444444,42.104166666666664,42.208333333333336,41.923611111111114,34.24305555555556,40.076388888888886,39.81944444444444,29.833333333333332,13.4,0.0,3.7631944444444443,17.6,0.4,2.435416666666667,0.5006944444444446,12.930555555555555,258.2013888888889,22.52777777777778,-675.7777777777778,5536.541666666667,699949.0,-303.6666666666667,-476704,69.08333333333333,74.79166666666667,67.99305555555556,35.083333333333336,36.604166666666664,32.40277777777778,38.833333333333336,26.54861111111111,25.26388888888889,-2.4,89.7,16.619444444444444,1.1604166666666667,51.541666666666664,34.173611111111114,33.6875,33.78472222222222,34.40972222222222,29.162499999999998,0.8527777777777777,49.99930555555555,400.0076388888889,399.0208333333333,397.1173611111111,48.951388888888886,54.35833333333333,50.77708333333334,513.1,-50.1,33.52777777777778,0.28402777777777777,2.4319444444444445,18.09097222222222,-19.85486111111111,868.3,-995.7,37.38263888888889,35.30486111111111,521.2,0.0,16.81875,-155.25486111111113,0.0,-1000.0,64.91597222222222,155.25486111111113,1000.0,0.0,64.91597222222222,37.03472222222222,282.79097222222225,T01,0.0,7.3,2.5756944444444443,0.13402777777777777,0.0,7.2,2.5791666666666666,0.13541666666666666,18.0,26.0,21.70138888888889,1008.0,1010.0,1009.0208333333334,38.0,97.0,70.63194444444444,0.0,1.0,0.006944444444444444,0.0,48.15972222222222,48.236111111111114,409.00694444444446,,0
2016-10-09 00:00:00+00:00,1618.5,0.0,555.2076388888888,56.318749999999994,34.583333333333336,43.958333333333336,44.11805555555556,43.826388888888886,33.24305555555556,41.541666666666664,42.86805555555556,28.881944444444443,14.3,0.0,4.727777777777778,22.3,0.4,3.189583333333333,0.6569444444444446,4.409722222222222,243.53750000000002,21.194444444444443,-639.625,13424.0,1840949.0,-296.25,-766004,68.68055555555556,74.6875,67.95138888888889,35.38194444444444,36.80555555555556,31.229166666666668,39.104166666666664,26.180555555555557,24.1875,-3.1,89.7,14.738194444444446,1.3347222222222224,56.15277777777778,34.5,34.041666666666664,34.09722222222222,34.604166666666664,76.70972222222223,0.8909722222222223,50.00069444444445,400.46666666666664,399.27708333333334,397.5284722222222,77.75208333333333,85.03333333333333,76.96180555555556,704.3,-50.2,34.18055555555556,0.5555555555555556,3.1666666666666665,33.65625,-31.922222222222224,978.0,-578.1,13.952777777777778,83.03055555555555,716.3,0.0,34.075694444444444,-283.5416666666667,0.0,-1000.0,67.47222222222223,283.5416666666667,1000.0,0.0,67.47222222222223,36.923611111111114,246.63194444444446,T01,0.4,8.2,3.6937499999999996,0.28958333333333336,0.5,8.6,3.7041666666666666,0.29465277777777776,18.0,23.0,20.006944444444443,1009.0,1012.0,1010.3472222222222,53.0,97.0,81.72916666666667,0.0,0.0,0.0,0.0,70.61111111111111,70.84027777777777,410.3263888888889,,0
2016-10-10 00:00:00+00:00,1605.3,0.0,581.1263888888889,56.67638888888889,33.25694444444444,42.958333333333336,43.166666666666664,42.798611111111114,31.77777777777778,40.74305555555556,41.77777777777778,27.73611111111111,14.2,0.0,4.934027777777778,20.9,0.4,3.1722222222222225,0.6451388888888889,-23.969444444444445,219.3465277777778,19.84027777777778,-611.7569444444445,9674.333333333334,1305011.0,-307.4861111111111,-714979,66.57638888888889,72.75,66.08333333333333,34.638888888888886,35.69444444444444,30.07638888888889,38.30555555555556,24.305555555555557,23.368055555555557,-2.4,62.2,14.447222222222223,1.3166666666666667,54.96527777777778,33.833333333333336,33.3125,33.375,33.770833333333336,54.36527777777778,0.8402777777777778,50.0,399.5798611111111,398.7583333333333,396.9909722222222,67.77152777777778,72.88611111111112,67.93402777777777,762.4,-51.2,32.701388888888886,0.5430555555555556,3.1527777777777777,32.956944444444446,-29.803472222222222,1000.0,-892.4,32.12152777777778,63.01944444444444,777.5,0.0,33.391666666666666,-225.0111111111111,0.0,-1000.0,91.53194444444445,225.0111111111111,1000.0,0.0,91.53194444444445,34.111111111111114,248.3069444444444,T01,0.0,8.6,3.3958333333333335,0.24284722222222221,0.0,8.8,3.3569444444444443,0.25486111111111115,16.0,22.0,18.916666666666668,1009.0,1012.0,1010.2916666666666,63.0,97.0,78.94444444444444,0.0,0.0,0.0,0.0,64.71527777777777,63.854166666666664,410.2083333333333,,0
2016-10-11 00:00:00+00:00,1690.4,0.0,868.0984732824427,66.21221374045801,36.343511450381676,49.55725190839695,49.458015267175576,49.0,30.290076335877863,43.58015267175573,45.9236641221374,27.885496183206108,15.0,0.0,7.518320610687023,23.6,0.4,4.4961832061068705,0.8610687022900764,-5.36793893129771,240.13816793893128,20.12213740458015,-360.0381679389313,36424.98473282443,4724507.0,-146.85496183206106,-979659,65.5114503816794,70.12213740458016,65.47328244274809,35.66412213740458,36.38931297709924,29.603053435114504,39.47328244274809,25.885496183206108,22.671755725190838,-3.2,90.0,12.611450381679388,0.9244274809160304,64.29007633587786,35.18320610687023,34.76335877862596,34.67175572519084,34.48091603053435,216.4053435114504,0.9114503816793894,50.00152671755725,400.4152671755725,399.406106870229,398.34809160305343,201.49312977099237,212.5442748091603,201.24122137404578,1428.2,-42.3,34.05343511450382,0.6038167938931298,4.393129770992366,76.67099236641221,-44.88778625954198,1003.3,-534.7,21.164885496183206,221.2206106870229,1447.6,0.0,77.52824427480917,-531.8290076335878,0.0,-1000.0,64.47175572519083,531.8274809160305,1000.0,0.0,64.48549618320611,38.69465648854962,245.5007633587786,T01,0.8,10.4,4.659027777777777,0.40437500000000004,0.7000000000000001,10.5,4.711111111111111,0.4150694444444445,17.0,21.0,18.993055555555557,1006.0,1011.0,1008.0208333333334,61.0,80.0,71.1875,0.0,0.0,0.0,0.0,89.97222222222223,90.90277777777777,407.9166666666667,,0
2016-10-12 00:00:00+00:00,1820.6,1179.9,1506.1180555555557,79.30347222222223,56.173611111111114,86.36111111111111,83.86111111111111,82.93055555555556,38.21527777777778,52.513888888888886,57.6875,30.680555555555557,15.9,10.5,13.339583333333334,41.0,0.5,8.129861111111111,1.853472222222222,0.5986111111111111,230.3986111111111,19.53472222222222,-1.9861111111111112,155854.02777777778,22442694.0,-1.1527777777777777,-3917231,72.49305555555556,80.96527777777777,84.30555555555556,40.166666666666664,41.826388888888886,28.75,43.979166666666664,31.9375,21.041666666666668,-3.1,15.1,-0.4701388888888889,1.3305555555555555,100.56944444444444,40.5625,40.388888888888886,39.75,38.291666666666664,934.9562500000001,0.9631944444444444,49.99861111111111,399.4868055555555,397.84236111111113,399.6409722222222,788.5013888888889,809.0854166666667,778.0652777777777,2109.6,-41.7,42.020833333333336,0.6930555555555555,8.113194444444444,234.48333333333332,-163.2173611111111,6.2,-250.5,6.303472222222222,933.0368055555555,2000.0,0.0,233.24374999999998,-889.2951388888889,0.0,-1000.0,98.39930555555556,833.7249999999999,1000.0,0.0,115.56666666666666,53.916666666666664,229.79305555555553,T01,2.8,21.2,9.84375,1.7080555555555557,2.7,21.7,9.895833333333334,1.8752083333333331,16.0,20.0,18.541666666666668,997.0,1007.0,1000.3958333333334,63.0,96.0,84.66666666666667,0.0,15.0,0.9930555555555556,0.0,193.86805555555554,194.93055555555554,400.375,,0
2016-10-13 00:00:00+00:00,1685.6,0.0,859.5104166666666,76.32152777777777,37.99305555555556,53.13194444444444,52.80555555555556,52.36805555555556,30.430555555555557,46.208333333333336,47.99305555555556,27.645833333333332,14.9,0.0,7.563888888888889,46.7,0.4,4.6,0.9173611111111111,-2.550694444444445,250.6506944444444,18.805555555555557,-477.0486111111111,44723.73611111111,6371525.0,-292.71527777777777,-1725901,61.888888888888886,68.05555555555556,66.95138888888889,36.076388888888886,36.93055555555556,28.819444444444443,39.44444444444444,25.229166666666668,20.916666666666668,-3.1,89.7,9.23263888888889,1.5590277777777777,68.375,35.520833333333336,35.145833333333336,35.013888888888886,34.895833333333336,265.4861111111111,0.9097222222222222,49.99791666666667,400.06041666666664,398.87638888888887,398.2347222222222,236.06041666666664,247.3986111111111,234.40486111111113,1845.9,-50.4,34.513888888888886,0.6770833333333334,4.529166666666667,72.43541666666667,-71.91111111111111,1000.8,-854.5,19.25277777777778,272.7138888888889,1859.3,0.0,74.02083333333333,-531.8194444444445,0.0,-1000.0,38.104166666666664,531.5395833333333,1000.0,0.0,39.105555555555554,37.423611111111114,270.7055555555555,T01,0.0,11.0,4.745138888888889,0.39819444444444446,0.0,11.0,4.735416666666667,0.405625,15.0,20.0,17.625,995.0,1001.0,997.2777777777778,65.0,98.0,82.38888888888889,0.0,9.0,0.5555555555555556,0.0,91.70138888888889,91.45833333333333,397.2013888888889,,0
2016-10-14 00:00:00+00:00,1622.3,0.0,882.6895833333333,45.831944444444446,38.25,54.19444444444444,54.375,54.09027777777778,29.354166666666668,44.28472222222222,47.22222222222222,28.23611111111111,14.4,0.0,7.788194444444445,42.3,0.4,4.522222222222222,0.8027777777777778,1.0527777777777778,286.2215277777778,19.15277777777778,-393.56944444444446,24471.180555555555,3467175.0,-254.34722222222223,-1437591,67.60416666666667,72.48611111111111,68.27083333333333,37.56944444444444,38.166666666666664,28.3125,40.84027777777778,25.881944444444443,21.42361111111111,-3.0,89.7,16.468055555555555,1.2666666666666666,77.59027777777777,36.875,36.38194444444444,36.270833333333336,36.68055555555556,144.35763888888889,0.84375,49.99861111111111,399.7736111111111,398.52152777777775,397.32500000000005,135.41527777777776,149.13541666666666,134.26527777777778,875.9,-51.7,35.854166666666664,0.40069444444444446,4.465277777777778,44.072916666666664,-59.84652777777777,869.6,-553.7,13.759027777777778,169.88472222222222,881.5,0.0,54.806250000000006,-504.8618055555556,0.0,-1000.0,83.22291666666666,504.8618055555556,1000.0,0.0,83.22291666666666,35.333333333333336,300.1798611111111,T01,0.3,9.7,4.810416666666667,0.3002777777777778,0.3,9.4,4.791666666666667,0.3015277777777778,16.0,20.0,17.993055555555557,1000.0,1006.0,1002.6597222222222,48.0,95.0,71.04166666666667,0.0,14.0,0.18055555555555555,0.0,92.95833333333333,92.65277777777777,402.65277777777777,,0
2016-10-15 00:00:00+00:00,1633.1,0.0,375.62638888888887,102.78055555555555,28.645833333333332,34.666666666666664,34.701388888888886,34.388888888888886,30.625,37.0,37.923611111111114,26.631944444444443,14.5,0.0,2.9458333333333333,15.6,0.4,2.7256944444444446,0.6069444444444445,-5.484027777777778,134.00069444444443,18.67361111111111,-693.5625,5284.798611111111,661135.0,-357.13194444444446,-267644,64.24305555555556,67.45138888888889,62.46527777777778,32.52777777777778,34.06944444444444,29.243055555555557,35.38194444444444,22.78472222222222,22.354166666666668,-2.8,89.7,19.384027777777778,2.6006944444444446,38.22222222222222,31.993055555555557,31.770833333333332,31.833333333333332,30.868055555555557,27.535416666666666,0.8958333333333334,49.99861111111111,400.90763888888887,399.7215277777778,397.8694444444444,34.791666666666664,38.24236111111111,36.67777777777778,737.1,-50.9,28.67361111111111,0.9986111111111112,2.726388888888889,14.82986111111111,-11.146527777777779,1000.1,-617.3,17.455555555555556,37.69444444444444,750.5,0.0,17.543055555555554,-94.67152777777778,0.0,-1000.0,33.01875,94.67152777777778,1000.0,0.0,33.01875,31.23611111111111,136.97361111111113,T01,0.0,9.3,2.51875,0.2640972222222222,0.0,9.1,2.495833333333333,0.27416666666666667,14.0,23.0,18.17361111111111,1005.0,1008.0,1006.4236111111111,42.0,80.0,66.63888888888889,0.0,0.0,0.0,0.0,46.96527777777778,46.47222222222222,406.34027777777777,,0
2016-10-16 00:00:00+00:00,1678.6,28.0,940.2159722222223,85.03055555555555,38.861111111111114,52.56944444444444,52.888888888888886,52.59027777777778,32.354166666666664,44.03472222222222,46.979166666666664,28.944444444444443,14.9,0.0,8.26388888888889,18.3,0.4,4.043055555555556,0.7722222222222223,0.01458333333333317,123.42986111111112,21.125,-469.50694444444446,17354.069444444445,2431374.0,-321.61805555555554,-1259711,67.97222222222223,71.75694444444444,67.22916666666667,37.208333333333336,37.84027777777778,31.09722222222222,40.3125,27.083333333333332,24.11111111111111,-3.1,82.8,7.300000000000001,2.1590277777777778,71.55555555555556,36.541666666666664,36.06944444444444,36.00694444444444,36.361111111111114,101.33194444444445,0.7555555555555556,49.99930555555555,400.00416666666666,398.275,397.5076388888889,113.21111111111111,125.02916666666667,109.31597222222223,1300.3,-52.3,35.46527777777778,0.7854166666666668,4.039583333333334,48.09097222222223,-52.39375,999.2,-830.3,39.988194444444446,110.65208333333334,1328.1,0.0,49.49097222222222,-377.7270833333333,0.0,-1000.0,125.71944444444443,377.7270833333333,1000.0,0.0,125.71944444444443,40.173611111111114,123.41250000000001,T01,1.0,9.3,4.106944444444444,0.5058333333333334,1.1,9.6,4.103472222222222,0.510625,17.0,25.0,20.131944444444443,1007.0,1011.0,1008.7361111111111,56.0,85.0,71.17361111111111,0.0,0.0,0.0,0.0,79.00694444444444,78.875,408.69444444444446,,0
2016-10-17 00:00:00+00:00,1449.9,0.0,555.9694444444444,83.74444444444445,35.229166666666664,43.763888888888886,44.0,43.71527777777778,33.895833333333336,41.833333333333336,43.611111111111114,29.944444444444443,12.8,0.0,4.800694444444444,16.6,0.4,3.0875000000000004,0.5791666666666667,-0.5923611111111113,167.32430555555555,22.21527777777778,-776.1875,4766.291666666667,574576.0,-585.9375,-551241,68.57638888888889,72.13194444444444,67.48611111111111,36.19444444444444,37.666666666666664,32.6875,39.763888888888886,27.041666666666668,25.694444444444443,-2.3,89.7,15.799999999999999,2.1555555555555554,57.048611111111114,35.263888888888886,34.763888888888886,34.86805555555556,35.638888888888886,23.945833333333333,0.7562500000000001,49.99861111111111,400.4236111111111,399.08402777777775,397.5152777777778,46.43611111111111,52.513194444444444,47.38611111111111,367.1,-51.9,34.736111111111114,0.8006944444444444,3.09375,16.27638888888889,-22.972916666666666,1000.2,-909.1,37.51875,36.55486111111111,424.6,0.0,19.288194444444443,-137.7111111111111,0.0,-1000.0,61.28958333333334,137.7111111111111,1000.0,0.0,61.28958333333334,34.6875,190.39305555555555,T01,0.2,8.1,3.3777777777777778,0.2926388888888889,0.2,8.2,3.3784722222222223,0.2888888888888889,18.0,26.0,21.17361111111111,1011.0,1015.0,1013.3125,47.0,91.0,70.15277777777777,0.0,0.0,0.0,0.0,64.29166666666667,64.3125,413.25,,0
2016-10-18 00:00:00+00:00,1703.4,0.0,635.1055555555555,63.37222222222223,36.59027777777778,45.701388888888886,45.638888888888886,45.30555555555556,36.96527777777778,42.763888888888886,44.645833333333336,32.06944444444444,15.1,0.0,5.4944444444444445,23.0,0.4,3.6513888888888886,0.6555555555555556,5.627083333333333,107.53888888888889,24.0625,-498.25694444444446,23655.381944444445,3334628.0,-248.09722222222223,-942895,71.77777777777777,75.00694444444444,70.23611111111111,36.638888888888886,38.36805555555556,33.69444444444444,40.38194444444444,29.819444444444443,26.78472222222222,-3.1,89.7,15.077777777777776,1.5444444444444445,55.576388888888886,35.77777777777778,35.38194444444444,35.44444444444444,36.0,138.9263888888889,0.8923611111111112,50.0,400.5055555555556,399.3097222222222,398.3041666666667,129.35416666666666,137.35833333333332,129.74305555555554,1948.9,-50.1,35.604166666666664,0.5965277777777778,3.6374999999999997,42.77013888888889,-39.299305555555556,998.1,-726.6,19.29236111111111,147.90833333333333,1960.8,0.0,44.806250000000006,-313.55833333333334,0.0,-1000.0,57.5638888888889,312.6333333333333,1000.0,0.0,59.67986111111111,37.625,136.91319444444446,T01,0.6000000000000001,11.7,3.9854166666666666,0.30520833333333336,0.5,12.0,3.9909722222222226,0.31201388888888887,20.0,29.0,23.479166666666668,1013.0,1015.0,1013.8333333333334,41.0,82.0,58.27777777777778,0.0,0.0,0.0,0.0,76.45138888888889,76.60416666666667,413.8125,,0
2016-10-19 00:00:00+00:00,1694.7,0.0,1352.521527777778,75.17152777777778,45.11805555555556,66.9375,66.46527777777777,66.02083333333333,33.451388888888886,50.86805555555556,54.895833333333336,31.38888888888889,15.0,0.0,11.978472222222223,23.6,0.5,6.0875,1.042361111111111,-0.5874999999999999,115.71111111111112,22.8125,-147.04166666666666,70582.27777777778,10142674.0,-104.51388888888889,-2800660,75.17361111111111,80.21527777777777,76.77083333333333,39.15277777777778,41.15972222222222,32.263888888888886,43.263888888888886,31.38888888888889,25.17361111111111,-3.2,89.7,-0.12638888888888894,0.9486111111111111,91.72222222222223,38.90972222222222,38.59027777777778,38.354166666666664,38.201388888888886,422.6673611111111,0.8937500000000002,50.00069444444445,399.3326388888889,397.87361111111113,398.35347222222225,369.44375,386.66875000000005,361.2590277777778,1637.1,-49.8,38.99305555555556,0.6701388888888888,6.027083333333334,110.87916666666666,-116.67569444444445,1000.1,-513.0,9.544444444444444,425.1611111111111,1662.0,0.0,112.05555555555556,-827.1861111111111,0.0,-1000.0,71.18055555555556,827.1118055555556,1000.0,0.0,71.63472222222222,49.24305555555556,116.3013888888889,T01,1.3,10.7,6.219444444444445,0.6184027777777777,1.2,10.8,6.28125,0.6354861111111112,19.0,26.0,21.84027777777778,1008.0,1014.0,1011.0625,55.0,84.0,72.95138888888889,0.0,0.0,0.0,0.0,121.27777777777777,122.51388888888889,411.02777777777777,,0
2016-10-20 00:00:00+00:00,1674.3,0.0,881.5159722222222,107.15,39.763888888888886,53.513888888888886,53.625,53.361111111111114,34.861111111111114,45.75,48.611111111111114,31.15277777777778,14.8,0.0,7.7562500000000005,17.6,0.4,4.214583333333334,0.7083333333333334,-2.6319444444444446,127.71527777777777,22.65972222222222,-595.0138888888889,22321.26388888889,3128578.0,-536.8958333333334,-1223900,71.67361111111111,76.01388888888889,71.81944444444444,38.173611111111114,40.576388888888886,32.236111111111114,42.80555555555556,29.27777777777778,25.118055555555557,-3.1,86.2,10.129166666666666,2.7993055555555557,74.70833333333333,37.5,36.986111111111114,36.99305555555556,37.736111111111114,130.35833333333332,0.775,50.00069444444445,400.16805555555555,398.97847222222225,397.5513888888889,129.69097222222223,142.1763888888889,130.73680555555555,1049.8,-50.2,38.21527777777778,0.9645833333333333,4.1618055555555555,40.37291666666667,-51.02916666666667,1001.0,-999.9,32.99861111111111,143.6263888888889,1062.0,0.0,43.92847222222222,-413.62847222222223,0.0,-1000.0,84.46319444444445,413.62847222222223,1000.0,0.0,84.46319444444445,39.63194444444444,117.85277777777777,T01,0.0,10.1,4.356944444444444,0.24777777777777776,0.0,10.1,4.375694444444445,0.25493055555555555,19.0,25.0,21.541666666666668,1004.0,1009.0,1006.0277777777778,59.0,90.0,77.20138888888889,0.0,0.0,0.0,0.0,83.81944444444444,84.20138888888889,405.97222222222223,,0
2016-10-21 00:00:00+00:00,1660.0,0.0,502.375,40.87361111111111,34.02777777777778,43.236111111111114,43.375,43.0,34.34027777777778,41.333333333333336,41.74305555555556,29.520833333333332,14.7,0.0,4.379166666666666,21.3,0.4,2.9840277777777775,0.6159722222222223,30.025694444444444,144.28750000000002,21.645833333333332,-628.6458333333334,14440.104166666666,1988850.0,-288.0138888888889,-776937,69.38194444444444,73.00694444444444,68.0625,35.208333333333336,36.833333333333336,32.270833333333336,38.888888888888886,26.520833333333332,24.67361111111111,-3.1,89.7,15.181944444444444,0.9493055555555555,54.28472222222222,34.388888888888886,33.90277777777778,33.951388888888886,34.49305555555556,82.91527777777777,0.8923611111111112,49.99930555555555,400.30069444444445,399.3041666666667,397.5493055555555,80.48750000000001,88.45763888888888,82.43333333333334,965.3,-51.6,33.94444444444444,0.3673611111111111,2.9791666666666665,37.00972222222222,-32.37916666666667,810.1,-501.6,11.219444444444445,89.0638888888889,1008.4,0.0,36.016666666666666,-257.77777777777777,0.0,-1000.0,70.07708333333333,257.77777777777777,1000.0,0.0,70.07708333333333,33.548611111111114,106.775,T01,0.0,9.5,3.2027777777777775,0.29750000000000004,0.3,9.8,3.097916666666667,0.37729166666666664,18.0,24.0,20.32638888888889,1003.0,1005.0,1004.25,56.0,93.0,81.93055555555556,0.0,0.0,0.0,0.0,60.638888888888886,58.520833333333336,404.15972222222223,,0
2016-10-22 00:00:00+00:00,1773.7,52.9,1357.4104166666666,86.44027777777778,43.5,68.07638888888889,67.27083333333333,66.64583333333333,32.65277777777778,50.076388888888886,54.34722222222222,29.82638888888889,15.6,0.0,11.994444444444445,34.8,0.4,6.281944444444445,1.4708333333333334,-0.6729166666666666,191.94166666666666,20.53472222222222,-67.5,86343.45833333333,12423739.0,-37.645833333333336,-3303479,73.76388888888889,78.47222222222223,74.93055555555556,39.208333333333336,40.083333333333336,30.17361111111111,42.666666666666664,29.15277777777778,22.4375,-3.1,53.7,-0.11527777777777784,0.8861111111111112,89.96527777777777,39.15277777777778,38.798611111111114,38.416666666666664,38.020833333333336,517.6868055555556,0.8944444444444445,49.99930555555555,398.89930555555554,397.37569444444443,397.8388888888889,451.4090277777778,469.1347222222222,443.47083333333336,2104.9,-50.1,39.06944444444444,0.7701388888888889,6.343055555555555,187.82916666666668,-137.64305555555555,1000.2,-223.3,12.81388888888889,518.5291666666667,2000.0,0.0,187.64999999999998,-841.3194444444445,0.0,-1000.0,115.48124999999999,830.8513888888889,1000.0,0.0,123.50902777777777,45.791666666666664,192.6173611111111,T01,1.7000000000000002,18.2,8.065972222222221,1.3624305555555556,1.4,18.5,7.704861111111111,1.7834722222222221,18.0,22.0,19.4375,1000.0,1005.0,1002.2916666666666,77.0,96.0,89.02777777777777,0.0,9.0,0.1527777777777778,0.0,158.34027777777777,151.08333333333334,402.2291666666667,,0
2016-10-23 00:00:00+00:00,1813.5,0.0,982.4277777777778,79.22569444444444,42.6875,65.51388888888889,64.32638888888889,63.6875,35.263888888888886,47.770833333333336,50.52777777777778,28.881944444444443,15.9,0.0,8.602083333333333,70.0,0.4,5.34375,1.7430555555555556,-1.3694444444444447,192.83125,19.02777777777778,-534.7291666666666,82843.21527777778,11852423.0,-384.5763888888889,-2551556,67.70138888888889,75.70833333333333,76.00694444444444,37.21527777777778,38.229166666666664,28.15972222222222,39.916666666666664,28.34027777777778,20.59722222222222,-3.4,89.7,8.61111111111111,1.9215277777777777,76.94444444444444,37.013888888888886,36.71527777777778,36.451388888888886,35.798611111111114,493.9166666666667,0.8597222222222222,49.99861111111111,399.63680555555555,398.28125,398.0159722222222,430.98541666666665,445.53263888888887,427.1423611111111,2106.9,-50.1,36.076388888888886,0.6840277777777778,5.389583333333333,181.83125,-106.27847222222222,1000.3,-654.6,18.986805555555556,503.11736111111105,2000.0,0.0,184.96666666666667,-515.0451388888889,0.0,-1000.0,98.62013888888889,489.0520833333333,1000.0,0.0,121.88958333333332,46.888888888888886,229.2111111111111,T01,0.0,20.2,6.718055555555555,1.2647222222222223,0.0,20.3,6.65625,1.4130555555555555,14.0,21.0,17.618055555555557,998.0,1002.0,1000.5347222222222,80.0,98.0,93.96527777777777,0.0,37.0,1.2916666666666667,0.0,131.11111111111111,129.97222222222223,400.43055555555554,,0
2016-10-24 00:00:00+00:00,1646.6,0.0,742.2090277777778,132.72569444444446,34.81944444444444,48.24305555555556,48.395833333333336,48.104166666666664,30.506944444444443,42.451388888888886,45.208333333333336,27.47222222222222,14.6,0.0,6.457638888888889,21.6,0.4,3.55,0.8229166666666666,-4.867361111111111,149.02083333333334,19.0,-706.3958333333334,13245.083333333334,1805569.0,-613.5625,-871530,64.47222222222223,68.125,64.01388888888889,36.875,36.041666666666664,28.631944444444443,38.44444444444444,24.72222222222222,21.541666666666668,-2.7,89.7,11.488194444444444,3.4458333333333333,63.3125,36.166666666666664,35.59027777777778,35.65277777777778,36.00694444444444,75.21180555555556,0.7381944444444445,50.0,399.94375,398.94166666666666,397.65486111111113,90.94166666666666,98.22291666666666,92.04930555555556,910.0,-50.2,33.166666666666664,1.1944444444444444,3.584027777777778,44.34861111111111,-36.233333333333334,1000.6,-914.8,48.6875,86.79305555555555,925.9,0.0,45.949305555555554,-278.65694444444443,0.0,-1000.0,123.37708333333333,278.65694444444443,1000.0,0.0,123.37708333333333,36.451388888888886,151.39236111111111,T01,0.4,8.9,3.53125,0.47236111111111106,0.4,8.7,3.4847222222222225,0.4945138888888889,13.0,22.0,17.868055555555557,999.0,1003.0,1001.1805555555555,70.0,97.0,84.84722222222223,0.0,7.0,0.3125,0.0,67.30555555555556,66.39583333333333,401.1041666666667,,0
2016-10-25 00:00:00+00:00,1671.9,0.0,768.2520833333333,91.63333333333334,37.69444444444444,49.50694444444444,49.75,49.36805555555556,33.69444444444444,44.0625,46.673611111111114,30.72222222222222,14.8,0.0,6.701388888888889,17.9,0.4,3.665972222222222,0.6854166666666667,0.24930555555555559,114.60138888888888,22.78472222222222,-655.7361111111111,15431.909722222223,2127773.0,-486.93055555555554,-1074041,69.59027777777777,72.99305555555556,68.33333333333333,37.263888888888886,38.388888888888886,31.38888888888889,40.65277777777778,28.868055555555557,24.625,-3.2,76.7,11.106944444444444,2.1409722222222225,64.08333333333333,36.53472222222222,36.06944444444444,36.09027777777778,36.729166666666664,88.67083333333333,0.7756944444444445,50.00138888888889,399.6388888888889,398.55833333333334,397.2875,96.81527777777778,106.02916666666667,96.33680555555556,1026.0,-50.1,35.861111111111114,0.8770833333333333,3.6881944444444446,38.50486111111111,-44.74791666666667,1000.4,-644.4,27.540277777777778,99.14305555555556,1038.9,0.0,40.25,-291.18125,0.0,-1000.0,81.00486111111111,291.18125,1000.0,0.0,81.00486111111111,37.979166666666664,109.35347222222222,T01,0.0,9.5,4.115277777777778,0.38083333333333336,0.0,10.0,4.142361111111111,0.3877083333333333,19.0,26.0,22.15277777777778,1003.0,1010.0,1005.9930555555555,53.0,85.0,67.66666666666667,0.0,0.0,0.0,0.0,79.04166666666667,79.53472222222223,405.9513888888889,,0
2016-10-26 00:00:00+00:00,1736.6,0.0,1440.4604166666666,69.84027777777777,49.03472222222222,75.63888888888889,74.4375,73.77083333333333,34.833333333333336,52.68055555555556,57.361111111111114,33.30555555555556,15.4,0.0,12.752777777777778,37.1,0.6000000000000001,6.949305555555556,1.2152777777777777,1.0597222222222222,103.40069444444445,24.506944444444443,-62.791666666666664,103858.25,14946545.0,-41.888888888888886,-3261854,80.42361111111111,84.72222222222223,81.40277777777777,39.645833333333336,41.888888888888886,32.56944444444444,43.61805555555556,33.958333333333336,25.479166666666668,-3.2,89.7,-0.6583333333333334,0.9465277777777779,94.65972222222223,39.673611111111114,39.36805555555556,39.020833333333336,38.333333333333336,622.7645833333333,0.9437500000000001,50.00069444444445,399.1173611111111,397.88125,398.5159722222222,529.5,549.3611111111111,526.2479166666667,2101.8,-46.0,39.81944444444444,0.620138888888889,6.8694444444444445,152.00555555555556,-135.91041666666666,9.9,-211.0,7.352083333333334,625.9131944444445,2000.0,0.0,152.60416666666666,-926.2645833333333,0.0,-1000.0,62.556250000000006,911.5020833333333,1000.0,0.0,76.84652777777778,55.84027777777778,102.32222222222222,T01,1.7000000000000002,13.6,7.489583333333333,0.64875,1.5,13.5,7.5249999999999995,0.6561805555555555,21.0,27.0,23.631944444444443,1009.0,1014.0,1011.0486111111111,55.0,75.0,69.1875,0.0,0.0,0.0,0.0,146.56944444444446,147.43055555555554,411.0138888888889,,0
2016-10-27 00:00:00+00:00,1812.2,1208.8,1637.6277777777777,35.99236111111111,72.86111111111111,117.85416666666667,112.32638888888889,110.75,46.638888888888886,53.111111111111114,60.84027777777778,37.708333333333336,15.9,10.7,14.505555555555556,39.3,0.5,11.653472222222222,2.1791666666666667,-1.9444444444444444,112.89444444444445,24.04861111111111,0.0,265193.13194444444,38187811.0,0.0,-4693865,83.64583333333333,96.82638888888889,106.06944444444444,44.416666666666664,46.854166666666664,32.201388888888886,47.833333333333336,41.25,25.4375,-3.0,22.3,3.2881944444444446,1.7666666666666666,111.625,45.25694444444444,45.333333333333336,44.13194444444444,41.625,1591.1374999999998,0.9923611111111111,50.00208333333333,398.8013888888889,397.4118055555556,401.6333333333333,1333.5791666666667,1345.6409722222222,1316.9013888888887,2107.6,-47.7,47.979166666666664,0.3090277777777778,11.247916666666667,156.98333333333332,-195.57638888888889,0.5,-231.3,5.315972222222222,1589.1458333333333,2000.0,0.0,155.12916666666666,-780.7041666666667,0.0,-1000.0,74.67986111111111,648.7895833333333,1000.0,0.0,94.05625,68.86805555555556,114.84861111111111,T01,2.5,23.5,11.933333333333334,1.7135416666666667,2.8,23.8,12.0125,1.7533333333333332,21.0,25.0,23.03472222222222,1011.0,1015.0,1013.1666666666666,55.0,83.0,69.00694444444444,0.0,0.0,0.0,0.0,235.73611111111111,237.38194444444446,413.1458333333333,,0
2016-10-28 00:00:00+00:00,1820.8,1240.3,1664.392361111111,30.724999999999998,77.09722222222223,126.39583333333333,120.02777777777777,118.25694444444444,49.479166666666664,52.708333333333336,61.1875,38.3125,16.0,11.0,14.74513888888889,44.7,0.5,12.61111111111111,2.396527777777778,0.7555555555555556,121.68263888888889,23.03472222222222,0.0,295279.9375,42520311.0,0.0,-5092547,82.08333333333333,98.22222222222223,111.77777777777777,45.638888888888886,47.25,32.020833333333336,48.05555555555556,41.486111111111114,24.916666666666668,-3.2,22.0,4.659027777777777,2.2034722222222225,115.03472222222223,46.56944444444444,46.69444444444444,45.27777777777778,42.3125,1771.5506944444446,1.0,50.00069444444445,399.03333333333336,397.3590277777778,401.9923611111111,1481.3208333333334,1497.538888888889,1465.7222222222222,2109.6,162.2,48.958333333333336,0.25625,12.15625,142.90694444444443,-212.1902777777778,-122.8,-242.1,4.0875,1768.7534722222222,2000.0,155.7,140.33680555555554,-728.7590277777778,-583.3,-1000.0,78.76388888888889,571.1187500000001,1000.0,406.1,93.20208333333333,63.49305555555556,120.94236111111111,T01,3.0,24.3,12.765972222222222,2.5368055555555555,2.9,24.1,12.841666666666667,2.567430555555555,20.0,24.0,22.09027777777778,1014.0,1018.0,1016.1805555555555,48.0,79.0,66.54861111111111,0.0,0.0,0.0,0.0,252.47916666666666,254.01388888888889,416.1111111111111,,0
2016-10-29 00:00:00+00:00,1809.9,1350.5,1675.06875,23.65138888888889,75.94444444444444,132.04861111111111,125.11805555555556,123.23611111111111,50.923611111111114,52.138888888888886,60.90972222222222,37.923611111111114,16.0,12.0,14.843055555555557,37.5,0.7000000000000001,12.727083333333333,2.3958333333333335,-1.3611111111111112,115.37916666666666,21.694444444444443,0.0,312481.1875,44997291.0,0.0,-5192821,85.30555555555556,102.50694444444444,117.38888888888889,45.486111111111114,47.479166666666664,31.666666666666668,48.06944444444444,40.90972222222222,23.95138888888889,-2.6,17.5,4.640277777777778,2.382638888888889,117.63194444444444,46.513888888888886,46.59722222222222,45.25,42.00694444444444,1874.8645833333333,1.0,50.0,399.375,397.7965277777778,402.4909722222222,1565.6493055555557,1580.2145833333334,1550.4979166666667,2107.6,464.7,49.40972222222222,0.2,12.26388888888889,105.05694444444445,-216.3638888888889,-159.3,-241.6,2.928472222222222,1871.8958333333333,2000.0,435.8,103.14791666666666,-691.7736111111111,-583.3,-1000.0,83.04652777777778,514.8013888888888,1000.0,406.1,84.30972222222222,60.30555555555556,116.7486111111111,T01,5.3,22.0,13.219444444444443,1.8672916666666666,5.5,22.0,13.295833333333333,1.8987500000000002,19.0,23.0,20.71527777777778,1013.0,1016.0,1014.8680555555555,53.0,75.0,65.59027777777777,0.0,0.0,0.0,0.0,261.40277777777777,262.9791666666667,414.8333333333333,,0
2016-10-30 00:00:00+00:00,1754.0,1233.9,1624.6186666666665,40.30933333333333,57.29333333333334,96.62,93.28666666666666,91.96,36.92666666666667,53.44,59.88666666666666,33.166666666666664,15.5,10.9,14.385333333333335,40.1,0.6000000000000001,9.462,1.6246666666666665,0.03666666666666667,114.878,20.62,0.0,208131.96666666667,31219795.0,0.0,-4427342,68.30666666666667,83.03333333333333,92.34,41.00666666666667,42.666666666666664,30.35333333333333,43.74666666666667,35.85333333333333,22.673333333333332,-3.2,11.2,-0.9686666666666668,0.6953333333333334,102.15333333333334,41.54666666666667,41.526666666666664,40.64,38.56666666666667,1248.8293333333334,0.9953333333333334,49.99933333333333,399.1933333333333,397.68533333333335,400.96666666666664,1045.134,1066.6033333333332,1036.468,2102.8,122.0,42.306666666666665,0.3526666666666667,9.102666666666668,187.922,-177.09266666666667,-106.5,-227.6,4.3133333333333335,1247.946,2000.0,118.7,187.552,-942.5886666666665,-581.6,-1000.0,39.90933333333333,871.3433333333334,1000.0,406.1,75.62466666666667,50.833333333333336,114.83666666666667,T01,1.8,14.7,9.060416666666667,0.8703472222222222,1.6,15.0,9.13888888888889,0.8811805555555555,18.0,23.0,19.631944444444443,1010.0,1014.0,1011.2777777777778,44.0,78.0,66.86111111111111,0.0,0.0,0.0,0.0,178.14583333333334,179.70833333333334,411.1875,,0
2016-10-31 00:00:00+00:00,1795.0,1230.8,1559.0847222222224,52.78125,54.05555555555556,90.97916666666667,87.75,86.875,37.291666666666664,53.05555555555556,58.951388888888886,32.55555555555556,15.8,10.9,13.809027777777779,38.8,0.8,8.684027777777779,1.6902777777777778,-0.7104166666666667,118.98819444444445,20.631944444444443,0.0,182144.54861111112,26228815.0,0.0,-4552397,64.03472222222223,76.74305555555556,84.75694444444444,41.083333333333336,43.03472222222222,30.381944444444443,44.71527777777778,34.263888888888886,22.493055555555557,-3.2,11.3,-1.001388888888889,0.9791666666666666,101.79166666666667,41.65972222222222,41.53472222222222,40.75,39.125,1092.8680555555557,0.9798611111111111,50.00208333333333,399.0993055555556,397.6173611111111,400.9791666666667,928.4618055555555,938.4680555555556,901.629861111111,2107.3,84.8,43.138888888888886,0.4659722222222223,8.588888888888889,188.30069444444445,-189.67847222222224,-112.2,-238.1,3.6416666666666666,1090.8909722222222,2000.0,36.2,187.30069444444445,-932.7256944444445,-177.2,-1000.0,63.49583333333333,867.1479166666667,1000.0,177.2,81.51249999999999,49.1875,119.70277777777778,T01,3.9,16.8,10.175,1.095902777777778,4.0,17.3,10.243055555555555,1.1094444444444445,18.0,23.0,19.583333333333332,1009.0,1012.0,1010.3819444444445,49.0,77.0,65.20833333333333,0.0,0.0,0.0,0.0,200.59722222222223,201.9375,410.30555555555554,,0
2016-11-01 00:00:00+00:00,1779.8,1209.2,1559.1493055555557,44.22638888888889,52.833333333333336,87.34722222222223,84.70138888888889,83.84027777777777,34.43055555555556,52.666666666666664,58.645833333333336,32.416666666666664,15.6,10.7,13.808333333333334,29.1,0.5,8.239583333333334,1.4861111111111112,-0.5249999999999999,124.64305555555555,21.270833333333332,0.0,167635.29861111112,24139483.0,0.0,-4444599,63.145833333333336,76.0,83.27777777777777,40.229166666666664,42.0,30.5,43.27777777777778,34.583333333333336,22.833333333333332,-3.2,7.6,-1.5798611111111112,0.5916666666666667,98.27083333333333,40.645833333333336,40.520833333333336,39.798611111111114,38.30555555555556,1005.7881944444445,0.9472222222222223,50.00069444444445,398.7951388888889,397.4479166666667,400.89930555555554,861.5277777777778,870.7972222222222,836.3958333333334,2104.9,-9.4,41.048611111111114,0.3881944444444445,8.145833333333334,204.52083333333334,-185.19375000000002,1001.4,-227.4,10.348611111111111,1005.1875,2000.0,0.0,204.3423611111111,-936.4277777777778,0.0,-1000.0,64.48541666666667,891.8812499999999,1000.0,0.0,102.11388888888888,49.104166666666664,125.17986111111112,T01,1.9,15.9,8.521527777777777,1.7574305555555556,2.1,16.2,8.58125,1.751111111111111,18.0,24.0,20.21527777777778,1011.0,1014.0,1012.7222222222222,57.0,80.0,69.41666666666667,0.0,1.0,0.006944444444444444,0.0,167.36805555555554,168.68055555555554,412.625,,0
2016-11-02 00:00:00+00:00,1536.2,0.0,867.8923611111111,67.15694444444445,38.638888888888886,51.833333333333336,51.958333333333336,51.729166666666664,33.013888888888886,44.52777777777778,47.236111111111114,29.96527777777778,13.6,0.0,7.5256944444444445,15.7,0.4,3.863194444444444,0.6847222222222222,-2.314583333333333,138.13541666666666,22.11111111111111,-529.5208333333334,15853.444444444445,2206642.0,-403.43055555555554,-1360379,59.520833333333336,66.72916666666667,66.86111111111111,37.923611111111114,39.55555555555556,31.96527777777778,41.708333333333336,28.756944444444443,24.88888888888889,-2.8,89.7,8.428472222222222,1.8770833333333334,75.61805555555556,37.02777777777778,36.59722222222222,36.59027777777778,37.229166666666664,91.93958333333333,0.7729166666666667,50.00069444444445,399.7652777777778,398.3263888888889,398.18333333333334,105.72222222222223,113.13611111111112,96.49444444444445,537.7,-50.1,37.111111111111114,0.6229166666666667,3.8666666666666663,35.631249999999994,-56.760416666666664,1000.0,-982.9,28.291666666666668,99.16458333333334,542.7,0.0,36.00277777777777,-409.63125,0.0,-1000.0,115.19236111111111,409.63125,1000.0,0.0,115.19236111111111,36.84027777777778,140.46249999999998,T01,0.4,7.8,4.029166666666667,0.2889583333333333,0.4,8.1,4.040277777777778,0.29583333333333334,18.0,26.0,21.09722222222222,1011.0,1014.0,1011.9930555555555,44.0,82.0,66.89583333333333,0.0,0.0,0.0,0.0,77.27777777777777,77.53472222222223,411.9375,,0
2016-11-03 00:00:00+00:00,1622.9,0.0,986.2368055555556,84.14166666666667,42.25694444444444,55.833333333333336,56.1875,55.888888888888886,33.71527777777778,44.6875,48.02777777777778,30.47222222222222,14.4,0.0,8.696527777777778,24.1,0.4,4.057638888888889,0.726388888888889,4.363194444444444,139.03611111111113,22.708333333333332,-450.63194444444446,16431.722222222223,2301280.0,-386.2986111111111,-1297614,69.38888888888889,73.67361111111111,69.53472222222223,38.166666666666664,39.513888888888886,31.645833333333332,41.875,29.381944444444443,24.631944444444443,-2.9,89.7,5.9743055555555555,2.3736111111111113,78.00694444444444,37.53472222222222,37.15277777777778,37.06944444444444,37.611111111111114,95.90347222222222,0.6791666666666667,49.99652777777778,399.6423611111111,398.2159722222222,397.9215277777778,123.92430555555555,131.85000000000002,119.07083333333334,773.0,-50.0,37.24305555555556,0.7479166666666667,4.052777777777778,39.857638888888886,-54.16180555555556,1000.5,-712.7,64.91458333333334,104.02777777777777,785.6,0.0,41.7625,-398.4465277777778,0.0,-1000.0,121.70208333333332,398.4465277777778,1000.0,0.0,121.70208333333332,37.50694444444444,137.17152777777778,T01,0.6000000000000001,8.8,4.404861111111111,0.34486111111111106,0.6000000000000001,8.6,4.446527777777778,0.3488888888888889,19.0,26.0,22.09722222222222,1007.0,1012.0,1009.0486111111111,44.0,67.0,54.99305555555556,0.0,1.0,0.013888888888888888,0.0,84.88888888888889,85.64583333333333,408.99305555555554,,0
2016-11-04 00:00:00+00:00,1682.1,0.0,783.7305555555555,113.65694444444445,43.013888888888886,49.40277777777778,49.59027777777778,49.1875,33.81944444444444,44.076388888888886,46.5,29.979166666666668,14.9,0.0,6.844444444444445,17.2,0.4,3.8506944444444446,0.74375,-4.152777777777778,150.99305555555554,22.09722222222222,-763.2777777777778,20261.527777777777,2807744.0,-713.2291666666666,-1073334,70.1875,74.02777777777777,69.30555555555556,37.49305555555556,38.458333333333336,30.70138888888889,40.68055555555556,28.180555555555557,23.569444444444443,-2.8,86.2,12.083333333333334,2.8590277777777775,64.60416666666667,36.75,36.263888888888886,36.28472222222222,36.875,116.98472222222222,0.7513888888888889,49.99930555555555,399.82916666666665,398.56875,397.62430555555557,119.3236111111111,128.4986111111111,119.08749999999999,1631.8,-51.5,36.083333333333336,1.051388888888889,3.8916666666666666,50.766666666666666,-44.74027777777778,1000.5,-673.0,28.390277777777776,130.93263888888887,1656.5,0.0,52.891666666666666,-331.7868055555556,0.0,-1000.0,84.94652777777777,331.7423611111111,1000.0,0.0,84.89513888888888,35.50694444444444,155.14097222222222,T01,0.0,11.4,4.575694444444444,0.4160416666666667,0.0,11.2,4.529861111111111,0.4900694444444445,19.0,25.0,21.21527777777778,1008.0,1011.0,1008.5,44.0,76.0,60.02777777777778,0.0,1.0,0.020833333333333332,0.0,88.3125,87.40972222222223,408.47222222222223,,0
2016-11-05 00:00:00+00:00,1769.2,0.0,1317.4256944444444,119.83888888888889,49.56944444444444,66.15277777777777,65.35416666666667,64.60416666666667,32.65972222222222,48.833333333333336,53.020833333333336,29.02777777777778,15.7,0.0,11.665972222222223,27.2,0.4,6.013888888888889,1.2756944444444445,-1.7180555555555557,232.59375,19.61111111111111,-353.40277777777777,86382.39583333333,12388176.0,-268.875,-2730543,74.13194444444444,78.83333333333333,74.88888888888889,39.09722222222222,39.71527777777778,29.1875,42.24305555555556,28.51388888888889,21.46527777777778,-3.2,89.7,1.511111111111111,2.617361111111111,87.44444444444444,39.02777777777778,38.791666666666664,38.46527777777778,37.93055555555556,516.0319444444444,0.875,50.00069444444445,399.2944444444445,397.6138888888889,397.71736111111113,444.75972222222225,468.2402777777778,448.5673611111111,2103.6,-52.3,38.666666666666664,1.0645833333333334,6.084722222222222,149.23541666666668,-113.73611111111111,1000.4,-818.2,26.419444444444444,521.3569444444444,2000.0,0.0,148.88333333333333,-691.692361111111,0.0,-1000.0,117.18333333333334,677.0229166666667,1000.0,0.0,130.96666666666667,41.11805555555556,234.32291666666666,T01,2.6,16.5,7.746527777777778,0.9621527777777779,2.5,16.5,7.763194444444445,1.0381944444444444,15.0,21.0,18.569444444444443,1004.0,1009.0,1006.2638888888889,74.0,95.0,87.09027777777777,0.0,44.0,0.6666666666666666,0.0,151.84722222222223,152.1875,406.1736111111111,,0
2016-11-06 00:00:00+00:00,1589.1,0.0,941.8874999999999,72.42638888888888,38.145833333333336,53.09027777777778,53.44444444444444,53.104166666666664,28.291666666666668,44.65972222222222,47.36805555555556,26.15277777777778,14.1,0.0,8.26875,38.0,0.4,4.215972222222223,0.8909722222222223,-2.2506944444444446,303.9458333333333,15.555555555555555,-467.9791666666667,23261.527777777777,3282270.0,-340.7361111111111,-1417351,67.375,71.31944444444444,67.08333333333333,36.36805555555556,36.326388888888886,25.40972222222222,38.666666666666664,22.45138888888889,18.055555555555557,-2.6,89.7,7.246527777777778,1.6868055555555557,75.95138888888889,35.729166666666664,35.291666666666664,35.19444444444444,35.25,136.7576388888889,0.8118055555555556,50.00069444444445,400.01250000000005,398.56180555555557,397.1340277777778,133.7263888888889,149.82847222222222,135.14375,840.1,-50.1,33.99305555555556,0.6881944444444444,4.273611111111111,46.61388888888889,-59.09375,999.9,-738.5,28.40972222222222,143.68263888888887,848.3,0.0,48.267361111111114,-487.0222222222222,0.0,-1000.0,104.3763888888889,487.0222222222222,1000.0,0.0,104.3763888888889,43.09027777777778,318.6979166666667,T01,1.5,9.1,5.030555555555555,0.29041666666666666,1.5,9.0,4.961111111111111,0.288125,11.0,17.0,14.194444444444445,1005.0,1009.0,1006.7361111111111,46.0,93.0,67.4375,0.0,3.0,0.04861111111111111,0.0,97.32638888888889,95.97916666666667,406.6875,,0
2016-11-07 00:00:00+00:00,1689.6,0.0,1020.0520833333334,78.71527777777777,34.875,52.5625,52.326388888888886,51.923611111111114,26.270833333333332,45.36805555555556,48.61805555555556,23.743055555555557,15.0,0.0,8.962499999999999,31.1,0.4,4.893750000000001,0.9944444444444446,-0.7875,283.6958333333333,13.75,-326.2291666666667,47677.291666666664,6818552.0,-210.84027777777777,-1827415,64.18055555555556,67.69444444444444,63.625,34.486111111111114,34.451388888888886,23.458333333333332,35.80555555555556,21.256944444444443,15.92361111111111,-3.1,89.7,6.65,1.5604166666666666,67.86111111111111,34.326388888888886,34.06944444444444,33.875,32.71527777777778,284.0965277777778,0.8409722222222222,50.00069444444445,399.6138888888889,398.2097222222222,397.90625,256.59791666666666,268.84236111111113,255.01388888888889,1803.7,-50.4,31.3125,0.7104166666666667,4.899305555555555,71.375,-76.08055555555556,1000.0,-943.9,29.235416666666666,290.39374999999995,1831.9,0.0,73.25486111111111,-527.5590277777778,0.0,-1000.0,57.27361111111111,526.7986111111111,1000.0,0.0,59.084722222222226,40.451388888888886,321.9847222222222,T01,0.4,11.6,5.6930555555555555,0.3958333333333333,0.4,11.4,5.628472222222222,0.39375000000000004,8.0,16.0,12.541666666666666,1005.0,1011.0,1007.4861111111111,37.0,78.0,56.84722222222222,0.0,0.0,0.0,0.0,110.70833333333333,109.19444444444444,407.4375,,0
2016-11-08 00:00:00+00:00,1565.9,0.0,726.7597222222222,64.85069444444444,36.25,46.18055555555556,46.479166666666664,46.15277777777778,25.70138888888889,41.94444444444444,44.013888888888886,24.0,13.9,0.0,6.241666666666666,37.7,0.4,3.5305555555555554,0.7798611111111111,-1.427777777777778,253.9763888888889,13.402777777777779,-483.84027777777777,12792.666666666666,1772473.0,-305.3333333333333,-970935,61.96527777777778,65.5625,61.3125,33.59027777777778,33.77777777777778,22.944444444444443,35.18055555555556,19.770833333333332,15.715277777777779,-2.4,89.7,12.75,2.2340277777777775,63.604166666666664,33.09027777777778,32.84722222222222,32.78472222222222,31.65972222222222,73.83888888888889,0.8256944444444445,50.0,400.2673611111111,399.32222222222225,397.375,77.16319444444444,88.71111111111111,79.35763888888889,790.1,-49.5,30.104166666666668,0.5951388888888889,3.561111111111111,29.615972222222222,-40.420138888888886,1000.9,-705.5,17.886805555555554,83.29583333333333,802.9,0.0,29.821527777777778,-315.05277777777775,0.0,-1000.0,87.46597222222222,315.05277777777775,1000.0,0.0,87.46597222222222,32.576388888888886,245.4173611111111,T01,0.5,9.0,4.354861111111111,0.20409722222222224,0.4,9.1,4.285416666666666,0.2025,9.0,16.0,12.36111111111111,1011.0,1020.0,1016.2083333333334,37.0,63.0,53.78472222222222,0.0,0.0,0.0,0.0,83.90972222222223,82.52083333333333,416.125,,0
2016-11-09 00:00:00+00:00,1677.3,0.0,762.9201388888889,45.828472222222224,36.125,44.673611111111114,44.520833333333336,43.96527777777778,26.63888888888889,41.166666666666664,42.86805555555556,24.73611111111111,14.9,0.0,6.670833333333333,21.9,0.4,4.157638888888889,0.7854166666666668,10.945833333333333,204.58888888888887,15.82638888888889,-339.44444444444446,38500.145833333336,5495142.0,-87.92361111111111,-1403635,62.388888888888886,65.97916666666667,61.4375,34.125,34.50694444444444,24.75,35.59722222222222,21.8125,18.006944444444443,-3.1,89.7,11.338194444444445,0.6937500000000001,55.31944444444444,34.076388888888886,33.93055555555556,33.826388888888886,31.40972222222222,228.93958333333336,0.9548611111111112,49.99722222222223,399.66875000000005,398.54999999999995,396.9777777777778,198.04513888888889,212.02777777777777,202.6326388888889,1548.7,-50.3,29.916666666666668,0.39861111111111114,4.195833333333334,57.13680555555556,-58.513888888888886,1000.2,-1000.7,11.265972222222222,233.7861111111111,1562.5,0.0,57.80069444444444,-446.70208333333335,0.0,-1000.0,40.40833333333333,446.67083333333335,1000.0,0.0,40.58888888888889,34.048611111111114,236.12847222222223,T01,0.0,12.5,4.511111111111111,0.31527777777777777,0.0,12.3,4.509722222222222,0.3219444444444444,12.0,18.0,15.3125,1018.0,1021.0,1019.1875,50.0,89.0,67.65972222222223,0.0,0.0,0.0,0.0,86.99305555555556,87.04166666666667,419.125,,0
2016-11-10 00:00:00+00:00,1718.3,70.9,1086.5611111111111,56.69583333333333,40.736111111111114,56.270833333333336,56.49305555555556,56.125,28.444444444444443,46.50694444444444,49.52777777777778,26.52777777777778,15.2,0.0,9.60625,37.8,0.4,4.692361111111111,0.9055555555555556,2.1875,281.1763888888889,16.520833333333332,-289.4583333333333,35418.583333333336,5058593.0,-204.0,-1827202,67.1875,71.34722222222223,67.5,37.763888888888886,37.888888888888886,26.23611111111111,40.50694444444444,24.02777777777778,18.680555555555557,-3.0,60.8,4.211805555555555,1.113888888888889,83.36111111111111,37.24305555555556,36.888888888888886,36.708333333333336,36.72222222222222,210.77222222222224,0.8541666666666666,49.99722222222223,399.84305555555557,398.5701388888889,397.39930555555554,190.1548611111111,206.9715277777778,190.1875,2073.9,-50.4,36.125,0.5208333333333334,4.7555555555555555,62.356249999999996,-76.13541666666667,1000.1,-795.5,16.01388888888889,214.56041666666667,2000.0,0.0,62.25486111111112,-597.8013888888888,0.0,-1000.0,99.80486111111111,597.2993055555556,1000.0,0.0,100.4701388888889,37.708333333333336,328.9631944444444,T01,1.8,10.9,5.592361111111111,0.29270833333333335,1.8,11.0,5.520833333333333,0.2923611111111111,13.0,18.0,15.354166666666666,1016.0,1019.0,1017.5208333333334,52.0,96.0,70.45138888888889,0.0,10.0,0.11805555555555555,0.0,108.71527777777777,107.34027777777777,417.4166666666667,,0
2016-11-11 00:00:00+00:00,1600.9,0.0,678.9284722222222,69.16736111111112,31.92361111111111,44.11805555555556,44.30555555555556,43.958333333333336,27.45138888888889,40.666666666666664,42.979166666666664,24.59027777777778,14.2,0.0,5.901388888888889,22.8,0.4,3.415277777777778,0.7381944444444445,-0.3708333333333333,203.5611111111111,15.125,-584.7013888888889,9523.409722222223,1287176.0,-352.1736111111111,-683682,62.229166666666664,65.51388888888889,60.854166666666664,34.173611111111114,34.020833333333336,24.291666666666668,35.020833333333336,20.6875,17.291666666666668,-2.5,89.7,13.37638888888889,1.7784722222222225,55.18055555555556,33.708333333333336,33.38194444444444,33.395833333333336,32.47222222222222,53.614583333333336,0.7972222222222223,49.99861111111111,400.25694444444446,399.06944444444446,397.28125,64.12847222222223,72.24027777777778,65.44236111111111,863.4,-50.0,29.520833333333332,0.6326388888888889,3.447222222222222,27.299305555555556,-28.484027777777776,1000.3,-599.2,25.155555555555555,62.81041666666667,884.4,0.0,28.804166666666667,-216.19791666666666,0.0,-1000.0,72.32013888888889,216.19791666666666,1000.0,0.0,72.32013888888889,31.53472222222222,216.43541666666667,T01,1.3,8.4,4.581944444444444,0.175,1.2,8.4,4.511111111111111,0.17541666666666667,11.0,17.0,14.54861111111111,1016.0,1018.0,1016.7986111111111,49.0,72.0,61.0625,0.0,0.0,0.0,0.0,88.48611111111111,86.875,416.7708333333333,,0
2016-11-12 00:00:00+00:00,1572.8,0.0,580.3048611111111,60.16736111111111,30.270833333333332,40.9375,41.083333333333336,40.8125,27.354166666666668,39.263888888888886,41.270833333333336,24.625,13.9,0.0,4.958333333333333,19.3,0.4,3.23125,0.6777777777777778,-4.404166666666667,258.57500000000005,15.8125,-583.1180555555555,7963.111111111111,1062719.0,-282.375,-621858,62.076388888888886,65.47916666666667,60.576388888888886,33.076388888888886,33.611111111111114,24.618055555555557,35.02777777777778,20.79861111111111,17.70138888888889,-3.0,89.7,15.477083333333333,1.6638888888888888,51.0625,32.59027777777778,32.326388888888886,32.333333333333336,31.291666666666668,44.28055555555555,0.8659722222222223,49.99861111111111,400.4534722222222,399.4625,397.21736111111113,50.49930555555555,58.6576388888889,53.46388888888889,703.1,-50.0,28.666666666666668,0.625,3.245833333333333,20.583333333333332,-25.92013888888889,879.5,-736.5,16.56597222222222,52.572916666666664,710.6,0.0,21.938194444444445,-185.17291666666668,0.0,-1000.0,61.24513888888888,185.17291666666668,1000.0,0.0,61.24513888888888,29.916666666666668,247.97291666666666,T01,1.0,8.3,4.214583333333334,0.14944444444444444,0.9,8.3,4.141666666666667,0.1482638888888889,11.0,19.0,15.25,1013.0,1016.0,1014.7361111111111,47.0,76.0,64.09027777777777,0.0,0.0,0.0,0.0,81.0625,79.5625,414.7013888888889,,0
2016-11-13 00:00:00+00:00,1671.2,0.0,967.1618055555555,59.73472222222222,36.513888888888886,50.604166666666664,50.826388888888886,50.25694444444444,27.5,43.72222222222222,46.50694444444444,24.98611111111111,14.8,0.0,8.475694444444445,33.8,0.4,4.511111111111111,0.9090277777777778,8.966666666666667,105.1236111111111,16.42361111111111,-253.625,37328.868055555555,5338834.0,-90.84027777777777,-1812013,63.423611111111114,67.46527777777777,63.104166666666664,35.423611111111114,35.52777777777778,26.5,37.75,22.95138888888889,18.805555555555557,-3.2,58.0,6.5875,0.7749999999999999,68.90972222222223,35.145833333333336,34.951388888888886,34.798611111111114,33.74305555555556,222.46805555555557,0.8965277777777777,49.99930555555555,399.5083333333333,398.2756944444444,395.92499999999995,192.74652777777777,216.17777777777778,202.42361111111111,1265.2,-49.9,32.74305555555556,0.5291666666666667,4.577083333333333,68.64027777777778,-75.49930555555555,798.5,-561.8,10.246527777777779,226.14097222222222,1288.1,0.0,68.30069444444445,-557.7847222222222,0.0,-1000.0,70.50694444444444,557.7847222222222,1000.0,0.0,70.50694444444444,34.5,111.16111111111111,T01,0.0,11.1,5.138194444444444,0.3447222222222222,0.0,10.9,5.157638888888889,0.35291666666666666,13.0,19.0,15.67361111111111,1012.0,1014.0,1012.6944444444445,53.0,81.0,67.9375,0.0,0.0,0.0,0.0,99.5,99.95833333333333,412.68055555555554,,0
2016-11-14 00:00:00+00:00,1736.1,0.0,1366.459027777778,88.79374999999999,43.145833333333336,64.125,63.979166666666664,63.19444444444444,29.125,49.513888888888886,53.673611111111114,27.291666666666668,15.3,0.0,12.100000000000001,24.6,0.4,6.133333333333334,1.1687500000000002,-0.6208333333333333,106.00902777777777,18.229166666666668,-136.74305555555554,78426.27083333333,11273692.0,-110.79861111111111,-2803933,68.5,73.68055555555556,70.10416666666667,39.173611111111114,39.09722222222222,27.854166666666668,42.166666666666664,26.819444444444443,20.17361111111111,-3.2,89.7,-0.28125000000000006,1.63125,91.4375,39.083333333333336,38.770833333333336,38.50694444444444,38.125,469.74305555555554,0.8854166666666666,50.0,398.86875,397.5423611111111,396.95416666666665,402.8305555555555,428.04583333333335,410.62847222222223,2102.8,-50.2,38.61805555555556,0.7881944444444444,6.158333333333333,123.45902777777776,-116.83958333333334,1000.3,-559.5,19.376388888888886,472.96527777777777,2000.0,0.0,124.14444444444445,-804.5965277777777,0.0,-1000.0,87.81180555555555,797.6680555555555,1000.0,0.0,94.87916666666666,40.520833333333336,106.62222222222222,T01,0.0,15.1,6.853846153846154,0.4513986013986014,0.0,15.1,6.909090909090909,0.46272727272727276,-40.0,22.0,17.09090909090909,1010.0,1014.0,1012.2937062937064,34.0,80.0,60.15492957746479,0.0,2.0,0.027972027972027972,1.0,133.95104895104896,135.03496503496504,412.27972027972027,,0
2016-11-15 00:00:00+00:00,1778.5,1219.7,1616.8493055555555,41.333333333333336,67.42361111111111,102.64583333333333,98.21527777777777,96.82638888888889,38.90277777777778,53.61805555555556,59.74305555555556,30.756944444444443,15.7,10.8,14.318750000000001,40.5,0.4,9.651388888888889,1.9493055555555554,-0.23055555555555557,109.47638888888889,17.430555555555557,0.0,231021.41666666666,33267084.0,0.0,-4814563,72.49305555555556,86.0,92.43055555555556,41.0625,42.236111111111114,27.666666666666668,43.826388888888886,33.34722222222222,19.555555555555557,-3.2,14.7,-0.2416666666666667,1.35,104.14583333333333,41.888888888888886,41.875,40.958333333333336,38.423611111111114,1386.1604166666666,0.9909722222222221,50.0,398.7993055555555,397.51250000000005,401.0909722222222,1163.9743055555555,1179.3395833333334,1151.7854166666666,2108.7,-1.5,43.451388888888886,0.36388888888888893,9.621527777777779,207.97777777777776,-200.6013888888889,0.0,-231.0,3.4361111111111113,1383.615277777778,2000.0,0.0,206.40694444444443,-875.4076388888889,0.0,-1000.0,87.51805555555556,775.7249999999999,1000.0,0.0,113.36319444444445,63.30555555555556,109.70208333333333,T01,4.1,18.9,11.022222222222222,1.2322916666666666,4.0,18.8,11.079166666666667,1.2490277777777776,15.0,19.0,16.319444444444443,1012.0,1016.0,1014.5416666666666,50.0,79.0,66.39583333333333,0.0,0.0,0.0,0.0,217.47222222222223,218.63888888888889,414.47222222222223,,0
2016-11-16 00:00:00+00:00,1738.3,53.6,1439.1284722222222,71.71527777777777,46.166666666666664,68.59027777777777,67.63194444444444,66.88888888888889,28.36111111111111,50.96527777777778,55.173611111111114,27.15972222222222,15.3,0.0,12.743749999999999,31.5,0.5,6.788888888888889,1.3256944444444445,-1.1486111111111112,104.2201388888889,17.243055555555557,-46.826388888888886,101370.13194444444,14590555.0,-26.02777777777778,-3523870,64.59722222222223,72.76388888888889,73.1875,39.513888888888886,39.270833333333336,27.256944444444443,42.00694444444444,26.95138888888889,19.34722222222222,-3.1,84.0,-1.359027777777778,0.6881944444444446,93.86805555555556,39.49305555555556,39.263888888888886,38.88194444444444,38.15972222222222,607.9527777777778,0.9312499999999999,49.99861111111111,399.1770833333333,397.89930555555554,398.5048611111111,520.4083333333333,539.2256944444445,514.8736111111111,2101.4,-49.6,38.770833333333336,0.6347222222222223,6.800000000000001,162.16250000000002,-146.81875000000002,704.8,-215.0,6.979861111111111,608.7909722222222,2000.0,0.0,162.69097222222223,-923.4909722222224,0.0,-1000.0,57.699999999999996,911.7430555555555,1000.0,0.0,73.25069444444445,50.46527777777778,105.36736111111111,T01,2.6,14.0,7.794444444444445,0.634375,2.4,13.9,7.83263888888889,0.6492361111111111,14.0,19.0,16.131944444444443,1014.0,1016.0,1014.7152777777778,47.0,78.0,64.49305555555556,0.0,0.0,0.0,0.0,152.70833333333334,153.63888888888889,414.6875,,0
2016-11-17 00:00:00+00:00,1689.9,0.0,919.8958333333334,109.31458333333333,35.625,49.5625,49.611111111111114,49.263888888888886,28.96527777777778,43.548611111111114,46.69444444444444,25.9375,15.0,0.0,8.057638888888889,30.9,0.4,4.164583333333334,0.8868055555555556,-3.4243055555555553,112.94236111111111,17.118055555555557,-474.1111111111111,25683.368055555555,3630136.0,-310.2361111111111,-1424635,66.41666666666667,70.75694444444444,66.77083333333333,37.486111111111114,36.09027777777778,27.354166666666668,38.645833333333336,23.90972222222222,19.95138888888889,-3.1,89.7,8.774305555555555,2.979861111111111,70.75694444444444,36.833333333333336,36.451388888888886,36.46527777777778,36.458333333333336,151.26041666666666,0.7847222222222222,49.99791666666667,399.47847222222225,398.23125000000005,397.6222222222222,151.83888888888887,162.92152777777778,150.42222222222222,1594.1,-50.4,34.19444444444444,1.0131944444444445,4.197916666666667,44.644444444444446,-59.37013888888888,1000.3,-642.0,34.87777777777777,162.09583333333333,1616.2,0.0,48.87222222222223,-381.18541666666664,0.0,-1000.0,91.78402777777778,381.12361111111113,1000.0,0.0,91.99166666666666,36.375,111.36805555555556,T01,0.0,11.2,4.824305555555556,0.2627083333333333,0.2,11.3,4.865277777777778,0.26993055555555556,13.0,21.0,16.15972222222222,1010.0,1014.0,1011.9583333333334,40.0,85.0,67.18055555555556,0.0,0.0,0.0,0.0,93.33333333333333,94.04166666666667,411.9236111111111,,0
2016-11-18 00:00:00+00:00,1507.3,0.0,550.7201388888889,48.77152777777778,32.013888888888886,41.84027777777778,42.05555555555556,41.763888888888886,29.09722222222222,39.604166666666664,41.375,26.125,13.3,0.0,4.710416666666666,19.7,0.4,2.9743055555555555,0.5986111111111111,-4.140277777777778,200.12708333333333,17.01388888888889,-605.0416666666666,5988.333333333333,775197.0,-370.2708333333333,-527291,64.04166666666667,67.375,62.451388888888886,33.854166666666664,34.49305555555556,27.854166666666668,36.333333333333336,21.979166666666668,20.38888888888889,-2.4,89.7,15.554861111111112,1.34375,53.833333333333336,33.15972222222222,32.826388888888886,32.84027777777778,32.548611111111114,32.298611111111114,0.8111111111111111,50.0,400.6013888888889,399.6673611111111,398.2340277777778,46.74027777777778,52.35277777777778,47.64791666666667,582.0,-49.7,30.444444444444443,0.4291666666666667,3.0131944444444443,15.129166666666666,-21.92013888888889,999.9,-575.0,26.01388888888889,42.642361111111114,592.9,0.0,16.96388888888889,-155.13958333333332,0.0,-1000.0,49.105555555555554,155.13958333333332,1000.0,0.0,49.105555555555554,31.09722222222222,184.27083333333334,T01,0.0,7.2,3.4319444444444445,0.12958333333333333,0.0,7.2,3.4180555555555556,0.13041666666666668,13.0,21.0,16.28472222222222,1008.0,1011.0,1009.4305555555555,41.0,84.0,60.61805555555556,0.0,0.0,0.0,0.0,65.375,65.07638888888889,409.3888888888889,,0
2016-11-19 00:00:00+00:00,1653.3,0.0,483.8902777777778,44.96319444444444,28.770833333333332,37.736111111111114,37.84027777777778,37.486111111111114,27.041666666666668,37.9375,38.78472222222222,24.354166666666668,14.7,0.0,3.9479166666666665,19.7,0.4,3.0027777777777778,0.5888888888888889,-7.60486111111111,274.90208333333334,15.875,-532.0694444444445,14188.75,1966561.0,-194.05555555555554,-648804,62.44444444444444,65.86805555555556,60.93055555555556,32.47222222222222,33.44444444444444,25.9375,34.666666666666664,20.375,18.756944444444443,-3.0,78.2,16.536805555555556,0.7506944444444446,45.520833333333336,32.18055555555556,32.03472222222222,32.0,30.34722222222222,81.93402777777777,0.9298611111111111,50.0,400.72083333333336,399.8034722222222,397.49652777777777,78.47847222222222,85.99791666666667,81.68125,1111.7,-45.8,28.145833333333332,0.3951388888888889,2.9916666666666667,25.322916666666668,-27.038888888888888,899.0,-952.6,13.565972222222221,88.90625,1132.6,0.0,25.35486111111111,-218.33958333333334,0.0,-1000.0,24.80902777777778,218.33958333333334,1000.0,0.0,24.80902777777778,29.20138888888889,302.5236111111111,T01,0.4,8.9,3.761111111111111,0.14965277777777777,0.4,9.0,3.720138888888889,0.15083333333333332,12.0,18.0,15.215277777777779,1008.0,1011.0,1009.4097222222222,58.0,95.0,76.01388888888889,0.0,0.0,0.0,0.0,71.9375,71.125,409.375,,0
2016-11-20 00:00:00+00:00,1791.1,0.0,939.282638888889,49.99930555555555,43.28472222222222,63.72222222222222,61.75694444444444,60.65277777777778,30.430555555555557,44.333333333333336,47.15972222222222,26.354166666666668,15.8,0.0,8.202777777777778,43.9,0.4,5.8493055555555555,1.2527777777777778,-12.815277777777778,220.38541666666666,16.72222222222222,-314.30555555555554,118008.84722222222,16948014.0,-83.82638888888889,-2529403,67.04861111111111,73.29861111111111,71.47916666666667,35.583333333333336,35.916666666666664,25.625,37.05555555555556,25.395833333333332,17.95138888888889,-3.0,89.7,9.853472222222223,1.1729166666666666,64.13194444444444,35.916666666666664,35.861111111111114,35.40277777777778,32.71527777777778,706.1458333333334,0.9805555555555555,50.0,399.84305555555557,398.6666666666667,398.8861111111111,592.2125000000001,607.5909722222223,595.2958333333333,2106.0,-52.2,32.78472222222222,0.4534722222222222,5.805555555555555,145.0111111111111,-105.38888888888889,1000.0,-219.3,7.074305555555556,707.9055555555556,2000.0,0.0,143.64375,-515.2333333333333,0.0,-1000.0,60.489583333333336,463.6388888888889,1000.0,0.0,86.01041666666667,45.270833333333336,238.20138888888889,T01,0.0,16.5,7.077083333333333,0.9161805555555556,0.0,16.8,7.109722222222222,0.9287500000000001,13.0,18.0,16.430555555555557,1003.0,1010.0,1006.5694444444445,66.0,95.0,80.97222222222223,0.0,20.0,0.3125,0.0,138.45833333333334,139.10416666666666,406.4791666666667,,0
2016-11-21 00:00:00+00:00,1792.6,0.0,1255.509722222222,66.44166666666666,54.798611111111114,83.08333333333333,80.5625,79.5625,37.326388888888886,49.291666666666664,54.24305555555556,29.84027777777778,15.8,0.0,11.037500000000001,40.3,0.4,7.206250000000001,1.5805555555555555,-2.23125,236.81319444444443,18.3125,-327.40972222222223,147029.72222222222,21125134.0,-249.83333333333334,-3153182,64.35416666666667,76.88194444444444,83.3125,38.9375,39.763888888888886,27.57638888888889,40.97222222222222,31.09027777777778,19.77777777777778,-2.9,89.7,4.561111111111111,2.145138888888889,88.625,39.125,38.979166666666664,38.43055555555556,36.895833333333336,880.0701388888889,0.9131944444444444,50.00069444444445,399.55833333333334,398.22083333333336,399.53055555555557,744.5423611111112,763.6361111111112,741.9916666666667,2112.4,-50.7,38.625,0.58125,7.149305555555555,196.85000000000002,-131.39583333333334,999.9,-754.0,18.4625,881.9770833333333,2000.0,0.0,194.69375000000002,-664.276388888889,0.0,-1000.0,108.83263888888888,602.3951388888888,1000.0,0.0,141.42847222222224,54.479166666666664,239.05416666666667,T01,0.6000000000000001,20.0,7.79236111111111,1.720902777777778,0.6000000000000001,20.3,7.779166666666667,1.740138888888889,14.0,20.0,17.03472222222222,998.0,1003.0,999.9930555555555,80.0,96.0,91.65277777777777,0.0,20.0,0.3958333333333333,0.0,152.72222222222223,152.43055555555554,399.9583333333333,,0
2016-11-22 00:00:00+00:00,1412.3,0.0,112.94305555555555,43.14930555555556,25.041666666666668,28.395833333333332,28.36111111111111,27.98611111111111,26.8125,33.083333333333336,32.479166666666664,22.680555555555557,12.5,0.0,0.6743055555555555,11.4,0.4,2.022222222222222,0.5416666666666666,28.68333333333333,185.99930555555557,14.76388888888889,-705.9583333333334,87.15972222222223,-89108.0,-220.52777777777777,-22970,59.020833333333336,62.61805555555556,58.25,29.15972222222222,31.71527777777778,24.104166666666668,31.76388888888889,17.819444444444443,16.84722222222222,-2.2,48.2,23.419444444444444,0.6222222222222222,26.8125,29.02777777777778,29.0,29.0,26.65972222222222,-3.717361111111111,0.963888888888889,50.0,400.7243055555556,399.75138888888887,397.2868055555556,5.038194444444445,5.699305555555556,6.696527777777778,257.7,-49.7,23.67361111111111,0.4131944444444444,2.022222222222222,3.886805555555556,-0.9534722222222223,917.0,-530.7,7.2868055555555555,3.6902777777777778,308.7,0.0,4.990972222222222,-2.7305555555555556,0.0,-1000.0,5.444444444444445,2.7305555555555556,1000.0,0.0,5.444444444444445,24.09722222222222,159.81944444444446,T01,0.0,6.3,2.0590277777777777,0.15256944444444442,0.0,6.6,1.9874999999999998,0.16534722222222223,11.0,15.0,13.479166666666666,994.0,1000.0,996.3055555555555,70.0,97.0,87.61805555555556,0.0,9.0,0.5138888888888888,0.0,37.6875,36.333333333333336,396.25694444444446,,0
2016-11-23 00:00:00+00:00,1643.7,0.0,487.82708333333335,56.08680555555556,32.63194444444444,39.166666666666664,39.25,38.923611111111114,25.208333333333332,38.78472222222222,39.638888888888886,22.618055555555557,14.6,0.0,4.0993055555555555,21.7,0.4,2.9847222222222225,0.7604166666666666,-12.552777777777777,217.51388888888889,13.534722222222221,-596.5625,12092.486111111111,1655412.0,-285.93055555555554,-720725,60.423611111111114,63.236111111111114,58.479166666666664,31.07638888888889,32.09722222222222,22.743055555555557,32.40277777777778,18.520833333333332,15.881944444444445,-3.1,89.7,16.109722222222224,1.1743055555555555,46.09722222222222,30.84722222222222,30.6875,30.61111111111111,28.381944444444443,68.98611111111111,0.882638888888889,49.99930555555555,400.4298611111111,399.24930555555557,397.78541666666666,72.16319444444444,78.83263888888888,72.32499999999999,977.8,-50.9,26.63888888888889,0.5256944444444445,3.0083333333333333,28.179861111111112,-29.99236111111111,1000.2,-956.2,16.51597222222222,75.3451388888889,985.3,0.0,29.039583333333333,-224.90069444444444,0.0,-1000.0,46.475,224.90069444444444,1000.0,0.0,46.475,29.541666666666668,240.06458333333336,T01,0.0,9.6,3.2604166666666665,0.2361111111111111,0.0,9.5,3.223611111111111,0.24708333333333332,10.0,15.0,12.520833333333334,996.0,1002.0,998.6805555555555,55.0,92.0,74.36805555555556,0.0,1.0,0.006944444444444444,0.0,61.861111111111114,61.1875,398.6458333333333,,0
2016-11-24 00:00:00+00:00,1563.0,0.0,294.3909722222222,70.81944444444444,27.375,33.541666666666664,33.486111111111114,33.0625,25.63888888888889,35.34722222222222,35.44444444444444,22.40972222222222,13.8,0.0,2.3916666666666666,21.0,0.4,2.33125,0.6402777777777778,-2.898611111111111,185.07291666666666,12.61111111111111,-646.6944444444445,1838.2430555555557,171583.0,-274.06944444444446,-188613,59.513888888888886,62.40277777777778,57.43055555555556,30.229166666666668,31.40277777777778,22.70138888888889,30.65972222222222,17.618055555555557,15.29861111111111,-2.4,89.7,20.104166666666668,1.8868055555555554,33.43055555555556,30.006944444444443,29.854166666666668,29.881944444444443,27.20138888888889,7.148611111111112,0.875,49.99791666666667,400.4118055555556,399.6784722222222,397.2638888888889,24.420833333333334,26.711111111111112,26.44097222222222,660.9,-49.9,24.333333333333332,0.6569444444444444,2.354861111111111,11.715972222222222,-7.902777777777778,1000.1,-941.5,31.310416666666665,16.764583333333334,678.4,0.0,13.002777777777778,-49.22569444444444,0.0,-1000.0,38.393055555555556,49.22569444444444,1000.0,0.0,38.393055555555556,26.444444444444443,212.96041666666667,T01,0.0,8.4,2.6534722222222222,0.20458333333333334,0.0,8.2,2.6125,0.20409722222222224,9.0,14.0,11.694444444444445,1002.0,1006.0,1004.0972222222222,54.0,88.0,70.56944444444444,0.0,6.0,0.1597222222222222,0.0,49.763888888888886,48.97222222222222,404.05555555555554,,0
2016-11-25 00:00:00+00:00,1809.0,0.0,1273.7027777777778,125.23611111111111,48.3125,66.42361111111111,65.02083333333333,64.25694444444444,28.52777777777778,48.90972222222222,53.013888888888886,24.416666666666668,16.0,0.0,11.2625,37.8,0.4,6.254861111111111,1.651388888888889,-1.2527777777777778,180.11458333333334,14.506944444444445,-267.02777777777777,101162.52777777778,14528954.0,-190.24305555555554,-2697946,70.46527777777777,73.41666666666667,69.79861111111111,34.861111111111114,35.048611111111114,23.51388888888889,36.888888888888886,24.166666666666668,15.833333333333334,-3.2,89.7,2.875694444444444,2.738888888888889,79.65972222222223,35.013888888888886,34.708333333333336,34.34027777777778,32.74305555555556,605.4729166666667,0.8819444444444444,49.99930555555555,399.02708333333334,397.80555555555554,398.3902777777778,523.16875,535.2145833333333,518.4479166666666,2105.8,-52.3,33.61805555555556,1.1284722222222223,6.368055555555555,201.24513888888887,-112.36111111111111,1000.3,-602.0,25.5125,611.9611111111111,2000.0,0.0,202.06736111111113,-657.7874999999999,0.0,-1000.0,124.19305555555555,629.8895833333333,1000.0,0.0,144.72430555555556,44.84027777777778,178.87152777777777,T01,0.2,19.4,7.955555555555555,1.8485416666666667,0.3,19.5,7.435416666666667,2.5795138888888887,10.0,15.0,13.506944444444445,996.0,1006.0,1000.6944444444445,73.0,96.0,89.34722222222223,0.0,18.0,1.6319444444444444,0.0,156.03472222222223,145.66666666666666,400.68055555555554,,0
2016-11-26 00:00:00+00:00,1763.0,0.0,1014.1659722222222,117.96180555555556,40.895833333333336,56.77777777777778,56.458333333333336,56.00694444444444,29.65277777777778,46.34722222222222,49.44444444444444,25.395833333333332,15.5,0.0,8.913194444444445,70.0,0.4,5.045833333333333,2.177777777777778,-1.8173611111111114,177.10069444444446,14.88888888888889,-451.3541666666667,49391.381944444445,7047359.0,-405.78472222222223,-1879257,71.19444444444444,74.93055555555556,70.76388888888889,35.6875,35.09722222222222,23.92361111111111,37.354166666666664,22.9375,16.430555555555557,-3.6,89.7,8.00138888888889,3.9680555555555554,74.69444444444444,35.31944444444444,34.96527777777778,34.75,34.201388888888886,293.62638888888887,0.8118055555555556,50.00069444444445,399.3375,398.1451388888889,396.93541666666664,262.8256944444445,278.75972222222225,264.93958333333336,2104.4,-50.9,33.06944444444444,1.0715277777777779,5.122222222222223,115.25694444444444,-78.29374999999999,1000.7,-612.1,28.072222222222223,318.71875,2000.0,0.0,143.92222222222222,-524.3354166666667,0.0,-1000.0,119.21805555555557,516.1347222222222,1000.0,0.0,124.7173611111111,39.05555555555556,186.42222222222222,T01,0.3,17.2,5.964583333333334,1.2141666666666666,0.3,17.8,5.5881944444444445,1.5734027777777777,12.0,16.0,13.777777777777779,995.0,998.0,996.1041666666666,71.0,97.0,88.61805555555556,0.0,30.0,1.8194444444444444,0.0,116.125,108.52777777777777,396.03472222222223,,0
2016-11-27 00:00:00+00:00,1769.7,0.0,898.1812500000001,113.08125000000001,36.96527777777778,52.541666666666664,52.13194444444444,51.583333333333336,27.145833333333332,45.99305555555556,48.111111111111114,23.083333333333332,15.6,0.0,7.8381944444444445,70.0,0.4,4.969444444444445,1.7048611111111112,-4.289583333333334,148.02291666666667,13.020833333333334,-591.5347222222222,53836.95138888889,7667338.0,-450.6736111111111,-1685885,66.8125,70.46527777777777,66.33333333333333,33.291666666666664,33.701388888888886,22.11111111111111,35.55555555555556,20.90277777777778,14.38888888888889,-3.4,89.7,10.398611111111112,3.0687499999999996,69.0,33.145833333333336,32.93055555555556,32.69444444444444,31.32638888888889,319.4145833333333,0.8673611111111111,50.0,399.9763888888889,398.68055555555554,397.69444444444446,284.9631944444444,298.96666666666664,286.08958333333334,2106.4,-52.0,31.506944444444443,1.026388888888889,4.952777777777778,108.04652777777778,-70.20763888888888,1000.4,-999.9,35.20902777777778,349.5076388888889,2000.0,0.0,125.65416666666667,-471.7506944444445,0.0,-1000.0,100.12291666666667,463.6256944444445,1000.0,0.0,105.78055555555555,35.63194444444444,152.325,T01,0.0,17.0,4.737500000000001,1.246736111111111,0.0,16.2,4.698611111111111,1.3147916666666668,9.0,14.0,12.090277777777779,994.0,1001.0,997.0138888888889,67.0,94.0,86.6875,0.0,79.0,4.701388888888889,0.0,91.50694444444444,90.72916666666667,396.9375,,0
2016-11-28 00:00:00+00:00,1498.3,0.0,339.33124999999995,27.604166666666668,27.104166666666668,34.138888888888886,34.208333333333336,33.90972222222222,25.180555555555557,35.52777777777778,36.145833333333336,23.8125,13.3,0.0,2.8305555555555557,16.8,0.4,2.459027777777778,0.5715277777777779,13.447222222222223,213.29097222222222,13.909722222222221,-535.5763888888889,4693.736111111111,598774.0,-200.57638888888889,-362238,60.53472222222222,63.50694444444444,58.541666666666664,31.395833333333332,32.27777777777778,23.61111111111111,32.50694444444444,18.805555555555557,17.03472222222222,-2.4,89.7,19.15277777777778,0.8562500000000001,38.75694444444444,31.09027777777778,31.020833333333332,31.020833333333332,28.48611111111111,24.950694444444444,0.9104166666666667,49.99930555555555,400.68611111111113,399.6652777777778,397.88958333333335,33.075,36.99861111111111,33.99861111111111,763.6,-51.6,25.78472222222222,0.275,2.497916666666667,13.83125,-15.065972222222221,1001.5,-642.2,14.806944444444444,30.03472222222222,771.2,0.0,13.275694444444445,-123.09583333333333,0.0,-1000.0,40.84305555555555,123.09583333333333,1000.0,0.0,40.84305555555555,29.86111111111111,297.33124999999995,T01,0.0,7.6,2.6729166666666666,0.09465277777777778,0.0,7.4,2.6277777777777778,0.09722222222222222,10.0,17.0,12.9375,1000.0,1008.0,1004.4791666666666,68.0,95.0,82.54861111111111,0.0,1.0,0.006944444444444444,0.0,50.208333333333336,49.31944444444444,404.38194444444446,,0
2016-11-29 00:00:00+00:00,1792.0,0.0,985.6368055555556,67.57708333333333,37.833333333333336,56.076388888888886,54.75694444444444,54.06944444444444,26.5,44.173611111111114,47.40972222222222,24.604166666666668,15.8,0.0,8.666666666666666,31.1,0.4,5.600694444444445,1.1020833333333335,-0.85,114.43055555555556,14.9375,-288.4166666666667,82972.61805555556,11906526.0,-109.25694444444444,-2106815,66.22916666666667,69.91666666666667,65.89583333333333,35.229166666666664,35.138888888888886,25.25,36.40277777777778,23.09722222222222,17.92361111111111,-3.2,89.7,9.286111111111111,1.7826388888888889,63.986111111111114,35.40972222222222,35.263888888888886,34.90277777777778,32.1875,496.19513888888895,0.9152777777777779,49.99444444444444,399.4111111111111,398.3638888888889,398.65625,431.65486111111113,438.5520833333333,425.6784722222222,2109.4,-49.0,31.930555555555557,0.6027777777777777,5.629166666666666,99.41666666666667,-87.80486111111111,920.0,-646.3,20.6625,504.64444444444445,2000.0,0.0,100.23055555555555,-485.97013888888887,0.0,-1000.0,58.74583333333333,457.5229166666667,1000.0,0.0,65.37569444444445,41.90972222222222,112.77430555555556,T01,0.8,17.5,5.913194444444445,0.8795138888888889,0.7000000000000001,17.8,5.963888888888889,0.8854166666666666,11.0,18.0,14.527777777777779,1007.0,1011.0,1008.6736111111111,61.0,90.0,75.59027777777777,0.0,1.0,0.006944444444444444,0.0,115.13194444444444,116.08333333333333,408.61805555555554,,0
2016-11-30 00:00:00+00:00,1826.8,1480.0,1675.9409722222222,24.038194444444443,74.84027777777777,129.29166666666666,122.20833333333333,120.25694444444444,48.97222222222222,53.833333333333336,61.201388888888886,33.708333333333336,16.1,13.1,14.853472222222223,41.5,0.6000000000000001,12.036805555555555,2.4048611111111113,1.5291666666666666,125.45208333333332,17.729166666666668,0.0,316373.40972222225,45557771.0,0.0,-5129740,82.22916666666667,97.9375,110.13194444444444,42.5625,43.958333333333336,27.34722222222222,44.541666666666664,37.326388888888886,19.194444444444443,-2.5,16.3,3.4194444444444447,2.7840277777777778,114.27777777777777,43.666666666666664,43.8125,42.43055555555556,38.576388888888886,1898.215972222222,1.0,49.99722222222223,399.6,397.9479166666667,402.5229166666667,1583.6652777777776,1599.5895833333334,1568.6361111111112,2108.1,560.5,46.1875,0.2027777777777778,11.875694444444443,134.00416666666666,-213.73958333333334,-185.8,-224.3,2.4444444444444446,1893.4451388888888,2000.0,549.9,131.17708333333334,-690.9611111111111,-583.3,-1000.0,123.51458333333332,503.53125,1000.0,406.1,117.88402777777777,69.78472222222223,123.93194444444445,T01,3.6,21.8,12.434027777777779,2.9908333333333332,3.9,21.9,12.509027777777778,3.0096527777777777,15.0,18.0,16.65277777777778,1010.0,1014.0,1011.9375,64.0,81.0,74.45833333333333,0.0,0.0,0.0,0.0,245.75694444444446,247.25694444444446,411.875,,0
2016-12-01 00:00:00+00:00,1758.7,0.0,1228.75625,106.72916666666667,43.270833333333336,66.02083333333333,65.38194444444444,64.88888888888889,30.61111111111111,47.979166666666664,51.71527777777778,27.583333333333332,15.5,0.0,10.852777777777778,28.2,0.4,5.828472222222222,1.063888888888889,-0.8125000000000001,125.18055555555556,17.03472222222222,-436.0208333333333,77281.79166666667,11065790.0,-330.0,-2411931,61.56944444444444,71.94444444444444,74.88194444444444,38.861111111111114,38.38194444444444,26.305555555555557,40.44444444444444,26.555555555555557,18.77777777777778,-3.2,89.7,3.1125,2.2750000000000004,85.96527777777777,38.645833333333336,38.34027777777778,38.06944444444444,37.50694444444444,461.0229166666667,0.8319444444444444,49.99861111111111,399.2388888888889,398.08958333333334,398.9034722222222,409.86319444444445,420.6743055555555,403.09027777777777,2104.8,-50.2,37.020833333333336,0.9631944444444446,5.828472222222222,104.65069444444445,-100.46875,1000.4,-718.6,32.46944444444445,467.8034722222222,2000.0,0.0,105.21666666666667,-642.7354166666667,0.0,-1000.0,87.45555555555556,628.4576388888888,1000.0,0.0,95.76111111111112,47.354166666666664,125.99930555555557,T01,1.0,16.8,4.963888888888889,1.0997916666666667,0.9,16.8,5.009027777777778,1.1230555555555555,15.0,18.0,15.98611111111111,1013.0,1016.0,1014.3888888888889,73.0,93.0,84.70138888888889,0.0,1.0,0.006944444444444444,0.0,96.02777777777777,96.97222222222223,414.3125,,0
2016-12-02 00:00:00+00:00,1696.4,0.0,1251.7965277777778,72.29791666666667,39.13194444444444,60.03472222222222,59.986111111111114,59.548611111111114,27.520833333333332,47.09027777777778,51.173611111111114,26.6875,15.0,0.0,11.090972222222222,22.3,0.4,5.265972222222222,0.9465277777777779,0.5826388888888888,123.43819444444443,16.854166666666668,-142.21527777777777,49786.15972222222,7148727.0,-136.5,-2371934,66.92361111111111,71.20138888888889,67.73611111111111,38.833333333333336,38.18055555555556,26.5,41.00694444444444,24.92361111111111,18.95138888888889,-3.2,89.7,1.1097222222222223,1.5194444444444446,87.40277777777777,38.44444444444444,38.020833333333336,37.763888888888886,37.645833333333336,297.8666666666667,0.8069444444444445,50.0,399.22569444444446,397.88958333333335,398.0833333333333,274.3013888888889,286.93402777777777,266.02708333333334,1943.8,-49.2,37.05555555555556,0.6416666666666667,5.35,77.94791666666667,-98.9,1000.2,-702.5,23.566666666666666,300.6638888888889,1975.0,0.0,78.39444444444445,-703.9270833333334,0.0,-1000.0,79.86388888888888,703.1222222222223,1000.0,0.0,82.10694444444444,45.298611111111114,122.85624999999999,T01,1.1,11.9,4.895138888888889,0.6291666666666667,1.0,12.0,4.940972222222222,0.6326388888888889,14.0,18.0,15.784722222222221,1006.0,1014.0,1009.8333333333334,70.0,96.0,85.06944444444444,0.0,2.0,0.08333333333333333,0.0,94.73611111111111,95.57638888888889,409.75694444444446,,0
2016-12-03 00:00:00+00:00,1791.5,184.9,1547.2604166666667,50.97430555555556,50.583333333333336,89.46527777777777,86.27083333333333,85.14583333333333,33.625,52.94444444444444,58.263888888888886,28.916666666666668,15.8,1.8,13.70486111111111,38.1,0.5,8.529166666666667,1.6041666666666667,-0.5062500000000001,134.20277777777778,17.02777777777778,-26.22222222222222,181341.52083333334,26109403.0,-15.784722222222221,-4112829,74.67361111111111,83.52083333333333,85.25694444444444,40.52777777777778,40.74305555555556,26.21527777777778,42.90972222222222,30.36111111111111,18.29861111111111,-3.2,48.0,-0.6298611111111111,1.0638888888888889,100.54861111111111,41.020833333333336,40.90972222222222,40.15277777777778,38.25,1087.8229166666667,0.9624999999999999,50.0,399.09305555555557,397.53472222222223,399.9270833333333,916.4166666666666,935.2791666666667,907.15,2106.2,-50.1,41.31944444444444,0.4548611111111111,8.518055555555556,175.6673611111111,-171.3673611111111,1000.3,-327.6,7.92638888888889,1086.6861111111111,2000.0,0.0,174.85902777777778,-876.2131944444444,0.0,-1000.0,81.63472222222222,804.1798611111111,1000.0,0.0,99.56875,57.229166666666664,134.70833333333334,T01,1.1,17.6,7.530555555555556,2.3902083333333333,1.1,17.0,7.565277777777778,2.3670833333333334,14.0,18.0,15.993055555555555,998.0,1006.0,1001.5625,74.0,97.0,88.05555555555556,0.0,3.0,0.3125,0.0,147.54861111111111,148.30555555555554,401.50694444444446,,0
2016-12-04 00:00:00+00:00,1767.9,0.0,1398.4701388888889,85.15069444444445,43.63194444444444,72.41666666666667,71.10416666666667,70.14583333333333,29.944444444444443,48.979166666666664,53.72222222222222,27.604166666666668,15.6,0.0,12.37638888888889,70.0,0.4,6.788888888888889,1.636111111111111,1.3166666666666669,148.12430555555557,17.166666666666668,-154.39583333333334,112275.61111111111,16145456.0,-109.06944444444444,-3145582,63.69444444444444,72.94444444444444,74.32638888888889,39.68055555555556,39.111111111111114,26.555555555555557,41.65972222222222,27.368055555555557,18.520833333333332,-3.1,89.7,0.07708333333333334,1.8430555555555554,93.72916666666667,39.770833333333336,39.541666666666664,39.09027777777778,38.09027777777778,672.7569444444445,0.8923611111111112,50.0,399.73541666666665,397.94444444444446,398.9486111111111,574.0805555555556,598.1013888888889,571.3395833333333,2104.8,-51.9,38.833333333333336,0.7611111111111112,6.863194444444444,142.95069444444445,-131.0236111111111,1000.9,-960.4,22.018055555555556,679.0958333333333,2000.0,0.0,147.36041666666668,-790.0291666666667,0.0,-1000.0,104.37569444444445,756.7833333333333,1000.0,0.0,111.27638888888889,44.111111111111114,146.82152777777776,T01,0.7000000000000001,17.8,5.913194444444445,1.7684027777777778,0.5,17.9,5.792361111111111,1.7524305555555555,14.0,18.0,16.1875,998.0,1001.0,999.9027777777778,72.0,96.0,88.53472222222223,0.0,69.0,2.0694444444444446,0.0,115.03472222222223,112.65277777777777,399.80555555555554,,0
2016-12-05 00:00:00+00:00,1789.9,0.0,1375.9243055555555,78.0326388888889,44.19444444444444,73.5,71.91666666666667,71.09722222222223,29.930555555555557,50.888888888888886,55.0,28.15972222222222,15.7,0.0,12.162500000000001,42.7,0.4,6.980555555555556,1.3944444444444446,0.5125000000000001,119.86180555555555,16.98611111111111,-227.97916666666666,119902.20138888889,17233089.0,-173.36805555555554,-3405869,57.048611111111114,69.08333333333333,74.3125,39.208333333333336,39.770833333333336,26.13888888888889,42.00694444444444,28.131944444444443,18.333333333333332,-3.2,89.7,1.0993055555555555,1.5833333333333333,93.14583333333333,39.416666666666664,39.201388888888886,38.75694444444444,37.8125,718.0513888888888,0.911111111111111,49.99861111111111,399.44930555555555,397.9777777777778,399.23333333333335,615.6097222222222,632.1680555555555,607.3451388888889,2105.0,-50.0,39.375,0.6909722222222222,6.978472222222222,154.55555555555554,-141.9173611111111,1001.2,-579.1,16.780555555555555,720.8555555555555,2000.0,0.0,154.07708333333332,-797.8208333333333,0.0,-1000.0,72.54374999999999,768.2902777777778,1000.0,0.0,87.5611111111111,43.916666666666664,119.35277777777777,T01,1.0,15.2,7.4430555555555555,1.061736111111111,1.2,15.5,7.497916666666667,1.0745833333333334,14.0,18.0,15.972222222222221,1001.0,1012.0,1004.9027777777778,78.0,97.0,88.98611111111111,0.0,32.0,2.3958333333333335,0.0,145.72222222222223,146.88194444444446,404.84027777777777,,0
2016-12-06 00:00:00+00:00,1676.4,34.4,870.8965277777778,62.243750000000006,35.229166666666664,50.416666666666664,50.361111111111114,49.99305555555556,28.26388888888889,43.583333333333336,46.479166666666664,26.208333333333332,14.8,0.0,7.658333333333333,24.2,0.4,4.282638888888889,0.8131944444444446,-2.6687499999999997,98.64861111111111,17.756944444444443,-354.34027777777777,28022.159722222223,3984166.0,-148.05555555555554,-1447922,62.611111111111114,67.04861111111111,63.951388888888886,35.6875,35.791666666666664,27.63888888888889,38.40277777777778,24.11111111111111,20.46527777777778,-3.0,46.4,9.404166666666667,0.9812500000000001,64.75694444444444,35.076388888888886,34.708333333333336,34.61805555555556,34.50694444444444,166.0125,0.8715277777777778,50.0,399.8173611111111,398.5520833333333,397.6090277777778,154.70416666666668,165.40694444444443,153.19444444444446,1362.2,-49.8,32.8125,0.5944444444444446,4.355555555555556,53.00694444444444,-60.291666666666664,999.9,-718.7,15.972916666666666,174.01319444444445,1388.3,0.0,56.10486111111111,-441.1076388888889,0.0,-1000.0,61.3736111111111,441.1076388888889,1000.0,0.0,61.3736111111111,34.6875,98.8125,T01,1.0,10.6,5.088888888888889,0.3395138888888889,1.0,11.1,5.106249999999999,0.3475694444444445,15.0,20.0,16.96527777777778,1012.0,1019.0,1015.6736111111111,64.0,88.0,76.34027777777777,0.0,0.0,0.0,0.0,98.57638888888889,98.90277777777777,415.59722222222223,,0
2016-12-07 00:00:00+00:00,1749.4,1197.0,1512.1479166666666,55.40972222222222,45.298611111111114,77.30555555555556,75.24305555555556,74.3125,28.95138888888889,52.46527777777778,57.354166666666664,27.944444444444443,15.4,10.6,13.397916666666667,27.3,0.5,7.708333333333333,1.43125,-0.7569444444444444,109.70625000000001,17.104166666666668,0.0,146368.97222222222,21077132.0,0.0,-4049830,72.20833333333333,79.34722222222223,78.13888888888889,39.96527777777778,40.138888888888886,26.743055555555557,42.888888888888886,28.59722222222222,18.78472222222222,-3.2,7.3,-1.5784722222222223,0.5222222222222223,97.40972222222223,40.208333333333336,40.013888888888886,39.479166666666664,38.201388888888886,878.3055555555555,0.9569444444444445,50.0,399.1923611111111,397.6166666666667,399.30069444444445,742.4625000000001,764.338888888889,735.8187499999999,2103.0,-14.2,40.56944444444444,0.4895833333333333,7.754861111111111,182.18680555555557,-168.74305555555554,1.1,-216.3,4.935416666666667,877.7791666666667,2000.0,0.0,182.21805555555557,-953.6048611111112,0.0,-1000.0,49.91944444444445,912.0527777777778,1000.0,0.0,77.16666666666667,43.666666666666664,110.45972222222223,T01,3.2,13.7,8.883333333333333,0.6626388888888889,3.3,14.5,8.938194444444443,0.6618055555555555,15.0,18.0,16.22222222222222,1017.0,1020.0,1018.7430555555555,63.0,85.0,76.8125,0.0,0.0,0.0,0.0,174.55555555555554,175.6875,418.6736111111111,,0
2016-12-08 00:00:00+00:00,1806.7,1263.4,1664.4659722222223,29.293055555555554,62.333333333333336,120.40972222222223,113.84722222222223,111.99305555555556,44.09722222222222,53.291666666666664,60.46527777777778,32.229166666666664,15.9,11.2,14.748611111111112,40.1,0.6000000000000001,11.601388888888888,2.33125,-1.838888888888889,119.29652777777778,17.041666666666668,0.0,299743.5,43163064.0,0.0,-5126509,75.36111111111111,90.78472222222223,101.85416666666667,42.06944444444444,42.90972222222222,26.59027777777778,43.833333333333336,35.24305555555556,18.34722222222222,-3.1,17.3,2.9701388888888887,2.4520833333333334,110.80555555555556,43.21527777777778,43.326388888888886,41.97222222222222,38.326388888888886,1798.4569444444444,1.0,49.99930555555555,399.44375,397.77430555555554,402.5548611111111,1504.3243055555556,1518.4243055555555,1484.3819444444443,2106.4,279.6,45.06944444444444,0.2465277777777778,11.560416666666667,149.2840277777778,-213.59861111111113,-146.9,-228.1,2.5770833333333334,1794.4465277777776,2000.0,270.4,146.55555555555554,-726.7833333333333,-583.3,-1000.0,103.63541666666667,562.5833333333334,1000.0,406.1,109.95763888888888,60.666666666666664,121.17013888888889,T01,4.5,20.7,12.481944444444444,2.3472916666666666,4.9,20.5,12.534722222222221,2.371111111111111,15.0,17.0,15.875,1018.0,1021.0,1019.375,64.0,82.0,72.97916666666667,0.0,0.0,0.0,0.0,246.68055555555554,247.81944444444446,419.3541666666667,,0
2016-12-09 00:00:00+00:00,1817.6,1236.6,1647.9333333333334,33.42638888888889,66.875,110.45833333333333,105.125,103.58333333333333,41.625,53.30555555555556,60.13194444444444,31.881944444444443,16.0,10.9,14.599305555555556,43.4,0.5,10.281944444444443,1.9513888888888888,-1.057638888888889,126.31041666666667,17.666666666666668,0.0,260903.41666666666,37570092.0,0.0,-4719665,72.72916666666667,88.5,99.25694444444444,41.49305555555556,42.34722222222222,28.15277777777778,43.28472222222222,35.076388888888886,20.04861111111111,-2.9,17.4,0.1833333333333333,1.5458333333333334,106.34027777777777,42.36805555555556,42.458333333333336,41.31944444444444,38.229166666666664,1565.6048611111112,0.9986111111111112,49.99861111111111,399.29999999999995,397.9006944444444,402.26944444444445,1312.648611111111,1324.2840277777777,1292.023611111111,2108.4,116.5,43.229166666666664,0.2909722222222222,10.195138888888888,212.30069444444445,-196.64722222222224,-116.5,-224.7,4.503472222222222,1562.3166666666666,2000.0,114.7,209.82569444444445,-848.5840277777778,-562.1,-1000.0,105.26111111111112,712.1548611111111,1000.0,406.1,132.43263888888887,61.18055555555556,127.3861111111111,T01,1.6,19.5,9.947916666666666,2.5586805555555556,1.6,19.5,10.009027777777778,2.563472222222222,16.0,18.0,16.479166666666668,1019.0,1022.0,1019.9791666666666,70.0,85.0,79.45138888888889,0.0,0.0,0.0,0.0,196.00694444444446,197.22222222222223,419.9513888888889,,0
2016-12-10 00:00:00+00:00,1715.9,1212.9,1484.3979166666666,56.483333333333334,49.88194444444444,74.36805555555556,72.95833333333333,72.22222222222223,29.131944444444443,50.9375,55.84722222222222,28.51388888888889,15.2,10.8,13.149999999999999,39.7,0.4,7.211111111111112,1.2513888888888889,0.21458333333333326,119.1673611111111,17.506944444444443,-0.4722222222222222,120736.21527777778,17385947.0,-0.4305555555555556,-3639333,56.55555555555556,69.34027777777777,75.41666666666667,39.736111111111114,40.333333333333336,27.368055555555557,42.63194444444444,28.90277777777778,19.36111111111111,-3.2,5.8,-1.713888888888889,0.4097222222222222,96.625,39.770833333333336,39.5625,39.09027777777778,38.173611111111114,724.3555555555555,0.9395833333333334,49.99791666666667,399.24583333333334,397.81111111111113,399.2097222222222,616.2444444444444,636.5805555555556,606.8993055555555,2099.2,-47.4,39.90277777777778,0.5006944444444446,7.209722222222222,146.72083333333333,-151.64097222222222,11.2,-207.3,6.069444444444445,724.3236111111112,2000.0,0.0,147.2923611111111,-955.2687500000001,0.0,-1000.0,46.322916666666664,940.2048611111111,1000.0,0.0,63.2798611111111,43.75,118.95347222222222,T01,2.2,14.4,7.522916666666666,1.2909027777777777,1.9,14.3,7.594444444444444,1.2940277777777778,15.0,19.0,16.458333333333332,1018.0,1020.0,1018.8541666666666,63.0,86.0,77.78472222222223,0.0,0.0,0.0,0.0,147.38888888888889,148.625,418.78472222222223,,0
2016-12-11 00:00:00+00:00,1677.9,0.0,1258.2305555555556,66.54444444444444,39.46527777777778,57.59027777777778,57.88194444444444,57.423611111111114,27.104166666666668,46.61805555555556,50.65972222222222,25.743055555555557,14.9,0.0,11.147222222222222,23.0,0.4,5.140972222222222,0.9250000000000002,-1.9861111111111112,100.39861111111111,16.82638888888889,-153.27083333333334,42960.979166666664,6164311.0,-114.79166666666667,-2066445,62.80555555555556,68.29166666666667,65.85416666666667,38.875,37.583333333333336,26.833333333333332,40.583333333333336,24.84027777777778,19.07638888888889,-3.1,89.7,0.8201388888888889,1.386111111111111,88.39583333333333,38.541666666666664,38.145833333333336,37.923611111111114,37.770833333333336,256.84236111111113,0.8145833333333333,50.0,399.70416666666665,397.975,397.3881944444445,233.87916666666666,255.5701388888889,231.62916666666666,1219.3,-49.6,36.541666666666664,0.5951388888888889,5.226388888888889,67.24791666666667,-86.05000000000001,787.9,-550.9,25.32638888888889,260.53194444444443,1229.7,0.0,68.05347222222223,-686.4958333333333,0.0,-1000.0,86.97361111111111,686.4958333333333,1000.0,0.0,86.97361111111111,34.02777777777778,102.37777777777778,T01,2.3,9.9,5.6930555555555555,0.21423611111111113,2.4,10.0,5.740277777777778,0.22208333333333333,14.0,19.0,15.82638888888889,1015.0,1018.0,1016.5972222222222,65.0,89.0,78.40972222222223,0.0,0.0,0.0,0.0,110.60416666666667,111.72916666666667,416.55555555555554,,0
2016-12-12 00:00:00+00:00,1401.8,0.0,226.52430555555554,39.677083333333336,26.6875,33.291666666666664,33.270833333333336,32.979166666666664,27.381944444444443,35.19444444444444,35.61805555555556,24.79861111111111,12.4,0.0,1.807638888888889,12.0,0.4,2.3055555555555554,0.5111111111111112,23.981250000000003,153.1902777777778,15.909722222222221,-689.4444444444445,441.22222222222223,-35746.0,-263.7291666666667,-77028,62.361111111111114,65.34722222222223,60.18055555555556,30.97222222222222,32.479166666666664,26.194444444444443,33.576388888888886,19.72222222222222,19.0625,-2.3,83.5,22.231250000000003,0.8638888888888889,34.979166666666664,30.430555555555557,30.194444444444443,30.28472222222222,29.020833333333332,-1.492361111111111,0.9249999999999999,50.00069444444445,401.1736111111111,399.94375,398.3979166666667,10.163888888888888,11.412500000000001,11.280555555555555,230.6,-49.7,26.618055555555557,0.3847222222222222,2.320138888888889,4.629861111111111,-3.2069444444444444,874.2,-527.2,11.538888888888888,7.727083333333334,232.1,0.0,5.852777777777778,-13.152083333333332,0.0,-1000.0,10.338194444444445,13.152083333333332,1000.0,0.0,10.338194444444445,26.61111111111111,149.20208333333332,T01,0.0,6.4,2.6500000000000004,0.07444444444444445,0.0,6.4,2.6305555555555555,0.08097222222222222,13.0,19.0,14.875,1014.0,1017.0,1015.3541666666666,61.0,91.0,81.20833333333333,0.0,0.0,0.0,0.0,49.68055555555556,49.24305555555556,415.2916666666667,,0
2016-12-13 00:00:00+00:00,1426.3,0.0,515.2090277777778,73.45694444444445,29.854166666666668,37.75,37.84027777777778,37.611111111111114,26.23611111111111,36.520833333333336,38.94444444444444,23.65972222222222,12.6,0.0,4.4944444444444445,16.2,0.4,3.209722222222222,0.6236111111111112,3.0687499999999996,119.48333333333332,15.340277777777779,-703.1736111111111,3622.6805555555557,420405.0,-438.7083333333333,-412212,61.31944444444444,64.24305555555556,59.111111111111114,32.895833333333336,32.75694444444444,25.479166666666668,33.69444444444444,19.79861111111111,18.444444444444443,-2.5,89.7,17.40277777777778,2.038888888888889,43.40277777777778,32.333333333333336,32.0625,32.145833333333336,30.71527777777778,17.522222222222222,0.8180555555555556,50.00069444444445,400.65625,399.35625000000005,398.31597222222223,32.89791666666667,36.30416666666667,32.09513888888889,326.6,-50.1,26.90277777777778,0.6854166666666667,3.2256944444444446,12.31388888888889,-17.15138888888889,1000.1,-759.9,20.980555555555554,33.826388888888886,328.4,0.0,17.061805555555555,-104.40555555555555,0.0,-1000.0,46.64513888888889,104.40555555555555,1000.0,0.0,46.64513888888889,28.243055555555557,116.42152777777778,T01,0.0,7.0,3.0729166666666665,0.1961111111111111,0.0,7.5,3.084722222222222,0.19972222222222225,13.0,18.0,14.715277777777779,1014.0,1017.0,1015.4444444444445,64.0,93.0,81.35416666666667,0.0,1.0,0.006944444444444444,0.0,58.1875,58.50694444444444,415.4236111111111,,0
2016-12-14 00:00:00+00:00,1749.2,0.0,745.9451388888889,101.65555555555555,33.770833333333336,46.6875,46.53472222222222,46.15972222222222,26.25,43.291666666666664,45.40277777777778,24.07638888888889,15.4,0.0,6.511805555555556,32.9,0.4,3.865277777777778,0.8736111111111112,-1.0333333333333337,171.47569444444446,14.166666666666666,-613.1944444444445,26667.958333333332,3751887.0,-392.6736111111111,-1182730,63.71527777777778,66.88194444444444,62.21527777777778,35.03472222222222,33.50694444444444,23.27777777777778,35.34027777777778,20.569444444444443,15.82638888888889,-3.1,89.7,14.369444444444444,2.7104166666666667,61.423611111111114,34.59027777777778,34.25694444444444,34.18055555555556,33.44444444444444,156.31944444444446,0.8111111111111112,49.99791666666667,400.4951388888889,399.11805555555554,398.0715277777778,149.88958333333332,159.33055555555555,148.26597222222222,2100.1,-50.1,30.1875,0.9208333333333333,3.904861111111111,55.888194444444444,-49.27361111111111,999.9,-571.9,23.179861111111112,168.13333333333333,2000.0,0.0,58.27013888888889,-291.5027777777778,0.0,-1000.0,70.77430555555556,288.17499999999995,1000.0,0.0,73.53680555555555,31.40972222222222,137.5013888888889,T01,0.6000000000000001,14.8,4.293055555555556,0.5301388888888889,0.6000000000000001,14.7,4.140972222222222,0.6471527777777778,11.0,16.0,13.291666666666666,1011.0,1016.0,1014.3541666666666,78.0,96.0,85.3125,0.0,31.0,0.5625,0.0,82.54861111111111,79.47916666666667,414.2638888888889,,0
2016-12-15 00:00:00+00:00,1636.8,0.0,624.5513888888888,61.111111111111114,30.583333333333332,41.55555555555556,41.729166666666664,41.375,23.958333333333332,40.729166666666664,42.291666666666664,22.708333333333332,14.5,0.0,5.413888888888889,18.9,0.4,3.2930555555555556,0.7645833333333334,-6.331250000000001,258.5881944444444,12.715277777777779,-588.6875,10388.583333333334,1411185.0,-377.84027777777777,-761506,60.388888888888886,63.34027777777778,58.541666666666664,31.75,32.270833333333336,21.65277777777778,32.638888888888886,18.42361111111111,14.520833333333334,-2.5,89.7,13.897916666666667,1.4645833333333333,51.041666666666664,31.381944444444443,31.166666666666668,31.131944444444443,29.38888888888889,58.794444444444444,0.8013888888888889,50.0,400.5340277777778,399.31944444444446,397.7451388888889,69.19236111111111,77.00347222222223,69.60277777777777,1113.1,-49.7,27.1875,0.5486111111111112,3.3243055555555556,24.820138888888888,-31.72291666666667,1000.0,-647.0,27.636805555555554,67.59166666666667,1126.7,0.0,27.19097222222222,-230.51736111111111,0.0,-1000.0,63.474999999999994,230.51736111111111,1000.0,0.0,63.474999999999994,27.930555555555557,257.43125,T01,0.0,9.3,3.9541666666666666,0.20520833333333333,0.0,9.2,3.8777777777777778,0.2101388888888889,9.0,15.0,11.6875,1013.0,1017.0,1014.8333333333334,62.0,94.0,78.0,0.0,1.0,0.006944444444444444,0.0,75.83333333333333,74.375,414.77777777777777,,0
2016-12-16 00:00:00+00:00,1804.2,0.0,950.3027777777778,78.54583333333333,37.583333333333336,54.63194444444444,53.895833333333336,53.31944444444444,25.506944444444443,47.22222222222222,49.02777777777778,23.069444444444443,15.9,0.0,8.270833333333334,37.5,0.4,5.09375,1.1652777777777779,4.9,240.2763888888889,12.75,-472.44444444444446,66718.70138888889,9539462.0,-311.65277777777777,-2009449,67.08333333333333,70.46527777777777,66.40277777777777,33.27777777777778,33.38194444444444,22.07638888888889,35.18055555555556,20.6875,14.38888888888889,-3.1,89.7,8.58125,1.6694444444444445,68.22916666666667,33.27777777777778,33.03472222222222,32.80555555555556,31.020833333333332,397.50138888888887,0.8909722222222223,50.0,400.00625,398.8263888888889,398.0784722222222,343.73333333333335,358.2076388888889,344.5875,2106.6,-47.0,31.125,0.7166666666666667,5.145833333333333,117.25555555555555,-83.76527777777778,1000.9,-806.3,18.613194444444446,403.2138888888889,2000.0,0.0,117.09375,-526.1423611111111,0.0,-1000.0,66.85,514.6277777777777,1000.0,0.0,76.82013888888889,33.5,250.3826388888889,T01,1.0,22.6,6.007638888888889,0.8447916666666667,0.9,22.3,5.958333333333333,0.8386111111111112,9.0,16.0,11.645833333333334,1006.0,1013.0,1008.7361111111111,59.0,96.0,78.10416666666667,0.0,27.0,0.7013888888888888,0.0,116.9375,115.91666666666667,408.69444444444446,,0
2016-12-17 00:00:00+00:00,1747.6,0.0,944.0812500000001,101.69444444444444,34.416666666666664,49.270833333333336,49.00694444444444,48.40972222222222,25.0625,43.77777777777778,46.81944444444444,23.916666666666668,15.4,0.0,8.287500000000001,22.5,0.4,4.6618055555555555,1.0833333333333333,-0.01597222222222219,99.14513888888888,13.98611111111111,-378.9166666666667,45589.944444444445,6510391.0,-217.45833333333334,-1726769,62.9375,66.47222222222223,62.076388888888886,34.78472222222222,34.270833333333336,23.63888888888889,35.63194444444444,21.46527777777778,16.256944444444443,-3.1,89.7,8.247916666666667,2.088888888888889,64.04861111111111,34.50694444444444,34.28472222222222,34.13194444444444,32.520833333333336,271.29097222222225,0.8701388888888889,49.99930555555555,399.8854166666667,398.4090277777778,396.9763888888889,238.1222222222222,256.75694444444446,244.80555555555554,2105.9,-50.5,30.854166666666668,0.9312499999999999,4.7444444444444445,92.26319444444444,-71.96180555555556,1000.2,-820.8,22.913888888888888,278.7729166666667,2000.0,0.0,94.10833333333333,-481.13124999999997,0.0,-1000.0,91.05069444444445,473.9173611111112,1000.0,0.0,95.42638888888888,31.15972222222222,89.15277777777777,T01,0.4,15.2,5.340277777777778,0.6333333333333333,0.3,15.1,5.346527777777777,0.6388194444444444,9.0,17.0,12.916666666666666,1009.0,1014.0,1012.4097222222222,49.0,92.0,69.02777777777777,0.0,0.0,0.0,0.0,103.67361111111111,103.65277777777777,412.34722222222223,,0
2016-12-18 00:00:00+00:00,1761.3,0.0,1227.8291666666667,71.87708333333333,41.701388888888886,64.26388888888889,63.46527777777778,62.826388888888886,28.208333333333332,49.583333333333336,52.923611111111114,25.36111111111111,15.6,0.0,10.84375,23.6,0.4,5.667361111111111,1.2368055555555555,-2.2381944444444444,91.74513888888889,15.104166666666666,-242.92361111111111,74852.22222222222,10743737.0,-187.11111111111111,-2702578,72.23611111111111,76.18055555555556,72.68055555555556,35.6875,36.354166666666664,24.506944444444443,38.736111111111114,24.666666666666668,16.79861111111111,-3.2,89.7,3.657638888888889,1.7486111111111111,85.38888888888889,35.458333333333336,35.15972222222222,34.86805555555556,33.916666666666664,447.6361111111111,0.8541666666666666,49.99930555555555,399.44444444444446,397.8694444444444,397.32500000000005,385.6958333333333,411.06388888888887,390.2583333333333,2108.9,-50.2,35.354166666666664,0.6416666666666667,5.7875,127.39097222222222,-112.62569444444445,818.4,-746.0,13.414583333333333,451.07222222222225,2000.0,0.0,127.99374999999999,-683.7562499999999,0.0,-1000.0,119.06944444444444,666.161111111111,1000.0,0.0,127.93124999999999,38.270833333333336,96.48263888888889,T01,0.3,16.7,6.578472222222222,0.8943749999999999,0.0,17.0,6.577083333333333,0.9070833333333334,12.0,15.0,14.0625,1008.0,1014.0,1010.8402777777778,62.0,80.0,67.75,0.0,1.0,0.006944444444444444,0.0,128.5,128.43055555555554,410.81944444444446,,0
2016-12-19 00:00:00+00:00,1655.9,0.0,834.6090277777778,74.54305555555555,33.24305555555556,47.548611111111114,47.75,47.4375,25.0,42.361111111111114,44.986111111111114,23.32638888888889,14.7,0.0,7.252777777777778,22.8,0.4,3.7104166666666663,0.8083333333333333,-0.42708333333333326,253.94583333333333,13.090277777777779,-423.0625,15709.694444444445,2201281.0,-245.45138888888889,-1104253,62.30555555555556,65.84722222222223,61.354166666666664,32.90277777777778,33.361111111111114,22.506944444444443,34.88194444444444,19.680555555555557,15.118055555555555,-3.2,60.0,9.381250000000001,1.5618055555555557,64.65972222222223,32.46527777777778,32.145833333333336,32.11805555555556,30.916666666666668,91.71666666666667,0.7895833333333333,50.00138888888889,400.0375,398.80833333333334,396.9513888888889,95.80902777777777,109.50763888888889,99.63472222222222,1228.7,-49.3,29.791666666666668,0.6923611111111111,3.7784722222222222,37.047916666666666,-46.02222222222222,1000.3,-707.6,26.72152777777778,98.81875,1249.4,0.0,37.8625,-335.2326388888889,0.0,-1000.0,81.47222222222223,335.2326388888889,1000.0,0.0,81.47222222222223,29.493055555555557,274.36875,T01,0.0,8.8,4.419444444444444,0.18902777777777777,0.0,8.5,4.373611111111111,0.19166666666666668,8.0,15.0,12.11111111111111,1006.0,1009.0,1007.0555555555555,58.0,87.0,71.27083333333333,0.0,0.0,0.0,0.0,85.13888888888889,84.27777777777777,407.0208333333333,,0
2016-12-20 00:00:00+00:00,1631.5,0.0,482.5729166666667,42.447916666666664,29.833333333333332,40.916666666666664,41.041666666666664,40.666666666666664,24.243055555555557,39.361111111111114,40.083333333333336,23.09027777777778,14.5,0.0,3.957638888888889,20.7,0.4,2.928472222222222,0.6465277777777778,7.777777777777778,234.4611111111111,13.034722222222221,-572.3888888888889,11601.5625,1588202.0,-230.56944444444446,-633788,60.423611111111114,63.638888888888886,58.86805555555556,31.006944444444443,32.208333333333336,22.46527777777778,32.701388888888886,18.604166666666668,15.48611111111111,-3.1,89.7,16.799305555555556,0.825,46.833333333333336,30.770833333333332,30.618055555555557,30.5625,28.208333333333332,66.1875,0.9006944444444444,49.99930555555555,400.40833333333336,399.50208333333336,397.66597222222225,69.26458333333333,74.71527777777777,69.99444444444445,1008.9,-48.7,26.97222222222222,0.43194444444444446,2.959722222222222,27.44236111111111,-26.458333333333332,999.9,-804.0,15.697916666666666,71.78611111111111,1025.8,0.0,27.649305555555557,-205.58749999999998,0.0,-1000.0,44.138194444444444,205.58749999999998,1000.0,0.0,44.138194444444444,27.71527777777778,291.70625,T01,0.9,8.9,3.9326388888888886,0.16965277777777776,0.8,9.0,3.8756944444444446,0.17020833333333335,10.0,15.0,12.333333333333334,1009.0,1017.0,1013.0277777777778,56.0,77.0,67.74305555555556,0.0,0.0,0.0,0.0,75.38194444444444,74.19444444444444,412.94444444444446,,0
2016-12-21 00:00:00+00:00,1687.5,0.0,616.0756944444444,54.976388888888884,29.84722222222222,42.8125,42.38194444444444,41.763888888888886,24.729166666666668,40.43055555555556,41.111111111111114,23.90972222222222,15.0,0.0,5.301388888888889,38.7,0.4,3.6770833333333335,0.8020833333333334,17.51388888888889,108.49375,13.722222222222221,-445.3958333333333,41480.506944444445,5909058.0,-152.20833333333334,-1060995,62.875,66.11805555555556,61.47222222222222,32.986111111111114,33.68055555555556,22.97222222222222,34.40972222222222,19.930555555555557,15.541666666666666,-3.1,89.7,14.104166666666666,1.0326388888888889,50.21527777777778,32.97222222222222,32.854166666666664,32.72222222222222,30.13888888888889,246.20486111111111,0.9368055555555556,49.99861111111111,400.05625,399.03541666666666,397.62430555555557,213.29375,224.56458333333333,218.50555555555556,1846.8,-50.0,28.694444444444443,0.49513888888888885,3.724305555555555,58.85138888888889,-44.204166666666666,1000.0,-897.8,15.966666666666669,250.4263888888889,1879.5,0.0,58.487500000000004,-333.2444444444444,0.0,-1000.0,29.633333333333333,332.01666666666665,1000.0,0.0,32.93333333333333,28.32638888888889,65.9986111111111,T01,0.3,11.8,3.779166666666667,0.3736111111111111,0.0,11.6,3.7215277777777778,0.35986111111111113,11.0,16.0,12.92361111111111,1016.0,1021.0,1018.4305555555555,45.0,72.0,57.31944444444444,0.0,0.0,0.0,0.0,72.29166666666667,71.19444444444444,418.375,,0
2016-12-22 00:00:00+00:00,1673.2,100.2,1084.3104166666667,71.85208333333334,34.96527777777778,51.875,52.354166666666664,51.94444444444444,25.833333333333332,43.90972222222222,47.53472222222222,24.45138888888889,14.8,0.0,9.609027777777778,21.5,0.4,4.402083333333334,0.9138888888888889,-2.348611111111111,95.59375,14.88888888888889,-241.46527777777777,25886.07638888889,3692824.0,-142.54861111111111,-1779818,63.34027777777778,66.92361111111111,62.77777777777778,36.0625,34.979166666666664,24.6875,37.270833333333336,21.95138888888889,17.23611111111111,-3.1,60.8,4.277083333333334,1.5104166666666667,75.34722222222223,35.59722222222222,35.270833333333336,35.11805555555556,34.59027777777778,153.86597222222224,0.7930555555555556,49.99791666666667,399.6965277777778,398.2784722222222,397.05277777777775,145.51736111111111,164.74513888888887,147.15833333333333,1107.3,-49.7,32.84027777777778,0.6416666666666667,4.526388888888889,50.93263888888889,-74.19583333333334,967.8,-650.1,16.336805555555557,159.72916666666666,1126.3,0.0,52.69236111111111,-522.6340277777778,0.0,-1000.0,100.5013888888889,522.6340277777778,1000.0,0.0,100.5013888888889,30.61111111111111,97.94583333333334,T01,1.9,11.0,4.966666666666667,0.6299305555555555,2.5,9.8,5.588888888888889,0.26333333333333336,12.0,18.0,14.25,1021.0,1026.0,1023.3402777777778,46.0,77.0,62.1875,0.0,0.0,0.0,0.0,96.14583333333333,108.61111111111111,423.2916666666667,,0
2016-12-23 00:00:00+00:00,1701.8,0.0,1350.420138888889,74.39861111111111,39.0,61.18055555555556,60.979166666666664,60.326388888888886,26.15972222222222,49.298611111111114,53.46527777777778,25.083333333333332,15.1,0.0,11.95486111111111,35.7,0.5,6.041666666666667,1.1583333333333334,-0.66875,102.31319444444445,16.13888888888889,-93.97222222222223,71144.28472222222,10231247.0,-56.888888888888886,-3113748,67.02777777777777,71.59027777777777,68.13194444444444,39.3125,37.729166666666664,25.65972222222222,40.798611111111114,24.875,17.84722222222222,-3.2,89.7,0.5222222222222221,1.5854166666666667,91.22222222222223,39.03472222222222,38.78472222222222,38.479166666666664,38.0,426.27777777777777,0.890277777777778,50.0,399.0680555555556,397.5104166666667,397.03055555555557,368.6923611111111,395.37638888888887,370.81597222222223,1988.6,-45.8,37.30555555555556,0.6576388888888889,6.159027777777777,116.37013888888889,-129.7486111111111,578.9,-348.3,9.007638888888888,446.1722222222222,2000.0,0.0,117.38472222222224,-860.4097222222222,0.0,-1000.0,78.88611111111112,858.286111111111,1000.0,0.0,82.7826388888889,34.583333333333336,102.98263888888889,T01,1.8,15.0,6.935416666666667,1.094861111111111,1.8,13.4,7.231249999999999,0.45819444444444446,13.0,18.0,15.3125,1025.0,1027.0,1025.7152777777778,44.0,73.0,53.24305555555556,0.0,0.0,0.0,0.0,135.59722222222223,141.5,425.69444444444446,,0
2016-12-24 00:00:00+00:00,1783.4,1226.7,1578.0576388888887,39.38263888888889,50.78472222222222,94.84027777777777,90.96527777777777,89.29166666666667,33.49305555555556,52.28472222222222,58.27777777777778,27.86111111111111,15.6,10.9,13.979861111111111,39.5,0.4,9.370833333333334,1.7118055555555556,-1.245138888888889,100.74375,16.02777777777778,0.0,216592.50694444444,31189321.0,0.0,-4401892,73.96527777777777,84.00694444444444,86.5625,41.013888888888886,40.06944444444444,25.57638888888889,42.083333333333336,30.368055555555557,17.40972222222222,-3.1,13.1,-0.05625000000000001,1.1333333333333333,102.0625,41.638888888888886,41.513888888888886,40.736111111111114,38.1875,1299.6458333333333,0.9833333333333333,50.00138888888889,399.65555555555557,397.7055555555555,399.7388888888889,1081.3902777777778,1113.1666666666667,1084.5166666666667,2106.2,73.4,41.38194444444444,0.3423611111111111,9.306249999999999,153.70138888888889,-183.41319444444446,-64.0,-223.4,3.7666666666666666,1297.3090277777778,2000.0,71.4,152.22361111111113,-865.4749999999999,-349.8,-1000.0,78.35208333333334,754.1166666666667,1000.0,349.8,92.30555555555556,49.854166666666664,102.00069444444445,T01,2.7,18.9,9.584027777777777,1.9913194444444444,3.7,16.7,9.906944444444443,0.7251388888888889,13.0,17.0,14.95138888888889,1024.0,1027.0,1025.4097222222222,65.0,81.0,74.375,0.0,0.0,0.0,0.0,188.68055555555554,195.11805555555554,425.3541666666667,,0
2016-12-25 00:00:00+00:00,1794.3,1218.0,1562.802777777778,43.393055555555556,51.645833333333336,93.69444444444444,90.27083333333333,89.11805555555556,36.11805555555556,51.59027777777778,57.77777777777778,29.270833333333332,15.8,10.8,13.84236111111111,39.2,0.5,8.73125,1.7631944444444445,1.2229166666666667,119.57222222222224,16.444444444444443,0.0,195423.55555555556,28140992.0,0.0,-4528753,65.56944444444444,80.65972222222223,89.02083333333333,40.604166666666664,40.86805555555556,26.45138888888889,42.513888888888886,31.07638888888889,18.20138888888889,-3.2,12.4,-0.8340277777777778,1.1458333333333333,101.28472222222223,41.138888888888886,41.06944444444444,40.27777777777778,38.173611111111114,1172.298611111111,0.9597222222222221,50.0,399.5361111111111,397.60625000000005,400.8069444444444,988.2902777777776,1010.345138888889,972.5069444444445,2109.0,-18.0,41.458333333333336,0.3784722222222222,8.740277777777777,208.78541666666666,-188.69930555555555,0.0,-222.3,4.525,1170.5402777777776,2000.0,0.0,207.48333333333332,-895.3458333333333,0.0,-1000.0,101.0611111111111,812.9701388888889,1000.0,0.0,132.2215277777778,49.361111111111114,118.35416666666667,T01,2.0,19.4,10.290277777777778,1.9581250000000001,1.7000000000000002,18.7,9.652777777777779,1.3760416666666666,14.0,18.0,15.381944444444445,1021.0,1025.0,1022.3125,62.0,83.0,72.79166666666667,0.0,0.0,0.0,0.0,202.83333333333334,190.10416666666666,422.2708333333333,,0
2016-12-26 00:00:00+00:00,1690.4,0.0,1306.7208333333333,57.17777777777778,37.03472222222222,58.138888888888886,58.40277777777778,57.88194444444444,26.3125,46.923611111111114,51.13194444444444,25.02777777777778,14.9,0.0,11.568750000000001,20.1,0.4,5.391666666666667,0.9666666666666668,1.1277777777777775,112.60277777777777,15.63888888888889,-82.78472222222223,49201.46527777778,7073088.0,-61.986111111111114,-2233596,61.708333333333336,67.61805555555556,65.65277777777777,39.298611111111114,37.22222222222222,26.1875,40.263888888888886,23.76388888888889,18.46527777777778,-3.1,89.7,-0.32777777777777783,1.276388888888889,89.78472222222223,38.895833333333336,38.53472222222222,38.388888888888886,38.0625,294.7006944444445,0.8618055555555556,49.99861111111111,399.5833333333333,397.7236111111111,397.0368055555556,253.95902777777778,284.84444444444443,258.0208333333333,1482.0,-50.1,36.3125,0.5048611111111111,5.435416666666667,65.88680555555555,-93.05069444444445,1000.2,-548.9,15.094444444444443,296.8409722222222,1488.9,0.0,65.91111111111111,-765.3097222222223,0.0,-1000.0,118.18263888888889,765.3041666666667,1000.0,0.0,118.24583333333334,34.388888888888886,111.45763888888888,T01,1.1,11.8,5.808333333333334,0.6131944444444444,1.1,10.3,5.717361111111111,0.3115972222222222,13.0,18.0,14.597222222222221,1020.0,1023.0,1021.1597222222222,57.0,86.0,74.84027777777777,0.0,0.0,0.0,0.0,113.00694444444444,111.22222222222223,421.13194444444446,,0
2016-12-27 00:00:00+00:00,1769.7,0.0,1451.1493055555557,58.88333333333334,45.94444444444444,81.45138888888889,79.17361111111111,77.91666666666667,30.604166666666668,50.59027777777778,55.763888888888886,27.40277777777778,15.6,0.0,12.849305555555555,27.2,0.5,7.976388888888888,1.511111111111111,-0.7423611111111111,105.64236111111111,15.416666666666666,-93.72916666666667,156723.34027777778,22554664.0,-73.67361111111111,-3681617,69.11805555555556,76.79861111111111,76.8125,40.22222222222222,38.8125,25.09027777777778,41.166666666666664,27.319444444444443,17.131944444444443,-3.0,86.1,0.9652777777777778,1.4930555555555556,95.86805555555556,40.395833333333336,40.25,39.604166666666664,37.93055555555556,939.811111111111,0.9409722222222222,49.99791666666667,399.4868055555555,397.69097222222223,398.8041666666667,787.9145833333333,815.6944444444445,789.5125,2106.8,-49.5,39.3125,0.5222222222222223,8.00138888888889,157.85208333333333,-153.41180555555556,1000.2,-368.1,8.177777777777777,961.5583333333333,2000.0,0.0,152.27083333333334,-837.0319444444444,0.0,-1000.0,86.70416666666667,769.8569444444444,1000.0,0.0,100.33402777777778,42.24305555555556,106.38055555555555,T01,1.9,17.7,8.324305555555556,1.6341666666666665,2.8,15.9,8.702777777777778,0.6386805555555556,12.0,17.0,14.375,1020.0,1022.0,1020.6805555555555,63.0,85.0,75.47916666666667,0.0,0.0,0.0,0.0,163.45138888888889,170.875,420.65972222222223,,0
2016-12-28 00:00:00+00:00,1809.2,118.1,1605.2826388888889,48.37291666666667,55.36805555555556,102.82638888888889,98.38888888888889,96.875,38.15972222222222,53.673611111111114,59.513888888888886,30.020833333333332,15.9,0.0,14.214583333333334,41.3,0.4,9.845833333333333,1.9569444444444446,0.2493055555555555,115.32499999999999,16.61111111111111,-57.326388888888886,236267.68055555556,34014291.0,-32.736111111111114,-4645957,67.72916666666667,82.33333333333333,91.27777777777777,41.138888888888886,41.75,26.319444444444443,43.270833333333336,32.49305555555556,18.145833333333332,-3.0,56.1,0.7097222222222221,1.6666666666666667,104.28472222222223,41.916666666666664,41.93055555555556,40.94444444444444,38.31944444444444,1417.1513888888887,0.9895833333333334,49.99930555555555,399.78472222222223,397.86319444444445,401.43680555555557,1183.7208333333333,1209.2569444444443,1175.0194444444444,2108.5,-50.1,43.15277777777778,0.4270833333333333,9.8125,196.75208333333333,-193.57708333333332,1000.0,-222.7,5.609027777777778,1415.5437499999998,2000.0,0.0,195.28750000000002,-832.8708333333333,0.0,-1000.0,91.09444444444445,727.0493055555556,1000.0,0.0,114.04027777777777,55.3125,115.07569444444445,T01,1.9,23.3,11.832638888888889,2.9991666666666665,2.0,20.5,11.031944444444443,1.8038888888888889,14.0,17.0,15.479166666666666,1020.0,1023.0,1021.2222222222222,60.0,78.0,70.46527777777777,0.0,0.0,0.0,0.0,233.66666666666666,217.625,421.1666666666667,,0
2016-12-29 00:00:00+00:00,1790.7,0.0,1566.5777777777778,54.451388888888886,53.770833333333336,98.28472222222223,94.43055555555556,93.02777777777777,38.479166666666664,52.56944444444444,58.65972222222222,29.708333333333332,15.7,0.0,13.874305555555557,37.8,0.4,9.447222222222223,1.8333333333333333,0.4354166666666667,121.20902777777776,16.65277777777778,-74.59027777777777,214352.5,30856019.0,-46.645833333333336,-4334988,67.42361111111111,82.65277777777777,91.9375,40.78472222222222,41.263888888888886,26.875,42.65277777777778,32.076388888888886,18.63888888888889,-3.1,89.7,1.4159722222222222,1.8680555555555556,102.14583333333333,41.423611111111114,41.416666666666664,40.458333333333336,38.138888888888886,1285.7375000000002,0.9763888888888889,50.0,399.6222222222222,397.78333333333336,400.91319444444446,1076.1687499999998,1100.0708333333334,1067.3006944444444,2106.9,-47.1,41.923611111111114,0.4819444444444445,9.386111111111111,214.4701388888889,-180.62152777777777,11.2,-224.1,6.267361111111111,1316.7590277777776,2000.0,0.0,207.35277777777776,-840.2055555555556,0.0,-1000.0,96.20763888888888,741.9666666666667,1000.0,0.0,120.11805555555556,58.270833333333336,120.7826388888889,T01,2.5,19.7,10.304861111111112,2.206875,2.5,18.6,9.95138888888889,1.7786111111111111,14.0,17.0,15.520833333333334,1020.0,1023.0,1021.4861111111111,61.0,80.0,72.00694444444444,0.0,0.0,0.0,0.0,203.05555555555554,196.05555555555554,421.4513888888889,,0
2016-12-30 00:00:00+00:00,1782.2,79.5,1505.61875,66.52430555555556,45.888888888888886,80.07638888888889,77.92361111111111,76.90277777777777,29.77777777777778,52.013888888888886,56.888888888888886,27.34722222222222,15.7,0.0,13.334027777777777,33.3,0.5,7.903472222222222,1.4944444444444445,-0.6868055555555554,110.35138888888889,15.875,-47.11805555555556,154475.59027777778,22237700.0,-29.319444444444443,-3884443,63.72222222222222,74.21527777777777,77.375,40.138888888888886,39.458333333333336,25.67361111111111,41.75694444444444,27.71527777777778,17.5,-3.2,64.2,-0.9743055555555556,1.0680555555555555,96.63888888888889,40.43055555555556,40.24305555555556,39.638888888888886,38.15972222222222,926.6305555555555,0.9520833333333333,49.99722222222223,399.96805555555557,398.09027777777777,400.18541666666664,781.1138888888888,804.4784722222222,771.53125,2104.1,-48.7,39.798611111111114,0.5840277777777778,7.897916666666666,182.45416666666668,-161.85277777777776,1000.1,-218.2,7.092361111111111,926.6875,2000.0,0.0,182.27222222222224,-912.8277777777779,0.0,-1000.0,68.72569444444444,864.0,1000.0,0.0,87.29305555555555,48.923611111111114,111.04444444444444,T01,2.2,16.0,9.086805555555555,1.6159722222222221,2.9,14.4,8.653472222222222,0.6990972222222223,13.0,17.0,14.868055555555555,1021.0,1024.0,1022.4930555555555,55.0,81.0,70.34027777777777,0.0,0.0,0.0,0.0,178.66666666666666,170.0,422.4236111111111,,0
2016-12-31 00:00:00+00:00,1788.3,1222.4,1517.7604166666667,44.95,45.041666666666664,80.09722222222223,77.76388888888889,76.78472222222223,28.65277777777778,52.55555555555556,57.46527777777778,27.20138888888889,15.6,10.8,13.438194444444443,29.9,0.4,7.946527777777778,1.4500000000000002,-0.7673611111111112,113.03611111111111,14.881944444444445,0.0,157793.23611111112,22722226.0,0.0,-4210860,62.05555555555556,73.29166666666667,77.19444444444444,40.229166666666664,39.673611111111114,24.916666666666668,42.111111111111114,26.979166666666668,16.756944444444443,-3.1,8.6,-1.4958333333333333,0.6083333333333334,98.18055555555556,40.46527777777778,40.31944444444444,39.673611111111114,38.1875,946.7381944444444,0.9666666666666666,50.0,399.4715277777778,397.6611111111111,399.7902777777778,800.2375,823.0180555555555,788.1159722222222,2104.4,84.6,40.34027777777778,0.3958333333333333,7.993055555555555,163.37430555555557,-175.44930555555555,-100.9,-221.4,3.6284722222222223,945.8388888888888,2000.0,82.9,163.11527777777778,-960.7312499999999,-406.2,-1000.0,48.86944444444444,909.370138888889,1000.0,406.1,69.69930555555555,46.895833333333336,113.82430555555555,T01,3.0,17.3,9.550694444444444,1.510625,4.8,15.5,9.089583333333334,0.8927083333333334,13.0,16.0,13.9375,1019.0,1022.0,1020.3472222222222,50.0,74.0,63.50694444444444,0.0,0.0,0.0,0.0,187.94444444444446,178.83333333333334,420.31944444444446,,0
2017-01-01 00:00:00+00:00,1682.2,0.0,1323.1201388888887,62.61319444444444,36.28472222222222,57.74305555555556,57.986111111111114,57.47222222222222,24.875,47.208333333333336,51.40972222222222,23.67361111111111,14.9,0.0,11.718055555555557,24.0,0.4,5.668749999999999,1.0076388888888888,-1.2215277777777778,125.82083333333334,14.23611111111111,-70.72222222222223,54296.868055555555,7808564.0,-55.5,-2542637,60.951388888888886,66.8125,64.86805555555556,37.013888888888886,35.86805555555556,25.180555555555557,38.75694444444444,22.631944444444443,17.40277777777778,-3.2,89.7,-0.5027777777777778,1.0763888888888888,88.43055555555556,36.72222222222222,36.423611111111114,36.138888888888886,35.513888888888886,325.33402777777775,0.8770833333333333,49.99930555555555,400.0180555555555,398.2416666666667,397.6645833333333,282.8881944444445,309.5493055555555,280.8673611111111,1373.9,-50.0,34.75694444444444,0.5527777777777778,5.642361111111111,80.31041666666667,-105.94097222222223,1000.0,-183.0,9.37638888888889,327.18402777777777,1394.0,0.0,80.38958333333333,-823.5520833333334,0.0,-1000.0,102.09513888888888,823.5520833333334,1000.0,0.0,102.09513888888888,41.9375,127.04513888888889,T01,1.4,12.1,5.778472222222223,1.0929861111111112,1.4,12.6,5.715972222222223,1.0554861111111111,11.0,16.0,13.256944444444445,1013.0,1020.0,1016.3958333333334,52.0,76.0,64.92361111111111,0.0,0.0,0.0,0.0,112.36111111111111,111.19444444444444,416.31944444444446,,0
2017-01-02 00:00:00+00:00,1755.9,0.0,1525.392361111111,48.60277777777778,46.013888888888886,83.96527777777777,81.3125,80.24305555555556,28.78472222222222,51.861111111111114,57.03472222222222,26.180555555555557,15.5,0.0,13.504861111111111,33.2,0.4,8.149305555555555,1.5145833333333334,-1.6881944444444443,131.95972222222224,14.152777777777779,-69.38194444444444,170516.63888888888,24544405.0,-41.78472222222222,-4021654,70.42361111111111,78.71527777777777,79.46527777777777,38.00694444444444,37.833333333333336,24.36111111111111,39.986111111111114,26.70138888888889,16.22222222222222,-3.2,89.7,-0.80625,1.2104166666666667,95.58333333333333,38.520833333333336,38.388888888888886,37.65277777777778,35.548611111111114,1022.6097222222221,0.9562499999999999,50.00069444444445,399.0090277777778,397.4319444444444,400.0340277777778,864.4840277777778,882.5694444444445,852.098611111111,2105.6,-50.0,38.22222222222222,0.42430555555555555,8.136111111111111,174.0423611111111,-167.56458333333333,892.1,-221.3,7.73888888888889,1022.3548611111112,2000.0,0.0,173.35277777777776,-900.5548611111111,0.0,-1000.0,79.37708333333333,836.9583333333334,1000.0,0.0,107.54374999999999,53.736111111111114,133.65069444444444,T01,1.1,15.2,6.814583333333333,2.577916666666667,1.2,15.6,6.828472222222222,2.542986111111111,11.0,16.0,13.229166666666666,1010.0,1014.0,1011.6319444444445,57.0,78.0,69.55555555555556,0.0,0.0,0.0,0.0,133.17361111111111,133.46527777777777,411.6041666666667,,0
2017-01-03 00:00:00+00:00,1617.9,0.0,596.5416666666666,49.99513888888889,30.97222222222222,42.833333333333336,43.02777777777778,42.75,27.291666666666668,40.138888888888886,41.513888888888886,25.583333333333332,14.3,0.0,5.210416666666666,17.1,0.4,3.2243055555555555,0.6597222222222222,-7.727777777777778,126.62916666666666,15.840277777777779,-509.875,10774.055555555555,1478040.0,-241.95833333333334,-921525,59.076388888888886,64.34027777777777,61.958333333333336,32.861111111111114,33.701388888888886,24.555555555555557,35.923611111111114,21.368055555555557,17.32638888888889,-2.5,86.1,14.361805555555556,1.4868055555555555,57.736111111111114,32.083333333333336,31.57638888888889,31.63888888888889,31.625,61.5611111111111,0.8388888888888889,49.99722222222223,400.07500000000005,399.08402777777775,397.27152777777775,76.09027777777777,81.89722222222223,71.80763888888889,794.4,-49.7,30.708333333333332,0.4479166666666667,3.2583333333333333,23.165277777777778,-38.330555555555556,957.9,-678.2,25.875694444444445,72.78541666666666,809.4,0.0,23.52638888888889,-254.07222222222222,0.0,-1000.0,64.85277777777777,254.07222222222222,1000.0,0.0,64.85277777777777,31.319444444444443,134.37222222222223,T01,1.1,9.8,5.048387096774194,0.9732258064516129,1.1,10.2,4.962903225806452,0.9446774193548387,11.0,15.0,12.612903225806452,1014.0,1017.0,1014.8870967741935,59.0,77.0,71.19354838709677,0.0,0.0,0.0,0.0,97.7258064516129,95.98387096774194,414.85483870967744,,0
2017-05-06 00:00:00+00:00,1562.6,0.0,570.6527777777778,61.27916666666667,35.770833333333336,41.38194444444444,41.59722222222222,41.24305555555556,30.805555555555557,40.138888888888886,41.458333333333336,27.26388888888889,13.8,0.0,4.86875,18.1,0.4,3.0784722222222225,0.6708333333333334,-10.344444444444443,209.71805555555557,19.21527777777778,-583.6666666666666,7631.756944444444,1014927.0,-320.1875,-681667,65.84027777777777,69.25694444444444,63.90277777777778,34.22222222222222,35.22222222222222,30.479166666666668,37.15277777777778,24.15972222222222,23.71527777777778,-2.4,89.7,14.563194444444443,1.8680555555555556,51.96527777777778,33.49305555555556,33.166666666666664,33.1875,33.076388888888886,42.295138888888886,0.8506944444444444,50.0,400.15416666666664,399.1298611111111,397.3354166666667,52.81736111111111,60.482638888888886,53.56527777777778,643.4,-50.7,30.90277777777778,0.5666666666666668,3.091666666666667,24.760416666666668,-28.45902777777778,1000.3,-1000.1,23.927083333333332,50.96527777777778,666.8,0.0,25.575694444444444,-207.76041666666666,0.0,-1000.0,87.46805555555555,207.76041666666666,1000.0,0.0,87.46805555555555,30.22222222222222,227.56319444444443,T01,0.2,7.8,4.224675324675325,0.36597402597402595,0.0,7.7,4.21038961038961,0.3793506493506494,16.0,22.0,19.68831168831169,1010.0,1012.0,1010.4935064935065,50.0,69.0,58.27272727272727,0.0,0.0,0.0,0.0,81.24675324675324,80.84415584415585,410.45454545454544,,0
2017-05-07 00:00:00+00:00,1753.5,0.0,1251.795138888889,71.95347222222222,52.24305555555556,68.55555555555556,67.73611111111111,67.13194444444444,32.74305555555556,49.013888888888886,53.46527777777778,30.916666666666668,15.5,0.0,11.049305555555556,30.9,0.4,6.047222222222222,1.120138888888889,2.031944444444444,115.47847222222224,21.506944444444443,-198.09027777777777,84219.90277777778,12099141.0,-153.72222222222223,-2963461,69.08333333333333,74.95138888888889,73.54861111111111,39.13194444444444,39.979166666666664,30.77777777777778,41.770833333333336,31.61111111111111,23.604166666666668,-3.1,89.7,2.4895833333333335,1.2458333333333333,84.80555555555556,38.916666666666664,38.645833333333336,38.326388888888886,37.84722222222222,504.0805555555556,0.8736111111111111,50.0,399.4375,397.8833333333333,399.09444444444443,440.95208333333335,453.9284722222222,427.41319444444446,2101.8,-49.8,38.013888888888886,0.6458333333333334,5.9944444444444445,122.06458333333333,-123.48750000000001,828.4,-358.7,9.29513888888889,506.4013888888889,2000.0,0.0,122.37430555555557,-732.6833333333333,0.0,-1000.0,69.10763888888889,713.55,1000.0,0.0,79.67569444444445,42.43055555555556,140.89305555555555,T01,0.7000000000000001,14.3,6.472916666666666,1.3313194444444445,0.5,14.0,6.647916666666666,1.1638888888888888,17.0,25.0,20.569444444444443,1008.0,1010.0,1008.875,28.0,69.0,47.22222222222222,0.0,0.0,0.0,0.0,126.38888888888889,129.79166666666666,408.8263888888889,,0
2017-05-08 00:00:00+00:00,1746.3,0.0,1424.4534722222222,67.42013888888889,50.736111111111114,71.63888888888889,70.80555555555556,70.25,33.47222222222222,52.111111111111114,56.6875,32.09722222222222,15.4,0.0,12.619444444444445,34.9,0.8,6.71875,1.1527777777777777,-0.6090277777777777,120.9888888888889,22.79861111111111,-81.875,91211.13194444444,13122612.0,-48.18055555555556,-3361933,56.666666666666664,66.34027777777777,71.90972222222223,39.5625,41.888888888888886,31.875,43.49305555555556,33.84027777777778,24.618055555555557,-3.1,89.7,-1.0368055555555555,0.7354166666666667,93.3125,39.451388888888886,39.166666666666664,38.81944444444444,38.423611111111114,546.7736111111111,0.9138888888888889,50.0,399.11805555555554,397.61875,398.96944444444443,477.70624999999995,493.04375000000005,461.86319444444445,2104.0,-47.5,39.97222222222222,0.5958333333333334,6.573611111111111,129.12916666666666,-140.0826388888889,999.7,-742.3,11.904861111111112,547.95625,2000.0,0.0,129.47847222222222,-901.0006944444444,0.0,-1000.0,59.06597222222222,891.0034722222222,1000.0,0.0,65.12083333333334,45.611111111111114,121.59930555555555,T01,1.5,14.2,7.022222222222222,1.3205555555555555,1.2,14.1,6.778472222222223,1.0943055555555556,18.0,27.0,21.90972222222222,1005.0,1009.0,1007.1319444444445,16.0,43.0,30.02777777777778,0.0,0.0,0.0,0.0,137.38194444444446,132.47222222222223,407.06944444444446,,0
2017-05-09 00:00:00+00:00,1692.4,0.0,1101.8739130434783,93.90782608695652,41.469565217391306,57.26086956521739,57.25217391304348,56.87826086956522,31.643478260869564,46.97391304347826,50.07826086956522,28.617391304347827,15.0,0.0,9.703478260869566,21.4,0.4,5.011304347826086,0.871304347826087,1.2834782608695652,213.09217391304347,20.17391304347826,-482.7217391304348,41586.09565217391,4726884.0,-388.2173913043478,-1504113,57.95652173913044,63.869565217391305,63.721739130434784,38.2,38.721739130434784,30.139130434782608,41.28695652173913,28.05217391304348,22.956521739130434,-3.2,90.0,5.90695652173913,2.0008695652173913,80.45217391304348,37.84347826086957,37.469565217391306,37.29565217391304,37.43478260869565,246.6339130434783,0.8,49.99826086956522,399.435652173913,398.1695652173913,397.7939130434783,227.06608695652173,241.25826086956522,224.01130434782607,1557.6,-49.8,36.82608695652174,0.8573913043478261,4.9165217391304346,74.38869565217392,-78.53217391304348,1000.1,-838.8,21.56173913043478,257.0365217391304,1605.5,0.0,76.48347826086957,-534.2026086956522,0.0,-1000.0,68.71565217391304,534.18,1000.0,0.0,68.91826086956522,37.165217391304346,211.8,T01,0.3,10.7,4.782608695652174,0.5171014492753623,0.0,10.8,4.703623188405797,0.514927536231884,17.0,21.0,18.804347826086957,1002.0,1005.0,1003.5217391304348,21.0,89.0,64.7536231884058,0.0,0.0,0.0,0.0,92.39855072463769,90.78260869565217,403.5,,0
2017-05-10 00:00:00+00:00,1792.5,0.0,1051.5416666666667,64.98680555555556,43.61805555555556,65.89583333333333,64.81944444444444,63.951388888888886,31.63888888888889,48.21527777777778,51.423611111111114,29.07638888888889,15.7,0.0,9.259027777777778,43.0,0.4,6.586805555555555,1.5923611111111111,-0.9069444444444442,226.69652777777776,19.145833333333332,-222.11805555555554,88948.70138888889,12776626.0,-54.798611111111114,-2672638,72.02777777777777,76.05555555555556,72.39583333333333,38.479166666666664,38.125,27.65277777777778,40.895833333333336,28.29861111111111,20.77777777777778,-3.1,89.7,17.80902777777778,1.35,75.05555555555556,38.1875,37.90277777777778,37.53472222222222,37.076388888888886,532.3631944444445,0.9055555555555556,50.00069444444445,399.65208333333334,398.1048611111111,398.6402777777778,455.91249999999997,474.2229166666667,455.67083333333335,2107.1,-50.3,36.708333333333336,0.5791666666666667,6.628472222222222,159.06666666666666,-111.37569444444445,1000.0,-257.2,12.15486111111111,669.2006944444444,2000.0,0.0,236.90694444444443,-604.3611111111111,0.0,-1000.0,95.58541666666666,581.776388888889,1000.0,0.0,115.62708333333333,39.38194444444444,230.1194444444444,T01,1.0,18.2,8.199305555555556,1.3879166666666667,0.8,18.4,8.277083333333334,1.4697222222222224,16.0,20.0,17.97222222222222,997.0,1004.0,999.2222222222222,78.0,94.0,88.92361111111111,0.0,4.0,0.0763888888888889,0.0,160.97916666666666,162.52777777777777,399.18055555555554,,0
2017-05-11 00:00:00+00:00,1802.7,1208.2,1553.0631944444444,66.41944444444444,50.201388888888886,82.54166666666667,80.60416666666667,79.41666666666667,32.56944444444444,53.298611111111114,58.75,30.625,15.8,10.7,13.754861111111111,40.5,0.4,8.084027777777777,1.6013888888888888,0.11111111111111097,245.67152777777775,19.11111111111111,0.0,154567.1875,22257675.0,0.0,-3997566,63.15972222222222,73.97916666666667,81.26388888888889,39.916666666666664,41.423611111111114,28.708333333333332,43.31944444444444,33.076388888888886,20.76388888888889,-4.2,16.6,-1.6666666666666667,0.6152777777777778,96.50694444444444,40.354166666666664,40.21527777777778,39.65277777777778,38.201388888888886,927.3402777777778,0.9847222222222223,49.99930555555555,398.81180555555557,397.19930555555555,398.8805555555556,774.3708333333333,804.4777777777778,779.20625,2111.5,-31.2,40.96527777777778,0.5895833333333333,8.011805555555556,219.48611111111111,-166.56180555555557,1.1,-220.7,5.388888888888889,926.7979166666667,2000.0,0.0,219.30069444444445,-969.1618055555555,0.0,-1000.0,50.43680555555555,937.6333333333334,1000.0,0.0,77.87013888888889,47.076388888888886,245.57430555555553,T01,2.7,18.4,8.518055555555556,1.5072222222222222,2.9,18.4,8.599305555555555,1.5356944444444443,15.0,20.0,17.88888888888889,997.0,1001.0,998.625,65.0,96.0,82.4375,0.0,18.0,0.2916666666666667,0.0,167.29861111111111,168.95138888888889,398.52777777777777,,0
2017-05-12 00:00:00+00:00,1768.8,66.2,1507.086111111111,67.72430555555555,47.958333333333336,79.54861111111111,77.74305555555556,76.78472222222223,31.67361111111111,52.958333333333336,57.958333333333336,30.430555555555557,15.6,0.0,13.343055555555557,40.2,0.5,7.729166666666667,1.4881944444444446,-1.2027777777777777,244.5361111111111,19.32638888888889,-40.21527777777778,139554.3125,20090030.0,-23.71527777777778,-3570306,57.895833333333336,68.36111111111111,76.07638888888889,39.888888888888886,41.361111111111114,29.145833333333332,43.28472222222222,32.4375,21.22222222222222,-3.2,84.1,-1.3048611111111112,0.7250000000000001,96.42361111111111,40.173611111111114,40.020833333333336,39.479166666666664,38.31944444444444,837.08125,0.9562499999999999,50.00069444444445,399.1333333333333,397.3381944444444,398.84375,701.60625,731.1618055555556,701.7493055555556,2106.9,-50.0,40.88194444444444,0.5951388888888889,7.578472222222222,219.05833333333334,-148.75833333333333,193.7,-454.3,7.495833333333334,836.8708333333333,2000.0,0.0,218.44166666666666,-914.9409722222222,0.0,-1000.0,64.72777777777777,878.5583333333333,1000.0,0.0,94.03958333333334,50.375,245.75208333333336,T01,2.9,15.6,7.964583333333334,1.197152777777778,2.6,16.2,8.072222222222223,1.21875,16.0,20.0,18.069444444444443,1000.0,1009.0,1004.0555555555555,68.0,95.0,83.47222222222223,0.0,19.0,0.18055555555555555,0.0,156.27777777777777,158.22916666666666,403.9583333333333,,0
2017-05-13 00:00:00+00:00,1648.4,0.0,711.286111111111,42.518055555555556,34.854166666666664,46.69444444444444,46.958333333333336,46.63194444444444,30.76388888888889,42.71527777777778,44.3125,27.38888888888889,14.6,0.0,6.18125,30.1,0.4,3.595138888888889,0.7513888888888889,-0.2805555555555553,254.2138888888889,19.520833333333332,-541.6111111111111,17675.694444444445,2467307.0,-311.93055555555554,-1045603,61.541666666666664,66.74305555555556,64.79166666666667,35.31944444444444,35.916666666666664,29.756944444444443,38.375,25.07638888888889,22.47222222222222,-2.9,89.7,12.108333333333333,1.0520833333333333,62.52777777777778,34.5,34.236111111111114,34.166666666666664,34.22222222222222,102.80833333333334,0.8812500000000001,50.0,400.2763888888889,398.70624999999995,397.26180555555555,97.18055555555556,110.57083333333334,98.85277777777777,994.1,-50.1,32.74305555555556,0.4430555555555556,3.595138888888889,42.572916666666664,-43.56666666666667,1000.1,-564.4,11.750694444444443,107.89375000000001,1012.4,0.0,42.78472222222222,-376.0395833333333,0.0,-1000.0,91.61736111111111,376.0395833333333,1000.0,0.0,91.61736111111111,33.84027777777778,259.5,T01,0.0,8.9,4.133333333333334,0.2847222222222222,0.0,9.0,4.167361111111111,0.29833333333333334,16.0,22.0,18.375,1009.0,1015.0,1011.1944444444445,56.0,95.0,79.20833333333333,0.0,0.0,0.0,0.0,79.42361111111111,79.98611111111111,411.15972222222223,,0
2017-05-14 00:00:00+00:00,1687.7,0.0,473.1701388888889,67.06458333333333,32.986111111111114,40.90972222222222,40.88194444444444,40.541666666666664,32.25,40.423611111111114,40.826388888888886,28.8125,15.0,0.0,3.970138888888889,38.9,0.4,3.058333333333333,0.7319444444444445,0.009027777777777931,244.17777777777778,20.96527777777778,-615.4444444444445,16319.756944444445,2261422.0,-267.56944444444446,-732112,66.90972222222223,70.1875,65.38194444444444,33.833333333333336,35.798611111111114,30.6875,37.65972222222222,25.4375,23.875,-3.4,89.7,17.20138888888889,1.8187499999999999,49.208333333333336,33.145833333333336,32.81944444444444,32.854166666666664,32.958333333333336,94.22986111111112,0.9194444444444445,50.0,400.82500000000005,399.3826388888889,397.84027777777777,88.20277777777778,96.55277777777778,89.5,1127.0,-52.1,31.57638888888889,0.6006944444444444,2.9541666666666666,38.03125,-30.493055555555557,1000.5,-731.4,10.70625,103.94652777777777,2000.0,0.0,41.356944444444444,-239.42499999999998,0.0,-1000.0,42.260416666666664,239.42499999999998,1000.0,0.0,42.260416666666664,33.645833333333336,301.66041666666666,T01,0.0,10.0,3.2256944444444446,0.32756944444444447,0.0,9.7,3.1805555555555554,0.3334722222222222,15.0,25.0,19.631944444444443,1014.0,1017.0,1015.4027777777778,42.0,91.0,72.30555555555556,0.0,1.0,0.006944444444444444,0.0,61.3125,60.263888888888886,415.38194444444446,,0
2017-05-15 00:00:00+00:00,1806.7,37.4,1466.101388888889,65.09583333333333,61.076388888888886,94.15277777777777,90.67361111111111,89.51388888888889,39.201388888888886,51.826388888888886,57.84027777777778,33.38194444444444,15.9,0.0,12.977777777777778,39.1,0.6000000000000001,9.052777777777777,1.7090277777777778,0.41250000000000003,110.52222222222223,22.618055555555557,-115.08333333333333,184123.45833333334,26497206.0,-77.17361111111111,-3750680,79.94444444444444,87.97916666666667,90.54861111111111,41.791666666666664,43.6875,31.631944444444443,45.55555555555556,37.25694444444444,24.416666666666668,-3.1,63.2,2.7916666666666665,1.8631944444444446,96.77777777777777,42.18055555555556,42.111111111111114,41.291666666666664,39.770833333333336,1104.0951388888889,0.9416666666666667,50.0,398.94722222222225,397.5881944444444,400.2583333333333,932.7701388888888,944.4527777777779,920.2222222222222,2108.3,-49.3,44.013888888888886,0.5715277777777777,8.8,147.38541666666666,-156.29305555555555,999.8,-409.8,12.113888888888889,1104.6194444444445,2000.0,0.0,146.76388888888889,-745.8979166666667,0.0,-1000.0,67.09722222222223,670.0111111111112,1000.0,0.0,77.77430555555556,59.77777777777778,105.10555555555555,T01,1.9,23.8,10.059722222222222,2.6172222222222223,2.2,20.9,9.868055555555555,1.1859722222222222,18.0,26.0,21.79861111111111,1014.0,1016.0,1015.0486111111111,30.0,70.0,47.25,0.0,0.0,0.0,0.0,198.29166666666666,194.30555555555554,414.99305555555554,,0
2017-05-16 00:00:00+00:00,1847.5,1232.0,1636.4729166666666,38.579861111111114,71.27083333333333,118.59722222222223,112.77777777777777,111.29861111111111,45.111111111111114,53.74305555555556,61.59722222222222,35.52777777777778,16.1,10.9,14.499305555555557,43.4,0.6000000000000001,11.7375,2.2243055555555555,0.5375000000000001,113.08819444444445,23.1875,0.0,268846.61805555556,38713913.0,0.0,-4530394,78.34027777777777,92.13888888888889,104.63194444444444,44.229166666666664,46.46527777777778,32.0,47.979166666666664,42.236111111111114,24.47222222222222,-2.9,18.2,3.6243055555555554,1.9833333333333334,110.98611111111111,45.09027777777778,45.291666666666664,44.013888888888886,41.43055555555556,1613.0166666666667,0.9937499999999999,50.0,399.21458333333334,397.8979166666667,402.1097222222222,1351.1256944444444,1361.0208333333333,1330.7958333333333,2109.2,168.4,48.4375,0.3284722222222223,11.350000000000001,136.3423611111111,-188.76875,-55.7,-226.6,3.908333333333333,1610.9777777777776,2000.0,161.9,135.25555555555556,-754.0916666666667,-583.3,-1000.0,62.80486111111111,620.3930555555556,1000.0,406.1,69.98541666666667,67.80555555555556,112.54513888888889,T01,2.6,24.4,12.740972222222222,3.314513888888889,3.5,21.6,12.023611111111112,1.625486111111111,20.0,25.0,22.04861111111111,1011.0,1015.0,1012.9236111111111,35.0,52.0,43.40277777777778,0.0,0.0,0.0,0.0,251.88888888888889,237.54166666666666,412.8611111111111,,0
2017-05-17 00:00:00+00:00,1825.2,1225.4,1610.4666666666667,35.64375,67.08333333333333,113.43055555555556,108.75,107.27083333333333,46.083333333333336,52.541666666666664,60.38194444444444,35.71527777777778,16.0,10.9,14.25902777777778,31.2,0.7000000000000001,10.230555555555556,1.896527777777778,-2.2958333333333334,108.57777777777778,22.92361111111111,0.0,237219.83333333334,34159656.0,0.0,-4315071,78.0,93.08333333333333,105.94444444444444,43.77777777777778,46.02777777777778,32.076388888888886,46.666666666666664,40.50694444444444,24.38888888888889,-3.1,13.6,0.7430555555555556,1.4916666666666667,108.23611111111111,44.423611111111114,44.479166666666664,43.50694444444444,41.19444444444444,1423.2916666666667,0.9798611111111111,50.00208333333333,399.3375,398.01250000000005,401.42291666666665,1190.0465277777778,1206.2861111111113,1178.3791666666666,2109.7,-4.5,46.229166666666664,0.30694444444444446,9.835416666666667,183.0513888888889,-179.7888888888889,0.7000000000000001,-220.5,4.532638888888889,1420.4423611111113,2000.0,0.0,181.41805555555555,-822.4319444444444,0.0,-1000.0,95.90694444444445,700.8062500000001,1000.0,0.0,116.65069444444445,66.59027777777777,110.86388888888888,T01,3.0,18.8,10.931249999999999,2.4099305555555555,3.3,17.0,10.449305555555556,0.9644444444444444,20.0,25.0,21.805555555555557,1008.0,1013.0,1009.4444444444445,32.0,52.0,43.361111111111114,0.0,0.0,0.0,0.0,215.63194444444446,206.0,409.4236111111111,,0
2017-05-18 00:00:00+00:00,1704.0,0.0,1151.4375,75.46041666666666,43.576388888888886,62.27777777777778,61.97222222222222,61.40972222222222,32.75,48.701388888888886,52.05555555555556,29.875,15.1,0.0,10.128472222222221,41.1,0.4,5.525,1.1069444444444445,-2.3125,262.7395833333333,21.069444444444443,-417.19444444444446,63244.166666666664,9047086.0,-282.0208333333333,-2349932,65.13888888888889,72.27083333333333,72.56944444444444,38.09027777777778,39.40972222222222,31.07638888888889,41.38194444444444,29.6875,23.78472222222222,-3.2,84.5,4.029166666666667,1.1618055555555555,80.77777777777777,37.86805555555556,37.5,37.25,37.11805555555556,376.9513888888889,0.8777777777777778,50.00208333333333,399.59444444444443,398.1,397.72847222222225,327.27916666666664,347.0138888888889,326.62361111111113,2051.3,-49.8,37.333333333333336,0.6895833333333334,5.423611111111111,119.20069444444445,-97.9048611111111,899.2,-307.0,9.371527777777779,381.56041666666664,2000.0,0.0,119.83958333333334,-648.3930555555556,0.0,-1000.0,61.509027777777774,643.9513888888889,1000.0,0.0,70.43680555555555,49.125,265.06111111111113,T01,0.5,13.2,5.890972222222222,0.5649305555555555,0.3,13.8,5.870833333333334,0.5500694444444445,16.0,23.0,19.97222222222222,1007.0,1010.0,1008.5833333333334,33.0,72.0,51.138888888888886,0.0,0.0,0.0,0.0,114.48611111111111,114.20833333333333,408.56944444444446,,0
2017-05-19 00:00:00+00:00,1668.7,0.0,995.7298611111112,93.1,39.854166666666664,55.03472222222222,55.388888888888886,55.020833333333336,32.979166666666664,45.24305555555556,48.541666666666664,29.791666666666668,14.8,0.0,8.752083333333333,18.5,0.4,4.211805555555555,0.901388888888889,-2.3451388888888887,148.92013888888889,21.625,-416.71527777777777,20309.416666666668,2864550.0,-356.9583333333333,-1569970,69.99305555555556,73.96527777777777,69.40277777777777,37.75,38.75,30.97222222222222,40.8125,28.743055555555557,23.944444444444443,-3.2,89.7,5.895833333333333,2.2930555555555556,75.5,37.18055555555556,36.75,36.68055555555556,37.02777777777778,119.36041666666668,0.7298611111111112,50.00138888888889,399.29097222222225,398.03333333333336,397.1048611111111,138.37916666666666,150.98194444444445,137.32916666666668,1098.3,-51.7,36.166666666666664,0.8611111111111112,4.165972222222222,56.30555555555556,-65.43402777777777,1000.8,-1000.0,64.37986111111111,126.80902777777777,1113.2,0.0,58.107638888888886,-452.50972222222225,0.0,-1000.0,151.5861111111111,452.50972222222225,1000.0,0.0,151.5861111111111,40.5625,116.26736111111111,T01,0.4,10.7,4.586111111111111,0.6120138888888889,0.3,9.7,4.415972222222222,0.5373611111111111,15.0,26.0,20.51388888888889,1009.0,1011.0,1009.8680555555555,20.0,76.0,47.291666666666664,0.0,0.0,0.0,0.0,88.49305555555556,85.05555555555556,409.80555555555554,,0
2017-05-20 00:00:00+00:00,1836.6,1367.4,1671.3993055555557,27.013194444444444,69.125,127.79861111111111,120.89583333333333,119.02777777777777,47.576388888888886,53.833333333333336,61.986111111111114,35.40277777777778,16.1,12.1,14.811111111111112,44.4,0.4,13.702777777777778,2.4805555555555556,0.9979166666666666,108.09166666666667,21.166666666666668,0.0,307068.7986111111,44217907.0,0.0,-4852394,85.3125,99.375,109.52777777777777,45.59722222222222,46.46527777777778,31.0625,47.75,40.59027777777778,22.9375,-2.9,23.3,6.553472222222222,2.3097222222222222,114.53472222222223,46.611111111111114,46.74305555555556,45.4375,42.111111111111114,1842.3520833333334,1.0,50.0,399.4868055555555,398.02777777777777,402.7423611111111,1537.454861111111,1550.2152777777778,1520.0930555555556,2106.9,345.3,49.208333333333336,0.22916666666666666,13.164583333333333,97.36527777777778,-202.1888888888889,-107.8,-224.9,2.8722222222222222,1840.1027777777776,2000.0,339.1,95.25902777777777,-697.213888888889,-583.3,-1000.0,69.73541666666667,528.2743055555555,1000.0,406.1,73.17361111111111,70.71527777777777,107.09583333333333,T01,3.8,25.7,13.678472222222222,4.771597222222223,5.1,23.6,13.420833333333333,1.957986111111111,17.0,24.0,20.166666666666668,1007.0,1011.0,1008.9513888888889,46.0,81.0,64.1875,0.0,0.0,0.0,0.0,270.6458333333333,265.7083333333333,408.90277777777777,,0
2017-05-21 00:00:00+00:00,1855.2,0.0,1502.2798611111111,39.68819444444445,69.45138888888889,118.95138888888889,113.49305555555556,111.59722222222223,48.99305555555556,53.03472222222222,60.59722222222222,37.06944444444444,16.3,0.0,13.288194444444445,39.8,0.7000000000000001,14.582638888888889,2.670138888888889,-0.28125,125.85555555555555,22.819444444444443,-358.0625,264697.2291666667,38064841.0,-227.48611111111111,-4615071,81.11805555555556,98.5625,112.51388888888889,44.90972222222222,46.736111111111114,31.90277777777778,47.458333333333336,42.3125,24.416666666666668,-3.2,89.7,15.720138888888888,2.26875,107.84027777777777,45.56944444444444,45.666666666666664,44.520833333333336,41.94444444444444,1585.954861111111,0.9854166666666667,49.99861111111111,400.0402777777778,398.06944444444446,402.0861111111111,1324.7791666666667,1346.0368055555555,1316.31875,2106.7,-46.0,47.708333333333336,0.32152777777777775,14.073611111111111,90.6875,-192.29583333333332,13.2,-226.3,3.4361111111111113,1790.7291666666667,2000.0,166.4,80.97847222222222,-638.6125,0.0,-1000.0,39.34166666666667,507.9534722222222,1000.0,0.0,45.697916666666664,64.32638888888889,126.15972222222223,T01,3.8,30.8,14.996527777777779,4.325972222222223,3.7,29.0,14.663194444444445,3.8205555555555555,19.0,25.0,21.78472222222222,1004.0,1008.0,1006.0763888888889,31.0,68.0,48.25694444444444,0.0,0.0,0.0,0.0,297.1388888888889,290.3958333333333,406.02777777777777,,0
2017-05-22 00:00:00+00:00,1745.9,0.0,834.3854166666666,124.38888888888889,41.69444444444444,56.875,56.729166666666664,56.236111111111114,36.90972222222222,46.15277777777778,48.611111111111114,31.54861111111111,15.4,0.0,7.265277777777778,21.4,0.4,4.104166666666667,0.8923611111111112,4.001388888888889,178.98611111111111,22.42361111111111,-724.2291666666666,30687.083333333332,4314649.0,-538.1111111111111,-1370451,63.5,71.58333333333333,73.14583333333333,38.111111111111114,39.75694444444444,33.49305555555556,41.47222222222222,30.4375,26.21527777777778,-2.8,89.7,9.944444444444445,3.6395833333333334,69.61805555555556,37.388888888888886,36.99305555555556,36.916666666666664,37.416666666666664,179.74305555555554,0.78125,50.0,399.8659722222222,398.6673611111111,397.875,178.70972222222224,188.99374999999998,178.03541666666666,2104.8,-50.1,37.173611111111114,1.1354166666666667,4.061805555555555,54.486805555555556,-57.115972222222226,1000.5,-1000.5,48.97638888888889,191.45069444444445,2000.0,0.0,56.33958333333333,-341.15416666666664,0.0,-1000.0,119.0326388888889,331.39444444444445,1000.0,0.0,120.5111111111111,39.09027777777778,174.98194444444445,T01,0.3,16.5,3.800694444444444,0.7946527777777779,0.0,16.5,3.790972222222222,0.7553472222222222,18.0,25.0,20.979166666666668,1006.0,1009.0,1007.6527777777778,45.0,74.0,64.44444444444444,0.0,0.0,0.0,0.0,72.71527777777777,72.48611111111111,407.5486111111111,,0
2017-05-23 00:00:00+00:00,1828.9,1216.1,1571.06875,48.71041666666667,60.84722222222222,104.77083333333333,100.46527777777777,99.11805555555556,43.013888888888886,52.638888888888886,59.548611111111114,34.36805555555556,16.0,10.7,13.92013888888889,39.2,0.7000000000000001,11.5625,2.0256944444444445,-0.42916666666666675,108.32569444444444,22.270833333333332,0.0,217600.1875,31334427.0,0.0,-4387533,81.45138888888889,91.41666666666667,95.88194444444444,43.291666666666664,44.90972222222222,31.604166666666668,46.861111111111114,37.5,24.208333333333332,-3.1,22.4,4.638194444444444,1.5402777777777779,106.82638888888889,43.86805555555556,43.875,42.833333333333336,40.88194444444444,1305.6409722222222,0.9743055555555556,49.99930555555555,398.8826388888889,397.53055555555557,400.3284722222222,1096.5673611111113,1111.2659722222222,1084.1006944444443,2111.0,-7.4,46.06944444444444,0.42430555555555555,11.093055555555557,104.93541666666667,-182.81180555555557,0.2,-222.6,3.7527777777777778,1304.8256944444445,2000.0,0.0,103.56597222222223,-797.4444444444445,0.0,-1000.0,44.65208333333333,700.5152777777778,1000.0,0.0,52.14513888888889,56.65277777777778,108.7513888888889,T01,3.0,25.9,11.582638888888889,3.450625,3.7,23.8,11.870138888888889,1.534513888888889,19.0,24.0,21.17361111111111,1005.0,1008.0,1006.1111111111111,40.0,72.0,56.229166666666664,0.0,0.0,0.0,0.0,228.70833333333334,234.43055555555554,406.0763888888889,,0
2017-05-24 00:00:00+00:00,1849.2,1259.9,1655.6090277777778,35.19166666666667,67.77777777777777,121.36805555555556,115.49305555555556,113.78472222222223,47.861111111111114,53.604166666666664,61.708333333333336,35.798611111111114,16.1,11.2,14.668750000000001,41.2,0.7000000000000001,12.052083333333334,2.3743055555555554,0.9826388888888888,113.23888888888888,22.42361111111111,0.0,279625.4166666667,40266060.0,0.0,-4983647,79.9375,95.77777777777777,108.45833333333333,44.520833333333336,46.263888888888886,31.88888888888889,47.43055555555556,41.576388888888886,24.32638888888889,-3.1,19.7,3.811111111111111,2.1979166666666665,111.38888888888889,45.5,45.604166666666664,44.36805555555556,41.541666666666664,1677.7333333333333,1.0,50.0,399.44930555555555,397.9034722222222,402.5131944444445,1403.6256944444444,1418.0812500000002,1384.4743055555555,2110.8,274.3,47.90277777777778,0.2986111111111111,11.670833333333333,153.1548611111111,-207.6548611111111,-157.2,-223.4,3.232638888888889,1675.1020833333334,2000.0,268.4,151.81805555555556,-760.2013888888889,-583.3,-1000.0,76.58888888888889,620.4222222222222,1000.0,406.1,89.95763888888888,62.86805555555556,112.25972222222222,T01,4.3,24.7,12.60763888888889,3.8070833333333334,5.0,21.9,12.747916666666667,2.033263888888889,19.0,25.0,21.40972222222222,1004.0,1008.0,1006.1666666666666,43.0,73.0,55.40277777777778,0.0,0.0,0.0,0.0,249.25,252.06944444444446,406.11805555555554,,0
2017-05-25 00:00:00+00:00,1785.9,0.0,1293.329861111111,91.03680555555555,57.854166666666664,80.35416666666667,78.72916666666667,77.84027777777777,39.3125,51.52777777777778,56.201388888888886,33.88194444444444,15.8,0.0,11.393055555555556,27.4,0.4,6.895138888888889,1.3472222222222223,-2.6722222222222225,144.40972222222223,23.46527777777778,-500.1111111111111,118860.27777777778,17043865.0,-355.63194444444446,-3061626,65.14583333333333,77.47222222222223,85.5,40.18055555555556,42.99305555555556,32.74305555555556,43.791666666666664,36.40277777777778,25.645833333333332,-3.1,89.7,2.9937500000000004,1.8465277777777775,90.5625,40.138888888888886,39.88194444444444,39.43055555555556,38.791666666666664,710.1736111111111,0.9166666666666666,49.99930555555555,398.93611111111113,397.91875000000005,398.8826388888889,607.7180555555556,621.6180555555555,602.4451388888889,2106.4,-52.4,40.770833333333336,0.8277777777777778,6.695138888888889,172.57638888888889,-127.55347222222223,1000.0,-687.2,13.29861111111111,714.7604166666666,2000.0,0.0,172.74583333333334,-720.6354166666666,0.0,-1000.0,73.55000000000001,683.9270833333334,1000.0,0.0,96.5,53.423611111111114,147.08125,T01,0.8,17.1,7.028472222222223,1.7822222222222222,0.6000000000000001,16.5,6.850694444444445,1.5827777777777776,19.0,27.0,22.29861111111111,1003.0,1007.0,1005.4444444444445,31.0,73.0,53.84722222222222,0.0,0.0,0.0,0.0,137.42361111111111,133.77777777777777,405.375,,0
2017-05-26 00:00:00+00:00,1642.5,0.0,593.7284722222222,56.85208333333333,35.77777777777778,43.90277777777778,44.11805555555556,43.80555555555556,33.916666666666664,42.34722222222222,43.291666666666664,28.84722222222222,14.6,0.0,5.039583333333334,18.2,0.4,3.2944444444444443,0.6798611111111111,-6.695833333333334,209.25069444444443,21.194444444444443,-724.7430555555555,8194.930555555555,1075711.0,-421.2916666666667,-547039,63.208333333333336,68.14583333333333,65.54166666666667,35.06944444444444,36.28472222222222,31.4375,38.513888888888886,26.70138888888889,24.75,-2.5,89.7,14.82986111111111,1.4833333333333334,53.65277777777778,34.201388888888886,33.791666666666664,33.833333333333336,34.25,44.83541666666667,0.83125,50.00138888888889,399.6611111111111,398.9118055555556,397.00694444444446,59.485416666666666,65.76666666666667,62.38611111111111,715.0,-52.1,32.861111111111114,0.5486111111111112,3.261111111111111,34.50555555555556,-22.799305555555556,1000.2,-790.3,33.13611111111111,56.39930555555556,723.3,0.0,35.72430555555556,-201.66875,0.0,-1000.0,104.75486111111111,201.66875,1000.0,0.0,104.75486111111111,33.770833333333336,215.95486111111111,T01,0.0,8.9,3.495138888888889,0.256875,0.0,8.5,3.34375,0.29208333333333336,17.0,23.0,19.979166666666668,1005.0,1007.0,1006.0416666666666,65.0,96.0,81.89583333333333,0.0,0.0,0.0,0.0,66.63888888888889,63.638888888888886,405.9791666666667,,0
2017-05-27 00:00:00+00:00,1761.2,0.0,766.8187499999999,77.40555555555555,37.951388888888886,49.895833333333336,49.520833333333336,48.97222222222222,33.94444444444444,43.74305555555556,45.90972222222222,30.354166666666668,15.5,0.0,6.497916666666667,39.3,0.4,4.425000000000001,0.8493055555555555,-3.1958333333333337,148.71388888888887,22.52777777777778,-420.74305555555554,45137.881944444445,6439268.0,-136.06944444444446,-1380856,71.16666666666667,74.83333333333333,70.00694444444444,35.701388888888886,36.895833333333336,32.25,39.020833333333336,28.59027777777778,25.32638888888889,-3.1,62.5,11.672916666666667,1.1722222222222223,56.59027777777778,35.19444444444444,34.708333333333336,34.708333333333336,34.638888888888886,268.3375,0.9555555555555555,50.0,399.7444444444444,398.7868055555556,397.12430555555557,229.87152777777777,244.1173611111111,235.56041666666664,2100.5,-51.9,33.645833333333336,0.71875,4.297222222222222,81.94999999999999,-57.540277777777774,978.5,-901.4,14.36111111111111,273.62708333333336,2000.0,0.0,82.5875,-430.09722222222223,0.0,-1000.0,40.93958333333333,426.21180555555554,1000.0,0.0,46.77777777777778,39.826388888888886,149.39930555555554,T01,0.2,14.4,4.093055555555555,0.8891666666666667,0.0,14.0,3.9444444444444446,0.7945138888888889,17.0,27.0,21.305555555555557,1005.0,1008.0,1006.5347222222222,44.0,98.0,76.15972222222223,0.0,0.0,0.0,0.0,78.53472222222223,75.65277777777777,406.49305555555554,,0
2017-05-28 00:00:00+00:00,1675.0,0.0,1046.9972222222223,55.357638888888886,40.34027777777778,56.416666666666664,56.59027777777778,56.11805555555556,33.083333333333336,47.583333333333336,50.28472222222222,30.15972222222222,14.9,0.0,9.163194444444445,36.9,0.4,4.886805555555556,0.8173611111111111,1.2520833333333334,224.74374999999998,21.54861111111111,-365.78472222222223,38845.48611111111,5541076.0,-233.72222222222223,-1773071,71.55555555555556,76.34722222222223,71.63194444444444,37.50694444444444,39.59722222222222,31.77777777777778,41.923611111111114,28.96527777777778,24.59027777777778,-3.0,89.7,5.3493055555555555,0.9486111111111111,77.18055555555556,37.041666666666664,36.611111111111114,36.513888888888886,36.763888888888886,230.85069444444446,0.882638888888889,49.99930555555555,399.7034722222222,398.2659722222222,396.3388888888889,200.1986111111111,225.53680555555556,210.67569444444445,1121.6,-50.4,37.30555555555556,0.5229166666666667,4.791666666666667,60.24722222222223,-73.86111111111111,907.2,-931.8,17.968055555555555,235.22222222222223,1129.7,0.0,60.66736111111111,-616.6493055555555,0.0,-1000.0,93.7486111111111,616.6493055555555,1000.0,0.0,93.7486111111111,44.423611111111114,223.4923611111111,T01,0.8,10.7,4.668749999999999,0.4965277777777778,0.6000000000000001,10.0,4.621527777777778,0.5225694444444444,18.0,23.0,20.25,1008.0,1011.0,1009.2916666666666,48.0,92.0,75.22916666666667,0.0,0.0,0.0,0.0,90.15972222222223,89.23611111111111,409.22222222222223,,0
2017-05-29 00:00:00+00:00,1666.7,0.0,871.7583333333333,69.5326388888889,37.486111111111114,51.84722222222222,52.11805555555556,51.770833333333336,32.145833333333336,45.111111111111114,47.0625,28.6875,14.8,0.0,7.554166666666666,39.1,0.4,4.074305555555556,0.8048611111111111,-4.643055555555556,254.55069444444447,20.70138888888889,-424.03472222222223,25145.416666666668,3559878.0,-242.52777777777777,-1332654,68.38888888888889,72.49305555555556,67.86805555555556,36.625,37.77777777777778,30.82638888888889,40.3125,26.770833333333332,23.729166666666668,-3.6,89.7,8.174305555555556,1.3944444444444444,69.97916666666667,36.013888888888886,35.53472222222222,35.513888888888886,35.736111111111114,148.29652777777778,0.8597222222222222,50.00138888888889,399.79999999999995,398.70208333333335,396.9201388888889,136.6222222222222,151.36041666666668,139.25416666666666,1157.6,-51.9,35.125,0.6159722222222223,4.027777777777778,55.02569444444444,-55.52708333333333,863.2,-1000.1,16.29236111111111,152.99166666666667,1171.7,0.0,54.59513888888889,-471.1333333333333,0.0,-1000.0,84.30000000000001,471.1333333333333,1000.0,0.0,84.30000000000001,37.173611111111114,261.6861111111111,T01,1.2,10.3,4.477777777777778,0.3222916666666667,1.0,10.4,4.526388888888889,0.3422222222222222,17.0,22.0,19.506944444444443,1009.0,1011.0,1009.5972222222222,55.0,96.0,81.57638888888889,0.0,3.0,0.034722222222222224,0.0,86.28472222222223,87.25,409.59027777777777,,0
2017-05-30 00:00:00+00:00,1674.9,0.0,669.09375,66.55972222222222,36.138888888888886,47.05555555555556,47.11805555555556,46.833333333333336,32.486111111111114,43.43055555555556,44.951388888888886,29.61111111111111,14.8,0.0,5.767361111111111,20.6,0.4,3.7277777777777774,0.6854166666666667,-3.416666666666666,249.86527777777778,21.694444444444443,-659.1388888888889,19875.347222222223,2767134.0,-422.1388888888889,-929123,69.11805555555556,72.94444444444444,68.15277777777777,35.923611111111114,37.69444444444444,31.90277777777778,39.81944444444444,27.493055555555557,25.020833333333332,-3.2,63.6,12.958333333333334,1.151388888888889,62.00694444444444,35.13194444444444,34.74305555555556,34.729166666666664,35.18055555555556,115.30000000000001,0.8520833333333333,49.99861111111111,399.84166666666664,399.01874999999995,397.6076388888889,109.79166666666667,117.71249999999999,110.73680555555556,1184.0,-50.1,34.61805555555556,0.601388888888889,3.689583333333333,42.00763888888889,-38.72083333333333,1000.2,-650.5,13.572916666666666,123.64930555555556,1192.7,0.0,43.19166666666667,-328.77430555555554,0.0,-1000.0,52.506249999999994,328.77430555555554,1000.0,0.0,52.506249999999994,36.375,265.7972222222222,T01,0.0,10.0,3.9625000000000004,0.2639583333333333,0.0,10.1,3.997916666666667,0.2740972222222222,18.0,24.0,20.506944444444443,1006.0,1010.0,1007.7361111111111,59.0,97.0,80.375,0.0,0.0,0.0,0.0,76.01388888888889,76.70138888888889,407.6736111111111,,0
2017-05-31 00:00:00+00:00,1788.4,0.0,1534.396527777778,40.69305555555556,59.923611111111114,97.25,93.79861111111111,92.5625,41.22222222222222,51.270833333333336,58.13194444444444,34.173611111111114,15.8,0.0,13.583333333333334,41.1,0.4,8.865972222222222,1.6909722222222223,-0.42152777777777783,115.33125000000001,22.916666666666668,-9.368055555555555,189233.34027777778,27248251.0,-9.993055555555555,-3943609,77.75694444444444,87.02777777777777,91.15972222222223,42.53472222222222,43.96527777777778,31.97222222222222,45.5,37.888888888888886,24.770833333333332,-3.2,24.1,-0.08541666666666668,1.3,100.11805555555556,42.96527777777778,42.9375,42.09722222222222,40.354166666666664,1135.2937499999998,0.9493055555555555,50.0,398.7680555555555,397.5909722222222,400.06944444444446,955.4416666666667,970.7590277777776,946.5888888888888,2107.4,-41.1,43.895833333333336,0.36041666666666666,8.586111111111112,188.58055555555555,-164.31597222222223,999.6,-221.2,6.235416666666667,1132.9569444444444,2000.0,0.0,186.76041666666666,-833.4833333333333,0.0,-1000.0,121.36527777777776,742.4513888888889,1000.0,0.0,142.63402777777776,60.625,118.24513888888889,T01,1.4,20.0,9.609027777777778,2.408333333333333,1.4,17.5,9.414583333333333,1.0825694444444443,18.0,25.0,21.819444444444443,1006.0,1009.0,1007.8263888888889,48.0,85.0,63.229166666666664,0.0,0.0,0.0,0.0,189.07638888888889,185.36111111111111,407.7916666666667,,0
2017-06-01 00:00:00+00:00,1768.7,1191.5,1618.8604166666667,48.47083333333333,65.53472222222223,102.71527777777777,98.93055555555556,97.57638888888889,41.05555555555556,53.09722222222222,60.604166666666664,36.111111111111114,15.6,10.6,14.340972222222222,39.1,0.4,9.459722222222222,1.8895833333333334,-0.7069444444444445,110.02777777777777,24.13888888888889,-1.3472222222222223,214276.14583333334,30855570.0,-0.8055555555555556,-4342079,72.76388888888889,85.51388888888889,96.4375,42.59027777777778,45.020833333333336,33.06944444444444,45.416666666666664,40.8125,25.756944444444443,-3.0,10.9,-0.995138888888889,1.05625,102.10416666666667,43.236111111111114,43.18055555555556,42.298611111111114,40.333333333333336,1285.7347222222222,0.9902777777777777,49.99930555555555,398.87430555555557,397.7527777777778,401.01250000000005,1078.0111111111112,1094.1409722222222,1068.7513888888889,2104.9,-50.4,43.90277777777778,0.4236111111111111,9.148611111111112,283.7736111111111,-180.91319444444446,17.2,-216.4,6.729861111111111,1283.5708333333334,2000.0,0.0,281.88958333333335,-923.6131944444444,0.0,-1000.0,95.03541666666666,835.1548611111111,1000.0,0.0,141.41180555555556,64.52777777777777,110.74652777777777,T01,1.7000000000000002,17.7,9.412500000000001,2.8372916666666668,1.5,15.4,9.807638888888889,1.1965972222222223,20.0,27.0,23.07638888888889,1007.0,1009.0,1007.9305555555555,52.0,76.0,62.43055555555556,0.0,0.0,0.0,0.0,185.19444444444446,193.21527777777777,407.8958333333333,,0
2017-06-02 00:00:00+00:00,1765.9,0.0,1394.725,66.41111111111111,55.708333333333336,86.625,84.26388888888889,83.34027777777777,38.625,52.49305555555556,58.15972222222222,35.520833333333336,15.5,0.0,12.322222222222223,25.0,0.4,7.732638888888889,1.4375,1.2513888888888889,110.13402777777777,25.13888888888889,-309.65972222222223,147322.52777777778,21169853.0,-250.8125,-3451987,66.625,77.66666666666667,86.5,41.09722222222222,44.173611111111114,33.833333333333336,44.986111111111114,39.00694444444444,26.583333333333332,-2.9,89.7,2.922222222222222,1.4284722222222221,94.59722222222223,41.34027777777778,41.145833333333336,40.5625,39.5625,881.9604166666667,0.9333333333333333,49.99861111111111,399.28541666666666,398.2291666666667,399.9236111111111,747.3715277777778,761.7229166666667,741.3444444444444,2105.1,-50.2,42.236111111111114,0.5930555555555556,7.480555555555556,191.62430555555557,-143.8236111111111,834.5,-535.6,12.224305555555555,885.2847222222222,2000.0,0.0,191.8861111111111,-808.2673611111111,0.0,-1000.0,70.8763888888889,756.0930555555556,1000.0,0.0,101.98472222222222,54.638888888888886,111.37916666666666,T01,0.9,16.6,7.439583333333333,2.070069444444444,0.8,15.6,8.258333333333333,0.7748611111111111,21.0,28.0,24.055555555555557,1006.0,1009.0,1007.3888888888889,45.0,72.0,57.56944444444444,0.0,0.0,0.0,0.0,145.69444444444446,162.15972222222223,407.3263888888889,,0
2017-06-03 00:00:00+00:00,1625.7,0.0,691.4749999999999,111.32569444444444,38.44444444444444,49.791666666666664,49.861111111111114,49.50694444444444,37.19444444444444,45.208333333333336,46.75,31.26388888888889,14.4,0.0,5.981249999999999,24.4,0.4,3.5381944444444446,0.7347222222222222,6.602083333333333,226.62708333333333,23.458333333333332,-733.1597222222222,15724.194444444445,2158710.0,-419.97222222222223,-867078,63.888888888888886,69.40277777777777,68.29861111111111,36.90972222222222,38.59027777777778,33.47222222222222,40.44444444444444,29.694444444444443,26.895833333333332,-3.1,84.1,12.028472222222222,2.695138888888889,60.22222222222222,36.104166666666664,35.666666666666664,35.65972222222222,36.375,89.92638888888888,0.8340277777777778,50.0,400.38472222222225,399.19166666666666,397.8958333333333,94.84791666666666,103.56458333333333,95.75069444444445,903.2,-50.0,35.55555555555556,0.9840277777777777,3.5,39.393055555555556,-36.13263888888889,1000.4,-901.9,30.46805555555555,101.58888888888889,915.5,0.0,42.193749999999994,-300.9465277777778,0.0,-1000.0,76.94166666666666,300.9465277777778,1000.0,0.0,76.94166666666666,42.74305555555556,220.02569444444444,T01,0.0,9.5,3.582638888888889,0.33979166666666666,0.0,9.4,3.560416666666667,0.36423611111111115,19.0,25.0,21.92361111111111,1007.0,1010.0,1008.4583333333334,53.0,96.0,72.59722222222223,0.0,0.0,0.0,0.0,68.39583333333333,68.08333333333333,408.36805555555554,,0
2017-06-04 00:00:00+00:00,1700.3,0.0,812.0819444444445,67.35694444444444,37.5,51.770833333333336,51.49305555555556,51.03472222222222,33.63194444444444,45.03472222222222,46.59722222222222,29.6875,15.1,0.0,7.161111111111111,43.3,0.4,4.270833333333333,0.9333333333333333,0.9826388888888885,246.13888888888889,21.270833333333332,-523.5972222222222,42583.54861111111,6056632.0,-269.4375,-1486676,71.06944444444444,74.80555555555556,70.35416666666667,36.298611111111114,37.854166666666664,31.86111111111111,39.895833333333336,27.61111111111111,24.45138888888889,-3.0,89.7,10.140972222222222,1.4222222222222223,64.11111111111111,35.833333333333336,35.298611111111114,35.27777777777778,35.423611111111114,252.30833333333334,0.9118055555555556,50.0,400.0083333333333,398.6090277777778,397.9798611111111,222.64027777777778,233.53263888888887,221.60347222222222,2087.6,-51.8,35.145833333333336,0.5979166666666668,4.206944444444444,79.79791666666667,-61.946527777777774,907.2,-861.5,15.225694444444445,258.7861111111111,2000.0,0.0,80.47222222222223,-457.3652777777778,0.0,-1000.0,64.26666666666667,456.57500000000005,1000.0,0.0,66.32222222222222,41.65277777777778,257.65833333333336,T01,0.0,12.8,4.491666666666666,0.45944444444444443,0.0,12.8,4.515277777777778,0.48201388888888885,17.0,22.0,20.166666666666668,1007.0,1010.0,1008.9652777777778,48.0,91.0,69.07638888888889,0.0,0.0,0.0,0.0,86.72916666666667,87.20138888888889,408.90972222222223,,0
2017-06-05 00:00:00+00:00,1674.9,0.0,798.9263888888888,66.12013888888889,38.736111111111114,52.833333333333336,53.00694444444444,52.576388888888886,33.72222222222222,45.25694444444444,47.298611111111114,29.680555555555557,14.9,0.0,6.988194444444444,37.8,0.4,3.9402777777777778,0.8333333333333334,1.0402777777777774,259.25208333333336,21.618055555555557,-564.2569444444445,25251.57638888889,3554976.0,-343.59027777777777,-1231088,69.9375,73.85416666666667,69.20138888888889,36.583333333333336,38.22222222222222,31.743055555555557,40.333333333333336,28.118055555555557,24.63888888888889,-3.0,89.7,9.788888888888888,1.3611111111111112,68.00694444444444,35.90972222222222,35.520833333333336,35.46527777777778,35.826388888888886,148.12152777777777,0.875,50.00138888888889,400.17083333333335,398.7993055555555,397.4423611111111,136.35555555555555,148.03819444444446,135.80347222222224,1072.6,-52.0,35.5625,0.5798611111111112,3.898611111111111,59.55277777777778,-51.28888888888889,716.9,-673.3,11.294444444444444,154.01875,1078.6,0.0,59.4076388888889,-437.18541666666664,0.0,-1000.0,93.50069444444445,437.18541666666664,1000.0,0.0,93.50069444444445,40.46527777777778,265.71666666666664,T01,0.3,9.5,4.283333333333333,0.3902777777777778,0.0,9.5,4.309722222222223,0.4052777777777778,18.0,24.0,20.5,1008.0,1011.0,1009.6458333333334,55.0,86.0,68.28472222222223,0.0,0.0,0.0,0.0,82.40972222222223,82.86805555555556,409.625,,0
2017-06-06 00:00:00+00:00,1678.1,0.0,773.9618055555555,73.02430555555556,38.72222222222222,51.451388888888886,51.395833333333336,51.06944444444444,34.263888888888886,46.25694444444444,47.513888888888886,30.618055555555557,14.9,0.0,6.758333333333334,26.2,0.4,3.952777777777778,0.8541666666666666,-6.6625,257.73819444444445,22.791666666666668,-573.8333333333334,24920.395833333332,3505906.0,-378.06944444444446,-1307309,70.875,74.40277777777777,69.65277777777777,36.75694444444444,38.083333333333336,32.96527777777778,39.986111111111114,29.069444444444443,26.20138888888889,-3.1,86.2,10.96875,1.6229166666666666,64.47916666666667,36.0625,35.59722222222222,35.638888888888886,36.041666666666664,146.09583333333333,0.8409722222222222,50.00069444444445,400.1458333333333,398.8229166666667,397.9555555555555,137.13402777777776,148.23333333333332,136.19722222222222,1484.6,-50.0,35.111111111111114,0.6520833333333333,3.9027777777777777,53.39652777777778,-54.482638888888886,1000.0,-943.0,14.998611111111112,154.00972222222222,1546.9,0.0,54.83541666666667,-409.89652777777775,0.0,-1000.0,68.99513888888889,409.8902777777778,1000.0,0.0,69.05208333333333,40.49305555555556,299.41875,T01,0.0,10.4,4.316666666666666,0.3504861111111111,0.0,10.6,4.288194444444445,0.36506944444444445,17.0,26.0,21.729166666666668,1007.0,1010.0,1008.0416666666666,44.0,82.0,62.18055555555556,0.0,0.0,0.0,0.0,83.14583333333333,82.625,407.97222222222223,,0
2017-06-07 00:00:00+00:00,1803.0,0.0,998.0743055555556,32.325694444444444,54.125,79.46527777777777,76.5,75.55555555555556,40.638888888888886,47.708333333333336,51.791666666666664,34.19444444444444,15.8,0.0,8.683333333333334,28.2,0.4,7.294444444444445,1.38125,7.888888888888889,108.53888888888889,24.625,-400.28472222222223,143929.99305555556,20668277.0,-195.01388888888889,-2572788,79.79166666666667,86.24305555555556,86.70833333333333,39.84027777777778,42.40277777777778,33.451388888888886,44.1875,37.28472222222222,26.854166666666668,-3.2,89.7,11.807638888888889,1.452777777777778,76.52083333333333,39.75,39.56944444444444,39.0,38.166666666666664,861.1798611111111,0.9534722222222223,50.0,400.1027777777778,398.7986111111111,400.56597222222223,725.4930555555555,732.1715277777778,715.9076388888889,2109.2,-49.9,41.833333333333336,0.3194444444444444,7.000694444444445,95.66944444444444,-107.20694444444445,862.9,-270.6,4.820138888888889,864.1312499999999,2000.0,0.0,94.95625000000001,-440.21527777777777,0.0,-1000.0,56.388194444444444,369.13472222222225,1000.0,0.0,65.95069444444444,53.020833333333336,95.6576388888889,T01,0.0,21.4,8.26875,1.9023611111111112,0.0,19.2,7.965972222222222,0.9020833333333333,19.0,29.0,23.98611111111111,1005.0,1009.0,1007.0833333333334,37.0,82.0,55.50694444444444,0.0,0.0,0.0,0.0,162.36805555555554,156.20833333333334,407.03472222222223,,0
2017-06-08 00:00:00+00:00,1838.5,0.0,1533.6340277777776,44.015972222222224,73.61805555555556,114.04166666666667,109.25694444444444,107.77777777777777,47.111111111111114,53.40277777777778,61.326388888888886,38.020833333333336,16.0,0.0,13.574305555555556,40.2,0.9,10.941666666666666,2.176388888888889,-0.03819444444444436,115.41666666666667,25.36111111111111,-283.81944444444446,240677.63888888888,34616710.0,-174.84722222222223,-4288292,81.0625,95.61111111111111,107.70833333333333,44.263888888888886,47.583333333333336,33.520833333333336,48.138888888888886,44.74305555555556,26.67361111111111,-2.9,89.7,7.140972222222222,2.2645833333333334,105.83333333333333,44.923611111111114,44.90277777777778,43.958333333333336,41.81944444444444,1442.2979166666667,0.9868055555555555,50.0,399.5826388888889,398.12152777777777,402.18333333333334,1209.1402777777778,1223.4465277777776,1194.4243055555555,2109.2,-49.9,47.513888888888886,0.3763888888888889,10.54375,202.28750000000002,-178.68055555555554,9.5,-221.9,5.167361111111111,1557.353472222222,2000.0,28.0,210.07916666666668,-770.1979166666666,0.0,-1000.0,101.26319444444444,649.2951388888889,1000.0,0.0,124.61111111111111,70.41666666666667,115.45416666666668,T01,3.0,21.3,11.56111111111111,2.9752083333333332,2.6,19.5,11.013194444444444,1.9409722222222223,22.0,28.0,24.291666666666668,1004.0,1007.0,1004.8958333333334,43.0,64.0,52.90277777777778,0.0,0.0,0.0,0.0,228.33333333333334,217.32638888888889,404.84722222222223,,0
2017-06-09 00:00:00+00:00,1706.5,0.0,658.8062500000001,69.18402777777777,41.486111111111114,51.99305555555556,51.96527777777778,51.645833333333336,37.69444444444444,45.520833333333336,47.111111111111114,32.916666666666664,15.1,0.0,5.731944444444444,23.6,0.4,3.5972222222222223,0.7305555555555556,-3.581944444444444,196.51666666666668,25.25,-845.9166666666666,20654.61111111111,2852452.0,-620.7013888888889,-854272,64.54861111111111,72.02083333333333,72.92361111111111,37.270833333333336,39.86805555555556,35.11805555555556,41.048611111111114,32.333333333333336,28.243055555555557,-3.0,89.7,13.822916666666666,1.9541666666666666,61.84722222222222,36.513888888888886,36.041666666666664,36.09027777777778,36.791666666666664,118.79444444444445,0.7895833333333333,50.00069444444445,400.40625,399.27430555555554,398.1930555555556,122.71944444444446,129.91250000000002,123.57430555555555,2099.2,-50.6,36.263888888888886,0.6194444444444445,3.5555555555555554,43.693749999999994,-35.55277777777778,1000.0,-999.9,34.893055555555556,131.0951388888889,2000.0,0.0,46.22708333333333,-224.14930555555554,0.0,-1000.0,78.24444444444445,221.6451388888889,1000.0,0.0,82.51319444444444,45.861111111111114,195.10069444444446,T01,0.0,15.4,3.716666666666667,0.4857638888888889,0.0,13.7,3.8618055555555557,0.3518055555555556,19.0,28.0,24.020833333333332,1006.0,1009.0,1007.2361111111111,31.0,77.0,56.18055555555556,0.0,0.0,0.0,0.0,71.00694444444444,73.875,407.19444444444446,,0
2017-06-10 00:00:00+00:00,1768.1,0.0,1344.0458333333333,49.82013888888889,56.65277777777778,85.29861111111111,82.83333333333333,81.79166666666667,40.25694444444444,50.50694444444444,56.229166666666664,34.53472222222222,15.6,0.0,11.871527777777779,35.8,0.4,7.752083333333333,1.3430555555555557,4.757638888888889,109.72291666666666,24.541666666666668,-203.78472222222223,152711.625,21961130.0,-172.43055555555554,-3169109,78.92361111111111,86.57638888888889,87.43055555555556,41.479166666666664,43.576388888888886,33.729166666666664,45.076388888888886,37.90972222222222,26.805555555555557,-3.1,44.6,2.928472222222222,1.0118055555555556,88.70138888888889,41.61805555555556,41.458333333333336,40.86805555555556,39.833333333333336,915.1409722222221,0.9222222222222223,50.0,399.55833333333334,398.2423611111111,400.15416666666664,773.0326388888889,789.0909722222223,768.1833333333333,2106.2,-39.9,42.541666666666664,0.43194444444444446,7.499305555555556,154.64305555555555,-132.03541666666666,1000.1,-928.5,18.004166666666666,917.2784722222223,2000.0,0.0,154.46180555555554,-754.6854166666667,0.0,-1000.0,69.53888888888889,692.7305555555555,1000.0,0.0,90.94305555555555,58.63194444444444,119.95277777777778,T01,0.9,17.0,7.226388888888888,1.8409722222222225,0.7000000000000001,15.2,7.958333333333333,0.5829861111111111,20.0,27.0,23.395833333333332,1006.0,1008.0,1007.2638888888889,44.0,79.0,61.763888888888886,0.0,0.0,0.0,0.0,141.40972222222223,156.01388888888889,407.2083333333333,,0
2017-06-11 00:00:00+00:00,1812.0,0.0,1397.6472222222224,29.836805555555557,74.16666666666667,114.50694444444444,109.43055555555556,107.85416666666667,48.68055555555556,53.520833333333336,60.59722222222222,37.951388888888886,15.9,0.0,12.356944444444444,43.7,0.9,11.199305555555556,2.075,-1.8597222222222223,104.5625,25.506944444444443,-525.1319444444445,239607.76388888888,34427899.0,-351.55555555555554,-4006984,81.5625,96.46527777777777,108.24305555555556,44.9375,47.81944444444444,34.05555555555556,48.75694444444444,45.076388888888886,27.041666666666668,-3.0,89.7,15.190277777777778,1.990277777777778,104.24305555555556,45.50694444444444,45.5,44.458333333333336,42.47222222222222,1434.4729166666666,0.9715277777777778,50.0,400.01944444444445,398.3902777777778,402.19375,1202.3937500000002,1216.8166666666666,1192.4187499999998,2108.2,-47.6,48.46527777777778,0.24930555555555556,10.827083333333333,136.09305555555557,-166.96319444444444,4.2,-226.3,4.083333333333333,1681.3694444444445,2000.0,68.3,169.50416666666666,-653.5965277777777,0.0,-1000.0,100.70138888888889,513.8333333333334,1000.0,0.0,105.55833333333334,68.10416666666667,106.41388888888889,T01,2.4,18.4,10.153472222222222,3.0147916666666665,2.8,19.2,11.537500000000001,1.1506944444444445,20.0,29.0,24.319444444444443,1005.0,1008.0,1006.2708333333334,24.0,81.0,52.548611111111114,0.0,0.0,0.0,0.0,200.00694444444446,227.73611111111111,406.25694444444446,,0
2017-06-12 00:00:00+00:00,1807.4,128.9,1594.4597222222224,55.080555555555556,71.20833333333333,106.50694444444444,102.53472222222223,101.20833333333333,42.916666666666664,54.125,61.56944444444444,37.77777777777778,15.9,0.0,14.120833333333334,31.7,0.4,9.933333333333334,1.838888888888889,-0.5715277777777777,115.46805555555557,26.73611111111111,-48.770833333333336,213827.79861111112,30784178.0,-29.368055555555557,-3753807,75.24305555555556,88.20138888888889,97.95138888888889,43.81944444444444,47.291666666666664,34.708333333333336,48.416666666666664,44.638888888888886,27.92361111111111,-3.2,46.8,0.7923611111111111,1.4555555555555555,104.61111111111111,44.388888888888886,44.361111111111114,43.388888888888886,41.763888888888886,1282.69375,0.9756944444444444,50.0,399.36249999999995,398.0229166666667,401.32430555555555,1078.8541666666667,1094.290972222222,1066.1819444444445,2106.5,-50.1,47.208333333333336,0.49097222222222225,9.50138888888889,185.5923611111111,-156.43194444444444,1001.1,-221.2,12.238888888888889,1290.7840277777777,2000.0,0.0,178.99444444444444,-863.9625000000001,0.0,-1000.0,79.19166666666666,770.1354166666666,1000.0,0.0,99.06597222222223,68.03472222222223,116.04166666666667,T01,0.9,20.2,10.24861111111111,2.7002777777777776,0.9,18.7,9.959027777777777,1.5282638888888889,22.0,29.0,25.67361111111111,1002.0,1007.0,1004.5277777777778,24.0,61.0,39.895833333333336,0.0,0.0,0.0,0.0,202.09722222222223,196.27083333333334,404.49305555555554,,0
2017-06-13 00:00:00+00:00,1798.9,0.0,1328.4097222222222,81.57013888888889,60.50694444444444,85.81944444444444,83.80555555555556,82.95833333333333,41.74305555555556,52.104166666666664,57.0,35.77777777777778,15.8,0.0,11.75138888888889,29.9,0.4,7.262499999999999,1.4222222222222223,-0.6465277777777779,172.62847222222223,25.6875,-445.40972222222223,123298.54861111111,17690851.0,-321.1666666666667,-2975523,68.78472222222223,81.50694444444444,89.45833333333333,40.94444444444444,44.69444444444444,34.729166666666664,45.22222222222222,39.44444444444444,27.791666666666668,-2.9,89.7,2.8687500000000004,1.8784722222222223,94.04861111111111,40.951388888888886,40.798611111111114,40.291666666666664,39.61805555555556,737.1347222222222,0.8923611111111112,49.99930555555555,399.73541666666665,398.58402777777775,399.8013888888889,633.9715277777777,647.567361111111,627.2520833333333,2108.5,-51.9,42.22222222222222,0.7284722222222223,6.993055555555555,148.56458333333333,-124.00416666666666,642.4,-990.7,24.290277777777778,743.0069444444445,2000.0,0.0,147.82291666666666,-694.2569444444445,0.0,-1000.0,113.87569444444443,646.48125,1000.0,0.0,120.29166666666667,58.361111111111114,173.27499999999998,T01,0.8,17.0,6.188888888888889,1.9103472222222224,0.4,17.0,6.105555555555556,1.8814583333333335,20.0,30.0,24.354166666666668,1002.0,1006.0,1003.6736111111111,35.0,87.0,58.625,0.0,0.0,0.0,0.0,120.72916666666667,118.95138888888889,403.625,TRANSFORMER,1
2017-06-14 00:00:00+00:00,1656.1,0.0,561.6173611111111,39.08402777777778,36.5625,45.5625,45.78472222222222,45.298611111111114,36.4375,42.770833333333336,43.395833333333336,31.708333333333332,14.7,0.0,4.867361111111111,17.6,0.4,3.1458333333333335,0.6645833333333333,9.12638888888889,227.72013888888887,24.020833333333332,-533.9166666666666,13626.652777777777,1885354.0,-209.90972222222223,-811073,65.96527777777777,70.98611111111111,68.43055555555556,36.423611111111114,38.40277777777778,34.986111111111114,40.201388888888886,29.29861111111111,27.9375,-3.0,84.0,13.775694444444445,0.7111111111111111,56.895833333333336,35.548611111111114,35.041666666666664,35.104166666666664,35.826388888888886,78.56597222222223,0.8979166666666667,50.00069444444445,400.24652777777777,399.2680555555555,397.8388888888889,77.97708333333334,86.50833333333334,79.5625,918.5,-48.2,35.1875,0.32708333333333334,3.129166666666667,32.67986111111111,-33.793055555555554,1000.6,-995.8,14.882638888888888,84.48958333333333,1027.5,0.0,33.39513888888889,-296.4777777777778,0.0,-1000.0,67.95347222222222,296.4777777777778,1000.0,0.0,67.95347222222222,36.18055555555556,211.1013888888889,T01,0.1,8.9,3.3743055555555554,0.2825,0.0,9.1,3.3368055555555554,0.2956944444444444,19.0,27.0,22.395833333333332,1005.0,1008.0,1006.4236111111111,53.0,96.0,79.04861111111111,0.0,0.0,0.0,0.0,64.05555555555556,63.47222222222222,406.375,TRANSFORMER,1
2017-06-15 00:00:00+00:00,1642.4,0.0,478.74861111111113,59.452083333333334,37.833333333333336,44.75,44.861111111111114,44.486111111111114,37.708333333333336,42.895833333333336,43.625,33.145833333333336,14.6,0.0,4.050000000000001,23.7,0.4,3.0430555555555556,0.6409722222222222,26.014583333333334,268.01944444444445,25.84027777777778,-706.125,10267.097222222223,1376779.0,-453.34722222222223,-542756,72.41666666666667,75.75,70.56944444444444,36.68055555555556,39.09027777777778,36.11805555555556,40.63194444444444,31.09027777777778,29.305555555555557,-3.0,84.8,16.396527777777777,1.2291666666666667,53.354166666666664,35.798611111111114,35.28472222222222,35.43055555555556,36.298611111111114,57.361805555555556,0.8423611111111112,49.99861111111111,399.89166666666665,399.0090277777778,397.4201388888889,63.21041666666666,68.73819444444445,65.25763888888889,906.8,-52.5,35.46527777777778,0.5680555555555555,3.0284722222222222,27.3375,-22.631944444444443,1000.1,-997.9,19.52638888888889,66.56666666666666,947.0,0.0,28.397222222222222,-191.3625,0.0,-1000.0,53.93263888888889,191.3625,1000.0,0.0,53.93263888888889,36.77777777777778,266.9888888888889,T01,0.0,8.9,3.3291666666666666,0.2913888888888889,0.1,9.2,3.33125,0.2833333333333333,19.0,30.0,24.36111111111111,1006.0,1008.0,1007.3819444444445,41.0,93.0,72.84722222222223,0.0,0.0,0.0,0.0,63.333333333333336,63.31944444444444,407.34027777777777,TRANSFORMER,1
2017-06-16 00:00:00+00:00,1802.0,0.0,1176.1888888888889,54.231944444444444,62.55555555555556,88.66666666666667,85.99305555555556,84.86805555555556,44.59027777777778,53.604166666666664,58.520833333333336,38.895833333333336,15.9,0.0,10.343055555555557,38.6,0.5,9.73125,1.8131944444444446,0.8624999999999999,118.97847222222224,29.54861111111111,-730.0069444444445,147780.67361111112,21175296.0,-527.7777777777778,-3099113,80.75,89.40972222222223,92.26388888888889,43.833333333333336,47.298611111111114,37.291666666666664,48.53472222222222,43.38194444444444,30.75,-3.2,89.7,18.74375,1.834027777777778,89.1875,43.84722222222222,43.708333333333336,43.076388888888886,42.61805555555556,882.3034722222222,0.9034722222222222,50.00069444444445,399.5597222222222,398.1451388888889,400.47291666666666,751.2722222222222,762.7381944444445,744.6173611111111,2106.4,-47.2,45.979166666666664,0.4590277777777778,9.406944444444443,146.50069444444443,-129.11111111111111,1000.0,-640.8,11.441666666666666,1271.6006944444443,2000.0,0.0,157.55,-596.2284722222222,0.0,-1000.0,84.22777777777777,521.0979166666667,1000.0,0.0,100.94583333333334,59.395833333333336,118.11597222222223,T01,1.0,21.6,10.272916666666667,2.5825694444444443,1.4,19.5,10.040277777777778,1.6708333333333334,23.0,34.0,28.555555555555557,1006.0,1009.0,1007.9583333333334,18.0,61.0,39.8125,0.0,0.0,0.0,0.0,202.52083333333334,197.80555555555554,407.90277777777777,TRANSFORMER,1
2017-06-17 00:00:00+00:00,1807.0,1218.0,1643.197222222222,30.91111111111111,79.94444444444444,116.98611111111111,112.54166666666667,110.875,47.583333333333336,54.916666666666664,63.34722222222222,41.3125,15.8,10.8,14.556944444444444,39.4,0.5,10.729166666666666,1.8951388888888887,-1.0458333333333334,113.87986111111111,29.78472222222222,0.0,242301.09027777778,34891357.0,0.0,-4579290,82.29166666666667,95.70138888888889,106.71527777777777,46.951388888888886,51.02777777777778,37.74305555555556,52.18055555555556,49.173611111111114,31.006944444444443,-3.1,16.2,1.182638888888889,1.3659722222222221,111.15972222222223,47.50694444444444,47.56944444444444,46.46527777777778,44.916666666666664,1453.8229166666667,0.9923611111111111,50.0,398.84027777777777,397.3569444444445,401.2784722222222,1215.0034722222222,1235.115277777778,1205.7208333333333,2106.7,-27.9,51.638888888888886,0.2715277777777778,10.174305555555556,159.28541666666666,-190.80347222222224,1.0,-251.6,6.374305555555555,1483.1520833333334,2000.0,0.0,168.10625,-881.0465277777778,0.0,-1000.0,54.18541666666667,751.60625,1000.0,0.0,86.19375,74.25694444444444,114.92013888888889,T01,2.3,19.1,10.324305555555556,2.7755555555555556,1.8,17.9,10.247222222222222,1.614513888888889,25.0,33.0,28.77777777777778,1004.0,1010.0,1006.4722222222222,25.0,46.0,35.43055555555556,0.0,0.0,0.0,0.0,203.45833333333334,201.93055555555554,406.4236111111111,TRANSFORMER,1
2017-06-18 00:00:00+00:00,1766.7,1222.7,1628.5368055555555,38.30902777777778,72.90277777777777,110.95833333333333,107.13888888888889,105.65277777777777,46.0,54.40277777777778,62.55555555555556,40.326388888888886,15.6,10.9,14.42361111111111,28.2,0.7000000000000001,9.777083333333334,1.786111111111111,-2.4194444444444447,103.65902777777778,28.95138888888889,0.0,221661.56944444444,31919266.0,0.0,-4371556,79.75,93.40972222222223,104.09027777777777,45.826388888888886,49.75,37.03472222222222,50.53472222222222,46.798611111111114,30.305555555555557,-3.1,9.7,-0.7201388888888889,0.9423611111111112,107.88888888888889,46.36805555555556,46.395833333333336,45.423611111111114,43.99305555555556,1330.009722222222,0.9930555555555556,49.99930555555555,399.26944444444445,397.81180555555557,401.38958333333335,1110.8833333333334,1131.7958333333333,1102.736111111111,2104.8,7.9,49.30555555555556,0.33263888888888893,9.333333333333334,215.7701388888889,-182.14305555555555,-36.0,-221.4,4.979166666666667,1328.3645833333333,2000.0,6.4,215.0111111111111,-922.9423611111112,-31.4,-1000.0,68.83819444444445,828.3361111111111,1000.0,31.4,106.9625,71.96527777777777,106.07013888888889,T01,1.7000000000000002,17.4,9.344444444444443,2.473125,1.7000000000000002,15.6,9.877083333333333,1.0901388888888888,24.0,33.0,27.958333333333332,1003.0,1006.0,1004.1597222222222,31.0,68.0,48.61805555555556,0.0,0.0,0.0,0.0,183.88888888888889,194.63888888888889,404.09027777777777,TRANSFORMER,1
2017-06-19 00:00:00+00:00,1820.0,0.0,1248.3944444444444,49.67638888888889,63.861111111111114,94.72916666666667,91.79166666666667,90.54861111111111,43.888888888888886,54.979166666666664,59.71527777777778,38.270833333333336,16.0,0.0,11.013194444444444,31.8,0.7000000000000001,10.714583333333334,1.90625,-0.5111111111111112,118.52361111111112,27.6875,-683.4791666666666,160644.76388888888,23034426.0,-476.2708333333333,-3523787,73.89583333333333,87.06944444444444,96.41666666666667,42.548611111111114,47.05555555555556,35.74305555555556,47.604166666666664,43.4375,29.0,-3.1,89.7,20.275,1.6118055555555555,95.57638888888889,42.65277777777778,42.55555555555556,41.916666666666664,41.125,959.7243055555555,0.9354166666666666,50.00069444444445,399.4819444444445,398.18541666666664,400.5159722222222,815.0763888888889,827.2145833333333,808.2784722222223,2108.5,-50.0,45.43055555555556,0.41597222222222224,10.29375,121.75208333333333,-146.82152777777776,17.0,-228.4,6.231249999999999,1283.2194444444444,2000.0,0.0,151.1534722222222,-666.2562499999999,0.0,-1000.0,58.46319444444445,586.2791666666667,1000.0,0.0,67.16736111111112,62.53472222222222,119.03750000000001,T01,0.5,22.9,10.845833333333333,3.1134027777777775,0.3,20.8,10.428472222222222,1.8439583333333336,24.0,30.0,26.645833333333332,1005.0,1007.0,1005.7916666666666,44.0,66.0,53.104166666666664,0.0,0.0,0.0,0.0,213.97222222222223,205.65277777777777,405.7638888888889,TRANSFORMER,1
2017-06-20 00:00:00+00:00,1813.1,0.0,1023.2395833333334,24.235416666666666,62.65277777777778,90.0625,86.41666666666667,85.125,45.34722222222222,53.229166666666664,55.34027777777778,37.6875,16.0,0.0,9.023611111111112,40.7,0.7000000000000001,10.27986111111111,1.8659722222222221,0.12083333333333338,117.11111111111111,27.229166666666668,-412.84027777777777,167131.59722222222,24007501.0,-193.71527777777777,-2859430,73.97916666666667,85.90277777777777,94.34722222222223,42.854166666666664,46.291666666666664,35.263888888888886,47.96527777777778,42.479166666666664,28.77777777777778,-3.0,89.7,35.270833333333336,1.5590277777777777,83.9375,42.90277777777778,42.74305555555556,42.0625,41.298611111111114,1000.3666666666666,0.9652777777777778,49.99930555555555,400.12152777777777,398.76458333333335,401.13958333333335,839.567361111111,848.9347222222223,836.8590277777778,2109.1,-50.2,46.173611111111114,0.1736111111111111,9.847222222222221,66.06805555555555,-119.14375000000001,23.1,-225.5,4.940277777777777,1264.0652777777777,2000.0,0.0,152.0326388888889,-475.9770833333333,0.0,-1000.0,45.25416666666667,370.66875000000005,1000.0,0.0,52.00763888888889,57.88194444444444,116.99166666666666,T01,1.4,25.5,10.518055555555556,3.1117361111111115,1.3,23.0,10.508333333333333,1.3605555555555555,23.0,30.0,25.96527777777778,1005.0,1008.0,1006.9236111111111,44.0,77.0,60.833333333333336,0.0,0.0,0.0,0.0,207.35416666666666,207.19444444444446,406.8611111111111,TRANSFORMER,1
2017-06-21 00:00:00+00:00,1752.1,0.0,1088.0277777777778,113.99513888888889,49.19444444444444,64.8125,64.59722222222223,64.07638888888889,39.69444444444444,48.423611111111114,51.791666666666664,33.541666666666664,15.5,0.0,9.618055555555555,29.1,0.4,5.016666666666667,1.020138888888889,-0.5493055555555555,217.9715277777778,25.256944444444443,-614.3125,44023.055555555555,6250859.0,-506.2291666666667,-1608780,59.6875,71.39583333333333,75.76388888888889,38.94444444444444,42.15972222222222,35.22222222222222,43.40277777777778,35.145833333333336,28.28472222222222,-3.1,89.7,5.151388888888889,3.1194444444444445,81.54166666666667,38.55555555555556,38.1875,38.048611111111114,38.38194444444444,260.3722222222222,0.7805555555555556,50.0,400.05069444444445,399.1013888888889,398.5388888888889,242.69583333333333,254.24930555555557,241.90555555555557,2104.6,-51.9,39.13194444444444,1.0236111111111112,4.861111111111111,79.15833333333333,-67.0638888888889,1000.2,-932.5,36.705555555555556,273.27430555555554,2000.0,0.0,81.23611111111111,-472.2555555555556,0.0,-1000.0,144.43541666666667,459.8083333333333,1000.0,0.0,146.07986111111111,45.979166666666664,218.5236111111111,T01,0.4,15.0,4.810416666666667,0.7834722222222222,0.2,14.8,4.665277777777778,0.8096527777777778,21.0,26.0,23.854166666666668,1007.0,1010.0,1008.3472222222222,49.0,85.0,73.8125,0.0,0.0,0.0,0.0,93.09722222222223,90.11111111111111,408.2986111111111,TRANSFORMER,1
2017-06-22 00:00:00+00:00,1672.2,0.0,667.276377952756,70.68740157480315,38.275590551181104,48.661417322834644,48.669291338582674,48.36220472440945,35.338582677165356,43.79527559055118,45.21259842519685,31.141732283464567,14.8,0.0,5.722834645669291,20.2,0.4,3.269291338582677,0.6,15.784251968503936,232.93464566929134,23.84251968503937,-713.1889763779527,15079.629921259842,1824537.0,-416.2204724409449,-630168,63.38582677165354,68.15748031496064,64.84251968503936,36.496062992125985,38.43307086614173,34.51968503937008,40.38582677165354,29.88976377952756,27.748031496062993,-2.7,90.0,13.125984251968504,1.8440944881889763,60.645669291338585,35.77952755905512,35.2992125984252,35.32283464566929,36.01574803149607,86.2244094488189,0.8007874015748032,50.000787401574804,399.7795275590551,399.1952755905512,397.8228346456693,102.11811023622047,108.13543307086614,105.22125984251969,1287.1,-50.0,35.425196850393704,0.6291338582677166,3.240944881889764,35.11496062992126,-29.759055118110236,843.6,-917.3,51.38503937007874,94.91574803149605,1298.3,0.0,35.25590551181102,-263.09448818897636,0.0,-1000.0,63.51653543307087,263.09448818897636,1000.0,0.0,63.51653543307087,38.08661417322835,288.00236220472436,T01,0.0,9.5,3.276388888888889,0.238125,0.0,9.7,3.301388888888889,0.25048611111111113,19.0,26.0,22.38888888888889,1009.0,1013.0,1010.5833333333334,65.0,96.0,80.59027777777777,0.0,0.0,0.0,0.0,62.291666666666664,62.701388888888886,410.50694444444446,TRANSFORMER,1
2017-06-23 00:00:00+00:00,1666.2,0.0,551.0722222222222,54.71388888888889,38.423611111111114,46.458333333333336,46.53472222222222,46.24305555555556,36.71527777777778,43.56944444444444,44.3125,32.798611111111114,14.7,0.0,4.709027777777778,18.3,0.4,3.084027777777778,0.6118055555555556,21.898611111111112,261.8576388888889,25.944444444444443,-693.4930555555555,11514.243055555555,1558188.0,-357.49305555555554,-778281,71.16666666666667,74.77083333333333,68.38194444444444,37.020833333333336,39.333333333333336,35.333333333333336,41.02777777777778,30.73611111111111,28.6875,-3.1,89.7,14.784722222222221,1.3895833333333334,57.18055555555556,36.11805555555556,35.6875,35.708333333333336,36.59722222222222,64.90694444444445,0.8576388888888888,49.99930555555555,399.49583333333334,399.02152777777775,397.5854166666667,73.18263888888889,79.61319444444445,74.72916666666667,892.4,-50.1,35.951388888888886,0.4993055555555556,3.0555555555555554,30.372222222222224,-32.38263888888889,1000.1,-890.8,27.07986111111111,72.13611111111112,900.7,0.0,30.21805555555555,-249.8361111111111,0.0,-1000.0,84.41319444444444,249.8361111111111,1000.0,0.0,84.41319444444444,37.5625,269.9506944444445,T01,0.0,8.6,3.240972222222222,0.24229166666666668,0.0,8.9,3.222916666666667,0.25222222222222224,19.0,33.0,24.86111111111111,1011.0,1014.0,1012.8402777777778,19.0,97.0,68.98611111111111,0.0,1.0,0.013888888888888888,0.0,61.479166666666664,61.138888888888886,412.75,TRANSFORMER,1
2017-06-24 00:00:00+00:00,1722.5,0.0,962.0097222222222,108.50902777777777,51.048611111111114,64.50694444444444,64.39583333333333,63.986111111111114,42.8125,50.291666666666664,53.56944444444444,38.74305555555556,15.2,0.0,8.431944444444445,23.5,0.4,4.565277777777777,0.8909722222222223,0.3673611111111109,96.02222222222223,32.55555555555556,-768.9722222222222,31936.555555555555,4488126.0,-613.4236111111111,-1409793,80.33333333333333,84.61111111111111,77.52083333333333,41.770833333333336,45.86805555555556,40.270833333333336,47.30555555555556,39.638888888888886,33.736111111111114,-3.2,89.7,8.551388888888889,2.7555555555555555,78.13194444444444,41.145833333333336,40.72222222222222,40.638888888888886,41.791666666666664,186.99374999999998,0.7541666666666668,50.0,399.5361111111111,398.46458333333334,398.03055555555557,187.99166666666667,200.0597222222222,190.9986111111111,2099.8,-52.0,42.63194444444444,0.9958333333333333,4.40625,72.46666666666667,-58.77916666666667,1000.1,-803.1,53.640277777777776,200.39791666666667,2000.0,0.0,75.56666666666666,-424.4479166666667,0.0,-1000.0,111.10763888888889,422.38958333333335,1000.0,0.0,113.63402777777777,50.5625,85.66180555555555,T01,0.5,15.9,4.840277777777778,0.8561111111111112,0.5,14.2,4.911111111111111,0.6528472222222222,26.0,38.0,32.05555555555556,1006.0,1013.0,1008.7083333333334,17.0,50.0,28.305555555555557,0.0,0.0,0.0,0.0,93.67361111111111,95.01388888888889,408.6736111111111,TRANSFORMER,1
2017-06-25 00:00:00+00:00,1698.6,0.0,960.657638888889,195.40625,50.354166666666664,64.73611111111111,64.57638888888889,64.0625,44.548611111111114,51.833333333333336,54.50694444444444,38.111111111111114,15.1,0.0,8.405555555555557,37.8,0.4,4.667361111111111,1.0868055555555556,0.567361111111111,157.0861111111111,31.6875,-1109.2291666666667,39188.09027777778,5483359.0,-788.5486111111111,-1456872,82.64583333333333,87.41666666666667,80.25694444444444,43.138888888888886,46.888888888888886,40.013888888888886,48.513888888888886,39.208333333333336,33.416666666666664,-3.2,89.7,7.762499999999999,4.940277777777777,79.625,42.395833333333336,42.03472222222222,41.9375,43.270833333333336,228.4798611111111,0.8125,49.99930555555555,399.65486111111113,398.50972222222225,398.4013888888889,222.45138888888889,233.06458333333336,223.36319444444445,1870.1,-51.7,44.145833333333336,1.7965277777777777,4.55625,99.43541666666667,-60.7173611111111,1001.0,-991.8,57.706250000000004,245.38333333333333,1915.4,0.0,99.60694444444444,-454.0159722222222,0.0,-1000.0,142.79722222222222,452.0284722222222,1000.0,0.0,146.5652777777778,52.104166666666664,174.01666666666668,T01,0.3,12.7,4.834722222222222,1.0327083333333333,0.0,13.0,4.892361111111111,0.9046527777777779,27.0,34.0,30.604166666666668,1002.0,1008.0,1004.2430555555555,23.0,41.0,31.229166666666668,0.0,0.0,0.0,0.0,93.47916666666667,94.55555555555556,404.2083333333333,TRANSFORMER,1
2017-06-26 00:00:00+00:00,1656.1,0.0,754.2090277777778,50.734027777777776,41.770833333333336,53.3125,53.395833333333336,53.083333333333336,39.736111111111114,47.15277777777778,48.3125,34.19444444444444,14.7,0.0,6.579166666666667,20.5,0.4,3.686111111111111,0.7131944444444445,-9.786111111111111,254.08333333333334,26.6875,-540.3888888888889,15134.0,2101481.0,-378.94444444444446,-1002503,76.06944444444444,80.23611111111111,73.35416666666667,37.986111111111114,41.13194444444444,36.763888888888886,42.34722222222222,33.00694444444444,29.96527777777778,-3.0,89.7,10.421527777777778,1.0444444444444445,66.27083333333333,37.22222222222222,36.75694444444444,36.74305555555556,37.53472222222222,87.55138888888888,0.7916666666666666,49.99930555555555,399.9298611111111,398.87291666666664,398.1222222222222,94.08472222222223,103.17291666666667,92.87013888888889,823.3,-50.2,37.18055555555556,0.45972222222222225,3.589583333333333,39.41527777777778,-41.8125,1000.6,-892.5,27.366666666666667,95.27916666666667,1450.2,0.0,41.890277777777776,-344.05833333333334,0.0,-1000.0,105.14305555555556,344.05833333333334,1000.0,0.0,105.14305555555556,43.208333333333336,263.87291666666664,T01,0.0,9.4,3.591666666666667,0.31805555555555554,0.0,9.2,3.6118055555555557,0.3255555555555556,21.0,30.0,25.0,1004.0,1006.0,1005.1805555555555,22.0,93.0,62.145833333333336,0.0,0.0,0.0,0.0,68.47916666666667,68.9375,405.1041666666667,TRANSFORMER,1
2017-06-27 00:00:00+00:00,1722.3,86.4,1280.7256944444443,89.99444444444444,45.291666666666664,67.69444444444444,66.98611111111111,66.36805555555556,34.71527777777778,48.84027777777778,53.708333333333336,31.4375,15.2,0.0,11.330555555555556,42.6,0.4,6.246527777777778,1.1611111111111112,-1.2472222222222225,273.62847222222223,22.930555555555557,-298.2708333333333,82473.70833333333,11833260.0,-263.9583333333333,-2489796,75.02083333333333,80.77777777777777,74.59027777777777,39.0,40.5,33.048611111111114,42.298611111111114,32.208333333333336,25.979166666666668,-3.2,53.7,2.3159722222222223,1.3868055555555554,83.48611111111111,38.951388888888886,38.65277777777778,38.326388888888886,37.99305555555556,493.0798611111111,0.8486111111111111,49.99930555555555,398.6402777777778,397.3020833333333,398.5875,432.02986111111113,447.2340277777778,429.92569444444445,2099.2,-50.1,38.3125,0.8034722222222223,6.059722222222223,133.47777777777776,-103.70277777777778,836.5,-883.1,31.75347222222222,499.50763888888895,2000.0,0.0,134.85972222222222,-691.0819444444445,0.0,-1000.0,50.583333333333336,684.95625,1000.0,0.0,59.80694444444445,49.020833333333336,277.37361111111113,T01,1.4,12.2,6.345833333333333,0.5397222222222222,1.6,12.3,6.434027777777778,0.5524305555555555,19.0,24.0,21.54861111111111,1004.0,1009.0,1006.5069444444445,53.0,93.0,76.20833333333333,0.0,0.0,0.0,0.0,123.85416666666667,125.50694444444444,406.43055555555554,TRANSFORMER,1
2017-06-28 00:00:00+00:00,1735.1,0.0,1198.3625000000002,74.79652777777778,46.53472222222222,69.98611111111111,68.86805555555556,68.08333333333333,34.68055555555556,49.4375,53.59027777777778,31.92361111111111,15.3,0.0,10.593055555555557,39.1,0.4,6.38125,1.2486111111111111,-0.44513888888888875,294.0652777777778,22.666666666666668,-468.7916666666667,97348.75694444444,13950715.0,-362.19444444444446,-2523234,67.07638888888889,76.34027777777777,75.04861111111111,39.0625,40.833333333333336,32.05555555555556,42.43055555555556,33.06944444444444,25.02777777777778,-3.2,89.7,4.825694444444444,1.34375,81.09722222222223,39.013888888888886,38.71527777777778,38.395833333333336,37.888888888888886,581.3152777777777,0.8798611111111111,50.0,399.7270833333333,398.28194444444443,399.34375,496.3305555555556,513.6381944444444,496.84236111111113,2102.8,-50.0,38.8125,0.6736111111111112,6.176388888888889,152.67222222222222,-105.1236111111111,1000.2,-451.0,14.197222222222223,587.1409722222222,2000.0,0.0,153.69583333333333,-650.2465277777778,0.0,-1000.0,61.81736111111112,623.8354166666667,1000.0,0.0,81.76111111111112,49.0,297.00625,T01,1.1,13.9,6.636111111111111,0.6425694444444444,1.4,14.0,6.686111111111111,0.6579861111111112,19.0,23.0,21.36111111111111,1008.0,1010.0,1008.9583333333334,59.0,88.0,73.79861111111111,0.0,0.0,0.0,0.0,129.52777777777777,130.47222222222223,408.93055555555554,TRANSFORMER,1
2017-06-29 00:00:00+00:00,1770.9,1217.3,1522.4979166666667,60.881249999999994,50.55555555555556,81.63888888888889,79.68055555555556,78.71527777777777,34.96527777777778,53.291666666666664,58.548611111111114,32.49305555555556,15.6,10.8,13.485416666666667,42.5,0.4,7.986805555555555,1.4986111111111111,0.7118055555555555,304.2159722222222,21.82638888888889,-2.0833333333333335,141419.0625,20364045.0,-1.5763888888888888,-3652021,60.61805555555556,73.22916666666667,76.07638888888889,40.59027777777778,42.59027777777778,31.40972222222222,44.125,35.625,23.770833333333332,-3.2,10.0,-1.4756944444444444,0.6333333333333333,96.30555555555556,40.951388888888886,40.770833333333336,40.229166666666664,39.09027777777778,848.504861111111,0.9756944444444444,50.00277777777777,399.1145833333333,397.5201388888889,399.3881944444445,711.8534722222222,735.8215277777778,709.4465277777778,2104.3,-50.0,41.47222222222222,0.5361111111111111,7.7124999999999995,190.24444444444444,-152.1673611111111,17.8,-216.4,6.647222222222222,847.4604166666667,2000.0,0.0,189.41597222222222,-953.4305555555555,0.0,-1000.0,66.38888888888889,912.2166666666667,1000.0,0.0,84.85972222222222,52.104166666666664,311.00347222222223,T01,2.1,16.5,8.261805555555556,0.9852083333333334,2.4,16.8,8.286111111111111,0.9922916666666668,17.0,23.0,20.52777777777778,1007.0,1010.0,1008.2291666666666,38.0,87.0,59.05555555555556,0.0,0.0,0.0,0.0,162.22222222222223,162.71527777777777,408.19444444444446,TRANSFORMER,1
2017-06-30 00:00:00+00:00,1738.6,0.0,1415.4673611111111,80.51944444444445,46.72222222222222,72.07638888888889,71.22916666666667,70.55555555555556,32.77777777777778,51.40277777777778,56.104166666666664,30.604166666666668,15.4,0.0,12.53263888888889,39.3,0.4,6.768750000000001,1.3916666666666666,-3.002083333333333,287.2451388888889,21.47222222222222,-158.5,98070.35416666667,14099308.0,-97.13888888888889,-3123293,65.35416666666667,75.17361111111111,73.92361111111111,39.423611111111114,40.84027777777778,31.569444444444443,42.61805555555556,32.03472222222222,24.083333333333332,-3.2,84.9,-0.6256944444444444,0.9256944444444445,91.38194444444444,39.513888888888886,39.25694444444444,38.88194444444444,38.291666666666664,587.379861111111,0.9131944444444444,50.0,399.0826388888889,397.4402777777778,398.7708333333333,501.71250000000003,523.995138888889,498.3645833333333,2104.4,-50.7,39.05555555555556,0.7152777777777778,6.600694444444445,172.0701388888889,-130.11666666666667,1000.1,-212.2,12.647222222222222,589.1034722222222,2000.0,0.0,171.68958333333333,-843.5833333333334,0.0,-1000.0,87.63055555555555,836.0270833333333,1000.0,0.0,99.6625,45.513888888888886,287.7576388888889,T01,0.6000000000000001,14.8,7.455555555555555,0.9119444444444444,0.5,15.0,7.415972222222223,0.9149999999999999,15.0,24.0,20.09027777777778,1009.0,1012.0,1010.8333333333334,34.0,71.0,50.951388888888886,0.0,0.0,0.0,0.0,145.94444444444446,145.28472222222223,410.7361111111111,TRANSFORMER,1
2017-07-01 00:00:00+00:00,1713.3,0.0,950.0486111111111,101.76041666666667,42.72222222222222,57.97222222222222,57.80555555555556,57.25694444444444,35.68055555555556,48.24305555555556,50.84722222222222,32.3125,15.2,0.0,8.296527777777778,38.2,0.4,4.804166666666666,1.0451388888888888,-1.901388888888889,122.78194444444443,24.979166666666668,-586.9097222222222,49693.069444444445,7071287.0,-427.88194444444446,-1738652,73.6875,78.43055555555556,71.78472222222223,38.6875,40.416666666666664,33.798611111111114,42.15277777777778,31.78472222222222,26.97222222222222,-3.1,89.7,7.825694444444445,2.0395833333333333,71.26388888888889,38.15972222222222,37.78472222222222,37.65972222222222,37.958333333333336,294.6673611111111,0.8590277777777778,50.0,399.8527777777778,398.5201388888889,398.4465277777778,266.4243055555555,279.04791666666665,266.0402777777778,2101.2,-52.4,37.59722222222222,0.9159722222222223,4.702777777777778,98.86805555555556,-72.46527777777777,1000.2,-1000.1,36.545138888888886,303.2298611111111,2000.0,0.0,100.54374999999999,-520.0756944444444,0.0,-1000.0,93.76180555555555,518.5270833333333,1000.0,0.0,96.70763888888888,42.020833333333336,104.71597222222222,T01,0.0,13.4,4.784722222222222,1.0318055555555556,0.0,12.4,4.789583333333334,0.8491666666666666,17.0,31.0,23.77777777777778,1009.0,1012.0,1009.9652777777778,19.0,76.0,44.78472222222222,0.0,0.0,0.0,0.0,92.375,92.54861111111111,409.9166666666667,TRANSFORMER,1
2017-07-02 00:00:00+00:00,1813.1,0.0,1550.697222222222,35.140277777777776,73.26388888888889,120.14583333333333,114.36111111111111,112.59722222222223,46.666666666666664,54.40277777777778,61.979166666666664,37.4375,16.0,0.0,13.724305555555555,40.9,0.5,12.722222222222221,2.290972222222222,-1.0256944444444445,109.41458333333334,24.72222222222222,-251.25,267690.65972222225,38511275.0,-151.80555555555554,-4540702,83.85416666666667,98.67361111111111,105.53472222222223,44.875,47.423611111111114,33.34027777777778,48.84722222222222,45.576388888888886,26.083333333333332,-3.2,89.7,9.61111111111111,2.3194444444444446,109.54861111111111,45.625,45.729166666666664,44.53472222222222,42.083333333333336,1604.6458333333333,0.9847222222222223,50.00069444444445,399.6305555555556,397.81944444444446,402.4534722222222,1343.396527777778,1359.1687499999998,1329.78125,2108.8,-47.5,49.201388888888886,0.29305555555555557,12.087499999999999,116.9361111111111,-189.2,9.3,-230.6,4.179861111111111,1723.75625,2000.0,0.0,113.52222222222223,-680.713888888889,0.0,-1000.0,74.62013888888889,539.325,1000.0,0.0,82.48958333333333,67.20138888888889,110.4375,T01,1.4,25.7,13.004861111111111,4.965972222222223,1.6,22.3,13.089583333333334,1.796388888888889,20.0,28.0,23.57638888888889,1009.0,1012.0,1010.9722222222222,23.0,75.0,46.55555555555556,0.0,0.0,0.0,0.0,257.2083333333333,258.97222222222223,410.8958333333333,TRANSFORMER,1
2017-07-03 00:00:00+00:00,1842.9,0.0,1265.6048611111112,38.74652777777778,69.84027777777777,103.27777777777777,99.19444444444444,97.89583333333333,45.63194444444444,53.958333333333336,58.979166666666664,37.1875,16.2,0.0,11.15763888888889,41.4,0.5,12.134722222222223,2.3499999999999996,1.5131944444444445,115.04583333333332,24.958333333333332,-664.7152777777778,201156.11111111112,28870761.0,-482.9375,-3630277,77.94444444444444,94.02777777777777,103.125,42.69444444444444,46.50694444444444,33.076388888888886,46.99305555555556,42.736111111111114,26.22222222222222,-2.8,89.7,23.43472222222222,1.6868055555555557,96.13888888888889,43.048611111111114,43.02777777777778,42.18055555555556,40.65972222222222,1202.9166666666667,0.9520833333333333,49.99930555555555,400.2555555555556,398.6986111111111,402.77430555555554,1014.1145833333334,1023.6430555555556,1000.6381944444444,2109.7,-46.4,45.729166666666664,0.31180555555555556,11.715972222222222,141.02152777777778,-151.2625,4.4,-226.8,4.634722222222222,1553.9701388888889,2000.0,44.9,190.44375000000002,-610.6076388888889,0.0,-1000.0,52.12222222222223,513.754861111111,1000.0,0.0,72.18541666666667,63.24305555555556,113.52777777777777,T01,3.0,28.5,13.352083333333333,3.648888888888889,3.2,25.5,12.560416666666667,2.1393055555555556,21.0,27.0,23.90972222222222,1007.0,1011.0,1008.5902777777778,30.0,67.0,49.076388888888886,0.0,0.0,0.0,0.0,264.1111111111111,248.35416666666666,408.5625,TRANSFORMER,1
2017-07-04 00:00:00+00:00,1788.3,1269.2,1663.9020833333334,24.62222222222222,74.69444444444444,119.59722222222223,114.06944444444444,112.40972222222223,47.94444444444444,53.548611111111114,62.18055555555556,38.06944444444444,15.7,11.2,14.738888888888889,43.1,0.5,10.96875,2.09375,-1.2680555555555555,121.48055555555555,25.756944444444443,0.0,273070.6041666667,39322167.0,0.0,-4841584,80.81944444444444,95.80555555555556,104.97916666666667,45.55555555555556,48.145833333333336,33.97222222222222,49.375,46.270833333333336,27.319444444444443,-2.9,15.5,0.5131944444444444,1.6701388888888888,109.71527777777777,46.38194444444444,46.458333333333336,45.25694444444444,42.826388888888886,1638.445138888889,1.0,50.0,399.1645833333333,397.6590277777778,402.6652777777778,1370.36875,1384.7777777777778,1353.9416666666666,2109.9,267.2,49.395833333333336,0.21319444444444444,10.440972222222221,218.70555555555555,-201.73263888888889,-151.7,-228.3,3.4694444444444446,1634.2652777777778,2000.0,251.8,215.63194444444446,-840.2319444444444,-583.3,-1000.0,123.59930555555555,688.6041666666666,1000.0,406.1,149.95625,71.34027777777777,122.7388888888889,T01,2.6,20.2,11.14375,2.8816666666666664,2.5,18.3,10.73263888888889,2.2965277777777775,22.0,28.0,24.51388888888889,1005.0,1008.0,1006.4583333333334,45.0,78.0,56.208333333333336,0.0,0.0,0.0,0.0,219.90277777777777,211.71527777777777,406.40972222222223,TRANSFORMER,1
2017-07-05 00:00:00+00:00,1759.2,0.0,1104.6944444444443,135.39722222222224,48.125,67.98611111111111,67.51388888888889,67.06944444444444,38.56944444444444,48.69444444444444,52.31944444444444,32.30555555555556,15.5,0.0,9.727777777777778,23.1,0.4,5.304166666666666,0.9972222222222222,1.9249999999999998,173.53611111111113,23.125,-605.6388888888889,54413.88888888889,3874195.0,-481.1111111111111,-982150,60.611111111111114,71.63888888888889,74.90277777777777,38.875,41.111111111111114,30.125,42.69444444444444,33.875,23.708333333333332,-3.0,90.0,7.763888888888889,3.686111111111111,80.80555555555556,38.388888888888886,38.125,37.875,38.06944444444444,322.71666666666664,0.8152777777777778,49.99583333333333,400.00138888888887,398.59722222222223,398.94444444444446,293.4263888888889,306.6388888888889,287.975,2103.0,-50.0,38.666666666666664,1.2430555555555556,5.166666666666667,87.275,-81.84027777777777,1000.3,-953.0,36.19583333333333,337.84583333333336,2000.0,0.0,88.84027777777777,-509.2444444444444,0.0,-1000.0,132.34305555555557,498.41249999999997,1000.0,0.0,134.47777777777776,46.611111111111114,171.61527777777778,T01,0.4,16.5,5.015277777777778,0.9143750000000002,0.0,16.6,4.953472222222222,0.9462499999999999,21.0,26.0,22.90972222222222,1006.0,1008.0,1007.1111111111111,65.0,84.0,75.83333333333333,0.0,0.0,0.0,0.0,97.10416666666667,95.86111111111111,407.00694444444446,TRANSFORMER,1
2017-07-06 00:00:00+00:00,1585.4,0.0,782.6901408450705,165.66901408450704,35.7887323943662,46.16901408450704,46.267605633802816,46.04225352112676,34.352112676056336,42.32394366197183,45.25352112676056,29.0,14.0,0.0,6.771830985915493,14.0,0.4,3.7014084507042253,0.7112676056338029,-3.0887323943661973,251.05352112676056,21.47887323943662,-773.2676056338029,11410.915492957747,755270.0,-631.7887323943662,-463932,53.66197183098591,56.070422535211264,52.478873239436616,37.46478873239437,36.33802816901409,30.0,39.070422535211264,27.64788732394366,23.591549295774648,-2.5,90.0,12.725352112676056,5.0478873239436615,58.87323943661972,36.605633802816904,36.19718309859155,36.19718309859155,36.63380281690141,63.825352112676065,0.747887323943662,49.99718309859155,399.9281690140845,398.5957746478873,397.4549295774648,84.3718309859155,94.72535211267606,87.10140845070423,560.3,-50.0,34.16901408450704,1.5436619718309859,3.6492957746478876,33.859154929577464,-39.22957746478873,1000.8,-958.7,63.84647887323944,80.00985915492957,579.3,0.0,36.35352112676056,-297.6901408450704,0.0,-1000.0,115.34366197183098,297.6901408450704,1000.0,0.0,115.34366197183098,34.309859154929576,254.15211267605633,T01,0.2,9.1,4.192361111111111,0.43895833333333334,0.0,9.2,4.236111111111111,0.4684027777777778,19.0,24.0,20.930555555555557,1007.0,1010.0,1008.2222222222222,47.0,88.0,75.23611111111111,0.0,0.0,0.0,0.0,80.66666666666667,81.59722222222223,408.19444444444446,TRANSFORMER,1
2017-07-07 00:00:00+00:00,1683.6,0.0,771.15625,65.56527777777778,38.44444444444444,51.291666666666664,51.15277777777778,50.75694444444444,32.826388888888886,45.5625,47.048611111111114,29.78472222222222,14.9,0.0,6.742361111111111,23.2,0.4,4.170138888888889,0.8472222222222222,-9.386805555555556,239.0680555555556,21.819444444444443,-567.9444444444445,36124.895833333336,5120201.0,-340.44444444444446,-1344553,63.486111111111114,66.63194444444444,61.63194444444444,35.97222222222222,37.791666666666664,32.40277777777778,39.93055555555556,28.25,25.38888888888889,-3.1,58.5,11.063194444444443,0.7666666666666667,64.04861111111111,35.46527777777778,35.02777777777778,34.99305555555556,35.298611111111114,213.32222222222222,0.8930555555555555,50.0,400.2944444444445,399.14652777777775,398.50138888888887,191.54583333333332,201.01736111111111,191.36319444444445,1530.2,-48.6,34.86805555555556,0.5763888888888888,4.070833333333334,71.66111111111111,-56.025000000000006,1000.2,-992.4,15.56736111111111,221.15972222222223,1563.8,0.0,73.09791666666666,-430.3986111111111,0.0,-1000.0,44.43472222222223,430.3777777777778,1000.0,0.0,44.61388888888889,36.888888888888886,235.96666666666664,T01,0.0,12.6,4.268055555555556,0.43006944444444445,0.0,12.9,4.263194444444444,0.45437500000000003,17.0,23.0,20.61111111111111,1008.0,1011.0,1009.2916666666666,56.0,93.0,76.09722222222223,0.0,0.0,0.0,0.0,82.06944444444444,82.10416666666667,409.25694444444446,TRANSFORMER,1
2017-07-08 00:00:00+00:00,1677.5,0.0,1103.0229166666666,128.2736111111111,41.36805555555556,57.541666666666664,57.923611111111114,57.486111111111114,34.31944444444444,46.645833333333336,49.833333333333336,30.243055555555557,14.8,0.0,9.759722222222223,39.0,0.4,4.638194444444444,0.9986111111111112,1.8256944444444443,241.77291666666667,22.21527777777778,-441.2361111111111,27589.034722222223,3909282.0,-330.5833333333333,-1505899,70.23611111111111,74.90972222222223,68.52083333333333,38.388888888888886,39.81944444444444,32.74305555555556,42.166666666666664,29.520833333333332,25.680555555555557,-3.0,89.7,4.15625,3.3618055555555557,79.29861111111111,37.84027777777778,37.479166666666664,37.354166666666664,37.75694444444444,162.8986111111111,0.8048611111111111,50.00069444444445,399.9611111111111,398.64444444444445,397.90694444444443,158.41180555555556,172.7215277777778,158.4798611111111,1185.3,-51.0,37.5625,1.1534722222222222,4.5625,77.56944444444444,-62.71805555555555,1000.5,-888.5,39.77638888888889,172.01388888888889,1216.8,0.0,79.70625000000001,-530.0409722222222,0.0,-1000.0,165.41041666666666,530.0409722222222,1000.0,0.0,165.41041666666666,37.458333333333336,239.94583333333333,T01,1.4,10.3,5.197916666666667,0.4756944444444444,1.4,10.1,5.267361111111111,0.5127777777777778,19.0,23.0,20.84027777777778,1009.0,1011.0,1010.1458333333334,67.0,93.0,81.97916666666667,0.0,0.0,0.0,0.0,100.84027777777777,102.16666666666667,410.1111111111111,TRANSFORMER,1
2017-07-09 00:00:00+00:00,1603.6,0.0,837.8673611111111,139.20277777777778,37.666666666666664,48.99305555555556,49.201388888888886,48.875,36.423611111111114,44.02777777777778,46.854166666666664,30.541666666666668,14.2,0.0,7.350694444444445,22.3,0.4,3.752083333333333,0.8020833333333334,-0.6569444444444444,252.58749999999998,23.26388888888889,-633.1111111111111,11529.361111111111,1569057.0,-447.5138888888889,-827904,69.95138888888889,73.90277777777777,67.58333333333333,37.00694444444444,38.15972222222222,33.94444444444444,40.076388888888886,29.51388888888889,27.229166666666668,-2.5,89.7,9.889583333333333,3.8854166666666665,63.18055555555556,36.27777777777778,35.826388888888886,35.80555555555556,36.375,65.39375000000001,0.7590277777777779,50.0,400.2138888888889,398.8215277777778,397.75138888888887,84.48958333333333,93.26388888888889,85.38888888888889,748.3,-50.4,35.13194444444444,1.3048611111111112,3.7249999999999996,38.25416666666667,-34.484027777777776,1000.3,-973.7,51.08125,79.40416666666667,764.3,0.0,43.519444444444446,-281.8326388888889,0.0,-1000.0,116.24791666666667,281.8326388888889,1000.0,0.0,116.24791666666667,35.65277777777778,258.24027777777775,T01,0.5,8.6,4.034027777777777,0.3698611111111111,0.5,8.8,4.063194444444445,0.39798611111111115,19.0,27.0,21.76388888888889,1006.0,1011.0,1008.4166666666666,56.0,92.0,80.68055555555556,0.0,0.0,0.0,0.0,77.48611111111111,77.93055555555556,408.34722222222223,TRANSFORMER,1
2017-07-10 00:00:00+00:00,1656.0,0.0,571.7326388888889,63.69861111111111,37.645833333333336,46.895833333333336,46.9375,46.55555555555556,36.49305555555556,43.979166666666664,44.708333333333336,32.625,14.7,0.0,4.984027777777778,19.6,0.4,3.3305555555555557,0.6777777777777778,-23.986805555555556,245.6902777777778,25.145833333333332,-677.6944444444445,16773.993055555555,2317869.0,-359.0833333333333,-891638,72.11805555555556,75.91666666666667,69.72916666666667,36.27777777777778,38.93055555555556,34.833333333333336,40.375,30.48611111111111,28.02777777777778,-3.0,89.7,14.45138888888889,1.4118055555555555,58.0,35.4375,34.986111111111114,35.013888888888886,35.75694444444444,96.57986111111111,0.8888888888888888,50.00069444444445,400.2652777777778,399.2701388888889,397.33402777777775,92.78958333333334,103.70972222222223,97.16458333333334,837.0,-52.0,35.1875,0.5527777777777778,3.2819444444444446,35.46527777777778,-37.16736111111111,1000.3,-928.4,16.558333333333334,105.80347222222223,850.1,0.0,37.014583333333334,-295.3694444444444,0.0,-1000.0,45.84236111111111,295.3694444444444,1000.0,0.0,45.84236111111111,36.826388888888886,287.17499999999995,T01,0.1,9.5,3.6041666666666665,0.28861111111111115,0.0,9.6,3.5902777777777777,0.29256944444444444,19.0,29.0,23.819444444444443,1003.0,1007.0,1005.1527777777778,24.0,97.0,70.89583333333333,0.0,1.0,0.006944444444444444,0.0,68.74305555555556,68.45833333333333,405.125,TRANSFORMER,1
2017-07-11 00:00:00+00:00,1692.2,0.0,728.9458333333333,48.85138888888889,42.826388888888886,53.31944444444444,53.263888888888886,52.86805555555556,39.59722222222222,47.27777777777778,48.52777777777778,36.03472222222222,15.0,0.0,6.314583333333333,29.2,0.4,3.7430555555555554,0.7923611111111112,3.4104166666666664,143.96319444444444,28.791666666666668,-377.40972222222223,22608.3125,3201249.0,-182.97916666666666,-1271791,75.48611111111111,79.35416666666667,73.09027777777777,39.71527777777778,42.395833333333336,37.00694444444444,44.076388888888886,34.395833333333336,30.79861111111111,-3.0,44.0,10.652083333333334,0.5763888888888888,65.625,38.895833333333336,38.46527777777778,38.541666666666664,39.52777777777778,133.38402777777776,0.8791666666666668,50.00069444444445,399.5395833333333,398.62152777777777,397.27777777777777,122.63055555555555,134.35555555555555,123.46875,1369.2,-50.2,39.1875,0.4291666666666667,3.6381944444444443,62.08402777777778,-53.00347222222222,1002.0,-752.9,11.598611111111111,136.54166666666666,1404.0,0.0,60.93472222222223,-416.25208333333336,0.0,-1000.0,110.18541666666667,416.25208333333336,1000.0,0.0,110.18541666666667,41.979166666666664,218.0722222222222,T01,0.0,11.5,4.113888888888889,0.7206944444444444,0.0,10.6,4.088888888888889,0.4142361111111111,21.0,35.0,27.520833333333332,1005.0,1007.0,1005.5,25.0,86.0,48.63194444444444,0.0,0.0,0.0,0.0,79.01388888888889,78.52083333333333,405.47222222222223,TRANSFORMER,1
2017-07-12 00:00:00+00:00,1687.5,0.0,743.10625,61.84444444444445,47.270833333333336,59.645833333333336,59.43055555555556,59.111111111111114,42.013888888888886,51.28472222222222,52.65277777777778,38.22222222222222,15.0,0.0,6.561805555555555,22.3,0.4,5.248611111111111,1.0125000000000002,8.172916666666667,136.8,31.97222222222222,-805.0138888888889,37950.03472222222,5348883.0,-688.9513888888889,-1690741,80.72222222222223,85.51388888888889,79.03472222222223,40.625,44.90972222222222,39.625,45.888888888888886,38.916666666666664,33.19444444444444,-3.1,89.7,35.86388888888889,1.0645833333333332,71.10416666666667,39.979166666666664,39.486111111111114,39.4375,40.604166666666664,222.83749999999998,0.8333333333333334,50.00208333333333,399.7611111111111,398.86527777777775,397.8597222222222,201.3361111111111,212.75,201.80833333333334,1395.6,-44.1,40.90972222222222,0.5395833333333333,5.168749999999999,65.95833333333333,-70.42708333333333,802.0,-661.9,7.789583333333334,296.58958333333334,1427.7,0.0,101.15555555555555,-481.78125,0.0,-1000.0,32.83611111111111,481.78125,1000.0,0.0,32.83888888888889,47.65277777777778,131.12847222222223,T01,0.5,12.5,5.203472222222222,0.9490277777777778,0.4,12.0,5.820138888888889,0.5594444444444444,26.0,39.0,30.819444444444443,1006.0,1009.0,1007.2847222222222,21.0,42.0,33.326388888888886,0.0,0.0,0.0,0.0,100.86111111111111,113.22916666666667,407.2291666666667,TRANSFORMER,1
2017-07-13 00:00:00+00:00,1683.6,0.0,793.1805555555555,95.29722222222222,48.486111111111114,59.31944444444444,59.270833333333336,58.86805555555556,45.486111111111114,49.979166666666664,52.208333333333336,39.736111111111114,14.9,0.0,6.982638888888889,43.8,0.4,4.028472222222223,0.7506944444444446,-3.1347222222222224,112.4388888888889,33.548611111111114,-852.2916666666666,20625.243055555555,2847308.0,-681.2569444444445,-1305260,81.56944444444444,85.34722222222223,78.90277777777777,43.4375,47.02777777777778,41.18055555555556,48.479166666666664,39.770833333333336,34.861111111111114,-3.1,89.7,21.820833333333333,2.497916666666667,71.95833333333333,42.5625,42.18055555555556,42.166666666666664,43.78472222222222,118.61319444444445,0.7534722222222222,50.00069444444445,399.3659722222222,398.27916666666664,397.0805555555555,120.43541666666667,132.51597222222222,120.8138888888889,1328.2,-50.0,43.736111111111114,0.8541666666666666,3.931944444444445,47.11736111111111,-54.38819444444445,1000.3,-436.9,19.717361111111114,138.98125,1373.2,0.0,52.107638888888886,-338.5138888888889,0.0,-1000.0,77.95138888888889,338.5138888888889,1000.0,0.0,77.95138888888889,47.736111111111114,115.57083333333334,T01,0.0,11.9,4.076388888888889,0.6822222222222222,0.0,11.0,4.279166666666667,0.4726388888888889,29.0,38.0,32.736111111111114,1006.0,1008.0,1007.0902777777778,28.0,43.0,34.416666666666664,0.0,0.0,0.0,0.0,78.34722222222223,82.3125,407.0486111111111,TRANSFORMER,1
2017-07-14 00:00:00+00:00,1493.2,0.0,736.9437499999999,94.71388888888889,45.18055555555556,55.0625,55.25,54.84027777777778,44.52777777777778,48.826388888888886,50.11805555555556,37.395833333333336,13.2,0.0,6.396527777777778,19.0,0.4,3.45,0.7159722222222222,-0.44722222222222224,123.80000000000001,30.73611111111111,-892.7013888888889,8532.75,1100175.0,-621.3125,-856521,79.39583333333333,83.19444444444444,76.57638888888889,40.979166666666664,44.701388888888886,40.208333333333336,46.06944444444444,37.25,33.583333333333336,-2.7,63.2,11.178472222222222,2.3583333333333334,69.01388888888889,40.0625,39.65277777777778,39.68055555555556,41.138888888888886,45.84652777777777,0.7520833333333334,50.0,400.2631944444445,399.2590277777778,397.6979166666667,65.88472222222222,76.02083333333333,68.04027777777777,473.3,-52.0,40.986111111111114,0.8888888888888888,3.370833333333333,31.615972222222222,-35.66875,910.6,-1002.8,41.78263888888889,58.97847222222222,481.1,0.0,32.04236111111111,-232.0361111111111,0.0,-1000.0,117.28680555555555,232.0361111111111,1000.0,0.0,117.28680555555555,43.74305555555556,114.26249999999999,T01,0.0,9.7,3.4604166666666667,0.49486111111111114,0.0,8.7,3.577777777777778,0.4020138888888889,23.0,35.0,29.604166666666668,1005.0,1008.0,1006.7152777777778,34.0,73.0,51.270833333333336,0.0,0.0,0.0,0.0,65.88194444444444,68.27083333333333,406.6111111111111,TRANSFORMER,1
2017-07-15 00:00:00+00:00,1736.9,240.3,1422.8638888888888,62.047916666666666,52.02777777777778,75.70833333333333,75.06944444444444,74.47916666666667,40.02777777777778,52.833333333333336,57.895833333333336,36.611111111111114,15.3,2.1,12.605555555555556,40.2,0.5,6.621527777777778,1.1541666666666668,0.08333333333333331,108.99791666666667,28.4375,-12.020833333333334,85326.79861111111,12285328.0,-10.229166666666666,-2854697,75.61111111111111,82.97916666666667,79.14583333333333,41.09027777777778,44.326388888888886,37.208333333333336,45.5625,38.708333333333336,30.368055555555557,-3.2,24.1,-1.3423611111111111,0.5041666666666668,92.29861111111111,40.888888888888886,40.701388888888886,40.31944444444444,40.22222222222222,511.95000000000005,0.9194444444444445,50.00138888888889,399.43819444444443,397.6506944444444,398.0416666666667,430.25069444444443,462.83750000000003,435.39444444444445,2101.0,-50.3,41.3125,0.5451388888888888,6.404861111111111,125.41458333333334,-118.96666666666667,892.2,-451.9,8.567361111111111,512.2819444444444,2000.0,0.0,125.89930555555556,-890.1506944444444,0.0,-1000.0,79.17569444444445,882.1520833333333,1000.0,0.0,86.16319444444444,54.05555555555556,108.90833333333333,T01,0.8,16.9,6.971527777777777,1.2181944444444444,0.8,14.7,6.933333333333334,0.665138888888889,23.0,33.0,27.368055555555557,1006.0,1009.0,1007.3611111111111,45.0,91.0,66.96527777777777,0.0,0.0,0.0,0.0,136.24305555555554,135.52083333333334,407.31944444444446,TRANSFORMER,1
2017-07-16 00:00:00+00:00,1814.6,0.0,1565.798611111111,26.91736111111111,71.40277777777777,116.64583333333333,112.125,110.38888888888889,44.86805555555556,54.541666666666664,62.798611111111114,39.763888888888886,16.0,0.0,13.85625,39.9,0.9,11.300694444444444,1.9291666666666667,-2.4145833333333333,103.80347222222223,27.8125,-248.5625,249090.27777777778,35833207.0,-151.02083333333334,-4078418,80.43055555555556,94.47916666666667,103.09027777777777,46.19444444444444,49.451388888888886,35.94444444444444,50.56944444444444,47.666666666666664,29.09722222222222,-2.9,86.2,6.297916666666667,1.5305555555555557,109.83333333333333,46.75694444444444,46.826388888888886,45.708333333333336,43.84722222222222,1492.976388888889,0.9937499999999999,50.0,400.18680555555557,398.1027777777778,402.21875,1239.9090277777777,1268.329861111111,1237.709027777778,2112.3,-46.7,50.13194444444444,0.22916666666666666,10.713194444444445,160.16319444444446,-169.93055555555554,-13.4,-228.6,4.310416666666667,1629.9499999999998,2000.0,202.8,159.41111111111113,-822.8548611111112,0.0,-1000.0,69.07291666666667,681.8090277777778,1000.0,0.0,100.0375,71.46527777777777,106.22916666666667,T01,4.1,18.3,10.325694444444444,2.6339583333333336,5.4,17.2,10.875,0.7943055555555555,24.0,31.0,26.6875,1007.0,1009.0,1007.8819444444445,34.0,83.0,61.49305555555556,0.0,0.0,0.0,0.0,203.5625,214.59722222222223,407.86805555555554,TRANSFORMER,1
2017-07-17 00:00:00+00:00,1813.0,0.0,1279.8680555555557,35.20625,73.59722222222223,116.80555555555556,111.65972222222223,109.95833333333333,49.833333333333336,54.93055555555556,61.30555555555556,38.576388888888886,15.9,0.0,11.286805555555555,38.9,0.7000000000000001,12.814583333333333,2.2756944444444445,-1.9701388888888889,103.71805555555555,27.27777777777778,-862.2986111111111,239087.97222222222,34304497.0,-548.5763888888889,-3674132,85.41666666666667,101.72916666666667,112.65277777777777,44.65972222222222,49.208333333333336,35.111111111111114,50.40972222222222,47.75694444444444,28.40972222222222,-2.5,89.7,24.472916666666666,2.4916666666666667,103.50694444444444,45.166666666666664,45.21527777777778,44.13194444444444,42.458333333333336,1429.3256944444445,0.9652777777777778,50.0,400.56319444444443,398.65208333333334,402.40416666666664,1196.7493055555556,1213.3819444444443,1191.1854166666667,2107.6,-49.4,50.3125,0.2826388888888889,12.247222222222222,90.45902777777778,-153.08402777777778,9.3,-227.7,5.820138888888889,1836.8631944444444,2000.0,204.5,103.84305555555555,-513.057638888889,0.0,-1000.0,66.42569444444445,378.3388888888889,1000.0,0.0,63.0638888888889,68.00694444444444,105.69722222222222,T01,4.1,21.7,11.425,3.4688194444444442,4.5,19.7,12.3625,1.3000694444444445,24.0,29.0,26.208333333333332,1004.0,1008.0,1005.8125,48.0,74.0,58.44444444444444,0.0,0.0,0.0,0.0,225.61111111111111,244.375,405.7638888888889,TRANSFORMER,1
2017-07-18 00:00:00+00:00,1790.6,0.0,1211.8916666666667,100.38055555555555,54.84722222222222,76.22222222222223,75.02777777777777,74.24305555555556,41.75,52.28472222222222,56.4375,37.53472222222222,15.8,0.0,10.675,26.5,0.4,7.747222222222222,1.457638888888889,-1.8194444444444444,150.95,28.86111111111111,-647.1736111111111,99141.27083333333,14183146.0,-476.22222222222223,-2948512,66.02083333333333,77.88194444444444,82.29861111111111,41.548611111111114,45.173611111111114,36.75694444444444,45.625,40.28472222222222,30.069444444444443,-3.0,89.7,10.527777777777779,2.113888888888889,84.23611111111111,41.361111111111114,41.111111111111114,40.75694444444444,40.6875,590.9729166666667,0.8777777777777778,50.0,399.8979166666667,398.2993055555555,399.50625,516.7874999999999,532.3888888888889,512.495138888889,2104.4,-50.3,41.861111111111114,0.8916666666666667,7.506944444444445,151.10625,-122.8326388888889,1000.3,-750.5,24.275694444444444,805.3243055555555,2000.0,0.0,148.70069444444445,-669.4381944444444,0.0,-1000.0,62.36319444444444,646.2666666666667,1000.0,0.0,72.37083333333334,59.43055555555556,150.26666666666668,T01,0.7000000000000001,21.6,8.050694444444444,1.9706249999999998,0.8,18.8,7.739583333333333,1.2629861111111111,24.0,33.0,27.868055555555557,1003.0,1007.0,1004.2569444444445,30.0,83.0,51.84722222222222,0.0,0.0,0.0,0.0,157.97222222222223,151.65972222222223,404.19444444444446,TRANSFORMER,1
2017-07-19 00:00:00+00:00,1673.2,0.0,1011.0152777777779,95.44236111111111,42.986111111111114,57.59027777777778,57.625,57.236111111111114,37.833333333333336,48.423611111111114,51.076388888888886,32.166666666666664,14.8,0.0,8.889583333333333,22.7,0.4,4.667361111111111,0.8881944444444445,-0.41527777777777786,247.10555555555553,24.4375,-629.2222222222222,33044.416666666664,4667793.0,-522.8055555555555,-1561552,64.23611111111111,71.31944444444444,69.0625,38.291666666666664,40.56944444444444,34.93055555555556,42.40277777777778,32.25694444444444,28.166666666666668,-3.2,85.0,6.351388888888889,2.2215277777777778,74.15277777777777,37.854166666666664,37.47222222222222,37.354166666666664,37.84027777777778,194.48819444444445,0.7868055555555556,49.99930555555555,400.0520833333333,398.6798611111111,397.63750000000005,190.01180555555555,205.6534722222222,194.07430555555555,1402.3,-52.1,37.65277777777778,0.8895833333333333,4.552777777777778,66.3375,-65.02291666666666,1000.5,-992.7,54.25416666666667,204.32777777777778,1437.2,0.0,67.78680555555555,-494.2909722222222,0.0,-1000.0,106.63055555555555,494.2909722222222,1000.0,0.0,106.63541666666667,46.416666666666664,247.51736111111111,T01,0.7000000000000001,10.6,4.859027777777778,0.43833333333333335,0.5,10.9,4.854166666666667,0.4707638888888889,20.0,26.0,22.881944444444443,1006.0,1009.0,1007.4097222222222,60.0,98.0,80.95138888888889,0.0,0.0,0.0,0.0,93.99305555555556,93.89583333333333,407.3263888888889,TRANSFORMER,1
2017-07-20 00:00:00+00:00,1697.0,0.0,901.569105691057,107.6040650406504,39.260162601626014,51.8780487804878,51.68292682926829,51.235772357723576,35.699186991869915,45.9349593495935,48.60162601626016,31.276422764227643,15.1,0.0,7.88130081300813,23.5,0.4,4.699186991869919,0.9349593495934959,3.265040650406504,240.38861788617885,23.495934959349594,-549.3983739837398,42048.85365853659,5104435.0,-344.0325203252033,-1300448,71.9430894308943,75.95934959349593,70.17886178861788,37.08943089430894,38.61788617886179,33.422764227642276,40.45528455284553,30.308943089430894,26.926829268292682,-3.3,89.7,9.471544715447154,2.3138211382113822,63.577235772357724,36.59349593495935,36.21138211382114,36.16260162601626,36.41463414634146,249.0178861788618,0.8934959349593496,50.00081300813009,399.4959349593496,398.5975609756098,398.2154471544715,221.0918699186992,229.33577235772358,220.29430894308945,1759.4,-50.2,35.65040650406504,0.9682926829268294,4.594308943089431,79.72845528455285,-63.421138211382114,930.9,-441.2,14.877235772357725,259.0040650406504,1814.1,0.0,83.36016260162602,-474.760162601626,0.0,-1000.0,64.97479674796747,474.7243902439024,1000.0,0.0,65.24227642276423,41.6260162601626,237.12439024390244,T01,1.2,11.7,4.960416666666666,0.4388194444444445,1.1,12.6,5.011805555555556,0.4675694444444444,20.0,25.0,21.82638888888889,1005.0,1009.0,1007.0555555555555,48.0,96.0,76.5625,0.0,0.0,0.0,0.0,96.01388888888889,97.11111111111111,406.9861111111111,TRANSFORMER,1
2017-07-21 00:00:00+00:00,1663.6,0.0,1078.68,113.51263157894736,42.68421052631579,60.22105263157895,60.2,59.8,34.421052631578945,47.747368421052634,50.810526315789474,30.873684210526317,14.7,0.0,9.537894736842105,35.6,0.4,4.932631578947369,1.066315789473684,-2.572631578947368,271.2115789473684,22.936842105263157,-410.18947368421055,33738.673684210524,3166211.0,-411.66315789473686,-1090754,72.28421052631579,76.48421052631579,70.70526315789473,38.0,40.05263157894737,33.126315789473686,42.51578947368421,30.589473684210525,26.736842105263158,-3.0,90.0,6.813684210526315,3.163157894736842,76.13684210526316,37.62105263157895,37.242105263157896,37.09473684210526,37.536842105263155,193.79263157894735,0.7905263157894737,50.0,400.0473684210526,398.9810526315789,398.5378947368421,180.54736842105262,192.06947368421052,180.05157894736843,1383.0,-51.0,37.85263157894737,1.023157894736842,4.794736842105263,94.40736842105264,-67.64631578947368,1000.1,-799.9,26.569473684210525,208.39052631578946,1396.4,0.0,97.53684210526316,-562.0642105263157,0.0,-1000.0,141.73789473684212,562.0642105263157,1000.0,0.0,141.73789473684212,48.4,273.78,T01,1.2,10.5,5.265277777777778,0.524375,1.0,10.5,5.340277777777778,0.5426388888888889,19.0,23.0,20.84027777777778,1005.0,1008.0,1006.4027777777778,54.0,86.0,70.56944444444444,0.0,0.0,0.0,0.0,102.06944444444444,103.61805555555556,406.3333333333333,TRANSFORMER,1
2017-07-22 00:00:00+00:00,1672.6,0.0,853.786111111111,87.89236111111111,38.46527777777778,51.020833333333336,51.00694444444444,50.736111111111114,35.0625,45.1875,47.673611111111114,30.395833333333332,14.8,0.0,7.518750000000001,22.2,0.4,4.2444444444444445,0.8493055555555555,1.3319444444444444,241.17499999999998,23.006944444444443,-552.8263888888889,23615.041666666668,3320960.0,-559.9305555555555,-1194078,70.29166666666667,74.4375,68.375,36.333333333333336,37.923611111111114,33.111111111111114,39.798611111111114,29.45138888888889,26.47222222222222,-3.0,89.7,9.989583333333334,1.932638888888889,64.31944444444444,35.625,35.21527777777778,35.201388888888886,35.513888888888886,138.3951388888889,0.76875,50.0,400.12291666666664,398.9791666666667,397.92569444444445,129.17222222222222,143.21041666666667,133.4763888888889,1233.7,-50.2,34.65972222222222,0.7993055555555555,4.180555555555555,52.806250000000006,-49.766666666666666,999.8,-937.9,21.177083333333332,149.67291666666668,1274.2,0.0,57.25486111111112,-405.0805555555555,0.0,-1000.0,86.82291666666667,405.0805555555555,1000.0,0.0,86.82291666666667,40.74305555555556,239.8465277777778,T01,1.3,9.6,4.835416666666666,0.3288888888888889,1.3,9.7,4.847222222222222,0.38125,18.0,27.0,21.71527777777778,1006.0,1009.0,1007.0138888888889,42.0,93.0,73.27083333333333,0.0,0.0,0.0,0.0,93.45833333333333,93.63888888888889,406.97222222222223,TRANSFORMER,1
2017-07-23 00:00:00+00:00,1653.8,0.0,663.6972222222222,72.05069444444445,38.611111111111114,48.84027777777778,48.75,48.416666666666664,37.388888888888886,45.041666666666664,46.28472222222222,32.63194444444444,14.7,0.0,5.652083333333334,24.3,0.4,3.638888888888889,0.73125,-4.336805555555555,242.2159722222222,25.194444444444443,-613.8958333333334,20863.743055555555,2915978.0,-593.3888888888889,-1061157,72.14583333333333,75.90972222222223,69.84027777777777,36.076388888888886,38.791666666666664,34.44444444444444,40.15277777777778,31.083333333333332,27.9375,-3.0,89.7,13.023611111111112,1.395138888888889,58.11805555555556,35.34722222222222,34.93055555555556,34.958333333333336,35.486111111111114,121.5201388888889,0.7631944444444445,50.0,400.0833333333333,399.1013888888889,397.87708333333336,115.7923611111111,126.7826388888889,118.9701388888889,1013.7,-51.8,35.03472222222222,0.64375,3.5618055555555554,41.80833333333333,-44.21527777777778,1000.0,-990.2,19.477083333333333,128.00625000000002,1042.8,0.0,42.05416666666667,-333.97083333333336,0.0,-1000.0,50.68680555555555,333.97083333333336,1000.0,0.0,50.68680555555555,39.84722222222222,246.55833333333334,T01,0.2,9.7,3.638888888888889,0.29625,0.0,9.9,3.607638888888889,0.31625,19.0,30.0,23.979166666666668,1008.0,1011.0,1009.4791666666666,40.0,96.0,69.65972222222223,0.0,0.0,0.0,0.0,69.38194444444444,68.88888888888889,409.44444444444446,TRANSFORMER,1
2017-07-24 00:00:00+00:00,1684.6,0.0,583.7229166666667,44.49861111111111,39.99305555555556,49.68055555555556,49.583333333333336,49.15972222222222,37.604166666666664,46.145833333333336,46.53472222222222,33.99305555555556,14.9,0.0,4.983333333333333,19.8,0.4,3.6458333333333335,0.7430555555555556,-33.78611111111111,232.7722222222222,26.506944444444443,-628.8958333333334,27543.277777777777,3875670.0,-646.2222222222222,-1107001,74.33333333333333,78.15972222222223,72.19444444444444,38.24305555555556,40.56944444444444,36.166666666666664,42.138888888888886,32.02777777777778,29.54861111111111,-3.1,89.7,14.215277777777779,0.8618055555555555,59.65972222222222,37.451388888888886,37.00694444444444,37.013888888888886,37.875,161.48055555555555,0.7680555555555556,50.0,399.90972222222223,398.9861111111111,397.4034722222222,143.8513888888889,157.50416666666666,151.68194444444444,1591.9,-50.1,37.236111111111114,0.3923611111111111,3.5625,41.10347222222222,-46.14513888888889,1000.0,-935.4,13.215277777777779,166.69305555555556,1620.8,0.0,40.71597222222223,-347.5534722222222,0.0,-1000.0,25.385416666666668,347.5368055555556,1000.0,0.0,25.57986111111111,40.486111111111114,266.5701388888889,T01,0.0,11.6,3.561111111111111,0.2813888888888889,0.0,11.7,3.5465277777777775,0.29888888888888887,19.0,31.0,25.21527777777778,1007.0,1011.0,1009.3055555555555,37.0,97.0,65.72222222222223,0.0,0.0,0.0,0.0,67.91666666666667,67.78472222222223,409.2638888888889,TRANSFORMER,1
2017-07-25 00:00:00+00:00,1591.4,0.0,643.1951388888889,106.58680555555556,39.951388888888886,48.44444444444444,48.55555555555556,48.22222222222222,39.611111111111114,46.763888888888886,48.041666666666664,33.375,14.1,0.0,5.521527777777778,26.2,0.4,3.3680555555555554,0.6576388888888889,-1.7006944444444443,204.875,26.0625,-827.9444444444445,8261.319444444445,1070406.0,-908.5763888888889,-520307,74.02083333333333,77.63888888888889,71.31944444444444,37.71527777777778,40.25694444444444,36.84027777777778,41.77777777777778,32.13194444444444,30.23611111111111,-2.7,89.7,13.949305555555556,2.946527777777778,58.895833333333336,36.875,36.40972222222222,36.5,37.43055555555556,44.59791666666667,0.6631944444444444,50.00069444444445,400.2951388888889,399.3826388888889,397.40277777777777,58.30277777777778,67.23263888888889,63.1875,682.0,-52.1,36.638888888888886,1.0034722222222223,3.3208333333333333,24.474305555555556,-21.695833333333333,1000.1,-921.4,32.0125,58.47708333333334,706.9,0.0,27.444444444444443,-189.19166666666666,0.0,-1000.0,70.01666666666667,189.19166666666666,1000.0,0.0,70.01666666666667,38.6875,206.5701388888889,T01,0.4,8.3,3.470833333333333,0.2521527777777778,0.5,8.2,3.4006944444444445,0.27847222222222223,20.0,30.0,24.82638888888889,1004.0,1008.0,1005.9930555555555,46.0,100.0,70.59027777777777,0.0,1.0,0.006944444444444444,0.0,66.13888888888889,64.80555555555556,405.9375,TRANSFORMER,1
2017-07-26 00:00:00+00:00,1657.4,0.0,647.6208333333333,112.21666666666667,39.34027777777778,48.65277777777778,48.80555555555556,48.520833333333336,39.354166666666664,46.416666666666664,47.93055555555556,33.361111111111114,14.7,0.0,5.526388888888889,18.4,0.4,3.473611111111111,0.7680555555555556,2.9923611111111112,207.96041666666667,26.180555555555557,-814.5555555555555,11865.569444444445,1591340.0,-1089.3819444444443,-929465,73.30555555555556,76.81944444444444,70.53472222222223,39.208333333333336,41.076388888888886,36.25694444444444,42.833333333333336,31.625,29.555555555555557,-3.0,89.7,13.599305555555555,2.832638888888889,61.05555555555556,38.28472222222222,37.770833333333336,37.888888888888886,38.958333333333336,66.30763888888889,0.651388888888889,50.0,399.96944444444443,399.0201388888889,397.6979166666667,79.36805555555556,88.75208333333333,82.475,872.4,-51.1,37.97222222222222,1.0645833333333334,3.4312500000000004,33.21180555555556,-38.798611111111114,1000.2,-1000.1,35.425694444444446,80.24166666666666,894.3,0.0,38.015277777777776,-263.0520833333333,0.0,-1000.0,80.52222222222223,263.0520833333333,1000.0,0.0,80.52222222222223,38.06944444444444,209.9659722222222,T01,0.2,8.8,3.595138888888889,0.43451388888888887,0.0,8.9,3.4409722222222223,0.46090277777777783,19.0,33.0,24.79861111111111,1005.0,1007.0,1005.9930555555555,44.0,99.0,74.06944444444444,0.0,0.0,0.0,0.0,68.61111111111111,65.52777777777777,405.94444444444446,TRANSFORMER,1
2017-07-27 00:00:00+00:00,1607.0,0.0,751.7777777777778,81.98611111111111,42.80555555555556,53.38194444444444,53.49305555555556,53.21527777777778,41.65277777777778,47.93055555555556,49.791666666666664,35.513888888888886,14.2,0.0,6.591666666666666,18.8,0.4,3.7395833333333335,0.6993055555555556,3.8131944444444446,182.97500000000002,28.96527777777778,-795.8472222222222,13852.736111111111,1880190.0,-987.4930555555555,-1016549,75.80555555555556,79.34722222222223,72.79861111111111,39.888888888888886,43.0,38.923611111111114,44.645833333333336,34.90972222222222,32.03472222222222,-2.8,89.7,11.29375,1.9541666666666666,67.30555555555556,39.02777777777778,38.576388888888886,38.61805555555556,39.81944444444444,78.35,0.663888888888889,49.99930555555555,399.72847222222225,398.775,397.57916666666665,87.32638888888889,97.67083333333333,90.17083333333333,718.1,-50.1,39.61805555555556,0.7722222222222223,3.6631944444444446,31.75416666666667,-42.395833333333336,1000.3,-999.6,26.479166666666668,90.78472222222223,726.9,0.0,35.142361111111114,-319.91597222222225,0.0,-1000.0,80.14652777777778,319.91597222222225,1000.0,0.0,80.14652777777778,42.020833333333336,199.16597222222222,T01,0.2,9.4,3.834027777777778,0.37388888888888894,0.2,9.2,3.9756944444444446,0.3288888888888889,23.0,35.0,27.84027777777778,1005.0,1008.0,1006.2013888888889,40.0,76.0,57.375,0.0,0.0,0.0,0.0,73.45833333333333,76.15972222222223,406.13194444444446,TRANSFORMER,1
2017-07-28 00:00:00+00:00,1618.4,0.0,575.5069444444445,46.21388888888889,41.25,50.541666666666664,50.5625,50.1875,43.19444444444444,47.076388888888886,47.354166666666664,35.93055555555556,14.3,0.0,4.960416666666666,18.7,0.4,3.152083333333333,0.5777777777777778,-10.991666666666667,232.6902777777778,28.631944444444443,-667.7916666666666,13064.569444444445,1785136.0,-784.1944444444445,-897069,76.54861111111111,79.92361111111111,73.52777777777777,39.923611111111114,42.638888888888886,38.020833333333336,44.138888888888886,34.5,31.48611111111111,-3.2,86.3,15.360416666666667,1.19375,61.798611111111114,38.895833333333336,38.548611111111114,38.541666666666664,39.80555555555556,74.39652777777778,0.68125,50.0,400.25069444444443,399.3576388888889,397.72222222222223,78.93819444444445,89.31944444444444,83.14930555555556,740.4,-50.2,39.111111111111114,0.40625,3.08125,31.01805555555556,-37.36666666666667,1000.0,-1000.2,21.658333333333335,81.25972222222222,755.6,0.0,30.505555555555556,-295.03194444444443,0.0,-1000.0,66.35763888888889,295.03194444444443,1000.0,0.0,66.35763888888889,41.229166666666664,291.20902777777775,T01,0.0,8.6,3.2506944444444446,0.25062500000000004,0.0,8.4,3.2381944444444444,0.2536111111111111,23.0,33.0,27.319444444444443,1006.0,1008.0,1007.1597222222222,19.0,79.0,49.611111111111114,0.0,0.0,0.0,0.0,61.763888888888886,61.5625,407.11805555555554,TRANSFORMER,1
2017-07-29 00:00:00+00:00,1615.9,0.0,565.5895833333333,81.17569444444445,38.458333333333336,46.611111111111114,46.708333333333336,46.395833333333336,40.541666666666664,45.333333333333336,46.13194444444444,33.56944444444444,14.3,0.0,4.822222222222222,21.5,0.4,3.0597222222222222,0.6277777777777778,-7.4944444444444445,238.10763888888889,26.541666666666668,-849.9305555555555,8005.25,1030368.0,-879.2013888888889,-812312,74.0,77.38194444444444,71.19444444444444,37.833333333333336,40.34722222222222,36.74305555555556,41.951388888888886,31.993055555555557,30.09027777777778,-2.4,89.7,14.984027777777776,2.2131944444444445,56.65972222222222,36.99305555555556,36.416666666666664,36.513888888888886,37.611111111111114,42.949305555555554,0.6541666666666667,49.99930555555555,400.05277777777775,398.90833333333336,397.12569444444443,72.79583333333333,82.05902777777777,77.85624999999999,794.7,-52.2,36.951388888888886,0.8048611111111111,3.026388888888889,26.677777777777777,-33.88611111111111,1000.2,-1000.6,70.33888888888889,54.230555555555554,812.8,0.0,28.602083333333333,-195.4375,0.0,-1000.0,78.29444444444444,195.4375,1000.0,0.0,78.29444444444444,37.97222222222222,250.5986111111111,T01,0.6000000000000001,8.6,3.2472222222222222,0.26256944444444447,0.4,8.7,3.2020833333333334,0.2790972222222222,19.0,31.0,25.3125,1006.0,1009.0,1007.7916666666666,38.0,99.0,67.75694444444444,0.0,0.0,0.0,0.0,61.6875,60.75694444444444,407.74305555555554,TRANSFORMER,1
2017-07-30 00:00:00+00:00,1640.5,0.0,597.2493055555556,129.38819444444445,39.03472222222222,47.59722222222222,47.63194444444444,47.291666666666664,40.34722222222222,45.84722222222222,47.0,33.56944444444444,14.5,0.0,5.136111111111111,21.0,0.4,3.2215277777777778,0.6576388888888889,2.8388888888888895,221.0625,26.21527777777778,-895.2708333333334,9378.305555555555,1221554.0,-996.5625,-535119,74.07638888888889,77.52777777777777,71.27777777777777,37.986111111111114,40.458333333333336,36.21527777777778,42.104166666666664,32.104166666666664,29.791666666666668,-3.1,89.7,14.320833333333333,3.6125000000000003,57.25694444444444,37.13194444444444,36.65277777777778,36.74305555555556,37.8125,50.91319444444444,0.6312500000000001,49.99861111111111,400.7236111111111,399.54583333333335,397.7555555555556,72.6576388888889,80.93402777777777,77.91597222222222,848.2,-52.1,37.0,1.1798611111111112,3.15625,24.147222222222222,-22.26111111111111,1000.7,-999.9,53.925694444444446,65.46527777777777,858.2,0.0,28.34375,-183.6763888888889,0.0,-1000.0,61.235416666666666,183.6763888888889,1000.0,0.0,61.235416666666666,39.25694444444444,250.7131944444444,T01,0.0,8.4,3.5618055555555554,0.26166666666666666,0.0,8.6,3.5631944444444446,0.31020833333333336,21.0,31.0,24.993055555555557,1003.0,1008.0,1005.1388888888889,48.0,98.0,69.65277777777777,0.0,0.0,0.0,0.0,67.95138888888889,67.99305555555556,405.09722222222223,TRANSFORMER,1
2017-07-31 00:00:00+00:00,1674.6,0.0,930.5190140845071,113.99295774647888,40.978873239436616,54.88732394366197,54.96478873239437,54.570422535211264,37.91549295774648,46.67605633802817,49.53521126760563,32.014084507042256,14.8,0.0,8.18661971830986,37.2,0.4,4.379577464788732,0.8943661971830986,-2.1521126760563383,235.71971830985913,24.823943661971832,-555.7183098591549,24012.014084507042,3330789.0,-532.5492957746479,-1240765,72.90140845070422,76.96478873239437,70.71126760563381,37.774647887323944,39.61267605633803,35.394366197183096,41.528169014084504,31.549295774647888,28.598591549295776,-2.9,90.0,8.220422535211267,3.119718309859155,68.61267605633803,37.12676056338028,36.767605633802816,36.690140845070424,37.183098591549296,140.78450704225352,0.7676056338028169,49.998591549295774,399.9908450704225,398.91690140845066,397.6147887323944,134.67253521126761,147.54154929577467,137.91267605633803,1261.2,-51.1,36.478873239436616,1.0471830985915491,4.2521126760563375,57.69577464788732,-52.381690140845066,1000.1,-946.5,29.552816901408452,151.8549295774648,1275.4,0.0,61.52676056338028,-436.6823943661972,0.0,-1000.0,124.23591549295774,436.6823943661972,1000.0,0.0,124.23591549295774,41.232394366197184,237.8676056338028,T01,1.1,9.7,4.822222222222222,0.4349305555555556,1.1,9.9,4.851388888888889,0.49124999999999996,21.0,28.0,23.180555555555557,1002.0,1005.0,1003.6666666666666,35.0,96.0,75.83333333333333,0.0,0.0,0.0,0.0,93.18055555555556,93.84027777777777,403.6388888888889,TRANSFORMER,1
2017-08-01 00:00:00+00:00,1600.9,0.0,698.932638888889,104.19027777777778,38.49305555555556,50.125,50.298611111111114,50.02777777777778,36.333333333333336,44.90277777777778,46.84027777777778,31.520833333333332,14.2,0.0,6.015972222222222,22.8,0.4,3.619444444444445,0.7631944444444445,-5.104861111111111,246.91875000000002,24.104166666666668,-701.0069444444445,13674.680555555555,1868209.0,-465.84722222222223,-797822,71.49305555555556,75.49305555555556,69.3125,37.09027777777778,38.86805555555556,34.020833333333336,40.8125,30.42361111111111,27.416666666666668,-2.8,78.3,12.273611111111112,2.3055555555555554,62.13194444444444,36.24305555555556,35.8125,35.854166666666664,36.583333333333336,77.83055555555556,0.8270833333333334,49.99861111111111,399.87361111111113,399.00347222222223,397.37638888888887,83.17916666666666,91.43680555555555,85.98194444444444,743.8,-50.0,35.854166666666664,1.026388888888889,3.558333333333333,36.69513888888889,-33.212500000000006,1000.0,-710.8,30.488194444444446,88.19097222222223,749.0,0.0,39.46944444444445,-309.1097222222222,0.0,-1000.0,93.83888888888889,309.1097222222222,1000.0,0.0,93.83888888888889,37.361111111111114,252.02986111111113,T01,0.0,8.5,3.836111111111111,0.3943055555555556,0.0,8.6,3.877083333333333,0.4239583333333334,20.0,27.0,22.76388888888889,1004.0,1010.0,1006.5972222222222,40.0,91.0,69.22916666666667,0.0,0.0,0.0,0.0,73.5625,74.28472222222223,406.50694444444446,TRANSFORMER,1
2017-08-02 00:00:00+00:00,1678.0,0.0,567.6541666666667,72.66597222222222,36.93055555555556,45.701388888888886,45.583333333333336,45.166666666666664,37.30555555555556,44.75,45.548611111111114,33.048611111111114,14.9,0.0,4.6930555555555555,21.3,0.4,3.540972222222222,0.7597222222222223,-2.713194444444445,213.65972222222223,25.77777777777778,-663.3402777777778,22792.694444444445,3186625.0,-313.24305555555554,-964969,72.45833333333333,76.04166666666667,70.0,36.88194444444444,39.166666666666664,35.90972222222222,40.701388888888886,30.98611111111111,29.23611111111111,-3.1,90.0,15.873611111111112,1.9479166666666667,54.229166666666664,36.486111111111114,35.55555555555556,36.03472222222222,36.38194444444444,132.67083333333332,0.9194444444444445,49.99930555555555,400.2583333333333,399.2722222222222,397.64374999999995,120.71527777777777,130.28472222222223,124.1673611111111,1415.9,-68.0,35.65277777777778,0.6423611111111112,3.447222222222222,41.114583333333336,-40.295138888888886,1000.7,-545.0,12.225000000000001,143.64652777777778,1440.1,0.0,42.39930555555556,-313.44930555555555,0.0,-1000.0,28.327083333333334,313.4486111111111,1000.0,0.0,28.328472222222224,38.951388888888886,218.88541666666666,T01,0.0,10.2,3.4722222222222223,0.32430555555555557,0.0,10.2,3.4090277777777778,0.3464583333333333,19.0,32.0,24.65277777777778,1008.0,1010.0,1008.4791666666666,30.0,92.0,61.40972222222222,0.0,0.0,0.0,0.0,66.02777777777777,64.90277777777777,408.4583333333333,TRANSFORMER,1
2017-08-03 00:00:00+00:00,1579.7,0.0,483.99652777777777,40.516666666666666,38.75694444444444,46.74305555555556,46.80555555555556,46.40972222222222,39.583333333333336,46.263888888888886,45.673611111111114,34.888888888888886,14.0,0.0,4.179166666666666,16.0,0.4,2.935416666666667,0.6111111111111112,-10.684027777777779,235.5388888888889,27.854166666666668,-752.1736111111111,10781.125,1444170.0,-414.9166666666667,-732975,74.04861111111111,77.5,71.4375,38.59027777777778,40.951388888888886,37.604166666666664,42.541666666666664,32.61805555555556,31.07638888888889,-3.0,89.7,15.814583333333335,1.0631944444444443,57.041666666666664,37.611111111111114,37.111111111111114,37.22222222222222,38.354166666666664,60.18055555555556,0.8708333333333333,49.99930555555555,400.3548611111111,399.3979166666667,397.59444444444443,64.34652777777778,72.5013888888889,66.79652777777778,666.1,-49.8,37.458333333333336,0.375,2.879166666666667,25.96875,-30.549999999999997,1001.1,-835.8,15.438888888888888,67.26875000000001,698.0,0.0,25.634722222222223,-252.2097222222222,0.0,-1000.0,58.09375,252.2097222222222,1000.0,0.0,58.09375,39.458333333333336,268.7277777777778,T01,0.0,8.2,2.9986111111111113,0.2495138888888889,0.0,8.5,2.9868055555555557,0.2689583333333333,21.0,33.0,26.76388888888889,1006.0,1010.0,1008.5416666666666,23.0,91.0,55.99305555555556,0.0,0.0,0.0,0.0,56.65972222222222,56.513888888888886,408.49305555555554,TRANSFORMER,1
2017-08-04 00:00:00+00:00,1546.7,0.0,457.2277777777778,66.94583333333334,42.326388888888886,48.81944444444444,48.75,48.423611111111114,43.638888888888886,47.28472222222222,47.03472222222222,38.27777777777778,13.7,0.0,3.9097222222222223,19.6,0.4,2.6937499999999996,0.5298611111111111,25.049999999999997,206.03125,31.305555555555557,-889.0763888888889,6761.833333333333,845679.0,-651.5416666666666,-502654,78.44444444444444,81.5625,75.22222222222223,41.02777777777778,44.236111111111114,40.11805555555556,45.611111111111114,37.03472222222222,33.708333333333336,-2.9,89.7,16.258333333333333,1.8770833333333334,57.50694444444444,40.05555555555556,39.520833333333336,39.65972222222222,41.27777777777778,35.234722222222224,0.7638888888888888,49.99861111111111,400.1451388888889,399.30069444444445,397.2944444444445,56.92916666666666,62.25486111111112,60.71041666666666,613.0,-50.1,40.50694444444444,0.5791666666666667,2.6416666666666666,19.069444444444443,-20.913888888888888,1000.2,-978.5,45.392361111111114,45.96875,631.6,0.0,19.305555555555557,-164.57430555555555,0.0,-1000.0,54.199305555555554,164.57430555555555,1000.0,0.0,54.199305555555554,42.24305555555556,318.49027777777775,T01,0.0,7.4,2.8069444444444445,0.18381944444444442,0.0,7.5,2.7784722222222222,0.19215277777777778,22.0,38.0,30.29861111111111,1005.0,1008.0,1006.1944444444445,17.0,77.0,41.1875,0.0,0.0,0.0,0.0,52.701388888888886,52.15972222222222,406.13194444444446,TRANSFORMER,1
2017-08-05 00:00:00+00:00,1659.9,0.0,472.13680555555555,81.37013888888889,42.65277777777778,48.333333333333336,48.395833333333336,48.048611111111114,46.145833333333336,47.826388888888886,48.375,38.111111111111114,14.7,0.0,4.000694444444445,16.0,0.4,2.979861111111111,0.5902777777777778,12.095833333333333,217.79513888888889,32.013888888888886,-1085.1319444444443,8819.402777777777,1113735.0,-1001.8263888888889,-527719,79.79861111111111,82.75694444444444,76.27083333333333,41.423611111111114,44.59722222222222,41.24305555555556,45.8125,37.173611111111114,34.798611111111114,-3.1,89.7,17.200000000000003,2.079861111111111,55.09027777777778,40.4375,39.90972222222222,40.104166666666664,41.74305555555556,46.39930555555556,0.7145833333333333,49.99861111111111,399.87361111111113,398.9458333333333,396.9111111111111,64.52083333333333,69.08888888888889,68.69097222222223,928.7,-51.2,40.701388888888886,0.7423611111111111,2.9375,22.422916666666666,-21.949305555555554,1000.2,-999.9,38.15902777777777,61.7201388888889,955.6,0.0,25.998611111111114,-154.22222222222223,0.0,-1000.0,44.66597222222222,154.22222222222223,1000.0,0.0,44.66597222222222,42.388888888888886,223.20694444444445,T01,0.0,8.9,3.004861111111111,0.28125,0.0,8.5,2.9972222222222222,0.2808333333333333,27.0,38.0,31.34027777777778,1004.0,1007.0,1005.6944444444445,21.0,50.0,35.041666666666664,0.0,0.0,0.0,0.0,56.833333333333336,56.673611111111114,405.6458333333333,TRANSFORMER,1
2017-08-06 00:00:00+00:00,1654.7,0.0,463.9958333333333,85.93472222222222,42.201388888888886,48.71527777777778,48.736111111111114,48.375,44.80555555555556,47.15277777777778,47.611111111111114,37.263888888888886,14.7,0.0,3.9458333333333337,17.2,0.4,2.995833333333333,0.6166666666666667,13.896527777777777,205.21458333333334,30.73611111111111,-1042.5902777777778,11588.951388888889,1518677.0,-970.5972222222222,-609869,78.65277777777777,81.65972222222223,75.125,40.486111111111114,43.638888888888886,40.548611111111114,44.96527777777778,36.15277777777778,33.6875,-2.9,89.7,17.024305555555557,2.2805555555555554,56.541666666666664,39.548611111111114,38.958333333333336,39.125,40.666666666666664,63.2798611111111,0.7361111111111112,50.0,400.24583333333334,399.2680555555555,396.5493055555555,74.01944444444445,80.81805555555555,79.1236111111111,912.3,-50.1,39.84027777777778,0.7694444444444444,2.946527777777778,21.224305555555556,-25.4,1000.1,-1000.2,30.06597222222222,76.35486111111112,937.4,0.0,23.93263888888889,-210.10208333333333,0.0,-1000.0,31.890277777777776,210.10208333333333,1000.0,0.0,31.890277777777776,41.888888888888886,236.3048611111111,T01,0.0,8.6,3.0006944444444446,0.30180555555555555,0.0,8.4,3.0083333333333333,0.2888888888888889,23.0,36.0,30.09027777777778,1005.0,1007.0,1005.8958333333334,26.0,79.0,43.3125,0.0,0.0,0.0,0.0,56.61805555555556,56.88194444444444,405.88194444444446,TRANSFORMER,1
2017-08-07 00:00:00+00:00,1745.4,0.0,954.4625000000001,143.02083333333334,48.06944444444444,61.895833333333336,61.74305555555556,61.416666666666664,44.71527777777778,51.298611111111114,53.520833333333336,37.30555555555556,15.4,0.0,8.363888888888889,20.0,0.4,4.405555555555555,0.9368055555555556,-0.3743055555555554,202.73611111111111,30.76388888888889,-952.7708333333334,26050.354166666668,3614047.0,-702.4305555555555,-1235267,79.81944444444444,83.75,77.11805555555556,41.048611111111114,44.5625,40.36805555555556,45.81944444444444,38.11805555555556,33.736111111111114,-3.1,89.7,8.559027777777779,4.677777777777778,76.04166666666667,40.25,39.9375,39.81944444444444,40.833333333333336,150.58680555555554,0.7756944444444445,49.99930555555555,399.79583333333335,398.66319444444446,397.46666666666664,154.8673611111111,166.17222222222222,156.87569444444443,2101.6,-50.8,40.90277777777778,1.2993055555555555,4.273611111111111,66.40347222222222,-51.43611111111111,1000.3,-852.3,47.25138888888889,167.70833333333334,2000.0,0.0,68.67222222222222,-419.06319444444443,0.0,-1000.0,144.55,415.4465277777778,1000.0,0.0,145.29861111111111,48.076388888888886,205.61874999999998,T01,0.5,14.1,4.522916666666666,0.731875,0.2,13.0,4.643750000000001,0.6250694444444445,25.0,37.0,29.729166666666668,1004.0,1008.0,1005.7708333333334,16.0,75.0,45.18055555555556,0.0,0.0,0.0,0.0,87.24305555555556,89.625,405.71527777777777,TRANSFORMER,1
2017-08-08 00:00:00+00:00,1706.0,0.0,1017.7208333333333,104.875,46.05555555555556,61.46527777777778,61.31944444444444,60.86805555555556,42.0625,49.291666666666664,52.5625,35.791666666666664,15.1,0.0,8.90486111111111,36.1,0.4,4.807638888888889,0.8840277777777777,-2.0722222222222224,297.8805555555556,28.083333333333332,-486.1666666666667,41214.95138888889,5864942.0,-443.2361111111111,-1731512,79.15972222222223,83.14583333333333,76.55555555555556,40.041666666666664,43.486111111111114,37.270833333333336,44.6875,35.6875,30.569444444444443,-3.1,89.7,6.733333333333333,2.4555555555555557,74.68055555555556,39.59027777777778,39.111111111111114,39.076388888888886,39.708333333333336,244.37430555555557,0.7833333333333334,49.99930555555555,399.6166666666667,398.24583333333334,397.9118055555556,222.51805555555555,237.23749999999998,223.26319444444445,1828.5,-50.1,40.041666666666664,0.9416666666666667,4.632638888888889,74.1576388888889,-72.13263888888889,1000.1,-675.7,26.238194444444446,251.7451388888889,1879.1,0.0,74.35277777777777,-478.5784722222222,0.0,-1000.0,86.98055555555555,477.7909722222222,1000.0,0.0,89.21319444444445,46.833333333333336,317.4513888888889,T01,1.0,13.1,5.304861111111111,0.429375,1.0,12.9,5.289583333333334,0.43083333333333335,22.0,32.0,26.833333333333332,1005.0,1008.0,1006.4097222222222,14.0,67.0,39.326388888888886,0.0,0.0,0.0,0.0,102.91666666666667,102.67361111111111,406.30555555555554,TRANSFORMER,1
2017-08-09 00:00:00+00:00,1673.0,0.0,802.0076388888889,93.95763888888888,40.388888888888886,53.104166666666664,53.06944444444444,52.75,36.59722222222222,47.77777777777778,49.21527777777778,31.04861111111111,14.8,0.0,7.045138888888889,22.8,0.4,4.140972222222222,0.7958333333333334,-7.763888888888889,256.9034722222222,23.131944444444443,-707.875,28438.409722222223,3993197.0,-511.30555555555554,-1175840,73.09027777777777,77.34722222222223,71.19444444444444,37.361111111111114,39.479166666666664,33.36805555555556,41.298611111111114,29.993055555555557,26.479166666666668,-3.1,89.7,10.412500000000001,1.867361111111111,67.93055555555556,36.729166666666664,36.298611111111114,36.291666666666664,36.888888888888886,166.35277777777776,0.838888888888889,50.00069444444445,400.24375,399.0826388888889,397.7395833333333,152.48541666666668,164.83472222222224,155.7611111111111,1265.1,-49.9,36.548611111111114,0.8374999999999999,4.035416666666666,58.118750000000006,-48.96597222222223,1000.0,-663.5,17.55138888888889,177.46388888888887,1275.9,0.0,60.02916666666667,-432.44166666666666,0.0,-1000.0,51.83958333333333,432.44166666666666,1000.0,0.0,51.83958333333333,42.59027777777778,274.6513888888889,T01,0.6000000000000001,10.0,4.409027777777777,0.3385416666666667,0.0,10.2,4.442361111111111,0.35270833333333335,20.0,24.0,21.82638888888889,1007.0,1009.0,1008.0347222222222,47.0,78.0,63.93055555555556,0.0,0.0,0.0,0.0,84.97916666666667,85.54166666666667,407.9791666666667,TRANSFORMER,1
2017-08-10 00:00:00+00:00,1777.1,0.0,1053.0638888888889,148.4923611111111,52.46527777777778,75.09027777777777,72.70138888888889,71.75694444444444,42.923611111111114,47.270833333333336,52.06944444444444,33.63194444444444,15.6,0.0,9.243749999999999,38.7,0.4,6.643055555555556,1.3965277777777778,-1.1618055555555553,159.63194444444446,24.65277777777778,-636.5625,121427.17361111111,17393847.0,-537.0486111111111,-2244263,77.48611111111111,84.24305555555556,82.17361111111111,40.541666666666664,42.00694444444444,33.520833333333336,44.020833333333336,36.5625,26.70138888888889,-3.1,89.7,9.307638888888889,4.709722222222222,75.15972222222223,40.40277777777778,40.09722222222222,39.666666666666664,39.041666666666664,724.7854166666667,0.838888888888889,50.0,399.8590277777778,398.40208333333334,399.45902777777775,618.3736111111111,630.1944444444445,617.4701388888889,2106.0,-52.4,41.201388888888886,1.3944444444444446,6.322222222222222,110.33263888888888,-93.51666666666667,1000.9,-738.7,28.125694444444445,737.0159722222222,2000.0,0.0,115.10069444444444,-386.8305555555555,0.0,-1000.0,106.85902777777778,316.8777777777778,1000.0,0.0,116.81944444444444,50.388888888888886,160.8013888888889,T01,0.3,20.8,7.605555555555556,1.636111111111111,0.2,18.3,7.374305555555556,0.9563194444444445,20.0,29.0,23.28472222222222,1008.0,1011.0,1009.2291666666666,54.0,93.0,77.05555555555556,0.0,0.0,0.0,0.0,149.02083333333334,144.3125,409.18055555555554,TRANSFORMER,1
2017-08-11 00:00:00+00:00,1830.2,0.0,1664.116911764706,30.038970588235294,77.76470588235294,131.5808823529412,125.44117647058823,123.4779411764706,50.69117647058823,54.74264705882353,63.080882352941174,39.47794117647059,16.2,0.0,14.74485294117647,41.1,0.6000000000000001,12.370588235294118,2.2125,-0.8242647058823528,108.81102941176471,26.24264705882353,-11.830882352941176,295357.1544117647,40166964.0,-8.669117647058824,-4567151,88.29411764705883,105.2720588235294,104.7720588235294,46.419117647058826,50.10294117647059,34.3235294117647,51.61029411764706,49.0514705882353,27.647058823529413,-2.7,90.0,3.4669117647058822,2.4330882352941177,115.69117647058823,47.330882352941174,47.52205882352941,46.11764705882353,43.5514705882353,1766.7941176470588,0.9977941176470587,50.0,399.49264705882354,397.6360294117647,402.0066176470588,1470.2250000000001,1493.2595588235292,1464.152205882353,2108.9,-65.6,52.36764705882353,0.26029411764705884,11.576470588235296,145.65147058823527,-200.81029411764706,1000.2,-243.2,5.642647058823529,1766.952205882353,2000.0,0.0,140.07573529411764,-736.7676470588235,0.0,-1000.0,109.48235294117647,567.8066176470588,1000.0,0.0,107.12352941176471,73.61029411764706,109.64411764705882,T01,3.7,22.7,12.083333333333334,4.192986111111111,3.8,20.3,12.604166666666666,1.3972222222222221,23.0,29.0,25.15277777777778,1007.0,1011.0,1008.7638888888889,44.0,85.0,67.1875,0.0,0.0,0.0,0.0,238.6875,249.09722222222223,408.71527777777777,TRANSFORMER,1
2017-08-12 00:00:00+00:00,1815.7,1245.8,1668.19375,25.734722222222224,77.32638888888889,132.86111111111111,126.47222222222223,124.56944444444444,49.77777777777778,55.15972222222222,63.520833333333336,39.5625,16.1,11.0,14.782638888888888,40.5,0.4,12.943055555555555,2.295138888888889,1.3527777777777779,108.92430555555556,26.319444444444443,0.0,300665.69444444444,43295860.0,0.0,-4770457,89.04166666666667,106.71527777777777,88.89583333333333,46.53472222222222,50.0,34.46527777777778,51.4375,49.104166666666664,27.583333333333332,-2.9,18.5,4.700694444444444,2.2652777777777775,117.07638888888889,47.44444444444444,47.65972222222222,46.236111111111114,43.541666666666664,1803.975,0.9986111111111112,50.0,399.5798611111111,397.84375,402.31041666666664,1501.6847222222223,1521.0666666666666,1491.8659722222224,2109.2,147.7,52.5,0.21597222222222223,12.12361111111111,109.96180555555556,-198.76597222222222,-107.4,-226.3,3.479861111111111,1801.4034722222223,2000.0,146.9,108.51180555555555,-704.2743055555555,-583.3,-1000.0,78.10347222222222,541.3875,1000.0,406.1,76.6576388888889,75.125,107.57638888888889,T01,2.7,23.5,12.522222222222222,4.042083333333334,2.3,21.0,12.950694444444444,1.4827083333333333,22.0,29.0,25.11111111111111,1007.0,1009.0,1008.4236111111111,41.0,74.0,59.84027777777778,0.0,0.0,0.0,0.0,247.43055555555554,256.1736111111111,408.36805555555554,,0
2017-08-13 00:00:00+00:00,1821.0,1454.6,1678.148611111111,21.94375,79.31944444444444,139.53472222222223,132.58333333333334,130.52777777777777,50.74305555555556,55.229166666666664,63.81944444444444,39.986111111111114,16.0,12.9,14.874305555555557,40.0,0.6000000000000001,13.375,2.361111111111111,-0.7465277777777778,105.58472222222223,26.23611111111111,0.0,318851.8263888889,45914663.0,0.0,-4876670,93.14583333333333,112.29166666666667,94.0625,47.020833333333336,50.979166666666664,34.513888888888886,52.47222222222222,50.458333333333336,27.743055555555557,-2.6,18.3,5.109722222222222,2.477777777777778,120.23611111111111,48.0625,48.291666666666664,46.770833333333336,43.94444444444444,1913.0784722222222,1.0,50.00069444444445,399.91041666666666,398.15555555555557,402.68402777777777,1589.6145833333333,1609.6750000000002,1581.1763888888888,2108.0,565.8,53.99305555555556,0.1888888888888889,12.47013888888889,109.00277777777778,-203.19375000000002,-144.9,-230.2,3.4027777777777777,1909.3402777777778,2000.0,547.0,107.00694444444444,-669.0999999999999,-583.3,-1000.0,98.39236111111111,486.9604166666667,1000.0,406.1,94.4361111111111,77.25,106.32222222222222,T01,4.8,22.7,12.586805555555555,4.295555555555556,6.4,20.3,12.929166666666667,1.5138194444444446,23.0,29.0,25.006944444444443,1004.0,1009.0,1006.1319444444445,51.0,77.0,66.47222222222223,0.0,0.0,0.0,0.0,248.8125,255.73611111111111,406.09722222222223,,0
2017-08-14 00:00:00+00:00,1798.0,1239.1,1666.5159722222222,24.730555555555554,74.79166666666667,127.27777777777777,121.64583333333333,119.65972222222223,49.979166666666664,54.40277777777778,62.979166666666664,39.416666666666664,15.9,11.0,14.763194444444444,39.0,0.9,11.406944444444443,2.097916666666667,1.2381944444444444,109.77638888888889,26.6875,0.0,281276.03472222225,40503749.0,0.0,-4800226,88.15972222222223,106.09027777777777,88.25,45.99305555555556,49.86805555555556,35.145833333333336,51.145833333333336,48.88194444444444,28.368055555555557,-3.1,11.8,1.1909722222222223,1.8944444444444446,114.72222222222223,46.81944444444444,46.97222222222222,45.729166666666664,43.25,1687.69375,1.0,50.0,399.2604166666667,397.71805555555557,401.6638888888889,1404.3465277777777,1426.3354166666666,1401.38125,2111.0,201.5,51.49305555555556,0.21458333333333335,10.702083333333333,207.00208333333333,-200.00833333333333,-137.7,-229.3,3.792361111111111,1683.013888888889,2000.0,179.3,203.7888888888889,-806.4972222222223,-583.3,-1000.0,132.30347222222224,646.0597222222223,1000.0,406.1,149.46875,72.79166666666667,108.52916666666667,T01,4.0,19.6,11.575182481751824,3.258102189781022,5.0,17.1,11.428467153284672,1.2232846715328467,10.0,29.0,25.54014598540146,1004.0,1008.0,1005.2481751824818,0.0,78.0,65.84057971014492,0.0,0.0,0.0,1.0,228.2246376811594,225.78985507246378,405.1811594202899,,0
2017-08-15 00:00:00+00:00,1719.7,0.0,1249.257638888889,85.06527777777778,52.38194444444444,71.38194444444444,71.02083333333333,70.45833333333333,39.875,52.44444444444444,55.923611111111114,35.86805555555556,15.2,0.0,11.030555555555557,23.2,0.4,5.836111111111111,1.0611111111111111,1.5368055555555555,180.9076388888889,27.20138888888889,-452.05555555555554,60519.97222222222,8649780.0,-316.75,-2193276,63.458333333333336,76.8125,60.34722222222222,40.111111111111114,44.541666666666664,36.763888888888886,45.270833333333336,37.979166666666664,29.791666666666668,-3.2,89.7,2.1395833333333334,1.4722222222222223,89.19444444444444,39.88194444444444,39.52777777777778,39.3125,39.61805555555556,360.28194444444443,0.8590277777777778,49.99861111111111,399.6020833333333,398.2708333333333,397.52708333333334,319.7097222222222,343.84791666666666,327.2368055555555,2099.8,-50.6,40.958333333333336,0.7805555555555556,5.561805555555555,107.38611111111112,-91.35486111111112,1000.2,-1000.3,40.33263888888889,366.65,2000.0,0.0,108.33680555555556,-709.2111111111111,0.0,-1000.0,101.86597222222223,706.4756944444445,1000.0,0.0,105.90138888888889,53.38194444444444,179.36874999999998,T01,0.3,15.3,5.715277777777778,1.0247222222222223,0.4,14.1,6.095138888888889,0.5044444444444445,23.0,31.0,26.04861111111111,1007.0,1010.0,1008.6041666666666,52.0,86.0,71.25,0.0,0.0,0.0,0.0,111.07638888888889,118.70833333333333,408.5138888888889,,0
2017-08-16 00:00:00+00:00,1666.5,0.0,399.7986111111111,34.074305555555554,38.645833333333336,45.1875,45.21527777777778,44.770833333333336,42.298611111111114,44.458333333333336,43.59027777777778,35.47222222222222,14.8,0.0,3.4555555555555557,18.8,0.4,2.9368055555555554,0.5493055555555556,-8.213888888888889,223.67847222222224,28.72222222222222,-756.4166666666666,12295.993055555555,1661698.0,-525.4305555555555,-668557,69.34027777777777,73.98611111111111,68.875,39.166666666666664,41.18055555555556,37.583333333333336,43.388888888888886,33.24305555555556,31.243055555555557,-3.1,89.7,48.27152777777778,2.2465277777777777,52.958333333333336,38.15972222222222,37.576388888888886,37.625,38.958333333333336,69.24027777777778,0.8555555555555556,50.00069444444445,400.1638888888889,399.3173611111111,397.37847222222223,68.39305555555556,75.30138888888888,70.71527777777777,878.8,-49.2,37.46527777777778,0.29375,2.8777777777777778,23.547222222222224,-27.868055555555557,1000.6,-453.9,6.575694444444444,81.89861111111111,892.5,0.0,25.938194444444445,-231.8034722222222,0.0,-1000.0,30.04513888888889,231.8034722222222,1000.0,0.0,30.04513888888889,39.104166666666664,269.3986111111111,T01,0.0,9.0,3.0777777777777775,0.1971527777777778,0.0,9.2,3.0506944444444444,0.20791666666666667,23.0,34.0,27.881944444444443,1008.0,1011.0,1009.6388888888889,16.0,80.0,48.4375,0.0,0.0,0.0,0.0,58.06944444444444,57.65277777777778,409.56944444444446,,0
2017-08-17 00:00:00+00:00,1751.0,0.0,886.0555555555555,76.00666666666666,45.940298507462686,61.74814814814815,61.12592592592593,60.474074074074075,39.629629629629626,48.45185185185185,51.148148148148145,35.79259259259259,15.5,0.0,7.821481481481483,22.5,0.4,5.562962962962963,1.034074074074074,2.4874074074074075,120.90962962962962,28.4,-411.8740740740741,58032.607407407406,7778796.0,-312.23703703703706,-1279830,78.4,82.63703703703703,76.57037037037037,40.525925925925925,42.80740740740741,35.94814814814815,44.68888888888889,36.148148148148145,29.79259259259259,-3.1,90.0,23.485185185185184,1.808148148148148,68.61481481481482,39.98518518518519,39.72592592592593,39.51851851851852,40.06666666666667,342.00666666666666,0.8291044776119404,49.99851851851852,400.18444444444447,398.9888888888889,398.89629629629627,304.9274074074074,317.68888888888887,308.1666666666667,2100.0,-50.2,40.11851851851852,0.6570370370370371,5.34962962962963,92.12518518518519,-56.1562962962963,1001.7,-629.9,26.62,393.20888888888885,2000.0,0.0,115.47185185185185,-457.38666666666666,0.0,-1000.0,52.74814814814815,445.6459259259259,1000.0,0.0,58.21037037037037,47.55555555555556,147.75925925925927,T01,0.5,17.5,5.778472222222223,1.1872222222222222,0.6000000000000001,16.0,5.748611111111111,0.6811805555555556,22.0,33.0,27.3125,1007.0,1010.0,1008.3611111111111,32.0,84.0,61.104166666666664,0.0,0.0,0.0,0.0,112.42361111111111,111.78472222222223,408.31944444444446,,0
2017-08-18 00:00:00+00:00,1721.7,0.0,1269.3791666666666,88.19236111111111,52.416666666666664,73.52777777777777,72.95138888888889,72.42361111111111,39.77777777777778,53.30555555555556,57.25694444444444,36.74305555555556,15.3,0.0,11.2,23.5,0.4,6.081250000000001,1.182638888888889,-2.761111111111111,142.03194444444443,29.020833333333332,-328.7986111111111,71048.50694444444,10183641.0,-239.74305555555554,-2772154,65.71527777777777,77.59027777777777,60.46527777777778,40.833333333333336,44.875,37.541666666666664,45.52777777777778,39.520833333333336,30.805555555555557,-3.2,89.7,1.9319444444444445,0.9645833333333333,88.72222222222223,40.46527777777778,40.125,39.861111111111114,40.15277777777778,424.2861111111111,0.8909722222222223,50.0,399.2701388888889,398.1048611111111,397.90763888888887,367.9527777777778,388.9611111111111,370.16319444444446,2075.8,-50.9,41.15972222222222,0.7868055555555555,5.831944444444444,134.3,-115.49930555555557,1000.4,-831.8,17.52847222222222,427.89166666666665,2000.0,0.0,135.33749999999998,-772.79375,0.0,-1000.0,83.98124999999999,769.7611111111112,1000.0,0.0,89.14722222222223,55.826388888888886,149.78611111111113,T01,0.2,15.6,5.883333333333334,1.3979861111111112,0.0,13.5,6.5875,0.6299305555555557,24.0,34.0,27.833333333333332,1005.0,1009.0,1007.3402777777778,40.0,81.0,65.08333333333333,0.0,0.0,0.0,0.0,114.52777777777777,128.59722222222223,407.28472222222223,,0
2017-08-19 00:00:00+00:00,1778.9,0.0,851.5763888888889,88.10555555555555,48.375,64.49305555555556,63.486111111111114,62.6875,43.638888888888886,49.74305555555556,52.15277777777778,37.229166666666664,15.7,0.0,7.416666666666667,42.2,0.4,5.082638888888889,1.0305555555555557,6.486805555555555,138.53472222222223,29.47222222222222,-544.4861111111111,71720.34722222222,10249325.0,-428.2638888888889,-1747050,69.4375,76.93055555555556,66.97222222222223,41.21527777777778,44.18055555555556,37.96527777777778,45.458333333333336,38.770833333333336,31.444444444444443,-3.1,55.6,10.631250000000001,1.8548611111111113,69.45138888888889,40.666666666666664,40.375,40.138888888888886,40.625,427.1472222222222,0.84375,50.00069444444445,399.9222222222222,398.7590277777778,398.0472222222222,371.53472222222223,384.56875,374.6118055555555,2100.4,-50.9,41.395833333333336,0.7770833333333333,4.863888888888889,92.65069444444445,-72.80694444444445,1000.2,-734.5,28.36875,434.33402777777775,2000.0,0.0,94.18194444444445,-410.4118055555556,0.0,-1000.0,75.23194444444444,380.81180555555557,1000.0,0.0,82.4625,48.46527777777778,174.56736111111113,T01,0.0,17.6,4.666666666666667,1.2755555555555556,0.0,18.3,5.043749999999999,0.7219444444444444,24.0,34.0,28.34027777777778,1005.0,1007.0,1006.4305555555555,34.0,74.0,54.24305555555556,0.0,0.0,0.0,0.0,90.0,97.69444444444444,406.3611111111111,,0
2017-08-20 00:00:00+00:00,1803.4,0.0,1304.5826388888888,37.82083333333333,68.19444444444444,106.70833333333333,102.86111111111111,101.43055555555556,47.40972222222222,54.65277777777778,60.5,39.28472222222222,15.9,0.0,11.515972222222222,40.7,0.5,10.856944444444444,1.9305555555555556,-0.35694444444444445,112.67777777777778,28.270833333333332,-664.1875,204636.52083333334,29372017.0,-474.4375,-3777468,82.40277777777777,97.48611111111111,79.42361111111111,44.8125,50.395833333333336,36.34027777777778,52.25,45.8125,29.743055555555557,-3.1,89.7,19.35,2.0881944444444445,103.38194444444444,44.96527777777778,44.86805555555556,44.020833333333336,43.020833333333336,1223.802777777778,0.9534722222222223,50.0,399.87916666666666,397.90625,401.1965277777778,1027.6895833333333,1046.8173611111113,1023.1798611111111,2101.2,-46.1,51.61805555555556,0.32083333333333336,10.23611111111111,142.1875,-157.39166666666668,4.1,-236.1,5.333333333333333,1525.4694444444444,2000.0,117.7,186.32708333333332,-656.9972222222223,0.0,-1000.0,84.51875000000001,546.9041666666667,1000.0,0.0,97.48750000000001,64.84027777777777,113.0375,T01,4.3,20.3,11.690972222222221,2.2735416666666666,5.0,17.6,10.98125,1.3211111111111111,25.0,31.0,27.15972222222222,1006.0,1008.0,1007.125,49.0,80.0,65.8125,0.0,0.0,0.0,0.0,230.84722222222223,216.67361111111111,407.0625,,0
2017-08-21 00:00:00+00:00,1768.9,0.0,1424.1743055555555,56.46666666666667,65.59027777777777,98.55555555555556,95.625,94.27083333333333,43.770833333333336,52.951388888888886,60.47222222222222,38.63194444444444,15.6,0.0,12.590972222222224,39.8,0.6000000000000001,10.078472222222222,1.7944444444444443,0.14375,117.66250000000001,27.95138888888889,-314.36805555555554,186440.3125,26802135.0,-200.24305555555554,-3973912,74.58333333333333,88.11805555555556,71.86111111111111,43.388888888888886,52.611111111111114,35.77777777777778,56.34027777777778,43.44444444444444,29.208333333333332,-3.1,89.7,11.6375,2.3881944444444447,109.79861111111111,43.416666666666664,43.30555555555556,42.46527777777778,42.208333333333336,1116.732638888889,0.9777777777777779,49.99861111111111,399.3798611111111,397.5152777777778,401.1666666666667,937.9326388888888,958.8354166666666,930.8361111111111,2100.5,-45.8,57.47222222222222,0.48819444444444443,9.593055555555557,216.5388888888889,-165.57430555555555,2.7,-230.4,7.459722222222222,1385.5423611111112,2000.0,87.5,226.26875,-807.5381944444445,0.0,-1000.0,72.58680555555556,736.442361111111,1000.0,0.0,105.89513888888888,67.08333333333333,117.51458333333332,T01,2.9,17.5,10.382638888888888,2.0331944444444443,3.4,16.3,9.96736111111111,1.4778472222222223,24.0,31.0,26.770833333333332,1006.0,1008.0,1007.3888888888889,46.0,78.0,64.29861111111111,0.0,0.0,0.0,0.0,204.66666666666666,196.34027777777777,407.3333333333333,,0
2017-08-22 00:00:00+00:00,1775.4,0.0,1616.302777777778,45.24791666666667,64.04861111111111,98.75,96.07638888888889,94.77777777777777,40.75,53.61805555555556,61.076388888888886,37.75,15.7,0.0,14.322222222222223,32.4,0.7000000000000001,9.241666666666667,1.5354166666666667,-0.1826388888888889,106.63541666666667,27.76388888888889,-32.77777777777778,189360.71527777778,27263223.0,-24.40277777777778,-4004829,72.3125,86.09027777777777,69.08333333333333,43.59027777777778,46.791666666666664,35.791666666666664,47.4375,42.361111111111114,29.02777777777778,-3.3,89.7,-0.7583333333333333,1.1979166666666667,102.33333333333333,43.701388888888886,43.638888888888886,42.84722222222222,41.548611111111114,1135.8854166666667,0.9895833333333334,50.0,399.0680555555556,397.4465277777778,400.06388888888887,946.2770833333333,973.9506944444444,948.0138888888889,2102.3,-45.8,45.55555555555556,0.40347222222222223,8.674305555555556,195.68402777777777,-166.86458333333334,4.4,-258.9,6.848611111111111,1143.6229166666667,2000.0,16.4,192.51388888888889,-958.5159722222221,0.0,-1000.0,54.02291666666667,893.8604166666667,1000.0,0.0,90.4701388888889,66.77083333333333,106.80347222222223,T01,3.0,16.0,8.635416666666666,1.9599305555555557,3.7,14.1,8.933333333333334,0.6060416666666666,23.0,32.0,26.708333333333332,1005.0,1009.0,1007.5277777777778,31.0,78.0,56.18055555555556,0.0,0.0,0.0,0.0,169.61111111111111,175.80555555555554,407.47222222222223,,0
2017-08-23 00:00:00+00:00,1708.2,0.0,1261.701388888889,101.09722222222223,52.395833333333336,70.77777777777777,70.5625,70.10416666666667,39.3125,52.49305555555556,56.451388888888886,36.05555555555556,15.1,0.0,11.164583333333333,24.2,0.4,5.827083333333333,1.05625,3.3868055555555556,124.79374999999999,28.65277777777778,-372.49305555555554,54368.40972222222,7775414.0,-250.24305555555554,-2416561,62.38194444444444,74.41666666666667,58.104166666666664,40.375,44.59027777777778,36.68055555555556,45.458333333333336,38.326388888888886,29.78472222222222,-3.1,89.7,2.4069444444444446,1.8875000000000002,89.72916666666667,39.94444444444444,39.638888888888886,39.354166666666664,39.88194444444444,323.9375,0.8576388888888888,50.0,399.31944444444446,398.0201388888889,397.55277777777775,288.6534722222222,310.17499999999995,291.29097222222225,1509.4,-50.1,40.96527777777778,0.8965277777777777,5.545833333333333,102.61805555555556,-100.68125,999.9,-961.8,22.456249999999997,343.8590277777778,1692.4,0.0,105.08055555555556,-735.6173611111111,0.0,-1000.0,102.8375,735.5916666666667,1000.0,0.0,103.05208333333333,54.25,136.40972222222223,T01,0.2,12.3,5.785416666666666,1.2124305555555557,0.0,11.1,6.330555555555556,0.4697916666666667,24.0,34.0,27.59722222222222,1006.0,1008.0,1006.9513888888889,27.0,70.0,46.354166666666664,0.0,0.0,0.0,0.0,112.56944444444444,123.46527777777777,406.8888888888889,,0
2017-08-24 00:00:00+00:00,1677.2,0.0,939.154861111111,97.2125,46.90972222222222,59.513888888888886,59.6875,59.34722222222222,41.46527777777778,49.28472222222222,51.6875,35.93055555555556,14.9,0.0,8.269444444444444,17.6,0.4,4.178472222222222,0.7673611111111112,-5.316666666666666,110.86666666666666,29.229166666666668,-757.3263888888889,17810.444444444445,2455647.0,-601.2361111111111,-1247144,58.645833333333336,68.41666666666667,52.52777777777778,40.458333333333336,43.979166666666664,38.0,45.43055555555556,36.65972222222222,31.36111111111111,-3.0,89.7,6.866666666666666,2.8319444444444444,76.29166666666667,39.611111111111114,39.229166666666664,39.18055555555556,40.270833333333336,102.30069444444445,0.7493055555555556,49.99861111111111,400.25138888888887,398.93819444444443,397.7590277777778,119.73680555555555,132.60069444444446,122.09791666666666,691.1,-51.0,40.72222222222222,0.8777777777777778,3.997916666666667,45.52638888888889,-51.97083333333333,1000.5,-999.9,57.93263888888888,114.6861111111111,715.4,0.0,46.525000000000006,-415.1388888888889,0.0,-1000.0,138.52916666666667,415.1388888888889,1000.0,0.0,138.52916666666667,44.541666666666664,111.17152777777778,T01,0.4,12.5,4.000694444444445,0.6217361111111112,0.4,11.3,4.110416666666667,0.44416666666666665,23.0,35.0,27.9375,1006.0,1008.0,1007.2361111111111,18.0,75.0,45.84027777777778,0.0,0.0,0.0,0.0,76.70833333333333,79.03472222222223,407.2083333333333,,0
2017-08-25 00:00:00+00:00,1709.8,0.0,1088.913888888889,116.4576388888889,49.208333333333336,65.04166666666667,64.95138888888889,64.43055555555556,40.56944444444444,51.638888888888886,54.78472222222222,35.708333333333336,15.1,0.0,9.59236111111111,21.2,0.4,5.168749999999999,0.9541666666666667,5.256944444444445,121.90277777777777,28.791666666666668,-705.1597222222222,42599.75,6032817.0,-508.0138888888889,-1601945,59.979166666666664,69.95138888888889,54.09027777777778,40.423611111111114,43.986111111111114,36.65972222222222,45.24305555555556,37.56944444444444,29.979166666666668,-3.1,89.7,7.727083333333334,2.8944444444444444,80.40277777777777,39.84722222222222,39.479166666666664,39.34722222222222,39.958333333333336,251.40555555555557,0.776388888888889,50.0,399.78194444444443,398.24791666666664,398.0104166666667,244.59236111111113,261.52916666666664,247.37152777777777,1987.3,-50.8,40.798611111111114,1.0388888888888888,4.934027777777778,81.48124999999999,-66.73541666666667,1000.1,-933.6,66.6548611111111,271.43055555555554,2000.0,0.0,86.71944444444445,-532.2673611111111,0.0,-1000.0,132.81041666666667,529.9333333333333,1000.0,0.0,135.50416666666666,48.34722222222222,116.64305555555555,T01,0.4,13.7,4.987500000000001,0.9321527777777777,0.3,12.6,5.029861111111111,0.6866666666666666,23.0,34.0,27.75,1005.0,1008.0,1006.4166666666666,27.0,72.0,50.65972222222222,0.0,0.0,0.0,0.0,96.54166666666667,97.40277777777777,406.3611111111111,,0
2017-08-26 00:00:00+00:00,1728.1,0.0,1376.8694444444445,86.67500000000001,53.31944444444444,75.01388888888889,74.35416666666667,73.73611111111111,39.63194444444444,52.9375,57.86805555555556,36.3125,15.3,0.0,12.171527777777778,30.0,0.4,6.796527777777778,1.1388888888888888,2.6402777777777775,112.55625,28.958333333333332,-294.71527777777777,88382.16666666667,12684593.0,-190.90972222222223,-2955464,62.55555555555556,73.04166666666667,57.03472222222222,41.173611111111114,44.479166666666664,36.986111111111114,45.361111111111114,39.19444444444444,30.17361111111111,-3.1,63.9,0.33819444444444435,0.8006944444444444,89.61805555555556,40.90277777777778,40.56944444444444,40.270833333333336,40.270833333333336,528.5506944444445,0.9291666666666667,50.00138888888889,399.3361111111111,397.65,398.3347222222222,451.8541666666667,476.92499999999995,452.1819444444444,2099.1,-50.1,41.18055555555556,0.7694444444444444,6.4118055555555555,131.2,-123.15069444444445,1000.2,-851.3,19.025694444444444,533.53125,2000.0,0.0,133.07986111111111,-857.2930555555555,0.0,-1000.0,50.549305555555556,852.286111111111,1000.0,0.0,56.37430555555555,56.625,114.91111111111111,T01,0.0,15.8,6.483333333333333,1.3486805555555557,0.0,13.7,6.711111111111111,0.63875,24.0,34.0,27.979166666666668,1002.0,1006.0,1004.3888888888889,38.0,75.0,55.69444444444444,0.0,0.0,0.0,0.0,126.49305555555556,131.08333333333334,404.3611111111111,,0
2017-08-27 00:00:00+00:00,1752.9,0.0,1348.8402777777778,76.39583333333333,52.361111111111114,76.89583333333333,75.88888888888889,75.1875,39.166666666666664,52.06944444444444,56.78472222222222,34.50694444444444,15.5,0.0,11.947222222222223,27.6,0.4,6.540277777777778,1.1916666666666667,-1.5277777777777777,179.82291666666666,26.26388888888889,-343.7708333333333,92006.75694444444,13199472.0,-240.9375,-3398567,63.416666666666664,75.31944444444444,58.71527777777778,40.125,43.36805555555556,34.611111111111114,44.173611111111114,37.520833333333336,27.569444444444443,-3.2,89.7,2.0062499999999996,1.4354166666666666,91.25694444444444,39.84027777777778,39.63194444444444,39.27777777777778,38.895833333333336,549.98125,0.8527777777777777,50.00069444444445,399.0388888888889,397.39166666666665,398.19375,489.0201388888888,509.8166666666667,486.1333333333333,2101.1,-50.2,40.388888888888886,0.6763888888888889,6.278472222222223,136.8423611111111,-141.60833333333332,1000.1,-689.5,36.765972222222224,553.4618055555555,2000.0,0.0,137.09027777777777,-750.6944444444445,0.0,-1000.0,98.37152777777777,728.6833333333333,1000.0,0.0,112.19444444444444,54.798611111111114,183.85277777777776,T01,0.4,18.1,6.300000000000001,1.5735416666666666,0.3,17.9,6.245138888888889,1.4211111111111112,22.0,29.0,25.26388888888889,1002.0,1007.0,1004.875,60.0,85.0,75.40972222222223,0.0,6.0,0.09027777777777778,0.0,122.79861111111111,121.79166666666667,404.84027777777777,,0
2017-08-28 00:00:00+00:00,1693.8,0.0,901.4729166666667,114.17500000000001,41.93055555555556,54.86805555555556,54.916666666666664,54.548611111111114,36.125,46.548611111111114,48.916666666666664,31.0625,15.0,0.0,7.913888888888888,28.7,0.4,4.134027777777778,0.7875000000000001,-0.030555555555555423,262.28541666666666,23.395833333333332,-534.0416666666666,27723.3125,3915257.0,-365.7986111111111,-1265706,65.73611111111111,71.59722222222223,66.36111111111111,37.666666666666664,39.666666666666664,33.90277777777778,41.673611111111114,30.381944444444443,26.79861111111111,-3.2,89.7,7.941666666666666,2.6090277777777775,71.52083333333333,37.09027777777778,36.701388888888886,36.611111111111114,37.013888888888886,163.13888888888889,0.8166666666666668,49.99930555555555,399.9798611111111,398.5784722222222,397.82500000000005,160.09375,173.30555555555554,162.38055555555556,1171.6,-50.1,36.90277777777778,1.0381944444444444,4.081250000000001,60.387499999999996,-52.75208333333333,1000.1,-923.9,43.025000000000006,171.28819444444446,1197.2,0.0,61.56041666666667,-440.0909722222222,0.0,-1000.0,88.02638888888889,440.0909722222222,1000.0,0.0,88.02638888888889,40.201388888888886,282.3208333333333,T01,0.0,10.4,4.329861111111111,0.33708333333333335,0.0,10.4,4.344444444444445,0.355,20.0,25.0,21.86111111111111,1006.0,1008.0,1007.1805555555555,52.0,88.0,74.88194444444444,0.0,0.0,0.0,0.0,83.36111111111111,83.77083333333333,407.125,,0
2017-08-29 00:00:00+00:00,1701.9,0.0,706.776388888889,109.69930555555555,38.52777777777778,49.27777777777778,49.50694444444444,49.18055555555556,34.333333333333336,44.5625,46.34027777777778,29.354166666666668,15.0,0.0,6.139583333333333,45.2,0.4,3.6958333333333337,0.9055555555555556,-15.029166666666665,209.48263888888889,21.77777777777778,-686.0625,18648.1875,2586545.0,-524.1805555555555,-958059,69.84722222222223,73.89583333333333,68.70833333333333,36.583333333333336,37.611111111111114,32.229166666666664,39.541666666666664,27.895833333333332,25.21527777777778,-4.4,89.7,12.618055555555555,2.665972222222222,62.979166666666664,35.888888888888886,35.416666666666664,35.40972222222222,35.833333333333336,107.7875,0.8034722222222223,49.99861111111111,400.4798611111111,399.24583333333334,398.3097222222222,111.07847222222222,119.13819444444445,111.61250000000001,1159.5,-50.8,34.68055555555556,0.9708333333333334,3.6569444444444446,50.62916666666667,-39.91458333333333,1000.4,-911.6,30.282638888888886,121.09444444444443,2000.0,0.0,57.91180555555555,-331.88125,0.0,-1000.0,86.61597222222221,331.88125,1000.0,0.0,86.61597222222221,35.86805555555556,229.51388888888889,T01,0.0,12.4,3.997916666666667,0.3031944444444445,0.0,12.2,3.9930555555555554,0.30854166666666666,17.0,23.0,20.541666666666668,1006.0,1008.0,1006.6180555555555,68.0,96.0,81.66666666666667,0.0,39.0,1.8125,0.0,76.65972222222223,76.63888888888889,406.59027777777777,,0
2017-08-30 00:00:00+00:00,1664.5,0.0,380.6770833333333,47.40277777777778,34.63194444444444,42.00694444444444,42.076388888888886,41.6875,36.208333333333336,40.951388888888886,41.02777777777778,31.46527777777778,14.8,0.0,3.1743055555555553,19.3,0.4,2.4243055555555557,0.5993055555555555,-3.931944444444444,144.78194444444443,23.895833333333332,-672.2916666666666,5938.652777777777,758357.0,-291.94444444444446,-470672,70.68055555555556,73.96527777777777,68.63888888888889,35.798611111111114,37.666666666666664,34.395833333333336,39.298611111111114,28.645833333333332,27.493055555555557,-2.5,59.3,17.49722222222222,0.8979166666666667,48.40972222222222,34.854166666666664,34.361111111111114,34.46527777777778,35.298611111111114,31.595138888888886,0.8833333333333333,50.0,400.49305555555554,399.3298611111111,398.2006944444445,42.90625,48.09166666666667,43.71388888888889,766.0,-51.0,34.125,0.3826388888888889,2.439583333333333,22.214583333333334,-19.63611111111111,1000.4,-967.6,23.084722222222222,38.47291666666667,777.2,0.0,21.40972222222222,-143.2215277777778,0.0,-1000.0,65.64305555555556,143.2215277777778,1000.0,0.0,65.64305555555556,36.5,153.71319444444444,T01,0.0,10.5,2.6368055555555556,0.3481944444444445,0.0,9.3,2.584027777777778,0.31243055555555554,19.0,28.0,22.3125,1006.0,1008.0,1007.3263888888889,48.0,91.0,74.3125,0.0,0.0,0.0,0.0,49.34027777777778,48.375,407.27777777777777,,0
2017-08-31 00:00:00+00:00,1687.4,0.0,795.4368055555556,83.60347222222222,42.041666666666664,53.638888888888886,53.708333333333336,53.34027777777778,36.861111111111114,46.833333333333336,48.81944444444444,32.826388888888886,14.9,0.0,6.938888888888889,22.6,0.4,3.908333333333333,0.8138888888888889,-1.2840277777777775,100.2826388888889,25.708333333333332,-647.0,18560.527777777777,2579550.0,-477.9166666666667,-1167187,73.23611111111111,77.10416666666667,71.50694444444444,37.986111111111114,40.388888888888886,34.916666666666664,42.048611111111114,32.56944444444444,28.21527777777778,-3.1,89.7,10.999305555555557,2.1041666666666665,66.82638888888889,37.229166666666664,36.826388888888886,36.791666666666664,37.53472222222222,107.48750000000001,0.7736111111111111,50.00069444444445,399.8986111111111,398.5201388888889,397.7131944444444,117.89236111111111,127.76597222222222,116.8013888888889,1323.6,-50.1,37.1875,0.7645833333333333,3.841666666666667,59.34583333333333,-48.632638888888884,1000.5,-704.2,36.729166666666664,116.60902777777778,1342.6,0.0,61.39652777777778,-349.8527777777778,0.0,-1000.0,121.08541666666666,349.8527777777778,1000.0,0.0,121.08541666666666,44.24305555555556,96.57152777777777,T01,0.5,11.3,4.090972222222223,0.7663888888888889,0.5,10.0,4.156944444444445,0.49118055555555556,20.0,30.0,24.805555555555557,1005.0,1008.0,1006.6527777777778,40.0,83.0,61.270833333333336,0.0,0.0,0.0,0.0,78.55555555555556,80.04166666666667,406.5416666666667,,0
2017-09-01 00:00:00+00:00,1770.5,118.9,1557.2930555555556,76.73750000000001,59.18055555555556,87.60416666666667,85.86805555555556,84.81944444444444,39.24305555555556,53.048611111111114,59.5625,35.479166666666664,15.6,0.0,13.785416666666666,39.3,0.4,8.098611111111111,1.4861111111111112,-0.17638888888888887,110.83611111111111,26.84027777777778,-41.486111111111114,152384.84027777778,21937442.0,-32.11805555555556,-4274378,77.03472222222223,87.17361111111111,74.11805555555556,40.96527777777778,44.604166666666664,35.34027777777778,45.520833333333336,39.52777777777778,28.479166666666668,-3.2,65.8,-1.3291666666666666,0.7652777777777778,96.375,41.020833333333336,40.854166666666664,40.229166666666664,39.291666666666664,914.1395833333333,0.9729166666666667,49.99791666666667,399.11319444444445,397.27430555555554,399.5854166666667,768.9847222222222,797.7048611111111,767.1534722222223,2101.4,-35.3,42.59027777777778,0.6770833333333334,7.890972222222222,213.0298611111111,-178.08888888888887,728.4,-357.1,8.336111111111112,914.0694444444445,2000.0,0.0,213.41180555555556,-945.1076388888889,0.0,-1000.0,44.78402777777777,911.8541666666666,1000.0,0.0,69.03333333333333,62.09027777777778,111.00833333333334,T01,1.3,17.7,8.739583333333334,1.9765972222222221,1.4,15.1,8.860416666666667,0.8220138888888889,23.0,29.0,25.743055555555557,1006.0,1008.0,1006.8194444444445,51.0,81.0,67.04166666666667,0.0,0.0,0.0,0.0,171.71527777777777,174.16666666666666,406.75694444444446,,0
2017-09-02 00:00:00+00:00,1805.6,1190.3,1630.5048611111113,48.16041666666667,74.93055555555556,112.06944444444444,107.79166666666667,106.23611111111111,44.1875,55.104166666666664,62.395833333333336,37.47222222222222,15.9,10.6,14.444444444444445,41.0,0.7000000000000001,10.323611111111111,1.8763888888888889,-0.27013888888888893,106.36458333333333,27.02777777777778,0.0,236139.625,34004106.0,0.0,-4455053,78.06944444444444,92.74305555555556,75.03472222222223,43.791666666666664,47.375,35.0,48.55555555555556,44.84722222222222,28.180555555555557,-3.2,12.7,0.60625,1.5,107.51388888888889,44.34722222222222,44.458333333333336,43.34027777777778,41.388888888888886,1416.8354166666666,0.9902777777777777,50.0,399.73749999999995,397.61527777777775,401.15208333333334,1178.6444444444444,1208.2493055555556,1174.4430555555555,2103.0,96.7,48.05555555555556,0.41944444444444445,9.843055555555557,187.4701388888889,-185.625,-91.2,-221.3,4.047222222222222,1413.4986111111111,2000.0,91.6,187.13888888888889,-840.7541666666667,-448.6,-1000.0,88.51388888888889,724.3506944444445,1000.0,406.1,96.19861111111112,67.06944444444444,106.64027777777778,T01,2.9,19.3,10.485416666666667,2.7758333333333334,3.4,17.2,10.736805555555556,1.1774305555555555,24.0,29.0,25.993055555555557,1008.0,1010.0,1008.7708333333334,53.0,81.0,70.22222222222223,0.0,0.0,0.0,0.0,206.625,211.70833333333334,408.6736111111111,,0
2017-09-03 00:00:00+00:00,1727.7,0.0,1335.7375000000002,89.63333333333334,55.09722222222222,79.5,78.4375,77.72222222222223,40.173611111111114,52.291666666666664,56.99305555555556,35.479166666666664,15.3,0.0,11.820138888888888,38.3,0.4,6.588888888888889,1.1465277777777778,-0.22777777777777775,157.47291666666666,27.04861111111111,-411.9791666666667,97750.26388888889,14016711.0,-288.2013888888889,-2644542,66.97916666666667,81.38888888888889,64.34722222222223,40.71527777777778,44.548611111111114,36.020833333333336,44.979166666666664,38.21527777777778,29.09027777777778,-3.1,89.7,1.3729166666666666,1.8291666666666666,91.57638888888889,40.458333333333336,40.27777777777778,39.833333333333336,39.59722222222222,583.995138888889,0.901388888888889,50.0,399.6361111111111,397.9763888888889,398.4638888888889,497.7708333333333,524.4201388888889,501.06458333333336,2097.1,-50.8,41.263888888888886,0.8083333333333333,6.382638888888889,120.84027777777777,-110.20694444444445,1000.2,-999.9,22.447222222222223,590.0555555555555,2000.0,0.0,121.91458333333334,-747.1069444444444,0.0,-1000.0,84.15902777777778,725.78125,1000.0,0.0,98.8736111111111,55.78472222222222,157.70972222222224,T01,0.7000000000000001,13.5,6.239583333333333,1.176388888888889,0.6000000000000001,12.7,6.836111111111111,0.5591666666666666,23.0,32.0,25.75,1006.0,1010.0,1007.8333333333334,47.0,94.0,66.5,0.0,0.0,0.0,0.0,121.65972222222223,133.59722222222223,407.75,,0
2017-09-04 00:00:00+00:00,1695.4,0.0,791.2986111111111,81.36180555555556,41.0625,53.0,52.923611111111114,52.55555555555556,37.22222222222222,47.638888888888886,48.9375,31.979166666666668,15.0,0.0,6.868055555555555,37.1,0.4,3.9819444444444443,0.74375,-11.963194444444445,250.80902777777777,24.625,-575.3402777777778,28141.722222222223,3969560.0,-376.0138888888889,-1222172,67.28472222222223,72.78472222222223,67.82638888888889,37.736111111111114,39.38194444444444,34.63194444444444,41.09027777777778,31.40277777777778,27.78472222222222,-3.1,78.3,10.152777777777779,1.426388888888889,65.47916666666667,36.99305555555556,36.583333333333336,36.520833333333336,37.020833333333336,165.4048611111111,0.8680555555555556,49.99930555555555,399.93888888888887,398.7604166666667,397.6090277777778,150.44444444444446,161.00208333333333,150.89652777777778,1311.7,-50.0,36.18055555555556,0.7305555555555556,3.9375,56.83472222222222,-50.90625,952.9,-643.7,14.228472222222223,172.12152777777777,1357.6,0.0,57.78055555555555,-419.4597222222222,0.0,-1000.0,72.22152777777778,419.4597222222222,1000.0,0.0,72.22152777777778,39.395833333333336,262.7701388888889,T01,0.0,9.8,4.264583333333333,0.3284722222222223,0.0,10.2,4.272916666666666,0.35638888888888887,21.0,27.0,23.15972222222222,1007.0,1011.0,1008.3402777777778,48.0,97.0,80.27083333333333,0.0,1.0,0.006944444444444444,0.0,82.04166666666667,82.34027777777777,408.28472222222223,,0
2017-09-05 00:00:00+00:00,1705.5,0.0,939.8680555555555,84.7513888888889,44.173611111111114,57.833333333333336,57.74305555555556,57.326388888888886,37.06944444444444,48.520833333333336,50.875,32.88194444444444,15.1,0.0,8.216666666666667,20.4,0.4,4.513194444444444,0.8881944444444445,-2.8680555555555554,157.21180555555554,26.07638888888889,-607.6875,35966.72222222222,5091700.0,-408.74305555555554,-1661877,74.5625,78.89583333333333,73.81944444444444,37.93055555555556,40.423611111111114,34.93055555555556,42.03472222222222,33.47222222222222,28.34722222222222,-3.2,89.7,7.731249999999999,1.6847222222222222,70.85416666666667,37.31944444444444,36.951388888888886,36.8125,37.201388888888886,212.16805555555555,0.8368055555555556,49.99930555555555,399.56388888888887,398.1479166666667,397.84583333333336,197.56805555555556,211.98402777777778,196.97291666666666,1594.6,-50.0,37.104166666666664,0.757638888888889,4.43125,81.58472222222223,-69.23055555555555,1000.2,-889.3,30.4375,219.96805555555557,1621.7,0.0,81.91805555555555,-481.1958333333333,0.0,-1000.0,101.94861111111112,481.1138888888888,1000.0,0.0,102.4,42.833333333333336,162.57916666666668,T01,0.3,14.1,4.633333333333334,0.9563888888888888,0.0,12.7,4.470138888888889,0.5942361111111112,21.0,30.0,24.854166666666668,1010.0,1013.0,1011.1180555555555,51.0,97.0,76.38194444444444,0.0,0.0,0.0,0.0,89.47222222222223,86.23611111111111,411.03472222222223,,0
2017-09-06 00:00:00+00:00,1709.0,63.0,1387.7895833333334,97.98541666666667,51.24305555555556,72.34722222222223,71.93055555555556,71.3125,37.9375,52.53472222222222,57.229166666666664,34.826388888888886,15.2,0.0,12.27986111111111,27.8,0.4,6.465972222222223,1.1736111111111112,-0.5326388888888889,107.61666666666666,27.82638888888889,-191.80555555555554,83314.55555555556,11969675.0,-127.02083333333333,-3043340,79.89583333333333,85.59722222222223,80.58333333333333,40.61805555555556,43.708333333333336,36.1875,45.298611111111114,37.076388888888886,29.506944444444443,-3.1,68.1,-0.3694444444444445,0.7916666666666666,90.35416666666667,40.361111111111114,40.0625,39.72222222222222,39.701388888888886,498.7604166666667,0.9319444444444444,49.99861111111111,399.43055555555554,397.91805555555555,398.5597222222222,426.46527777777777,449.65486111111113,425.35625000000005,1836.9,-43.5,41.02777777777778,0.8784722222222222,6.363888888888889,134.77777777777777,-126.80694444444445,997.1,-383.9,10.060416666666667,500.98125000000005,1909.4,0.0,135.85416666666666,-874.6659722222222,0.0,-1000.0,53.58263888888889,874.2916666666666,1000.0,0.0,55.49236111111111,50.375,108.14583333333333,T01,0.7000000000000001,13.3,6.624305555555555,1.344375,0.7000000000000001,13.2,7.038194444444445,0.7449305555555555,23.0,33.0,26.805555555555557,1008.0,1013.0,1010.2222222222222,28.0,82.0,56.638888888888886,0.0,0.0,0.0,0.0,129.36805555555554,137.64583333333334,410.18055555555554,,0
2017-09-07 00:00:00+00:00,1705.5,29.5,1280.5361111111113,73.75277777777778,49.375,69.38888888888889,69.125,68.72222222222223,37.423611111111114,51.923611111111114,55.611111111111114,34.21527777777778,15.1,0.0,11.320833333333333,19.2,0.4,5.588888888888889,1.011111111111111,-0.8229166666666666,114.14861111111112,27.40277777777778,-185.99305555555554,51244.32638888889,7352399.0,-132.26388888888889,-2412278,78.77777777777777,84.53472222222223,79.35416666666667,40.166666666666664,43.451388888888886,35.88194444444444,44.854166666666664,36.38194444444444,29.09027777777778,-3.0,84.5,0.3736111111111111,0.7840277777777778,90.98611111111111,39.8125,39.479166666666664,39.201388888888886,39.53472222222222,306.3263888888889,0.8680555555555556,49.99791666666667,399.65208333333334,398.18125,398.11527777777775,270.83194444444445,290.56041666666664,266.9375,1566.7,-50.0,40.30555555555556,0.6715277777777778,5.450694444444444,96.79583333333333,-100.51180555555555,917.1,-427.5,13.43888888888889,308.5965277777778,1617.2,0.0,96.96041666666666,-749.6604166666667,0.0,-1000.0,114.875,749.6354166666666,1000.0,0.0,115.04513888888889,48.28472222222222,114.97083333333333,T01,1.2,12.7,6.225,1.1746527777777778,0.7000000000000001,12.0,6.133333333333334,0.6538194444444445,23.0,31.0,26.333333333333332,1006.0,1009.0,1007.3194444444445,40.0,71.0,56.479166666666664,0.0,0.0,0.0,0.0,121.34027777777777,119.52083333333333,407.27777777777777,,0
2017-09-08 00:00:00+00:00,1688.1,0.0,1053.1687499999998,116.24513888888889,44.56944444444444,59.97222222222222,60.25694444444444,59.861111111111114,38.361111111111114,49.763888888888886,52.71527777777778,33.513888888888886,15.0,0.0,9.276388888888889,18.9,0.4,4.584722222222222,0.8277777777777778,-0.1958333333333332,175.48680555555555,26.805555555555557,-517.1875,25016.145833333332,3527853.0,-456.28472222222223,-1465903,75.03472222222223,80.09027777777777,74.65277777777777,39.8125,42.65972222222222,36.72222222222222,44.638888888888886,33.93055555555556,29.77777777777778,-3.1,89.7,4.941666666666666,2.7736111111111112,80.79861111111111,39.208333333333336,38.826388888888886,38.729166666666664,39.479166666666664,147.00694444444446,0.7645833333333334,49.99930555555555,399.5701388888889,398.23749999999995,397.68819444444443,152.6875,167.06875000000002,152.3826388888889,859.4,-50.0,39.97222222222222,1.0631944444444443,4.4375,49.55416666666667,-61.06666666666667,1000.5,-954.6,48.59513888888889,156.53958333333333,880.7,0.0,51.97777777777778,-506.54305555555555,0.0,-1000.0,110.82638888888889,506.54305555555555,1000.0,0.0,110.82638888888889,41.729166666666664,175.6847222222222,T01,0.2,9.6,4.734027777777778,0.4420138888888889,0.2,8.7,4.840277777777778,0.34368055555555554,22.0,33.0,25.694444444444443,1004.0,1007.0,1005.6388888888889,41.0,86.0,65.625,0.0,0.0,0.0,0.0,91.5,93.51388888888889,405.5833333333333,,0
2017-09-09 00:00:00+00:00,1730.3,0.0,988.4131944444445,45.0125,47.84027777777778,62.94444444444444,61.96527777777778,61.208333333333336,34.81944444444444,47.854166666666664,50.701388888888886,31.03472222222222,15.3,0.0,8.7,38.2,0.4,5.585416666666666,1.1173611111111112,-19.477083333333333,260.5875,22.520833333333332,-402.61805555555554,90098.23611111111,12916169.0,-270.9236111111111,-2415718,74.80555555555556,80.46527777777777,72.30555555555556,38.145833333333336,38.791666666666664,31.833333333333332,40.291666666666664,31.40972222222222,25.09027777777778,-3.2,64.4,8.09375,0.6548611111111111,69.20833333333333,37.68055555555556,37.40277777777778,37.145833333333336,36.55555555555556,538.20625,0.9125000000000001,50.0,399.5576388888889,398.0993055555556,398.34166666666664,455.2944444444444,473.91319444444446,457.6256944444445,2097.9,-32.6,36.388888888888886,0.3951388888888889,5.444444444444445,115.01527777777778,-100.66111111111111,999.9,-219.3,6.868055555555555,541.6722222222222,2000.0,0.0,115.75625000000001,-574.0847222222222,0.0,-1000.0,30.234722222222224,558.2506944444444,1000.0,0.0,49.15138888888889,46.53472222222222,292.5715277777778,T01,0.0,12.8,5.809722222222223,0.5215972222222223,0.0,13.2,5.850694444444445,0.5405555555555556,18.0,24.0,21.375,1004.0,1006.0,1004.9236111111111,55.0,97.0,79.5,0.0,1.0,0.013888888888888888,0.0,112.97916666666667,113.75694444444444,404.8888888888889,,0
2017-09-10 00:00:00+00:00,1723.4,0.0,1126.9520833333333,94.88541666666667,45.09722222222222,61.65277777777778,61.361111111111114,60.94444444444444,33.49305555555556,49.65972222222222,52.84722222222222,30.708333333333332,15.3,0.0,9.902083333333334,30.7,0.4,5.293749999999999,1.0159722222222223,0.3756944444444444,309.9215277777778,22.17361111111111,-408.09027777777777,54693.694444444445,7817127.0,-318.43055555555554,-2131047,63.208333333333336,72.01388888888889,62.80555555555556,38.25,40.326388888888886,31.54861111111111,42.208333333333336,31.229166666666668,24.430555555555557,-3.1,89.7,4.422222222222222,1.55625,81.09027777777777,37.888888888888886,37.47222222222222,37.25694444444444,37.3125,325.6951388888889,0.8680555555555556,49.99583333333333,399.45000000000005,397.86805555555554,397.6743055555555,286.03055555555557,306.90208333333334,287.43402777777777,1723.2,-50.1,37.895833333333336,0.8986111111111111,5.221527777777777,87.25763888888889,-88.77430555555556,1000.2,-871.0,20.427083333333332,331.0388888888889,1747.2,0.0,88.95694444444445,-639.4368055555556,0.0,-1000.0,76.19513888888889,639.2659722222222,1000.0,0.0,77.00486111111111,46.40277777777778,314.5444444444445,T01,0.0,13.5,5.793055555555556,0.5543055555555556,0.0,13.4,5.780555555555555,0.5554166666666667,16.0,25.0,20.770833333333332,1005.0,1008.0,1006.6180555555555,36.0,71.0,52.46527777777778,0.0,0.0,0.0,0.0,112.65277777777777,112.38888888888889,406.56944444444446,,0
2017-09-11 00:00:00+00:00,1678.8,0.0,547.9666666666667,80.40347222222222,38.97222222222222,47.770833333333336,47.74305555555556,47.388888888888886,35.923611111111114,44.86805555555556,45.486111111111114,31.20138888888889,14.9,0.0,4.720833333333333,20.3,0.4,3.1708333333333334,0.6618055555555556,26.94861111111111,174.5201388888889,24.36111111111111,-696.4166666666666,12152.104166666666,1649619.0,-469.5416666666667,-529666,70.75694444444444,74.45833333333333,69.14583333333333,36.208333333333336,37.729166666666664,34.5625,39.208333333333336,29.92361111111111,27.493055555555557,-3.0,89.7,14.681944444444444,1.9874999999999998,55.173611111111114,35.388888888888886,34.90277777777778,34.90277777777778,35.49305555555556,68.74166666666666,0.7819444444444446,49.99652777777778,400.5284722222222,399.48125000000005,398.0652777777778,87.62986111111111,93.86458333333333,91.44583333333334,869.9,-50.0,33.90277777777778,0.7124999999999999,3.161111111111111,25.05763888888889,-22.03125,1000.4,-999.9,53.15972222222222,78.82916666666667,918.0,0.0,27.195833333333333,-224.28472222222223,0.0,-1000.0,50.761805555555554,224.28472222222223,1000.0,0.0,50.761805555555554,37.81944444444444,190.06666666666666,T01,0.0,9.5,3.3402777777777777,0.24993055555555557,0.0,9.4,3.357638888888889,0.21930555555555553,18.0,31.0,23.86111111111111,1005.0,1008.0,1006.0277777777778,26.0,80.0,48.375,0.0,0.0,0.0,0.0,63.513888888888886,63.9375,405.9861111111111,,0
2017-09-12 00:00:00+00:00,1703.4,0.0,719.5270833333333,71.60208333333334,47.298611111111114,57.05555555555556,56.916666666666664,56.50694444444444,41.25,47.638888888888886,49.263888888888886,36.548611111111114,15.1,0.0,6.338888888888889,20.2,0.4,3.703472222222222,0.7520833333333333,11.997222222222222,163.41527777777776,29.680555555555557,-593.9027777777778,26084.479166666668,3670641.0,-389.75,-1177403,77.22222222222223,80.96527777777777,75.38194444444444,40.46527777777778,43.25,37.208333333333336,44.90972222222222,36.416666666666664,30.645833333333332,-3.2,89.7,17.820138888888888,2.3423611111111113,66.51388888888889,39.673611111111114,39.1875,39.229166666666664,40.229166666666664,152.95,0.80625,50.0,399.8645833333333,398.7277777777778,398.4326388888889,154.37916666666666,162.30069444444445,154.2840277777778,1523.5,-51.0,39.84722222222222,0.6430555555555555,3.6166666666666663,57.16319444444444,-49.075,1000.1,-973.5,42.079861111111114,159.2798611111111,1541.7,0.0,56.92222222222222,-342.9451388888889,0.0,-1000.0,85.33472222222223,342.93888888888887,1000.0,0.0,85.39791666666667,45.49305555555556,166.42083333333332,T01,0.0,10.8,4.199305555555556,0.43986111111111115,0.0,10.7,4.139583333333333,0.42944444444444446,23.0,36.0,29.02777777777778,1005.0,1009.0,1006.5486111111111,11.0,58.0,31.76388888888889,0.0,0.0,0.0,0.0,80.6875,79.54166666666667,406.5138888888889,,0
2017-09-13 00:00:00+00:00,1812.8,1212.6,1605.3465277777777,33.422222222222224,76.61111111111111,117.79861111111111,112.72916666666667,111.40277777777777,47.763888888888886,54.06944444444444,61.40972222222222,37.50694444444444,15.9,10.7,14.222916666666666,30.2,0.5,10.375,1.7965277777777777,-0.6972222222222223,106.16736111111112,26.291666666666668,-9.61111111111111,242377.14583333334,34900924.0,-5.652777777777778,-4192878,88.31944444444444,101.3125,85.02083333333333,44.541666666666664,48.701388888888886,34.826388888888886,49.77777777777778,44.80555555555556,27.95138888888889,-3.3,12.7,1.1479166666666667,1.567361111111111,109.86805555555556,45.13194444444444,45.15277777777778,44.041666666666664,42.06944444444444,1454.2555555555555,0.9722222222222222,49.99930555555555,399.52916666666664,397.96458333333334,401.9527777777778,1217.3465277777777,1231.1999999999998,1199.8041666666666,2102.4,-44.0,49.9375,0.28611111111111115,9.858333333333333,136.08680555555554,-174.6986111111111,201.2,-379.0,6.408333333333333,1450.8666666666666,2000.0,0.0,135.6236111111111,-758.1534722222223,0.0,-1000.0,118.50972222222224,621.6465277777778,1000.0,0.0,115.92847222222223,71.47916666666667,106.85625,T01,1.4,18.6,9.875,2.3448611111111113,1.3,16.4,10.131944444444445,0.7816666666666667,22.0,31.0,25.20138888888889,1009.0,1012.0,1010.8472222222222,25.0,78.0,59.861111111111114,0.0,0.0,0.0,0.0,194.49305555555554,199.65277777777777,410.78472222222223,,0
2017-09-14 00:00:00+00:00,1690.8,0.0,734.1020833333333,55.24236111111111,40.47222222222222,51.361111111111114,51.49305555555556,51.138888888888886,36.916666666666664,46.125,47.19444444444444,31.53472222222222,15.0,0.0,6.331250000000001,19.7,0.4,3.744444444444445,0.6923611111111111,8.40625,186.49513888888887,24.07638888888889,-649.9166666666666,22577.86111111111,3157623.0,-410.97222222222223,-1202437,63.826388888888886,71.875,64.19444444444444,36.9375,39.49305555555556,33.80555555555556,41.173611111111114,30.625,26.944444444444443,-3.1,89.7,11.074305555555556,1.2305555555555556,65.13888888888889,36.201388888888886,35.78472222222222,35.80555555555556,36.333333333333336,131.55624999999998,0.8583333333333334,49.99930555555555,399.96736111111113,398.72013888888887,397.9847222222222,129.59583333333333,140.65625,130.80694444444444,1053.5,-50.2,36.40972222222222,0.4861111111111111,3.7152777777777777,41.454861111111114,-50.09652777777777,1000.0,-988.8,27.24722222222222,137.96666666666667,1079.1,0.0,41.62986111111111,-387.46180555555554,0.0,-1000.0,76.52430555555556,387.46180555555554,1000.0,0.0,76.52430555555556,43.923611111111114,173.09861111111113,T01,0.0,9.9,3.826388888888889,0.30173611111111115,0.0,10.2,3.9833333333333334,0.28430555555555553,20.0,26.0,22.90277777777778,1007.0,1013.0,1010.7222222222222,49.0,93.0,75.80555555555556,0.0,0.0,0.0,0.0,73.21527777777777,76.41666666666667,410.6458333333333,,0
2017-09-15 00:00:00+00:00,1718.4,0.0,970.9326388888888,61.75277777777777,40.6875,57.270833333333336,57.041666666666664,56.5625,34.65277777777778,48.09722222222222,50.048611111111114,29.90277777777778,15.2,0.0,8.511805555555556,36.7,0.4,4.860416666666667,0.9340277777777778,-10.755555555555555,260.79791666666665,21.71527777777778,-494.2916666666667,53058.305555555555,7569220.0,-293.4861111111111,-1923778,71.20138888888889,75.98611111111111,71.63194444444444,37.458333333333336,38.895833333333336,31.65277777777778,40.875,29.11111111111111,24.48611111111111,-3.2,57.2,7.032638888888889,0.6131944444444444,72.8125,36.951388888888886,36.625,36.416666666666664,36.34027777777778,315.37708333333336,0.9041666666666666,49.99861111111111,399.7006944444445,398.50972222222225,398.4513888888889,277.4326388888889,289.5104166666667,274.24791666666664,1889.1,-44.2,36.49305555555556,0.5479166666666667,4.779166666666667,84.53541666666666,-80.15277777777777,632.2,-700.4,13.543055555555556,320.42291666666665,1923.4,0.0,84.36736111111111,-583.9194444444444,0.0,-1000.0,41.69305555555556,583.5166666666667,1000.0,0.0,43.47777777777778,45.298611111111114,279.06180555555557,T01,0.3,11.5,5.217361111111111,0.36340277777777774,0.0,12.0,5.250694444444445,0.3788888888888889,19.0,22.0,20.680555555555557,1005.0,1009.0,1006.7916666666666,39.0,93.0,69.33333333333333,0.0,0.0,0.0,0.0,101.09027777777777,101.77777777777777,406.75694444444446,,0
2017-09-16 00:00:00+00:00,1699.8,0.0,850.1590277777777,60.200694444444444,38.479166666666664,52.708333333333336,52.68055555555556,52.34722222222222,33.0,46.354166666666664,47.84722222222222,28.54861111111111,15.0,0.0,7.39513888888889,23.1,0.4,4.248611111111111,0.8187500000000001,-9.72013888888889,271.98749999999995,20.65277777777778,-613.3125,31392.666666666668,4432230.0,-403.69444444444446,-1472012,68.70833333333333,73.72222222222223,69.28472222222223,36.416666666666664,37.854166666666664,30.53472222222222,39.94444444444444,27.041666666666668,23.381944444444443,-2.8,89.7,9.448611111111111,0.9722222222222222,70.24305555555556,35.72222222222222,35.3125,35.28472222222222,35.36805555555556,184.6798611111111,0.838888888888889,49.99722222222223,399.6027777777778,398.3798611111111,398.0854166666667,175.75555555555556,186.0388888888889,174.55555555555554,1477.2,-45.2,35.013888888888886,0.5409722222222223,4.190972222222222,64.49375,-61.327083333333334,999.6,-893.0,26.4125,191.27708333333334,1517.0,0.0,64.37083333333334,-447.5236111111111,0.0,-1000.0,81.66458333333334,447.5208333333333,1000.0,0.0,81.66458333333334,40.25,281.7215277777778,T01,0.4,12.0,4.529166666666667,0.3491666666666667,0.0,12.1,4.570833333333334,0.36125,18.0,22.0,19.63888888888889,1005.0,1009.0,1006.9444444444445,42.0,77.0,62.395833333333336,0.0,0.0,0.0,0.0,87.34722222222223,88.18055555555556,406.90277777777777,,0
2017-09-17 00:00:00+00:00,1637.3,0.0,660.1875,65.82499999999999,33.59027777777778,43.84027777777778,44.02777777777778,43.68055555555556,32.958333333333336,40.74305555555556,42.541666666666664,27.88888888888889,14.5,0.0,5.7555555555555555,28.1,0.4,3.3979166666666667,0.70625,-6.455555555555556,214.375,20.319444444444443,-525.1388888888889,10014.402777777777,1366454.0,-294.2361111111111,-766730,65.66666666666667,69.70138888888889,64.88888888888889,34.65972222222222,35.625,30.694444444444443,37.90972222222222,25.291666666666668,23.881944444444443,-2.6,89.7,13.198611111111111,1.8472222222222223,54.15972222222222,34.00694444444444,33.61805555555556,33.65972222222222,33.63194444444444,56.93541666666667,0.8256944444444445,49.99861111111111,399.78125,398.5569444444444,397.6763888888889,71.53402777777778,78.29027777777777,71.13611111111112,595.2,-50.1,31.78472222222222,0.5673611111111111,3.3756944444444446,30.55902777777778,-31.95138888888889,999.9,-958.8,38.36527777777778,64.775,610.9,0.0,32.18472222222223,-247.60694444444445,0.0,-1000.0,88.72361111111111,247.60694444444445,1000.0,0.0,88.72361111111111,36.09027777777778,220.83125,T01,0.0,8.6,3.636805555555556,0.2271527777777778,0.0,8.4,3.522222222222222,0.269375,16.0,23.0,19.53472222222222,1009.0,1012.0,1010.25,53.0,90.0,73.9375,0.0,0.0,0.0,0.0,69.45138888888889,67.14583333333333,410.19444444444446,,0
2017-09-18 00:00:00+00:00,1694.3,0.0,722.3430555555556,57.07430555555556,39.201388888888886,49.84027777777778,49.583333333333336,49.09027777777778,31.65277777777778,45.25694444444444,46.416666666666664,28.77777777777778,15.0,0.0,6.25625,26.1,0.4,4.093055555555555,0.8090277777777778,-16.515972222222224,252.57083333333333,20.666666666666668,-488.77777777777777,41292.6875,5875763.0,-226.04861111111111,-1478881,68.02777777777777,72.13194444444444,67.5,35.40972222222222,36.75694444444444,29.770833333333332,39.03472222222222,26.618055555555557,23.0625,-3.0,56.7,11.670833333333333,0.42083333333333334,60.18055555555556,34.8125,34.46527777777778,34.38194444444444,34.3125,244.82916666666668,0.9520833333333333,49.99861111111111,399.7875,398.6340277777778,397.9111111111111,213.17708333333334,223.88541666666666,213.4347222222222,1435.0,-47.9,33.74305555555556,0.4854166666666667,4.0375,65.78333333333333,-61.61805555555556,1000.1,-690.4,7.343055555555556,248.64444444444447,1451.2,0.0,65.37986111111111,-452.5284722222222,0.0,-1000.0,18.722916666666666,452.52708333333334,1000.0,0.0,18.742361111111112,40.69444444444444,296.6090277777778,T01,0.0,10.9,4.468055555555555,0.28979166666666667,0.0,10.9,4.495138888888889,0.30513888888888885,17.0,23.0,20.020833333333332,1011.0,1014.0,1012.8194444444445,51.0,90.0,68.68055555555556,0.0,0.0,0.0,0.0,86.15972222222223,86.71527777777777,412.78472222222223,,0
2017-09-19 00:00:00+00:00,1674.3,0.0,478.50763888888895,39.296527777777776,34.80555555555556,43.375,43.43055555555556,43.00694444444444,32.638888888888886,43.104166666666664,42.49305555555556,29.32638888888889,14.9,0.0,4.085416666666666,20.5,0.4,2.8319444444444444,0.5625,12.742361111111112,205.25069444444443,21.868055555555557,-665.0972222222222,13430.423611111111,1838209.0,-354.09722222222223,-687563,67.88194444444444,71.88888888888889,66.90277777777777,34.59027777777778,36.375,31.92361111111111,38.354166666666664,26.46527777777778,24.743055555555557,-3.1,60.4,15.540972222222223,0.6645833333333333,52.4375,33.6875,33.22222222222222,33.28472222222222,33.65972222222222,76.58958333333334,0.8840277777777777,49.99930555555555,400.21736111111113,399.2125,397.3381944444444,80.91944444444444,88.7798611111111,83.95416666666667,894.9,-44.2,32.611111111111114,0.34652777777777777,2.8152777777777778,27.27847222222222,-28.650000000000002,1000.0,-940.5,25.748611111111114,82.17847222222223,932.2,0.0,26.419444444444444,-252.11180555555555,0.0,-1000.0,44.580555555555556,252.11180555555555,1000.0,0.0,44.580555555555556,35.145833333333336,195.0236111111111,T01,0.0,9.3,2.7916666666666665,0.17131944444444447,0.0,9.5,2.7444444444444445,0.19034722222222222,18.0,25.0,20.97222222222222,1011.0,1014.0,1012.875,46.0,94.0,73.30555555555556,0.0,1.0,0.006944444444444444,0.0,52.395833333333336,51.798611111111114,412.7986111111111,,0
2017-09-20 00:00:00+00:00,1705.9,0.0,935.1618055555555,94.48263888888889,42.34027777777778,55.84027777777778,55.65277777777778,55.28472222222222,35.00694444444444,46.701388888888886,49.354166666666664,31.208333333333332,15.1,0.0,8.203472222222222,38.3,0.4,4.518750000000001,0.8638888888888889,1.7854166666666664,120.52291666666666,24.020833333333332,-400.50694444444446,36098.13888888889,5140459.0,-246.71527777777777,-1592979,71.20138888888889,75.34027777777777,70.65277777777777,37.291666666666664,38.68055555555556,33.24305555555556,40.36805555555556,31.006944444444443,26.5,-3.2,89.7,7.745138888888889,1.5,67.76388888888889,36.71527777777778,36.3125,36.201388888888886,36.333333333333336,214.20138888888889,0.8506944444444444,49.99861111111111,400.0340277777778,398.6159722222222,398.8493055555556,199.12083333333334,207.84791666666666,192.2701388888889,1570.8,-50.0,35.638888888888886,0.84375,4.441666666666666,84.10277777777779,-66.35902777777778,1000.3,-573.2,22.213194444444447,220.2215277777778,1601.7,0.0,84.49583333333334,-500.1979166666667,0.0,-1000.0,81.07777777777778,500.1743055555556,1000.0,0.0,81.17777777777778,44.770833333333336,126.2298611111111,T01,0.5,14.0,4.750694444444445,0.8827777777777778,0.5,12.6,4.709027777777778,0.6463194444444444,19.0,29.0,23.319444444444443,1008.0,1013.0,1010.0833333333334,28.0,68.0,51.15972222222222,0.0,0.0,0.0,0.0,91.70138888888889,90.92361111111111,410.0763888888889,,0
2017-09-21 00:00:00+00:00,1673.5,0.0,998.6451388888888,127.11944444444445,41.90972222222222,56.520833333333336,56.65277777777778,56.40277777777778,36.263888888888886,46.729166666666664,49.80555555555556,31.01388888888889,14.8,0.0,8.833333333333334,22.7,0.4,4.289583333333334,0.8951388888888889,-0.32986111111111116,142.53611111111113,23.90277777777778,-611.6388888888889,19873.23611111111,2773669.0,-577.9444444444445,-1414124,70.75694444444444,75.90972222222223,71.29861111111111,38.326388888888886,40.19444444444444,33.895833333333336,42.145833333333336,30.833333333333332,26.86111111111111,-2.9,89.7,6.204861111111111,3.536111111111111,77.33333333333333,37.645833333333336,37.201388888888886,37.145833333333336,37.65277777777778,115.54722222222222,0.7305555555555556,50.00138888888889,399.9972222222222,398.59166666666664,398.60555555555555,132.29305555555555,139.80833333333334,126.35347222222224,808.0,-51.0,37.375,1.1416666666666666,4.268055555555556,53.93472222222223,-58.952083333333334,1000.2,-1000.0,54.016666666666666,130.03194444444443,848.4,0.0,57.943749999999994,-427.7416666666667,0.0,-1000.0,144.2736111111111,427.7416666666667,1000.0,0.0,144.2736111111111,41.541666666666664,142.87847222222223,T01,0.6000000000000001,9.6,4.372916666666667,0.6409027777777778,0.4,9.3,4.894444444444444,0.4695138888888889,19.0,29.0,22.82638888888889,1006.0,1009.0,1007.7638888888889,35.0,81.0,59.0,0.0,0.0,0.0,0.0,84.26388888888889,94.75694444444444,407.7083333333333,,0
2017-09-22 00:00:00+00:00,1730.3,0.0,1006.7083333333334,69.52708333333334,44.00694444444444,60.326388888888886,59.854166666666664,59.298611111111114,34.458333333333336,47.208333333333336,50.52777777777778,31.243055555555557,15.3,0.0,8.827777777777778,23.7,0.4,5.232638888888889,0.9965277777777778,0.4430555555555556,111.51597222222222,23.395833333333332,-444.3541666666667,61473.229166666664,8788162.0,-321.9166666666667,-1918933,72.91666666666667,77.33333333333333,72.43055555555556,37.61805555555556,38.68055555555556,32.701388888888886,40.19444444444444,31.131944444444443,25.96527777777778,-3.2,86.2,7.993055555555555,1.1541666666666666,70.15972222222223,37.13194444444444,36.791666666666664,36.604166666666664,36.34722222222222,366.2034722222222,0.8486111111111111,49.99722222222223,399.5548611111111,398.19722222222225,398.5736111111111,322.1743055555555,334.43680555555557,318.2916666666667,2099.5,-50.1,35.638888888888886,0.6284722222222222,5.129861111111111,111.25486111111111,-79.97291666666666,999.9,-851.9,19.819444444444443,372.9555555555555,2000.0,0.0,112.80416666666666,-529.4833333333333,0.0,-1000.0,73.59861111111111,520.088888888889,1000.0,0.0,84.36111111111111,44.72222222222222,111.07638888888889,T01,0.9,14.1,5.591666666666667,1.063125,1.1,12.8,5.666666666666667,0.5597916666666667,18.0,27.0,22.52777777777778,1007.0,1010.0,1008.3472222222222,42.0,92.0,69.06944444444444,0.0,0.0,0.0,0.0,108.63888888888889,110.16666666666667,408.30555555555554,,0
2017-09-23 00:00:00+00:00,1752.6,1202.8,1542.4847222222222,60.75486111111112,61.020833333333336,86.33333333333333,84.30555555555556,83.53472222222223,35.8125,52.826388888888886,58.958333333333336,34.486111111111114,15.5,10.7,13.661805555555555,40.1,0.5,7.952777777777778,1.50625,-0.45694444444444443,115.94513888888888,24.52777777777778,-4.777777777777778,145841.47916666666,21000485.0,-2.8402777777777777,-3900221,72.11805555555556,83.29166666666667,68.54861111111111,40.59027777777778,43.46527777777778,32.833333333333336,44.36805555555556,37.02777777777778,25.666666666666668,-3.2,8.0,-1.573611111111111,0.6104166666666667,96.77083333333333,40.673611111111114,40.513888888888886,39.875,38.75694444444444,874.9784722222222,0.9451388888888889,49.99791666666667,399.1166666666667,397.5652777777778,400.31319444444443,744.3298611111111,759.9784722222222,727.3666666666667,2101.4,-43.2,41.47222222222222,0.5270833333333333,7.7041666666666675,212.4402777777778,-162.50902777777776,7.2,-215.2,5.035416666666666,874.526388888889,2000.0,0.0,212.87708333333333,-934.9520833333333,0.0,-1000.0,67.77638888888889,902.0819444444445,1000.0,0.0,99.73819444444445,60.11805555555556,116.40277777777777,T01,2.6,17.3,9.1375,1.7257638888888889,2.3,15.1,8.613194444444444,0.9358333333333333,21.0,27.0,23.416666666666668,1008.0,1012.0,1009.2708333333334,54.0,85.0,70.82638888888889,0.0,0.0,0.0,0.0,179.64583333333334,169.25694444444446,409.22222222222223,,0
2017-09-24 00:00:00+00:00,1718.9,0.0,1284.8972222222224,92.45347222222222,48.770833333333336,67.42361111111111,66.94444444444444,66.55555555555556,34.59027777777778,52.361111111111114,55.61805555555556,32.458333333333336,15.2,0.0,11.360416666666667,22.8,0.4,5.897222222222222,1.0750000000000002,1.6305555555555555,110.70069444444444,24.666666666666668,-283.40277777777777,62980.520833333336,9028385.0,-211.25,-2350375,63.0625,72.09722222222223,64.08333333333333,39.18055555555556,41.44444444444444,33.56944444444444,42.97222222222222,34.166666666666664,26.270833333333332,-3.2,84.7,0.7597222222222222,1.220138888888889,87.99305555555556,38.826388888888886,38.5,38.1875,38.05555555555556,376.17291666666665,0.8888888888888888,49.99930555555555,399.4291666666667,397.93819444444443,398.3520833333333,329.57430555555555,346.8097222222222,323.3673611111111,1969.6,-50.6,38.59027777777778,0.8159722222222222,5.695138888888889,113.09652777777778,-97.93472222222222,999.9,-807.6,19.047222222222224,380.0493055555555,2000.0,0.0,113.41111111111111,-775.3159722222222,0.0,-1000.0,109.43194444444445,773.1027777777778,1000.0,0.0,113.31736111111111,53.826388888888886,119.06805555555555,T01,0.5,13.5,5.779166666666667,1.258125,0.0,13.1,6.120833333333334,0.6011111111111112,21.0,28.0,23.583333333333332,1011.0,1013.0,1011.6944444444445,44.0,84.0,69.97222222222223,0.0,0.0,0.0,0.0,112.47222222222223,119.22916666666667,411.625,,0
2017-09-25 00:00:00+00:00,1684.1,0.0,647.1881944444444,40.78402777777777,37.90972222222222,47.21527777777778,47.173611111111114,46.854166666666664,35.208333333333336,44.458333333333336,45.72222222222222,31.541666666666668,14.9,0.0,5.567361111111111,21.0,0.4,3.698611111111111,0.6118055555555556,2.8138888888888887,233.75416666666666,23.916666666666668,-559.0069444444445,22828.5625,3206816.0,-286.77777777777777,-1026923,70.36805555555556,74.74305555555556,69.61111111111111,36.229166666666664,38.3125,33.333333333333336,39.96527777777778,29.694444444444443,26.618055555555557,-2.8,58.0,13.175,0.3923611111111111,57.791666666666664,35.4375,35.041666666666664,35.05555555555556,35.548611111111114,133.61319444444445,0.8979166666666667,49.99791666666667,399.8381944444444,398.61875,397.62291666666664,122.19375000000001,132.33680555555554,123.36666666666666,1174.8,-49.4,35.02777777777778,0.3763888888888889,3.663888888888889,32.72708333333333,-42.797916666666666,923.7,-921.3,9.027083333333334,140.17708333333334,1224.1,0.0,33.99930555555555,-343.26458333333335,0.0,-1000.0,28.515277777777776,343.26458333333335,1000.0,0.0,28.515277777777776,39.416666666666664,238.4465277777778,T01,0.0,9.7,3.831944444444444,0.19958333333333333,0.0,9.8,3.8840277777777774,0.20333333333333334,19.0,28.0,22.930555555555557,1011.0,1013.0,1012.0138888888889,41.0,92.0,70.02777777777777,0.0,0.0,0.0,0.0,73.34722222222223,74.47222222222223,411.9861111111111,,0
2017-09-26 00:00:00+00:00,1656.3,0.0,395.1020833333333,43.6875,35.61805555555556,41.49305555555556,41.583333333333336,41.354166666666664,34.65972222222222,42.65972222222222,42.80555555555556,30.59722222222222,14.7,0.0,3.122916666666667,20.1,0.4,2.6222222222222222,0.4930555555555556,12.091666666666667,258.0993055555556,23.0,-771.2916666666666,7067.763888888889,906691.0,-470.7708333333333,-444406,69.67361111111111,73.39583333333333,67.98611111111111,35.3125,37.375,32.645833333333336,38.986111111111114,27.90972222222222,25.98611111111111,-3.0,84.5,18.109722222222224,0.96875,50.0625,34.31944444444444,33.833333333333336,33.97222222222222,34.673611111111114,37.77222222222222,0.8604166666666667,50.00069444444445,400.0256944444444,398.96527777777777,397.8888888888889,48.03402777777777,51.451388888888886,48.59027777777778,733.8,-50.0,33.71527777777778,0.42430555555555555,2.6104166666666666,20.103472222222223,-18.554861111111112,1000.1,-837.0,19.083333333333332,45.46944444444445,747.4,0.0,19.961111111111112,-154.4090277777778,0.0,-1000.0,47.61944444444444,154.4090277777778,1000.0,0.0,47.61944444444444,34.34027777777778,278.5180555555555,T01,0.0,9.2,2.7965277777777775,0.16131944444444446,0.0,8.9,2.788888888888889,0.1713888888888889,19.0,25.0,22.26388888888889,1009.0,1012.0,1010.6388888888889,28.0,85.0,58.31944444444444,0.0,0.0,0.0,0.0,52.604166666666664,52.50694444444444,410.59722222222223,,0
2017-09-27 00:00:00+00:00,1791.1,0.0,1236.3548611111112,54.64861111111111,56.49305555555556,78.92361111111111,76.8125,75.86805555555556,38.03472222222222,48.770833333333336,53.625,33.583333333333336,15.7,0.0,10.906944444444443,31.5,0.4,6.988194444444444,1.3395833333333333,-11.309027777777779,127.46944444444443,23.48611111111111,-228.27777777777777,133659.77083333334,19214134.0,-107.90972222222223,-3077702,74.84722222222223,82.625,72.25694444444444,40.138888888888886,41.375,31.479166666666668,42.68055555555556,34.34722222222222,24.5625,-3.1,77.3,4.602777777777778,1.3138888888888889,81.67361111111111,39.986111111111114,39.81944444444444,39.326388888888886,38.21527777777778,800.6312499999999,0.9375,49.99652777777778,399.56458333333336,398.0763888888889,399.9604166666667,677.5833333333334,691.8923611111111,671.4465277777778,2104.1,-50.0,39.93055555555556,0.4854166666666667,6.831944444444444,162.36597222222224,-128.24374999999998,999.9,-380.9,11.840277777777779,803.14375,2000.0,0.0,162.38194444444446,-664.3118055555556,0.0,-1000.0,82.26944444444445,612.4583333333334,1000.0,0.0,107.36319444444445,54.03472222222222,143.78611111111113,T01,0.4,18.1,8.054166666666667,1.5923611111111111,0.3,16.0,7.688194444444444,0.8020138888888888,20.0,26.0,22.541666666666668,1010.0,1012.0,1010.9305555555555,41.0,87.0,72.25694444444444,0.0,1.0,0.013888888888888888,0.0,157.99305555555554,150.81944444444446,410.84027777777777,,0
2017-09-28 00:00:00+00:00,1756.2,1208.7,1552.0277777777778,59.53055555555555,57.30555555555556,91.09722222222223,88.54166666666667,87.59027777777777,38.833333333333336,53.05555555555556,59.298611111111114,35.104166666666664,15.5,10.7,13.749305555555557,37.9,0.7000000000000001,8.358333333333333,1.5611111111111111,-0.16944444444444443,111.7173611111111,24.381944444444443,0.0,165212.64583333334,23790621.0,0.0,-3954956,66.77777777777777,79.88888888888889,63.048611111111114,41.56944444444444,44.229166666666664,32.22222222222222,45.076388888888886,37.729166666666664,25.319444444444443,-3.1,8.1,-1.2854166666666667,0.7923611111111112,99.31944444444444,41.69444444444444,41.583333333333336,40.875,39.451388888888886,991.3652777777778,0.9701388888888888,49.99652777777778,399.4465277777778,397.89166666666665,400.7590277777778,836.79375,852.2305555555555,820.7041666666667,2102.6,-6.2,42.861111111111114,0.5180555555555556,8.113888888888889,213.29305555555555,-164.7923611111111,0.4,-224.0,5.048611111111111,989.6986111111112,2000.0,0.0,212.6125,-921.6826388888888,0.0,-1000.0,82.36527777777778,861.7159722222223,1000.0,0.0,106.4076388888889,61.701388888888886,111.89513888888888,T01,2.6,17.2,9.185416666666667,1.8831250000000002,2.4,15.9,8.964583333333334,0.8534722222222223,22.0,26.0,23.47222222222222,1011.0,1013.0,1012.0486111111111,44.0,79.0,65.35416666666667,0.0,0.0,0.0,0.0,180.69444444444446,176.41666666666666,411.99305555555554,,0
2017-09-29 00:00:00+00:00,1770.8,1199.1,1619.0270833333334,47.77013888888889,59.479166666666664,97.15972222222223,93.98611111111111,92.86805555555556,38.111111111111114,52.99305555555556,60.27777777777778,35.59027777777778,15.7,10.6,14.346527777777778,28.7,0.6000000000000001,9.072916666666666,1.676388888888889,-0.21666666666666665,109.58472222222223,24.15972222222222,0.0,197982.02777777778,28509412.0,0.0,-4223933,68.65972222222223,82.26388888888889,65.40277777777777,42.041666666666664,44.423611111111114,32.763888888888886,45.013888888888886,38.49305555555556,25.51388888888889,-3.1,8.1,-1.3659722222222224,0.7861111111111111,100.73611111111111,42.270833333333336,42.22222222222222,41.40277777777778,39.645833333333336,1187.929861111111,0.9895833333333334,50.00069444444445,399.18125,397.7131944444444,401.1875,998.0493055555556,1014.0486111111111,982.9555555555556,2101.2,2.4,43.388888888888886,0.4201388888888889,8.789583333333333,246.21041666666667,-175.99652777777777,-11.8,-216.2,5.170138888888889,1186.177777777778,2000.0,1.0,245.87152777777777,-949.5715277777776,-4.9,-1000.0,72.65208333333334,877.6729166666667,1000.0,4.9,115.03680555555555,65.61805555555556,109.80486111111111,T01,2.1,17.1,9.002777777777778,2.2371527777777778,2.1,14.9,9.5,0.9027083333333334,21.0,27.0,23.131944444444443,1011.0,1014.0,1012.0902777777778,46.0,77.0,64.82638888888889,0.0,0.0,0.0,0.0,177.04861111111111,186.9375,412.0138888888889,,0
2017-09-30 00:00:00+00:00,1719.1,0.0,1050.0805555555555,109.88680555555555,45.826388888888886,61.875,61.638888888888886,61.236111111111114,36.69444444444444,49.31944444444444,51.99305555555556,32.479166666666664,15.2,0.0,9.230555555555556,23.0,0.4,4.840972222222223,0.9500000000000001,5.029166666666667,142.81041666666667,24.52777777777778,-628.9027777777778,43052.645833333336,6109016.0,-502.25,-1760197,57.46527777777778,68.13888888888889,53.86805555555556,38.708333333333336,41.27777777777778,33.861111111111114,42.53472222222222,33.25694444444444,26.805555555555557,-3.1,89.7,5.407638888888889,2.4361111111111113,79.69444444444444,38.125,37.72222222222222,37.59722222222222,37.854166666666664,254.56388888888887,0.8305555555555556,50.00069444444445,399.7388888888889,398.28194444444443,398.5104166666667,234.875,246.39444444444447,227.27708333333334,2050.5,-50.2,38.15277777777778,0.9743055555555556,4.731944444444444,81.81666666666666,-73.34305555555555,1000.1,-753.5,25.234027777777776,263.8048611111111,2000.0,0.0,82.23541666666667,-542.2694444444445,0.0,-1000.0,122.85347222222224,540.4124999999999,1000.0,0.0,125.72708333333334,48.8125,152.78472222222223,T01,0.4,12.4,5.300694444444444,0.7803472222222223,0.0,11.5,5.167361111111111,0.4647916666666667,20.0,29.0,23.333333333333332,1009.0,1013.0,1011.1527777777778,45.0,77.0,60.84027777777778,0.0,0.0,0.0,0.0,102.81944444444444,100.15972222222223,411.0833333333333,,0
2017-10-01 00:00:00+00:00,1743.2,101.6,1170.2729166666666,74.65833333333333,48.736111111111114,65.36111111111111,64.77083333333333,64.11111111111111,36.9375,47.875,52.21527777777778,32.59027777777778,15.3,0.0,10.311805555555557,28.6,0.4,5.801388888888889,1.0340277777777778,0.009722222222222231,110.10902777777778,24.09027777777778,-315.6458333333333,75233.01388888889,10788102.0,-238.78472222222223,-2194880,69.65277777777777,76.0625,68.45138888888889,38.80555555555556,40.111111111111114,33.173611111111114,41.604166666666664,32.77777777777778,26.395833333333332,-3.2,58.5,4.609027777777778,1.0986111111111112,76.04166666666667,38.375,38.15277777777778,37.895833333333336,37.50694444444444,449.5229166666667,0.8618055555555556,49.99930555555555,400.0375,398.15833333333336,398.54097222222225,388.2006944444445,409.18611111111113,388.20694444444445,2098.9,-32.4,37.486111111111114,0.6784722222222223,5.673611111111111,117.79652777777778,-91.4625,1000.2,-575.3,22.63611111111111,455.3527777777778,2000.0,0.0,119.23402777777778,-613.2472222222223,0.0,-1000.0,66.25902777777777,603.1381944444444,1000.0,0.0,76.84583333333333,52.104166666666664,110.09583333333333,T01,1.1,15.3,6.173611111111111,0.9156944444444446,1.0,13.4,6.061805555555555,0.4516666666666667,20.0,28.0,23.256944444444443,1008.0,1012.0,1010.1180555555555,43.0,75.0,59.875,0.0,0.0,0.0,0.0,120.33333333333333,118.08333333333333,410.06944444444446,,0
2017-10-02 00:00:00+00:00,1814.6,0.0,1583.7180555555556,51.06736111111111,68.06944444444444,108.1875,103.77777777777777,102.45138888888889,43.326388888888886,54.020833333333336,60.979166666666664,35.861111111111114,15.9,0.0,14.027777777777779,37.1,0.5,10.272222222222222,1.8972222222222221,-0.83125,114.98124999999999,24.17361111111111,-105.54861111111111,228378.70138888888,32871334.0,-91.69444444444444,-4527271,74.93055555555556,88.09722222222223,71.19444444444444,42.86805555555556,45.9375,32.63194444444444,47.173611111111114,41.138888888888886,25.541666666666668,-3.1,89.7,3.1590277777777778,1.9958333333333331,105.49305555555556,43.34722222222222,43.361111111111114,42.333333333333336,40.25,1369.625,0.9854166666666667,49.99722222222223,399.40208333333334,397.5861111111111,401.23055555555555,1147.9013888888887,1167.0222222222224,1135.396527777778,2102.8,-46.2,46.78472222222222,0.4479166666666667,9.912500000000001,160.24166666666667,-188.63541666666666,-3.7,-288.3,4.799305555555556,1372.736111111111,2000.0,0.0,162.44930555555555,-813.9895833333334,0.0,-1000.0,73.8375,710.4833333333333,1000.0,0.0,87.42986111111111,65.73611111111111,115.82222222222224,T01,2.5,22.8,11.469444444444443,2.532777777777778,2.5,20.2,10.995138888888889,1.2929166666666667,20.0,27.0,23.131944444444443,1011.0,1013.0,1011.6458333333334,47.0,79.0,65.31944444444444,0.0,0.0,0.0,0.0,226.45833333333334,217.10416666666666,411.50694444444446,,0
2017-10-03 00:00:00+00:00,1826.6,1212.2,1654.44375,35.22708333333333,69.89583333333333,117.70833333333333,112.6875,111.11111111111111,48.104166666666664,53.02777777777778,61.354166666666664,38.236111111111114,16.0,10.7,14.660416666666666,41.0,0.6000000000000001,11.052083333333334,2.0347222222222223,-0.6152777777777778,112.3125,24.520833333333332,0.0,256756.125,36972882.0,0.0,-4756425,80.90972222222223,96.48611111111111,79.40972222222223,44.59722222222222,47.49305555555556,32.826388888888886,47.958333333333336,42.138888888888886,25.90277777777778,-3.2,18.7,1.8409722222222225,1.651388888888889,109.41666666666667,45.24305555555556,45.28472222222222,44.201388888888886,41.708333333333336,1540.5895833333334,0.9972222222222222,49.99861111111111,399.3527777777778,397.67569444444445,401.6506944444444,1286.5402777777776,1306.290972222222,1275.8493055555555,2102.1,164.8,47.99305555555556,0.30347222222222225,10.645833333333334,176.14236111111111,-198.18124999999998,-120.8,-255.0,4.249305555555555,1537.4222222222222,2000.0,154.8,175.3,-815.5173611111111,-583.3,-1000.0,85.61944444444445,689.0944444444444,1000.0,406.1,104.56666666666666,64.00694444444444,112.92500000000001,T01,2.7,22.8,11.538194444444445,3.1781944444444448,2.8,20.8,11.463194444444445,1.406736111111111,21.0,27.0,23.52777777777778,1010.0,1012.0,1010.9236111111111,45.0,78.0,62.486111111111114,0.0,0.0,0.0,0.0,227.8125,226.29861111111111,410.8958333333333,,0
2017-10-04 00:00:00+00:00,1810.6,1204.4,1598.7847222222222,56.704166666666666,64.44444444444444,102.55555555555556,98.77777777777777,97.61111111111111,40.90972222222222,54.076388888888886,60.72222222222222,35.77777777777778,15.9,10.7,14.16875,43.3,0.5,9.99861111111111,1.836111111111111,-0.37083333333333335,115.67222222222222,24.26388888888889,0.0,207972.47916666666,29948037.0,0.0,-4363041,72.66666666666667,86.47916666666667,69.61111111111111,42.25,45.708333333333336,32.75,46.986111111111114,40.40277777777778,25.54861111111111,-3.2,17.9,1.1777777777777778,1.2652777777777777,104.41666666666667,42.673611111111114,42.673611111111114,41.68055555555556,39.84722222222222,1247.802777777778,0.9812500000000001,49.99583333333333,399.38125,397.625,401.1097222222222,1047.6090277777778,1065.851388888889,1031.85,2101.1,43.9,45.90277777777778,0.4979166666666667,9.658333333333333,164.31041666666667,-181.79652777777778,-5.8,-220.5,6.132638888888889,1246.5625,2000.0,40.3,164.91180555555556,-860.1069444444444,-197.3,-1000.0,48.65347222222223,779.0798611111111,1000.0,197.3,63.643055555555556,55.4375,116.04861111111111,T01,0.9,23.1,11.32638888888889,2.2290972222222223,0.9,20.4,10.55,1.3313194444444445,20.0,27.0,23.23611111111111,1011.0,1013.0,1012.0416666666666,46.0,81.0,64.75,0.0,0.0,0.0,0.0,223.52777777777777,208.08333333333334,411.9583333333333,,0
2017-10-05 00:00:00+00:00,1806.6,0.0,1632.1409722222222,46.49722222222223,72.51388888888889,118.84722222222223,113.34027777777777,111.63194444444444,47.354166666666664,53.38194444444444,61.354166666666664,37.541666666666664,15.9,0.0,14.459027777777777,30.0,0.8,11.247222222222222,2.0694444444444446,-0.4027777777777778,108.07430555555555,24.041666666666668,-36.31944444444444,265716.2291666667,38257908.0,-30.541666666666668,-4749924,79.80555555555556,94.86111111111111,77.91666666666667,44.6875,47.048611111111114,32.479166666666664,47.923611111111114,42.083333333333336,25.23611111111111,-3.1,89.7,2.7659722222222225,2.589583333333333,110.0,45.30555555555556,45.40277777777778,44.208333333333336,41.576388888888886,1594.070138888889,0.9881944444444445,49.99722222222223,399.72013888888887,398.03541666666666,401.9631944444444,1331.0854166666666,1349.6437500000002,1319.665972222222,2103.0,-50.0,48.40277777777778,0.41041666666666665,10.788888888888888,170.43333333333334,-197.91180555555556,7.8,-223.1,5.663888888888889,1608.3715277777778,2000.0,0.0,151.55347222222224,-760.7493055555556,0.0,-1000.0,104.80277777777778,620.2951388888889,1000.0,0.0,109.92083333333333,59.18055555555556,108.47430555555555,T01,1.9,20.8,11.452777777777778,3.649097222222222,1.9,19.2,11.95486111111111,1.4460416666666667,21.0,26.0,22.979166666666668,1010.0,1013.0,1011.4444444444445,56.0,77.0,67.9375,0.0,0.0,0.0,0.0,226.09027777777777,236.25,411.4166666666667,,0
2017-10-06 00:00:00+00:00,1707.8,0.0,904.4375,70.9,46.00694444444444,59.791666666666664,59.75,59.333333333333336,37.4375,48.763888888888886,51.09722222222222,33.229166666666664,15.1,0.0,7.844444444444444,21.2,0.4,4.489583333333333,0.7875000000000001,1.2611111111111113,179.15694444444443,25.083333333333332,-638.875,37744.9375,5343271.0,-544.2152777777778,-1445706,64.43055555555556,73.9375,64.34722222222223,38.4375,41.201388888888886,35.18055555555556,42.31944444444444,33.03472222222222,27.875,-2.9,89.7,8.55,1.4715277777777778,74.78472222222223,37.763888888888886,37.38194444444444,37.270833333333336,37.673611111111114,222.61111111111111,0.7965277777777778,49.99930555555555,400.1736111111111,398.86875,397.9506944444445,204.8638888888889,220.3638888888889,207.96319444444444,1692.9,-48.5,37.791666666666664,0.6534722222222222,4.427777777777778,50.56944444444444,-60.231249999999996,1000.0,-924.2,29.164583333333333,231.17708333333334,1751.9,0.0,51.96944444444445,-479.9145833333333,0.0,-1000.0,70.36388888888888,479.45416666666665,1000.0,0.0,71.60347222222222,41.44444444444444,177.88402777777776,T01,0.0,12.6,4.534722222222222,0.4396527777777778,0.0,11.2,4.772222222222222,0.25194444444444447,20.0,30.0,24.34027777777778,1009.0,1011.0,1009.8819444444445,35.0,76.0,55.13194444444444,0.0,0.0,0.0,0.0,87.41666666666667,92.23611111111111,409.86805555555554,,0
2017-10-07 00:00:00+00:00,1775.4,0.0,1060.5194444444444,45.73125,48.34722222222222,69.21527777777777,67.83333333333333,67.18055555555556,38.479166666666664,47.791666666666664,51.423611111111114,33.354166666666664,15.7,0.0,9.327083333333333,30.8,0.4,5.896527777777778,1.0208333333333333,10.464583333333334,114.66458333333334,24.125,-257.02777777777777,95091.00694444444,13656093.0,-104.09722222222223,-2457482,73.88888888888889,80.38194444444444,71.39583333333333,39.43055555555556,41.02777777777778,33.520833333333336,42.451388888888886,33.479166666666664,26.52777777777778,-3.2,49.4,6.565972222222222,0.7222222222222222,75.59722222222223,39.104166666666664,38.81944444444444,38.458333333333336,38.0,568.9819444444444,0.9118055555555556,49.99791666666667,399.5548611111111,398.06319444444443,398.77986111111113,491.5208333333333,502.80486111111105,482.48749999999995,2104.2,-31.4,38.99305555555556,0.4048611111111111,5.74375,100.35902777777778,-102.38194444444444,779.0,-696.8,17.039583333333333,570.4708333333333,2000.0,0.0,99.83541666666666,-585.651388888889,0.0,-1000.0,56.669444444444444,554.3777777777777,1000.0,0.0,64.53402777777778,43.69444444444444,96.69375,T01,0.0,17.7,6.065972222222222,1.0904166666666668,0.0,15.6,5.865277777777778,0.5997916666666667,20.0,28.0,23.73611111111111,1008.0,1011.0,1009.0486111111111,41.0,78.0,56.72222222222222,0.0,0.0,0.0,0.0,118.14583333333333,114.27777777777777,409.00694444444446,,0
2017-10-08 00:00:00+00:00,1767.9,0.0,1516.6041666666667,74.49513888888889,55.041666666666664,86.27777777777777,84.125,83.24305555555556,37.708333333333336,53.173611111111114,58.99305555555556,34.583333333333336,15.6,0.0,13.43611111111111,39.6,0.7000000000000001,8.077083333333333,1.4708333333333334,-0.2201388888888889,114.04097222222224,24.020833333333332,-78.84027777777777,147470.74305555556,21224436.0,-52.333333333333336,-3670100,65.45833333333333,78.60416666666667,61.47222222222222,40.44444444444444,43.173611111111114,32.666666666666664,44.03472222222222,36.84027777777778,25.354166666666668,-3.2,89.7,-0.21805555555555564,1.3020833333333333,96.18055555555556,40.55555555555556,40.4375,39.798611111111114,38.541666666666664,884.325,0.9527777777777777,49.99791666666667,399.33124999999995,397.7451388888889,400.14374999999995,748.0833333333334,766.8472222222222,735.8958333333334,2100.1,-50.0,41.34027777777778,0.6590277777777778,7.8187500000000005,180.05069444444445,-152.91458333333333,741.2,-428.8,7.684027777777778,896.3340277777778,2000.0,0.0,177.90069444444444,-892.66875,0.0,-1000.0,68.56944444444444,849.0555555555555,1000.0,0.0,86.01736111111111,50.729166666666664,114.26458333333332,T01,1.8,17.0,8.899305555555555,1.4631944444444445,1.9,15.5,8.515972222222222,0.6677083333333333,21.0,27.0,23.006944444444443,1009.0,1011.0,1010.1944444444445,47.0,79.0,65.0625,0.0,0.0,0.0,0.0,175.00694444444446,167.43055555555554,410.1458333333333,,0
2017-10-09 00:00:00+00:00,1690.8,0.0,782.5333333333333,84.00208333333333,39.604166666666664,52.013888888888886,52.229166666666664,51.916666666666664,34.74305555555556,44.548611111111114,46.75,31.46527777777778,15.0,0.0,6.834027777777778,17.1,0.4,3.716666666666667,0.6833333333333333,5.7444444444444445,153.78055555555557,23.756944444444443,-668.9305555555555,14535.229166666666,1996747.0,-556.0833333333334,-884333,64.72916666666667,70.68055555555556,65.88194444444444,37.895833333333336,39.74305555555556,33.50694444444444,41.5,29.98611111111111,26.34722222222222,-3.1,89.7,10.414583333333333,2.386111111111111,69.02777777777777,37.18055555555556,36.65972222222222,36.673611111111114,37.34027777777778,83.19236111111111,0.7381944444444445,49.99583333333333,399.88472222222225,398.6388888888889,397.93055555555554,106.92569444444445,116.58333333333333,108.78125,1074.6,-50.0,36.77777777777778,0.7791666666666667,3.688888888888889,31.09722222222222,-36.925,1000.1,-952.6,63.55694444444445,95.02569444444445,1086.9,0.0,33.59027777777778,-319.8673611111111,0.0,-1000.0,92.28958333333334,319.8673611111111,1000.0,0.0,92.28958333333334,36.43055555555556,163.03680555555556,T01,0.0,8.6,3.8722222222222222,0.2775694444444444,0.0,8.6,3.9930555555555554,0.1922222222222222,19.0,30.0,22.770833333333332,1009.0,1012.0,1010.4375,40.0,86.0,67.31944444444444,0.0,0.0,0.0,0.0,74.20138888888889,76.60416666666667,410.36805555555554,,0
2017-10-10 00:00:00+00:00,1706.3,163.6,1229.8784722222222,82.14166666666667,46.38194444444444,63.13194444444444,63.03472222222222,62.68055555555556,34.49305555555556,48.84722222222222,52.895833333333336,31.65277777777778,15.1,0.0,10.89375,20.2,0.4,5.5881944444444445,0.9576388888888889,-0.2576388888888889,113.29652777777778,24.041666666666668,-271.9583333333333,53138.916666666664,7612842.0,-237.56944444444446,-2378728,71.4375,76.88194444444444,72.07638888888889,38.916666666666664,40.236111111111114,33.076388888888886,42.13194444444444,32.048611111111114,25.97222222222222,-3.2,48.0,1.5784722222222223,1.0270833333333333,82.49305555555556,38.38194444444444,38.104166666666664,37.770833333333336,37.736111111111114,317.2034722222222,0.8652777777777778,49.99722222222223,399.4944444444444,398.03472222222223,398.29583333333335,282.35625000000005,297.9034722222222,275.49930555555557,1672.1,-50.0,37.56944444444444,0.7284722222222223,5.477083333333334,91.38402777777779,-99.12569444444445,1000.2,-892.2,15.549305555555556,321.3694444444444,1694.3,0.0,92.45625000000001,-752.6645833333333,0.0,-1000.0,90.5951388888889,752.4263888888888,1000.0,0.0,91.44097222222223,41.46527777777778,113.54722222222222,T01,0.8,11.8,5.642361111111111,0.8447222222222223,0.7000000000000001,11.7,5.633333333333334,0.6104166666666667,20.0,29.0,23.20138888888889,1009.0,1012.0,1010.3958333333334,35.0,77.0,55.763888888888886,0.0,0.0,0.0,0.0,109.63194444444444,109.42361111111111,410.2986111111111,,0
2017-10-11 00:00:00+00:00,1744.6,1180.7,1525.554861111111,80.80833333333334,51.916666666666664,77.3125,76.00694444444444,75.36805555555556,34.03472222222222,54.27777777777778,59.11805555555556,33.72222222222222,15.5,10.5,13.511805555555556,24.0,0.7000000000000001,7.503472222222222,1.254861111111111,-0.08541666666666665,110.5013888888889,23.993055555555557,-2.8680555555555554,118045.42361111111,16998127.0,-1.7569444444444444,-3480314,73.02083333333333,81.64583333333333,71.95833333333333,40.18055555555556,42.81944444444444,32.263888888888886,44.354166666666664,34.81944444444444,24.98611111111111,-3.2,7.2,-1.8062500000000001,0.4270833333333333,94.15972222222223,40.201388888888886,40.020833333333336,39.47222222222222,38.74305555555556,708.2145833333333,0.96875,49.99930555555555,398.7701388888889,397.32222222222225,399.3097222222222,601.4958333333333,619.3416666666667,590.3305555555556,2099.8,-43.3,40.94444444444444,0.7097222222222223,7.273611111111112,154.44444444444446,-145.01041666666666,9.2,-218.0,7.277083333333334,707.9944444444444,2000.0,0.0,155.0951388888889,-966.3020833333334,0.0,-1000.0,45.044444444444444,949.03125,1000.0,0.0,52.048611111111114,49.84722222222222,110.59652777777778,T01,0.8,14.7,7.668749999999999,1.343611111111111,0.5,14.9,7.878472222222222,0.7967361111111111,20.0,30.0,23.22222222222222,1011.0,1014.0,1011.9027777777778,28.0,76.0,57.50694444444444,0.0,1.0,0.006944444444444444,0.0,150.1875,154.34722222222223,411.84027777777777,,0
2017-10-12 00:00:00+00:00,1758.1,0.0,1212.5090277777776,86.24166666666666,50.40972222222222,72.30555555555556,71.19444444444444,70.66666666666667,37.47222222222222,51.201388888888886,55.333333333333336,34.576388888888886,15.5,0.0,10.680555555555555,25.0,0.4,6.168749999999999,1.1854166666666668,-1.3923611111111112,126.59375,25.958333333333332,-453.9791666666667,85000.38194444444,12174684.0,-369.0625,-2796694,65.50694444444444,75.61111111111111,63.576388888888886,40.05555555555556,42.84722222222222,33.65277777777778,44.076388888888886,35.854166666666664,26.90277777777778,-3.1,89.7,4.49375,2.1534722222222222,86.11111111111111,39.61805555555556,39.34722222222222,39.02777777777778,38.86805555555556,507.27430555555554,0.8597222222222222,50.00069444444445,399.4138888888889,397.9152777777778,399.40833333333336,448.33958333333334,457.55486111111105,434.0444444444445,2099.8,-50.8,40.451388888888886,0.7756944444444445,6.027083333333334,142.25069444444443,-116.51736111111111,1000.1,-643.6,19.920833333333334,534.5118055555555,2000.0,0.0,144.48611111111111,-675.5333333333333,0.0,-1000.0,110.34027777777777,652.1159722222222,1000.0,0.0,124.36319444444445,49.15277777777778,125.48333333333332,T01,0.2,18.1,6.484027777777778,1.6009027777777778,0.0,18.2,6.385416666666667,1.1909027777777779,22.0,30.0,25.02777777777778,1012.0,1016.0,1014.25,28.0,72.0,49.93055555555556,0.0,0.0,0.0,0.0,126.5625,124.5625,414.2013888888889,,0
2017-10-13 00:00:00+00:00,1704.4,40.7,1318.5020833333333,76.99166666666666,49.28472222222222,69.25,69.01388888888889,68.57638888888889,37.52777777777778,52.013888888888886,55.895833333333336,35.94444444444444,15.1,0.0,11.679166666666667,17.7,0.4,5.642361111111111,0.9979166666666668,0.06805555555555558,114.42152777777778,27.979166666666668,-121.17361111111111,48612.604166666664,6982765.0,-79.29166666666667,-2447757,58.8125,70.04166666666667,54.020833333333336,40.44444444444444,43.97222222222222,35.388888888888886,45.104166666666664,36.78472222222222,28.52777777777778,-3.1,84.0,-1.0368055555555555,1.0645833333333334,91.77777777777777,39.93055555555556,39.59027777777778,39.354166666666664,39.729166666666664,290.9513888888889,0.8458333333333333,49.99722222222223,398.98333333333335,397.5027777777778,397.3236111111111,267.9111111111111,289.62152777777777,264.8305555555555,1963.0,-50.2,40.75694444444444,0.6784722222222223,5.485416666666667,95.84375,-101.96805555555555,1000.1,-833.9,39.45,292.7861111111111,2000.0,0.0,95.7125,-811.9791666666666,0.0,-1000.0,141.31944444444446,810.8326388888888,1000.0,0.0,142.79652777777778,48.736111111111114,114.35347222222224,T01,1.4,11.7,5.684027777777778,0.9052083333333333,1.0,11.4,5.763888888888889,0.6073611111111111,24.0,32.0,27.17361111111111,1014.0,1017.0,1014.8958333333334,19.0,39.0,28.51388888888889,0.0,0.0,0.0,0.0,110.51388888888889,112.20138888888889,414.84027777777777,,0
2017-10-14 00:00:00+00:00,1730.3,143.8,1384.0118055555556,66.725,50.72222222222222,73.45833333333333,72.79166666666667,72.15972222222223,37.59722222222222,51.25694444444444,56.201388888888886,35.673611111111114,15.3,0.0,12.260416666666666,23.8,0.6000000000000001,6.293055555555556,1.0444444444444445,0.13819444444444445,109.89722222222223,27.28472222222222,-113.22222222222223,77760.9375,11181270.0,-69.65277777777777,-2669427,59.270833333333336,70.32638888888889,54.4375,40.22222222222222,43.520833333333336,34.833333333333336,44.47222222222222,37.041666666666664,27.916666666666668,-3.1,62.4,-0.9736111111111112,0.9354166666666668,92.15277777777777,39.88194444444444,39.638888888888886,39.208333333333336,39.166666666666664,465.8652777777778,0.8854166666666666,49.99791666666667,399.1138888888889,397.5416666666667,397.87638888888887,399.0673611111111,426.2444444444444,401.31666666666666,2100.4,-49.4,40.52777777777778,0.5923611111111111,6.127083333333333,114.48611111111111,-111.23402777777778,1000.1,-807.0,19.188194444444445,467.38680555555555,2000.0,0.0,114.6673611111111,-823.9868055555556,0.0,-1000.0,105.66666666666667,815.4854166666667,1000.0,0.0,112.48888888888888,50.833333333333336,109.76388888888889,T01,1.6,16.0,6.598611111111111,0.9794444444444443,1.4,15.0,6.629861111111111,0.5349999999999999,23.0,31.0,26.47222222222222,1013.0,1016.0,1014.1944444444445,20.0,52.0,31.82638888888889,0.0,0.0,0.0,0.0,128.84027777777777,129.51388888888889,414.09722222222223,,0
2017-10-15 00:00:00+00:00,1796.1,1192.8,1584.3375,66.11319444444445,64.09722222222223,101.39583333333333,97.84027777777777,96.69444444444444,41.4375,54.638888888888886,60.895833333333336,35.833333333333336,15.9,10.6,14.034722222222221,35.5,0.4,10.098611111111111,1.7833333333333334,-0.6125,116.79861111111111,24.40277777777778,0.0,198267.15277777778,28550470.0,0.0,-4230299,71.28472222222223,84.49305555555556,67.80555555555556,42.138888888888886,45.72222222222222,32.52777777777778,47.00694444444444,40.388888888888886,25.493055555555557,-3.2,17.4,1.8756944444444446,1.0770833333333334,103.63888888888889,42.59027777777778,42.548611111111114,41.638888888888886,39.97222222222222,1189.5916666666667,0.9874999999999999,49.99861111111111,399.2986111111111,397.5083333333333,400.7027777777778,999.4472222222222,1017.904861111111,983.6208333333333,2101.0,82.4,45.895833333333336,0.5854166666666667,9.777083333333334,128.77222222222224,-176.2625,-97.9,-223.1,4.984027777777778,1188.9736111111113,2000.0,48.6,129.37152777777777,-853.3527777777778,-237.9,-1000.0,24.532638888888886,780.5354166666667,1000.0,237.9,29.30763888888889,59.791666666666664,117.41458333333334,T01,1.8,22.3,11.049305555555556,1.915486111111111,2.2,21.1,10.425,1.307638888888889,21.0,27.0,23.395833333333332,1011.0,1015.0,1013.1736111111111,40.0,74.0,59.80555555555556,0.0,0.0,0.0,0.0,217.99305555555554,205.5625,413.1388888888889,,0
2017-10-16 00:00:00+00:00,1809.9,1232.7,1665.0243055555557,29.40277777777778,68.15277777777777,111.77777777777777,107.0,105.54861111111111,43.875,53.27777777777778,61.263888888888886,36.63194444444444,15.9,10.9,14.75486111111111,30.4,0.5,10.256250000000001,1.8763888888888889,-0.017361111111111105,125.56805555555555,23.416666666666668,0.0,250753.33333333334,36108480.0,0.0,-4855129,76.0,90.96527777777777,73.61805555555556,43.46527777777778,45.763888888888886,32.416666666666664,46.333333333333336,40.40277777777778,24.82638888888889,-3.1,13.1,-0.15347222222222226,1.4145833333333333,106.15972222222223,43.979166666666664,44.05555555555556,42.923611111111114,40.40972222222222,1504.5756944444445,1.0,49.99861111111111,399.24930555555557,397.70694444444445,401.99930555555557,1261.6437500000002,1275.8756944444444,1243.3833333333334,2104.4,249.9,46.0,0.25416666666666665,9.964583333333334,210.8625,-202.29652777777778,-141.8,-224.1,3.9659722222222222,1500.8881944444445,2000.0,208.1,209.97430555555556,-874.78125,-583.3,-1000.0,98.97430555555555,756.3527777777778,1000.0,406.1,127.6451388888889,69.33333333333333,125.59930555555555,T01,3.1,20.4,10.488888888888889,2.5874305555555552,3.0,17.7,10.24861111111111,2.245902777777778,21.0,26.0,22.45138888888889,1012.0,1015.0,1013.6111111111111,54.0,78.0,66.98611111111111,0.0,0.0,0.0,0.0,206.69444444444446,201.97916666666666,413.56944444444446,,0
2017-10-17 00:00:00+00:00,1765.3,0.0,1203.4777777777776,92.65694444444445,47.24305555555556,69.54861111111111,68.84722222222223,68.29861111111111,34.24305555555556,52.270833333333336,55.451388888888886,32.50694444444444,15.7,0.0,10.64236111111111,23.7,0.5,6.574999999999999,1.2208333333333334,1.8944444444444446,137.14999999999998,23.09722222222222,-276.9513888888889,73331.28472222222,10519825.0,-170.75694444444446,-2979647,59.208333333333336,70.91666666666667,56.75694444444444,39.31944444444444,41.61805555555556,31.229166666666668,43.03472222222222,33.40277777777778,23.98611111111111,-3.2,89.7,9.569444444444445,1.4347222222222222,85.20138888888889,38.888888888888886,38.576388888888886,38.298611111111114,38.15277777777778,438.3333333333333,0.8923611111111112,49.99722222222223,399.0986111111111,397.50416666666666,398.05069444444445,386.3284722222222,402.43541666666664,379.5652777777778,2099.8,-50.9,39.208333333333336,0.8180555555555555,6.499305555555555,126.92430555555555,-124.16180555555555,1000.0,-818.5,13.866666666666667,565.5333333333333,2000.0,0.0,164.1125,-740.504861111111,0.0,-1000.0,86.6861111111111,730.9312500000001,1000.0,0.0,93.44097222222223,51.18055555555556,135.25694444444446,T01,0.8,15.1,6.388194444444444,1.729513888888889,0.8,15.0,6.260416666666667,1.6811805555555557,20.0,33.0,22.006944444444443,1010.0,1015.0,1012.0069444444445,53.0,83.0,72.69444444444444,0.0,0.0,0.0,0.0,124.55555555555556,122.13888888888889,411.9861111111111,,0
2017-10-18 00:00:00+00:00,1786.7,35.0,1336.7145833333334,82.50486111111111,44.03472222222222,67.25694444444444,66.61111111111111,65.97916666666667,31.90277777777778,51.201388888888886,54.888888888888886,29.430555555555557,15.7,0.0,11.799305555555556,49.4,0.4,6.353472222222222,1.2694444444444446,-1.0020833333333334,254.18402777777777,20.28472222222222,-225.3125,85410.88194444444,12266722.0,-171.27083333333334,-3114604,70.22916666666667,76.77777777777777,73.32638888888889,39.201388888888886,40.11805555555556,29.229166666666668,42.479166666666664,29.32638888888889,21.59027777777778,-3.2,59.8,0.6034722222222222,0.7159722222222222,88.40972222222223,38.916666666666664,38.63194444444444,38.236111111111114,37.74305555555556,511.09027777777777,0.8951388888888889,50.0,398.7729166666667,397.3069444444444,397.71458333333334,440.3069444444444,462.79305555555555,441.31111111111113,2101.2,-50.7,38.798611111111114,0.7395833333333334,6.258333333333334,155.75902777777776,-129.76944444444445,1000.0,-679.7,13.196527777777778,513.2444444444444,2000.0,0.0,156.1048611111111,-814.1180555555555,0.0,-1000.0,66.86597222222223,808.8395833333333,1000.0,0.0,74.23819444444445,51.5,255.18680555555557,T01,1.2,15.8,6.452083333333333,0.9491666666666667,1.2,16.5,6.444444444444445,1.0164583333333335,16.0,21.0,19.319444444444443,1006.0,1010.0,1007.5763888888889,62.0,97.0,86.25,0.0,103.0,2.9375,0.0,125.9375,125.72222222222223,407.52777777777777,,0
2017-10-19 00:00:00+00:00,1784.8,0.0,1341.189393939394,68.01439393939394,45.21212121212121,70.40151515151516,69.33333333333333,68.67424242424242,32.40151515151515,49.86363636363637,54.22727272727273,29.71212121212121,15.7,0.0,11.883333333333333,37.5,0.4,6.476515151515152,1.106060606060606,-0.6431818181818181,291.7878787878788,20.515151515151516,-151.21212121212122,89924.15151515152,11850029.0,-104.22727272727273,-2757863,67.32575757575758,75.52272727272727,67.63636363636364,39.5,39.89393939393939,29.234848484848484,42.21969696969697,30.098484848484848,21.84090909090909,-3.1,90.0,1.134090909090909,1.2363636363636366,88.47727272727273,39.28787878787879,39.02272727272727,38.553030303030305,37.916666666666664,538.6234848484848,0.8962121212121212,50.0,399.2295454545455,397.7681818181818,398.39696969696973,463.6242424242424,483.9916666666667,462.4621212121212,2103.3,-45.7,38.75757575757576,0.5954545454545456,6.370454545454545,107.84772727272727,-125.34621212121213,1000.2,-337.5,14.299242424242424,540.8462121212121,2000.0,0.0,108.75227272727273,-790.4015151515151,0.0,-1000.0,59.25606060606061,771.6166666666667,1000.0,0.0,63.65909090909091,50.56060606060606,292.4371212121212,T01,1.8,19.1,6.563194444444445,0.5940972222222222,1.7000000000000002,19.4,6.613888888888889,0.6077777777777778,17.0,21.0,19.52777777777778,1002.0,1012.0,1006.8958333333334,65.0,93.0,82.81944444444444,0.0,7.0,0.13194444444444445,0.0,128.20138888888889,129.11111111111111,406.84027777777777,,0
2017-10-20 00:00:00+00:00,1521.8,0.0,634.9263888888888,57.96597222222223,35.861111111111114,46.770833333333336,46.93055555555556,46.68055555555556,32.34027777777778,42.104166666666664,43.701388888888886,29.333333333333332,13.5,0.0,5.5368055555555555,19.4,0.4,3.26875,0.6409722222222223,-10.2375,280.1013888888889,21.5,-700.7152777777778,9110.958333333334,1211074.0,-480.96527777777777,-897912,66.38888888888889,72.52083333333333,65.4375,35.84027777777778,36.979166666666664,29.97222222222222,38.84027777777778,26.930555555555557,23.36111111111111,-2.5,89.7,14.608333333333333,2.064583333333333,59.90972222222222,34.958333333333336,34.5,34.47222222222222,35.00694444444444,50.46111111111111,0.7951388888888888,49.99861111111111,400.35,399.28263888888887,397.99652777777777,63.541666666666664,71.19652777777777,63.08402777777778,609.4,-48.3,33.486111111111114,0.5604166666666667,3.2729166666666667,23.6875,-37.43472222222223,999.9,-949.8,21.646527777777777,59.70763888888889,626.3,0.0,26.183333333333334,-231.32847222222225,0.0,-1000.0,75.8111111111111,231.32847222222225,1000.0,0.0,75.8111111111111,35.395833333333336,290.3305555555555,T01,0.0,7.8,3.795138888888889,0.20145833333333335,0.0,8.1,3.773611111111111,0.20645833333333333,18.0,24.0,20.59027777777778,1011.0,1014.0,1012.7847222222222,59.0,93.0,79.58333333333333,0.0,0.0,0.0,0.0,72.66666666666667,72.24305555555556,412.74305555555554,,0
2017-10-21 00:00:00+00:00,1684.3,0.0,546.9118055555556,77.98819444444445,34.375,42.88194444444444,42.81944444444444,42.458333333333336,34.31944444444444,41.458333333333336,42.923611111111114,30.6875,14.9,0.0,4.624305555555555,17.1,0.4,3.236111111111111,0.6930555555555555,9.934722222222222,116.21041666666666,22.97222222222222,-571.6597222222222,16016.055555555555,2223992.0,-224.63888888888889,-741859,68.5,73.90277777777777,66.68055555555556,35.326388888888886,36.5,30.993055555555557,38.28472222222222,28.26388888888889,24.54861111111111,-3.1,89.7,15.296527777777776,1.6256944444444443,49.71527777777778,34.46527777777778,33.979166666666664,34.09722222222222,34.423611111111114,92.66805555555555,0.9229166666666667,49.99930555555555,400.6506944444444,399.53125,397.9888888888889,88.61597222222223,97.58402777777778,91.81805555555555,1039.6,-50.0,32.666666666666664,0.7208333333333333,3.227777777777778,35.53958333333333,-30.91944444444444,1000.0,-953.4,17.40277777777778,100.25347222222223,1055.1,0.0,37.09583333333333,-259.98819444444445,0.0,-1000.0,48.91736111111111,259.98819444444445,1000.0,0.0,48.91736111111111,35.173611111111114,88.7486111111111,T01,0.0,10.2,3.9270833333333335,0.3186111111111111,0.0,9.8,3.8618055555555557,0.30951388888888887,18.0,27.0,22.041666666666668,1013.0,1016.0,1014.2847222222222,51.0,96.0,74.61805555555556,0.0,0.0,0.0,0.0,75.19444444444444,74.08333333333333,414.21527777777777,,0
2017-10-22 00:00:00+00:00,1680.9,0.0,471.31388888888887,69.83819444444444,35.048611111111114,43.083333333333336,43.13194444444444,42.84722222222222,35.604166666666664,42.895833333333336,43.833333333333336,31.59027777777778,14.9,0.0,4.034722222222222,15.3,0.4,2.6979166666666665,0.5902777777777778,2.0069444444444446,149.84375,23.375,-744.9097222222222,5767.229166666667,723214.0,-539.9513888888889,-466744,69.50694444444444,74.70138888888889,67.51388888888889,36.361111111111114,37.611111111111114,32.701388888888886,39.03472222222222,28.54861111111111,25.72222222222222,-3.0,89.7,16.454166666666666,1.8590277777777777,50.861111111111114,35.458333333333336,34.923611111111114,35.02777777777778,35.770833333333336,30.13888888888889,0.7909722222222223,49.99791666666667,400.51180555555555,399.39444444444445,398.0625,50.84236111111111,55.84236111111111,53.04097222222222,828.6,-50.3,33.84027777777778,0.6041666666666666,2.713888888888889,17.508333333333333,-19.44861111111111,1000.0,-930.7,40.693749999999994,39.95,845.8,0.0,18.862499999999997,-142.60069444444446,0.0,-1000.0,56.233333333333334,142.60069444444446,1000.0,0.0,56.233333333333334,34.3125,142.84583333333333,T01,0.0,9.1,2.933333333333333,0.23902777777777778,0.0,8.1,2.964583333333333,0.21715277777777778,19.0,28.0,22.381944444444443,1013.0,1016.0,1014.3819444444445,35.0,86.0,64.74305555555556,0.0,0.0,0.0,0.0,55.395833333333336,56.173611111111114,414.3333333333333,,0
2017-10-23 00:00:00+00:00,1779.6,1180.8,1614.2097222222224,49.006249999999994,58.49305555555556,101.69444444444444,97.72916666666667,96.43055555555556,40.125,52.854166666666664,59.916666666666664,34.166666666666664,15.7,10.4,14.304861111111112,40.6,0.9,9.502083333333333,1.7374999999999998,-0.28402777777777777,107.4,21.770833333333332,0.0,217101.97916666666,31262685.0,0.0,-4331972,80.64583333333333,92.82638888888889,78.05555555555556,42.645833333333336,43.97222222222222,30.944444444444443,45.395833333333336,36.326388888888886,23.22222222222222,-3.2,12.0,-0.4937500000000001,1.1569444444444443,101.73611111111111,43.048611111111114,43.09722222222222,42.13194444444444,40.013888888888886,1302.6229166666667,0.9874999999999999,49.99930555555555,398.7965277777778,397.31875,400.59305555555557,1091.8368055555557,1108.7298611111112,1081.9291666666666,2102.7,78.6,44.576388888888886,0.42430555555555555,9.274999999999999,199.72222222222223,-180.50069444444443,-93.4,-220.1,3.732638888888889,1299.8444444444444,2000.0,69.5,199.30277777777778,-886.9770833333333,-340.7,-1000.0,84.91388888888889,790.1770833333334,1000.0,340.7,103.43541666666667,65.20833333333333,107.69513888888889,T01,3.1,18.4,10.067361111111111,2.2991666666666664,4.7,16.7,10.104861111111111,0.7693055555555556,19.0,24.0,20.881944444444443,1012.0,1015.0,1013.6875,59.0,84.0,72.50694444444444,0.0,0.0,0.0,0.0,198.43055555555554,199.06944444444446,413.6388888888889,,0
2017-10-24 00:00:00+00:00,1797.2,0.0,1592.4354166666667,52.41319444444444,59.43055555555556,103.54861111111111,99.33333333333333,98.11805555555556,42.50694444444444,53.11805555555556,59.951388888888886,34.395833333333336,15.8,0.0,14.108333333333334,43.0,0.7000000000000001,9.458333333333334,1.745138888888889,0.012499999999999992,121.34305555555557,21.743055555555557,-12.972222222222221,216773.46527777778,31213509.0,-11.090277777777779,-4700067,71.90277777777777,88.76388888888889,68.57638888888889,42.451388888888886,44.0625,30.70138888888889,44.875,36.9375,23.020833333333332,-3.2,89.7,-0.07222222222222223,1.6749999999999998,102.66666666666667,42.94444444444444,42.916666666666664,41.986111111111114,39.701388888888886,1300.5972222222222,0.9847222222222223,49.99861111111111,398.7861111111111,397.46180555555554,401.0652777777778,1099.5166666666667,1107.8854166666667,1077.9541666666667,2104.4,-44.6,44.236111111111114,0.4527777777777778,9.284722222222221,179.91666666666666,-195.83333333333334,-0.9,-219.5,3.998611111111111,1298.6208333333334,2000.0,156.6,177.48333333333332,-873.7104166666667,0.0,-1000.0,95.38194444444444,767.629861111111,1000.0,0.0,105.21388888888889,66.04861111111111,121.3548611111111,T01,3.9,17.6,11.052083333333334,2.0496527777777778,4.3,17.6,10.582638888888889,1.649375,19.0,24.0,20.92361111111111,1012.0,1014.0,1012.8611111111111,48.0,81.0,67.9375,0.0,0.0,0.0,0.0,218.125,208.79861111111111,412.8125,,0
2017-10-25 00:00:00+00:00,1742.6,1188.2,1472.7381944444444,63.268750000000004,49.354166666666664,78.88888888888889,77.05555555555556,76.36111111111111,33.09722222222222,51.88194444444444,57.13194444444444,31.32638888888889,15.4,10.5,13.04861111111111,30.3,0.5,7.425000000000001,1.2868055555555555,-0.5006944444444444,119.64236111111111,21.666666666666668,0.0,124890.15277777778,17984182.0,0.0,-3681207,64.125,76.52777777777777,62.645833333333336,40.513888888888886,41.083333333333336,30.493055555555557,42.69444444444444,32.736111111111114,23.0,-3.2,4.8,-1.6520833333333333,0.48888888888888893,93.85416666666667,40.31944444444444,40.19444444444444,39.65277777777778,38.458333333333336,749.3715277777778,0.9534722222222223,49.99861111111111,399.0805555555555,397.7951388888889,399.7055555555555,643.3013888888888,652.3277777777778,623.8263888888889,2098.6,0.1,39.81944444444444,0.5548611111111111,7.305555555555555,151.6361111111111,-153.3875,-2.9,-218.0,4.302777777777778,748.8472222222222,2000.0,0.0,152.34722222222223,-967.7118055555555,0.0,-1000.0,48.02430555555556,930.3395833333333,1000.0,0.0,67.00902777777777,56.576388888888886,120.14444444444445,T01,2.4,14.5,8.116666666666667,1.3004166666666666,2.5,14.1,7.922222222222222,0.9379861111111111,18.0,25.0,20.78472222222222,1012.0,1015.0,1013.7777777777778,45.0,78.0,64.65972222222223,0.0,0.0,0.0,0.0,159.19444444444446,155.38888888888889,413.7361111111111,,0
2017-10-26 00:00:00+00:00,1793.6,1223.3,1662.0944444444444,29.974999999999998,68.9375,114.07638888888889,108.90277777777777,107.23611111111111,43.076388888888886,53.52777777777778,61.326388888888886,35.458333333333336,15.8,10.8,14.726388888888888,38.8,0.6000000000000001,10.825694444444444,1.8659722222222221,-0.3194444444444444,106.63888888888889,22.67361111111111,0.0,260551.6875,37519443.0,0.0,-4311383,75.01388888888889,90.77777777777777,71.11805555555556,43.861111111111114,45.3125,31.270833333333332,46.423611111111114,39.729166666666664,23.57638888888889,-3.0,15.8,1.0152777777777777,1.3916666666666666,106.70833333333333,44.548611111111114,44.65277777777778,43.4375,40.75,1563.2472222222223,1.0,49.99861111111111,399.40416666666664,397.9347222222222,401.8354166666667,1303.4791666666667,1320.6451388888888,1293.5784722222222,2100.9,244.7,46.74305555555556,0.2694444444444445,10.429861111111112,155.27083333333334,-179.64097222222222,-71.9,-227.1,3.7493055555555554,1560.9430555555555,2000.0,241.2,155.62847222222223,-836.0034722222222,-583.3,-1000.0,67.25277777777778,709.1840277777778,1000.0,406.1,88.88333333333334,68.81944444444444,106.94791666666667,T01,4.0,21.2,10.917361111111111,2.6888194444444444,4.2,20.0,10.675,0.8925694444444444,19.0,26.0,21.76388888888889,1014.0,1016.0,1014.9444444444445,36.0,74.0,57.15972222222222,0.0,0.0,0.0,0.0,215.31944444444446,210.52777777777777,414.84027777777777,,0
2017-10-27 00:00:00+00:00,1763.5,0.0,1489.673611111111,91.13749999999999,53.625,83.63888888888889,81.77777777777777,80.88194444444444,36.333333333333336,53.416666666666664,58.6875,33.145833333333336,15.6,0.0,13.185416666666667,39.5,0.4,7.732638888888889,1.4756944444444444,0.07083333333333335,110.38888888888889,22.645833333333332,-121.86805555555556,140043.02083333334,20148647.0,-84.1875,-3649152,63.77777777777778,79.16666666666667,60.138888888888886,40.55555555555556,42.833333333333336,31.194444444444443,43.986111111111114,34.916666666666664,23.604166666666668,-3.2,89.7,-0.5868055555555556,1.3736111111111111,95.04166666666667,40.541666666666664,40.388888888888886,39.78472222222222,38.69444444444444,839.5291666666667,0.9548611111111112,49.99861111111111,399.11249999999995,397.5986111111111,399.4111111111111,710.4305555555555,730.45,703.8493055555556,2099.6,-43.9,41.486111111111114,0.8069444444444445,7.588888888888889,196.17916666666667,-152.04791666666668,1000.5,-235.0,8.631250000000001,840.4875,2000.0,0.0,196.43680555555557,-911.9951388888888,0.0,-1000.0,56.99513888888888,876.7208333333333,1000.0,0.0,77.20972222222223,57.5625,110.31944444444444,T01,1.0,15.8,9.140972222222222,1.2943055555555556,1.3,14.3,8.658333333333333,0.4925694444444445,19.0,27.0,21.8125,1015.0,1017.0,1015.5833333333334,36.0,80.0,61.236111111111114,0.0,0.0,0.0,0.0,179.82638888888889,170.19444444444446,415.55555555555554,,0
2017-10-28 00:00:00+00:00,1795.8,0.0,1191.5027777777777,76.975,48.451388888888886,75.13888888888889,73.31944444444444,72.38194444444444,37.576388888888886,48.513888888888886,52.96527777777778,31.493055555555557,15.8,0.0,10.523611111111112,28.1,0.4,6.5777777777777775,1.1923611111111112,-1.2715277777777778,105.78958333333334,21.72222222222222,-347.21527777777777,114397.33333333333,16423218.0,-277.8263888888889,-2481619,67.67361111111111,77.95833333333333,66.25694444444444,39.50694444444444,39.986111111111114,30.833333333333332,41.458333333333336,31.868055555555557,23.625,-3.2,64.2,5.7125,1.822222222222222,80.46527777777777,39.5,39.291666666666664,38.798611111111114,37.75,684.3048611111111,0.8479166666666668,49.99930555555555,399.9465277777778,398.40555555555557,399.08958333333334,584.9798611111112,602.1618055555556,584.1798611111111,2101.2,-45.3,38.770833333333336,0.7006944444444445,6.479166666666667,95.48333333333333,-103.40347222222222,837.4,-602.4,23.694444444444443,689.9826388888889,2000.0,0.0,97.37569444444445,-523.84375,0.0,-1000.0,70.49791666666667,476.8909722222222,1000.0,0.0,73.85763888888889,50.75,99.55208333333333,T01,1.0,18.8,6.481249999999999,1.254375,1.1,16.9,6.945833333333334,0.6047916666666667,19.0,24.0,21.208333333333332,1011.0,1015.0,1012.8680555555555,34.0,77.0,52.173611111111114,0.0,0.0,0.0,0.0,126.54861111111111,135.77083333333334,412.7916666666667,,0
2017-10-29 00:00:00+00:00,1793.8,46.6,1450.7753333333333,65.56533333333334,51.22666666666667,83.28666666666666,81.41333333333333,80.47333333333333,36.026666666666664,51.873333333333335,57.013333333333335,31.933333333333334,15.8,0.0,12.854666666666667,39.1,0.5,7.510666666666666,1.326,-0.47133333333333327,106.02866666666667,21.7,-147.26666666666668,134151.40666666668,20100621.0,-93.17333333333333,-3355263,63.20666666666666,78.28666666666666,60.306666666666665,40.14,41.79333333333334,30.726666666666667,43.28666666666667,33.1,22.913333333333334,-3.3,83.9,-0.4026666666666667,1.2393333333333334,94.42,40.16,39.946666666666665,39.38,38.16,804.0373333333333,0.9233333333333333,50.002,399.4893333333333,397.7986666666667,399.0286666666667,678.7113333333333,704.2,678.6826666666666,2102.5,-46.8,40.8,0.5806666666666668,7.315333333333333,137.5773333333333,-134.20066666666665,1000.2,-971.0,18.030666666666665,805.2413333333333,2000.0,0.0,137.056,-848.374,0.0,-1000.0,94.85533333333333,796.2379999999999,1000.0,0.0,108.87599999999999,57.31333333333333,106.49533333333333,T01,1.7000000000000002,17.3,7.342361111111111,1.4052777777777778,1.3,16.1,7.785416666666666,0.4650694444444444,18.0,25.0,20.694444444444443,1009.0,1013.0,1010.7847222222222,45.0,79.0,67.79861111111111,0.0,0.0,0.0,0.0,143.77083333333334,152.65972222222223,410.72222222222223,,0
2017-10-30 00:00:00+00:00,1695.9,0.0,963.3249999999999,130.79583333333332,38.34722222222222,53.166666666666664,53.486111111111114,53.11805555555556,33.201388888888886,44.05555555555556,47.770833333333336,28.92361111111111,15.0,0.0,8.466666666666667,19.0,0.4,4.140277777777778,0.8402777777777778,2.384722222222222,127.39999999999999,20.65277777777778,-550.3680555555555,20617.041666666668,2889597.0,-591.2152777777778,-1325805,63.40972222222222,70.52083333333333,63.84722222222222,38.50694444444444,37.458333333333336,30.756944444444443,39.44444444444444,27.09722222222222,23.479166666666668,-3.0,89.7,6.872916666666667,3.7416666666666663,70.92361111111111,37.854166666666664,37.34722222222222,37.34722222222222,37.5,120.41527777777777,0.7347222222222223,49.99861111111111,399.7298611111111,398.33958333333334,397.2027777777778,124.31597222222223,141.2298611111111,129.42361111111111,1342.5,-50.1,34.708333333333336,1.2013888888888888,4.180555555555555,42.84305555555555,-55.25555555555556,1000.4,-1000.0,43.05416666666667,131.4263888888889,1385.0,0.0,47.541666666666664,-430.06875,0.0,-1000.0,106.70208333333333,430.06875,1000.0,0.0,106.70208333333333,37.25,127.52152777777776,T01,0.2,10.1,4.102083333333334,0.4303472222222222,0.0,10.9,4.565972222222222,0.29,16.0,25.0,19.458333333333332,1006.0,1009.0,1007.4236111111111,48.0,88.0,73.39583333333333,0.0,0.0,0.0,0.0,78.78472222222223,88.11805555555556,407.38194444444446,,0
2017-10-31 00:00:00+00:00,1765.8,1197.9,1507.3395833333334,64.54513888888889,49.84722222222222,81.19444444444444,79.34722222222223,78.48611111111111,33.083333333333336,51.84027777777778,57.423611111111114,30.88888888888889,15.6,10.6,13.352777777777778,36.8,0.6000000000000001,7.786111111111111,1.4500000000000002,-0.12847222222222224,115.54791666666668,20.8125,0.0,141167.875,20328174.0,0.0,-3953484,69.88194444444444,81.23611111111111,67.69444444444444,40.770833333333336,40.8125,30.020833333333332,42.625,32.00694444444444,22.104166666666668,-3.2,7.2,-1.5284722222222222,0.61875,94.64583333333333,40.65972222222222,40.59722222222222,39.99305555555556,38.604166666666664,847.0284722222223,0.9624999999999999,49.99722222222223,398.975,397.43125,399.30069444444445,716.692361111111,736.2416666666667,708.8340277777778,2099.6,36.5,40.02777777777778,0.5652777777777778,7.664583333333334,180.30833333333334,-164.72847222222222,-82.4,-269.0,4.322222222222222,846.129861111111,2000.0,34.9,180.69791666666666,-962.0812500000001,-170.7,-1000.0,54.87569444444445,918.9465277777776,1000.0,170.7,77.62152777777777,54.19444444444444,115.67291666666668,T01,2.9,16.9,9.461805555555555,1.3098611111111111,3.3,14.8,8.797222222222222,0.8075694444444445,17.0,24.0,19.833333333333332,1007.0,1011.0,1008.8888888888889,52.0,84.0,71.38194444444444,0.0,0.0,0.0,0.0,186.1875,172.90972222222223,408.84027777777777,,0
2017-11-01 00:00:00+00:00,1785.6,1206.5,1598.7881944444443,53.96944444444445,54.111111111111114,90.56944444444444,87.75694444444444,86.72916666666667,36.416666666666664,53.395833333333336,59.6875,32.65277777777778,15.7,10.7,14.167361111111111,38.6,0.5,8.738194444444444,1.5694444444444444,-0.4993055555555556,128.65069444444444,21.291666666666668,0.0,181956.31944444444,26201710.0,0.0,-4233140,64.35416666666667,78.59722222222223,59.69444444444444,41.1875,42.65277777777778,30.59722222222222,44.083333333333336,34.75694444444444,22.46527777777778,-3.2,8.8,-1.3854166666666667,0.7909722222222223,98.14583333333333,41.47222222222222,41.40277777777778,40.666666666666664,38.93055555555556,1091.8555555555556,0.9881944444444445,49.99583333333333,399.38472222222225,397.62152777777777,401.01180555555555,918.8777777777777,937.9937500000001,903.2326388888889,2101.4,43.6,42.4375,0.4680555555555556,8.531944444444443,205.97777777777776,-176.38333333333333,-91.9,-277.1,4.934027777777778,1089.9083333333333,2000.0,1.0,205.79027777777776,-948.0569444444445,-5.1,-1000.0,62.881249999999994,887.7694444444445,1000.0,5.1,91.20902777777778,57.291666666666664,129.1534722222222,T01,1.4,17.1,8.350000000000001,2.505902777777778,1.7000000000000002,16.5,8.236805555555556,2.305347222222222,18.0,24.0,20.21527777777778,1009.0,1011.0,1009.9861111111111,54.0,81.0,71.28472222222223,0.0,0.0,0.0,0.0,163.88194444444446,161.65972222222223,409.9583333333333,,0
2017-11-02 00:00:00+00:00,1709.3,0.0,1061.3527777777776,108.11875,40.854166666666664,57.854166666666664,57.8125,57.416666666666664,31.88888888888889,46.31944444444444,49.75694444444444,28.82638888888889,15.1,0.0,9.363888888888889,21.1,0.4,4.779166666666667,0.9534722222222223,0.09374999999999976,174.14236111111111,20.805555555555557,-472.9583333333333,35582.069444444445,5055715.0,-404.59027777777777,-1743005,60.50694444444444,69.95833333333333,61.416666666666664,38.30555555555556,38.486111111111114,30.145833333333332,40.479166666666664,28.319444444444443,22.95138888888889,-3.2,89.7,5.56875,2.749305555555556,79.07638888888889,37.74305555555556,37.395833333333336,37.19444444444444,37.236111111111114,210.64027777777778,0.8006944444444445,49.99930555555555,399.2472222222222,398.1388888888889,397.67569444444445,197.45486111111111,212.86875,197.27638888888887,1887.4,-50.0,36.208333333333336,0.9604166666666667,4.705555555555556,77.30416666666666,-72.61875,1000.2,-564.0,30.943055555555556,223.87847222222223,1919.2,0.0,79.33125000000001,-542.620138888889,0.0,-1000.0,148.58333333333334,541.9625000000001,1000.0,0.0,149.84791666666666,38.604166666666664,174.0423611111111,T01,0.7000000000000001,12.6,4.646527777777778,0.8434027777777778,0.6000000000000001,13.0,4.409722222222222,0.8813888888888889,18.0,22.0,19.631944444444443,1007.0,1011.0,1009.1527777777778,61.0,90.0,79.99305555555556,0.0,0.0,0.0,0.0,89.68055555555556,84.94444444444444,409.13194444444446,,0
2017-11-03 00:00:00+00:00,1705.5,0.0,798.5791666666667,99.97361111111111,38.74305555555556,48.99305555555556,49.15972222222222,48.875,31.666666666666668,43.21527777777778,45.6875,27.916666666666668,15.1,0.0,6.954861111111111,40.3,0.4,3.7895833333333337,0.8111111111111112,-2.6624999999999996,187.75416666666666,20.17361111111111,-716.3125,16588.604166666668,2285607.0,-595.6041666666666,-1155611,64.88888888888889,71.24305555555556,64.10416666666667,36.55555555555556,35.84027777777778,29.631944444444443,37.979166666666664,26.04861111111111,22.444444444444443,-2.8,89.7,10.445138888888888,2.658333333333333,62.3125,35.736111111111114,35.36805555555556,35.395833333333336,35.423611111111114,95.22291666666666,0.7798611111111112,49.99930555555555,399.8888888888889,398.8701388888889,398.2125,103.64236111111111,111.48194444444444,103.36388888888888,1829.5,-51.1,32.708333333333336,0.9208333333333333,3.804861111111111,51.96180555555556,-48.135416666666664,1000.2,-945.1,32.23888888888889,106.51736111111111,1889.9,0.0,54.47152777777777,-337.6930555555556,0.0,-1000.0,126.03750000000001,337.49930555555557,1000.0,0.0,126.17152777777778,33.951388888888886,190.41111111111113,T01,0.6000000000000001,13.2,4.460416666666666,0.45055555555555554,0.0,13.2,4.388194444444444,0.50375,17.0,21.0,19.180555555555557,1004.0,1008.0,1006.1944444444445,65.0,93.0,81.0625,0.0,39.0,0.5763888888888888,0.0,86.10416666666667,84.52777777777777,406.13194444444446,,0
2017-11-04 00:00:00+00:00,1737.2,141.8,1447.4888888888888,59.77847222222223,53.270833333333336,73.5625,72.20833333333333,71.47916666666667,31.04861111111111,51.270833333333336,56.298611111111114,29.194444444444443,15.4,0.0,12.824305555555556,28.3,0.5,7.039583333333334,1.2645833333333334,-0.16597222222222222,271.90486111111113,19.95138888888889,-46.15972222222222,113367.97916666667,16318342.0,-44.5625,-3317083,70.24305555555556,79.22222222222223,68.22916666666667,39.895833333333336,39.826388888888886,28.77777777777778,42.166666666666664,30.51388888888889,20.90277777777778,-3.2,45.8,-1.1590277777777778,0.5888888888888889,89.95138888888889,39.77777777777778,39.56944444444444,39.03472222222222,38.03472222222222,679.8951388888888,0.9305555555555556,50.0,398.90763888888887,397.40416666666664,398.5541666666667,575.3013888888888,598.5784722222222,574.6090277777778,2098.9,-50.0,39.15277777777778,0.5326388888888889,6.949305555555556,159.76388888888889,-138.21458333333334,556.3,-447.8,9.360416666666667,680.6048611111112,2000.0,0.0,160.2111111111111,-891.8256944444444,0.0,-1000.0,59.44861111111111,873.4444444444445,1000.0,0.0,81.83333333333333,45.951388888888886,272.07500000000005,T01,1.6,14.5,7.4375,0.788125,1.5,14.6,7.5256944444444445,0.8028472222222223,16.0,20.0,19.02777777777778,1004.0,1012.0,1007.4652777777778,61.0,90.0,76.10416666666667,0.0,12.0,0.20833333333333334,0.0,145.59027777777777,147.25694444444446,407.4166666666667,,0
2017-11-05 00:00:00+00:00,1551.0,0.0,656.213888888889,53.19652777777778,33.34027777777778,44.229166666666664,44.40972222222222,44.0625,29.645833333333332,40.84027777777778,42.548611111111114,26.59722222222222,13.7,0.0,5.6125,19.8,0.4,3.3090277777777777,0.64375,1.5861111111111108,285.5847222222222,18.375,-563.5069444444445,10192.861111111111,1386627.0,-313.19444444444446,-788668,59.86805555555556,66.875,59.75,34.88194444444444,34.833333333333336,27.3125,36.708333333333336,23.65972222222222,20.1875,-2.8,89.7,12.859027777777778,1.4416666666666667,55.96527777777778,34.201388888888886,33.875,33.84722222222222,33.604166666666664,57.77152777777778,0.83125,49.99861111111111,400.2388888888889,398.90763888888887,397.22222222222223,68.72847222222222,80.40416666666667,72.0,649.2,-42.8,30.625,0.5249999999999999,3.2958333333333334,23.893749999999997,-32.86944444444444,1000.1,-632.9,29.372222222222224,64.85833333333333,657.6,0.0,25.116666666666667,-255.38472222222222,0.0,-1000.0,67.67222222222222,255.38472222222222,1000.0,0.0,67.67222222222222,31.42361111111111,303.98749999999995,T01,0.4,7.8,3.9402777777777778,0.19340277777777778,0.6000000000000001,8.1,3.904166666666667,0.19770833333333332,14.0,20.0,17.15277777777778,1011.0,1015.0,1013.0972222222222,58.0,89.0,76.55555555555556,0.0,0.0,0.0,0.0,75.56944444444444,74.8125,413.0416666666667,,0
2017-11-06 00:00:00+00:00,1700.8,0.0,843.9083333333333,73.58958333333334,36.09027777777778,49.90277777777778,49.951388888888886,49.611111111111114,29.09027777777778,43.625,46.020833333333336,26.84722222222222,15.1,0.0,7.38611111111111,21.6,0.4,4.147222222222222,0.7979166666666667,4.424305555555556,79.33819444444445,18.416666666666668,-478.2638888888889,26807.708333333332,3791439.0,-299.74305555555554,-1425230,64.11111111111111,70.21527777777777,63.15972222222222,35.59722222222222,35.791666666666664,27.65972222222222,37.645833333333336,24.67361111111111,20.395833333333332,-2.6,89.7,9.79375,1.4527777777777777,63.65972222222222,35.11805555555556,34.895833333333336,34.791666666666664,34.236111111111114,157.9659722222222,0.8381944444444445,49.99791666666667,400.09722222222223,398.9284722222222,398.4375,152.19305555555556,161.81180555555557,150.27708333333334,1428.7,-50.0,32.145833333333336,0.6833333333333333,4.125694444444445,56.07222222222222,-59.393055555555556,1000.2,-851.8,22.364583333333332,165.87916666666666,1451.1,0.0,58.081250000000004,-392.6361111111111,0.0,-1000.0,65.01180555555555,392.63472222222225,1000.0,0.0,65.02916666666667,38.395833333333336,74.91319444444444,T01,0.3,12.5,4.585416666666666,0.6360416666666667,0.0,11.4,4.819444444444445,0.2702083333333334,14.0,22.0,17.67361111111111,1009.0,1014.0,1011.2638888888889,51.0,80.0,68.15277777777777,0.0,0.0,0.0,0.0,88.40277777777777,93.25,411.1875,,0
2017-11-07 00:00:00+00:00,1649.8,0.0,539.5979166666667,85.41944444444444,32.84722222222222,42.19444444444444,42.27777777777778,42.013888888888886,30.36111111111111,41.05555555555556,42.90972222222222,26.77777777777778,14.6,0.0,4.607638888888889,17.7,0.4,3.2305555555555556,0.6881944444444446,0.23819444444444443,65.83125000000001,17.97222222222222,-794.1736111111111,7091.722222222223,906846.0,-580.0972222222222,-496631,63.72222222222222,68.97916666666667,62.03472222222222,34.34027777777778,34.00694444444444,27.0625,35.958333333333336,22.916666666666668,20.21527777777778,-3.0,86.3,16.688888888888886,2.204166666666667,50.25,33.40972222222222,32.923611111111114,33.041666666666664,33.229166666666664,37.78263888888889,0.7937500000000001,49.99722222222223,400.64652777777775,399.6145833333333,398.8180555555556,52.86944444444444,55.47152777777777,52.53680555555556,729.6,-50.1,29.555555555555557,0.8375,3.270138888888889,17.861805555555556,-20.710416666666667,1000.0,-745.9,28.872222222222224,53.74513888888889,744.5,0.0,23.46875,-143.49652777777777,0.0,-1000.0,44.64652777777778,143.49652777777777,1000.0,0.0,44.64652777777778,32.25,65.59861111111111,T01,0.5,8.7,3.4722222222222223,0.24298611111111112,0.5,8.5,3.658333333333333,0.22951388888888888,13.0,21.0,16.916666666666668,1009.0,1012.0,1010.1041666666666,35.0,81.0,62.47222222222222,0.0,0.0,0.0,0.0,66.08333333333333,69.86805555555556,410.00694444444446,,0
2017-11-08 00:00:00+00:00,1455.6,0.0,357.29305555555555,48.65694444444445,28.13888888888889,34.68055555555556,34.75,34.50694444444444,29.98611111111111,37.361111111111114,38.145833333333336,25.98611111111111,12.9,0.0,2.877083333333333,17.9,0.4,2.678472222222222,0.5736111111111112,0.46458333333333335,118.6986111111111,17.97222222222222,-711.8055555555555,5002.333333333333,617839.0,-386.43055555555554,-398556,62.90972222222222,67.76388888888889,60.763888888888886,32.31944444444444,33.486111111111114,26.90277777777778,34.65972222222222,21.65277777777778,19.97222222222222,-2.5,89.7,19.297222222222224,1.1722222222222223,38.076388888888886,31.78472222222222,31.555555555555557,31.569444444444443,30.53472222222222,25.73611111111111,0.8916666666666667,49.99930555555555,400.65694444444443,399.74375,398.3375,37.14652777777778,40.3625,38.50833333333333,511.4,-47.4,27.645833333333332,0.49166666666666664,2.6944444444444446,12.445138888888888,-16.609027777777776,1000.1,-929.3,21.294444444444444,33.53680555555556,517.9,0.0,13.296527777777778,-112.75694444444444,0.0,-1000.0,36.2,112.75694444444444,1000.0,0.0,36.2,29.694444444444443,105.72986111111112,T01,0.0,7.3,3.0395833333333333,0.1497222222222222,0.0,7.2,3.082638888888889,0.1309722222222222,14.0,22.0,17.3125,1011.0,1014.0,1011.9930555555555,27.0,86.0,63.763888888888886,0.0,0.0,0.0,0.0,57.56944444444444,58.40972222222222,411.8888888888889,,0
2017-11-09 00:00:00+00:00,1690.7,0.0,677.2972222222222,70.15347222222222,34.1875,46.77777777777778,46.673611111111114,46.30555555555556,29.291666666666668,43.083333333333336,44.6875,25.493055555555557,15.0,0.0,5.794444444444444,36.5,0.4,3.6708333333333334,0.8361111111111111,1.4819444444444443,68.66041666666666,16.65277777777778,-528.3055555555555,26827.708333333332,3787115.0,-298.06944444444446,-1076639,63.65972222222222,68.84722222222223,61.99305555555556,34.729166666666664,34.3125,25.0625,36.5,22.59027777777778,18.01388888888889,-3.2,89.7,12.556944444444445,1.1833333333333333,57.00694444444444,34.048611111111114,33.75,33.701388888888886,33.28472222222222,157.78750000000002,0.8909722222222223,49.99861111111111,400.37361111111113,399.24861111111113,398.59027777777777,145.8625,153.86944444444444,145.9347222222222,1219.6,-42.3,30.25,0.6472222222222223,3.729861111111111,47.888888888888886,-44.87430555555555,999.9,-875.4,20.102777777777778,164.4486111111111,1234.2,0.0,49.11944444444444,-372.6388888888889,0.0,-1000.0,38.22847222222222,372.6388888888889,1000.0,0.0,38.22847222222222,35.88194444444444,29.67986111111111,T01,0.0,9.8,3.9770833333333337,0.41868055555555556,0.0,9.7,3.951388888888889,0.4011805555555556,12.0,20.0,15.715277777777779,1011.0,1017.0,1013.0763888888889,34.0,71.0,53.013888888888886,0.0,0.0,0.0,0.0,76.15972222222223,75.71527777777777,412.99305555555554,,0
2017-11-10 00:00:00+00:00,1773.3,0.0,744.8409722222223,59.9986111111111,41.34027777777778,60.78472222222222,59.13194444444444,58.416666666666664,30.333333333333332,44.673611111111114,46.43055555555556,25.38888888888889,15.6,0.0,6.424305555555556,46.3,0.4,4.816666666666666,1.1097222222222223,-3.7375000000000003,97.35486111111112,15.916666666666666,-593.3611111111111,83752.50694444444,11974916.0,-279.3333333333333,-1662256,65.25694444444444,72.90972222222223,62.173611111111114,34.74305555555556,35.15972222222222,24.333333333333332,35.80555555555556,23.541666666666668,16.604166666666668,-2.9,86.2,13.3125,1.7291666666666667,59.65972222222222,34.625,34.50694444444444,34.19444444444444,32.291666666666664,498.94513888888895,0.9354166666666666,49.99444444444444,400.24930555555557,399.0416666666667,399.64166666666665,431.9631944444444,437.89930555555554,428.8972222222222,2101.0,-50.0,31.42361111111111,0.5430555555555556,4.780555555555555,92.55000000000001,-69.2486111111111,1000.1,-994.1,23.175694444444446,508.88194444444446,2000.0,0.0,90.74444444444445,-369.94444444444446,0.0,-1000.0,67.78472222222223,328.25972222222225,1000.0,0.0,80.07361111111112,44.020833333333336,43.60208333333333,T01,0.0,14.9,4.815277777777777,0.7930555555555556,0.0,14.8,4.75625,0.7526388888888889,10.0,19.0,15.090277777777779,1016.0,1020.0,1017.7986111111111,30.0,55.0,40.701388888888886,0.0,0.0,0.0,0.0,93.06944444444444,91.97222222222223,417.77777777777777,,0
2017-11-11 00:00:00+00:00,1698.8,0.0,615.2868055555556,100.22638888888889,33.3125,43.361111111111114,43.24305555555556,42.875,29.916666666666668,41.270833333333336,43.013888888888886,26.354166666666668,15.0,0.0,5.302777777777778,21.0,0.4,3.5902777777777777,0.8111111111111112,-0.0006944444444445037,71.91319444444444,18.243055555555557,-577.7777777777778,19065.6875,2662253.0,-316.65277777777777,-925017,61.638888888888886,67.71527777777777,61.38194444444444,33.923611111111114,34.75694444444444,26.40972222222222,36.03472222222222,23.40972222222222,19.29861111111111,-3.0,89.7,17.281944444444445,2.7652777777777775,48.708333333333336,33.513888888888886,33.333333333333336,33.270833333333336,32.236111111111114,110.93333333333334,0.8569444444444445,49.99861111111111,400.10347222222225,398.8173611111111,397.8076388888889,120.13194444444444,127.07013888888888,122.32986111111111,1411.0,-50.0,29.8125,0.9180555555555555,3.6069444444444443,42.138888888888886,-38.517361111111114,1000.0,-1000.2,53.12777777777777,131.64444444444445,1435.9,0.0,48.85347222222222,-252.28125,0.0,-1000.0,60.952083333333334,252.28055555555557,1000.0,0.0,60.96180555555556,36.25694444444444,59.41597222222222,T01,0.0,11.8,4.2243055555555555,0.4428472222222222,0.0,11.6,4.237500000000001,0.42215277777777777,13.0,23.0,17.54861111111111,1015.0,1020.0,1017.3472222222222,31.0,54.0,43.104166666666664,0.0,0.0,0.0,0.0,81.27777777777777,81.58333333333333,417.25,,0
2017-11-12 00:00:00+00:00,1457.0,0.0,524.9055555555556,70.98819444444445,32.354166666666664,41.25,41.395833333333336,41.111111111111114,29.52777777777778,39.9375,41.15277777777778,26.13888888888889,12.9,0.0,4.464583333333334,15.0,0.4,2.8465277777777778,0.5708333333333333,6.375,201.38402777777776,17.84027777777778,-672.2777777777778,5564.236111111111,704439.0,-431.27777777777777,-603949,63.09027777777778,68.4375,61.354166666666664,33.96527777777778,34.166666666666664,27.59722222222222,35.6875,22.416666666666668,20.256944444444443,-2.9,89.7,15.556249999999999,1.9861111111111112,50.65277777777778,33.395833333333336,33.041666666666664,33.09027777777778,32.548611111111114,29.356250000000003,0.7993055555555556,49.99930555555555,400.0993055555556,398.92777777777775,397.2361111111111,48.78194444444445,54.69583333333333,49.22986111111111,521.3,-50.0,29.506944444444443,0.6215277777777778,2.886111111111111,15.34861111111111,-25.15902777777778,1000.0,-936.0,33.07013888888889,40.05833333333333,526.3,0.0,16.714583333333334,-151.79444444444445,0.0,-1000.0,54.295138888888886,151.79444444444445,1000.0,0.0,54.295138888888886,32.1875,180.00416666666666,T01,0.0,7.3,3.1631944444444446,0.15381944444444445,0.0,7.5,3.1402777777777775,0.160625,15.0,22.0,17.395833333333332,1012.0,1016.0,1013.6180555555555,37.0,87.0,56.59027777777778,0.0,0.0,0.0,0.0,59.84027777777778,59.479166666666664,413.5416666666667,,0
2017-11-13 00:00:00+00:00,1586.2,0.0,408.1097222222222,20.520833333333332,29.854166666666668,37.701388888888886,37.8125,37.47222222222222,28.375,37.90277777777778,38.145833333333336,25.180555555555557,14.1,0.0,3.3909722222222225,21.7,0.4,2.6215277777777777,0.5965277777777778,-13.331249999999999,266.73541666666665,16.65277777777778,-566.1597222222222,7282.513888888889,967155.0,-216.11805555555554,-600250,62.083333333333336,66.95138888888889,60.013888888888886,32.46527777777778,33.36805555555556,26.15972222222222,34.548611111111114,20.645833333333332,19.02777777777778,-2.5,73.8,17.363194444444446,0.31805555555555554,43.263888888888886,31.9375,31.694444444444443,31.6875,30.48611111111111,40.28958333333333,0.9159722222222223,49.99791666666667,400.1,399.1673611111111,397.44930555555555,46.50555555555556,51.02708333333333,46.25138888888889,720.6,-50.0,27.71527777777778,0.18194444444444446,2.6395833333333334,17.87777777777778,-25.009027777777778,1000.2,-841.3,10.294444444444444,45.890277777777776,728.9,0.0,17.572916666666668,-173.76736111111111,0.0,-1000.0,43.25138888888889,173.76736111111111,1000.0,0.0,43.25138888888889,30.083333333333332,305.07500000000005,T01,0.0,8.0,2.9749999999999996,0.15305555555555556,0.0,8.2,2.9520833333333334,0.15993055555555558,12.0,20.0,15.916666666666666,1008.0,1012.0,1010.1736111111111,46.0,93.0,72.38194444444444,0.0,1.0,0.006944444444444444,0.0,56.19444444444444,55.75,410.1111111111111,,0
2017-11-14 00:00:00+00:00,1453.2,0.0,348.9465277777778,50.888194444444444,27.71527777777778,34.93055555555556,34.94444444444444,34.513888888888886,28.59722222222222,35.388888888888886,35.8125,24.493055555555557,12.9,0.0,2.9319444444444445,22.4,0.4,2.4437499999999996,0.6236111111111112,33.91875,115.7701388888889,16.020833333333332,-602.1458333333334,3514.5138888888887,419378.0,-254.95833333333334,-347898,61.5,66.17361111111111,59.25,32.361111111111114,32.229166666666664,24.3125,33.03472222222222,19.9375,17.916666666666668,-2.4,89.7,19.758333333333333,1.5854166666666665,35.625,31.958333333333332,31.71527777777778,31.76388888888889,29.95138888888889,17.484722222222224,0.8791666666666668,49.99236111111111,400.5486111111111,399.64930555555554,398.3173611111111,32.006249999999994,34.77986111111111,32.04097222222222,537.1,-47.5,26.020833333333332,0.45902777777777776,2.4840277777777775,11.224305555555555,-14.524999999999999,1000.6,-854.8,22.268749999999997,26.438194444444445,544.4,0.0,13.1875,-86.60833333333333,0.0,-1000.0,32.71388888888889,86.60833333333333,1000.0,0.0,32.71388888888889,28.694444444444443,146.85208333333333,T01,0.0,8.9,2.5166666666666666,0.2525,0.0,7.8,2.5381944444444446,0.19569444444444445,11.0,20.0,15.256944444444445,1008.0,1011.0,1009.1527777777778,20.0,80.0,54.826388888888886,0.0,0.0,0.0,0.0,47.013888888888886,47.43055555555556,409.13194444444446,,0
2017-11-15 00:00:00+00:00,1751.6,0.0,1422.6944444444443,65.87847222222223,53.84027777777778,77.27083333333333,75.28472222222223,74.48611111111111,31.680555555555557,51.854166666666664,56.451388888888886,27.52777777777778,15.5,0.0,12.598611111111111,39.0,0.4,7.381944444444445,1.3527777777777779,-0.36944444444444446,109.12986111111111,17.208333333333332,-167.76388888888889,134089.81944444444,19284776.0,-137.22916666666666,-3714211,67.375,77.41666666666667,65.11111111111111,39.923611111111114,38.65972222222222,26.819444444444443,40.854166666666664,29.09027777777778,18.8125,-3.1,89.7,0.625,1.046527777777778,90.04166666666667,39.8125,39.611111111111114,39.06944444444444,37.65277777777778,803.4451388888889,0.9284722222222221,49.99791666666667,399.0138888888889,397.9090277777778,400.21180555555554,690.8298611111111,697.6618055555556,674.9770833333333,2100.0,-46.0,38.40972222222222,0.5833333333333334,7.3583333333333325,154.67222222222222,-154.74097222222224,950.4,-317.0,7.987500000000001,805.3409722222223,2000.0,0.0,155.73680555555555,-846.4916666666667,0.0,-1000.0,54.09166666666667,808.9819444444444,1000.0,0.0,68.25902777777777,52.666666666666664,109.49930555555555,T01,2.3,16.8,8.48125,1.437361111111111,2.3,14.9,8.318055555555555,0.5745138888888889,14.0,19.0,16.15972222222222,1009.0,1012.0,1010.1458333333334,53.0,83.0,70.22222222222223,0.0,0.0,0.0,0.0,166.59027777777777,163.20833333333334,409.9791666666667,,0
2017-11-16 00:00:00+00:00,1593.8,0.0,813.7826388888889,82.57916666666667,35.65972222222222,49.083333333333336,49.326388888888886,49.0625,29.27777777777778,41.916666666666664,44.486111111111114,26.416666666666668,14.1,0.0,7.144444444444444,19.9,0.4,3.504166666666667,0.7375,1.1208333333333331,145.45,17.09722222222222,-492.9166666666667,11901.604166666666,1642851.0,-375.38194444444446,-1072728,61.88194444444444,67.96527777777777,61.84722222222222,36.673611111111114,34.72222222222222,27.17361111111111,36.68055555555556,23.1875,19.92361111111111,-2.9,89.6,9.3,2.1694444444444443,64.49305555555556,35.958333333333336,35.520833333333336,35.548611111111114,35.38194444444444,68.44444444444444,0.7076388888888889,49.99791666666667,400.68611111111113,399.50625,399.5444444444445,104.50277777777778,110.14444444444445,101.51805555555556,656.2,-43.3,31.618055555555557,0.7465277777777778,3.5715277777777774,23.005555555555556,-44.75069444444445,999.9,-945.7,70.22222222222223,76.31527777777778,664.3,0.0,24.508333333333333,-291.9236111111111,0.0,-1000.0,79.88055555555555,291.9236111111111,1000.0,0.0,79.88055555555555,33.34722222222222,141.8326388888889,T01,0.0,9.5,3.5013888888888887,0.2640277777777778,0.0,9.2,4.054861111111111,0.18069444444444444,13.0,22.0,16.006944444444443,1010.0,1012.0,1010.7291666666666,47.0,85.0,72.29166666666667,0.0,0.0,0.0,0.0,66.66666666666667,77.81944444444444,410.72222222222223,,0
2017-11-17 00:00:00+00:00,1676.6,75.1,1275.9569444444444,54.19513888888889,39.40277777777778,58.47222222222222,58.861111111111114,58.416666666666664,28.72222222222222,46.708333333333336,50.9375,25.381944444444443,14.9,0.0,11.309027777777779,35.7,0.4,5.163194444444445,0.9548611111111112,0.17291666666666666,106.09027777777777,17.23611111111111,-92.04861111111111,37926.40277777778,5448150.0,-79.46527777777777,-2279709,63.09722222222222,69.98611111111111,62.833333333333336,39.604166666666664,36.111111111111114,27.458333333333332,39.041666666666664,25.09722222222222,19.72222222222222,-3.2,65.0,-0.7527777777777778,1.1381944444444445,84.64583333333333,39.0,38.65972222222222,38.46527777777778,38.09027777777778,227.0201388888889,0.838888888888889,49.99652777777778,398.6097222222222,397.44722222222225,397.87430555555557,214.075,222.5638888888889,202.73541666666668,904.7,-50.1,34.770833333333336,0.4861111111111111,5.151388888888889,65.03680555555555,-94.99166666666666,996.2,-647.1,19.51736111111111,229.70347222222225,931.0,0.0,64.64791666666666,-745.2270833333333,0.0,-1000.0,143.1798611111111,745.2270833333333,1000.0,0.0,143.1798611111111,36.00694444444444,105.92083333333333,T01,1.4,10.0,5.370138888888889,0.7086805555555555,1.6,9.5,5.747916666666667,0.260625,14.0,20.0,16.180555555555557,1009.0,1012.0,1011.0208333333334,54.0,84.0,72.84027777777777,0.0,0.0,0.0,0.0,104.14583333333333,111.70138888888889,410.9791666666667,,0
2017-11-18 00:00:00+00:00,1715.0,1197.2,1367.392361111111,62.60902777777778,41.65277777777778,62.84722222222222,62.84027777777778,62.22222222222222,27.791666666666668,49.40277777777778,53.71527777777778,25.42361111111111,15.2,10.6,12.1125,35.3,0.5,6.118055555555555,1.0979166666666667,-0.035416666666666666,106.81666666666666,16.916666666666668,-4.138888888888889,68750.15277777778,9899426.0,-3.236111111111111,-2982705,64.52083333333333,72.32638888888889,65.04861111111111,39.80555555555556,36.90972222222222,27.083333333333332,39.9375,25.79861111111111,19.208333333333332,-3.1,4.8,-1.6541666666666668,0.43472222222222223,88.84027777777777,39.30555555555556,39.041666666666664,38.75,38.06944444444444,412.51874999999995,0.9201388888888888,49.99652777777778,398.9236111111111,397.38750000000005,397.7680555555555,355.9013888888889,377.8722222222222,352.2875,2034.2,-47.5,36.15972222222222,0.55,6.0993055555555555,110.44791666666667,-124.28055555555557,12.3,-246.1,6.152083333333334,412.6986111111111,2000.0,0.0,110.94444444444444,-940.3652777777778,0.0,-1000.0,70.80208333333333,939.2236111111112,1000.0,0.0,73.17638888888888,41.9375,106.85624999999999,T01,1.7000000000000002,12.8,5.939583333333333,1.1904861111111111,1.7000000000000002,11.4,6.728472222222222,0.5238888888888888,13.0,20.0,15.930555555555555,1009.0,1011.0,1010.1041666666666,51.0,83.0,71.14583333333333,0.0,0.0,0.0,0.0,115.52777777777777,131.43055555555554,410.09027777777777,,0
2017-11-19 00:00:00+00:00,1767.0,1212.0,1612.09375,53.27847222222223,53.333333333333336,87.375,84.43055555555556,83.34027777777777,30.54861111111111,53.229166666666664,59.229166666666664,28.51388888888889,15.6,10.7,14.285416666666666,37.7,0.6000000000000001,8.759027777777778,1.5777777777777777,0.15000000000000002,105.28958333333334,17.381944444444443,0.0,189892.08333333334,27344460.0,0.0,-4176500,67.01388888888889,79.59027777777777,62.93055555555556,40.875,40.125,26.958333333333332,42.30555555555556,31.041666666666668,18.5625,-3.3,8.7,-1.5541666666666667,0.6118055555555556,96.59722222222223,41.15972222222222,41.111111111111114,40.354166666666664,38.291666666666664,1139.4104166666666,0.9944444444444444,49.99861111111111,399.2125,397.62847222222223,400.81458333333336,955.9993055555556,975.5833333333334,944.3701388888888,2100.5,99.0,40.93055555555556,0.4673611111111111,8.659722222222221,211.48055555555555,-174.01805555555555,-98.8,-218.1,4.279861111111111,1138.579861111111,2000.0,93.6,212.0076388888889,-964.5541666666666,-458.6,-1000.0,44.74027777777778,906.1583333333333,1000.0,406.1,81.5951388888889,54.798611111111114,105.13472222222222,T01,2.8,15.8,8.479166666666666,1.8852777777777778,3.2,14.4,9.439583333333333,0.5854861111111112,14.0,20.0,16.4375,1009.0,1012.0,1010.9861111111111,55.0,80.0,70.58333333333333,0.0,0.0,0.0,0.0,166.44444444444446,185.83333333333334,410.96527777777777,,0
2017-11-20 00:00:00+00:00,1735.1,1210.6,1520.195138888889,49.37222222222223,48.05555555555556,78.66666666666667,76.84027777777777,76.04166666666667,30.006944444444443,51.6875,57.020833333333336,28.506944444444443,15.3,10.7,13.470833333333333,26.7,0.4,7.611805555555555,1.245138888888889,-0.2041666666666667,110.08125000000001,18.47222222222222,-4.631944444444445,135961.32638888888,19577764.0,-2.5416666666666665,-3431650,62.72222222222222,75.06944444444444,61.34027777777778,40.270833333333336,39.645833333333336,27.84722222222222,41.701388888888886,30.21527777777778,19.67361111111111,-3.1,5.2,-1.651388888888889,0.45972222222222225,93.70833333333333,40.31944444444444,40.125,39.520833333333336,38.15277777777778,815.692361111111,0.9541666666666667,49.99722222222223,399.31388888888887,397.94097222222223,400.31666666666666,691.2395833333334,706.0395833333333,677.0687499999999,2100.8,-38.4,39.19444444444444,0.43680555555555556,7.480555555555556,142.68194444444444,-142.9798611111111,9.2,-215.4,5.5680555555555555,815.4027777777778,2000.0,0.0,143.1375,-924.7069444444444,0.0,-1000.0,59.52152777777778,890.6972222222222,1000.0,0.0,78.49097222222223,53.145833333333336,110.28611111111111,T01,2.0,13.9,7.495138888888889,1.1888194444444444,2.1,13.5,7.876388888888889,0.44409722222222225,15.0,22.0,17.5,1012.0,1014.0,1012.7083333333334,42.0,80.0,64.16666666666667,0.0,0.0,0.0,0.0,146.91666666666666,154.375,412.6875,,0
2017-11-21 00:00:00+00:00,1689.9,0.0,1159.9458333333334,94.38958333333333,39.895833333333336,58.21527777777778,58.4375,58.09722222222222,31.09722222222222,46.673611111111114,50.27777777777778,27.881944444444443,15.0,0.0,10.278472222222222,20.2,0.4,4.729166666666667,0.8465277777777778,0.06736111111111108,121.71180555555556,19.1875,-336.2291666666667,30171.791666666668,4296317.0,-305.84722222222223,-1631261,61.145833333333336,69.19444444444444,62.104166666666664,39.02777777777778,37.47222222222222,29.20138888888889,39.75,26.59722222222222,21.72222222222222,-2.9,89.7,2.5833333333333335,2.433333333333333,80.08333333333333,38.49305555555556,38.11805555555556,37.979166666666664,37.833333333333336,178.98333333333332,0.7493055555555556,49.99583333333333,399.79791666666665,398.4534722222222,398.91319444444446,183.53750000000002,194.62430555555557,177.60902777777778,1106.3,-50.0,35.43055555555556,0.8430555555555556,4.717361111111111,55.71041666666667,-67.95486111111111,1000.1,-896.2,50.33819444444444,186.50833333333333,1124.6,0.0,57.00416666666667,-549.0055555555556,0.0,-1000.0,117.4361111111111,549.0055555555556,1000.0,0.0,117.4361111111111,41.09722222222222,121.64375000000001,T01,1.2,9.2,4.995833333333334,0.4322916666666667,0.9,8.9,5.054861111111111,0.2803472222222222,15.0,23.0,18.20138888888889,1010.0,1014.0,1012.1180555555555,27.0,71.0,48.31944444444444,0.0,0.0,0.0,0.0,96.77083333333333,97.99305555555556,412.09027777777777,,0
2017-11-22 00:00:00+00:00,1685.7,0.0,851.9569444444445,101.06458333333333,36.11805555555556,50.041666666666664,50.28472222222222,50.05555555555556,30.67361111111111,43.298611111111114,45.958333333333336,26.854166666666668,14.9,0.0,7.513888888888889,37.3,0.4,3.877083333333333,0.7666666666666667,-0.2569444444444445,138.3736111111111,18.0625,-641.0833333333334,16126.944444444445,2229967.0,-561.8819444444445,-1044801,63.916666666666664,69.83333333333333,62.8125,36.90972222222222,35.388888888888886,28.32638888888889,37.361111111111114,24.243055555555557,21.27777777777778,-3.0,89.7,9.693750000000001,2.6458333333333335,65.59027777777777,36.173611111111114,35.791666666666664,35.736111111111114,35.68055555555556,92.9076388888889,0.7493055555555556,49.99722222222223,399.61041666666665,398.55069444444445,397.97569444444446,104.02430555555556,111.25625,101.26736111111111,942.5,-50.0,32.270833333333336,0.9215277777777777,3.935416666666667,34.37777777777777,-43.51875,1000.2,-493.6,34.05694444444444,105.28194444444445,971.1,0.0,37.299305555555556,-325.6430555555555,0.0,-1000.0,96.61736111111111,325.6430555555555,1000.0,0.0,96.61736111111111,35.666666666666664,138.63055555555556,T01,1.0,10.2,4.361805555555556,0.3459027777777778,0.9,9.3,4.407638888888889,0.32208333333333333,14.0,22.0,17.319444444444443,1007.0,1011.0,1008.3333333333334,31.0,67.0,46.604166666666664,0.0,0.0,0.0,0.0,84.08333333333333,84.92361111111111,408.2986111111111,,0
2017-11-23 00:00:00+00:00,1421.6,0.0,623.83125,93.12777777777778,33.479166666666664,43.22222222222222,43.36805555555556,43.041666666666664,31.21527777777778,41.5625,43.72222222222222,27.555555555555557,12.5,0.0,5.422916666666667,17.4,0.4,3.1194444444444445,0.6041666666666666,0.4895833333333333,141.76736111111111,19.25,-713.1666666666666,3155.0138888888887,351627.0,-566.1041666666666,-244024,64.35416666666667,69.28472222222223,62.138888888888886,35.375,34.458333333333336,29.444444444444443,36.31944444444444,24.104166666666668,22.479166666666668,-2.4,89.7,15.032638888888888,2.667361111111111,50.28472222222222,34.576388888888886,34.19444444444444,34.229166666666664,34.34722222222222,14.652777777777779,0.6986111111111112,49.99722222222223,400.2923611111111,399.33194444444445,397.7277777777778,44.95,48.418055555555554,47.61736111111111,407.2,-50.1,30.625,0.8763888888888889,3.1590277777777778,14.145138888888889,-10.178472222222222,1000.4,-617.5,52.59375,27.616666666666667,411.2,0.0,17.875,-91.49722222222222,0.0,-1000.0,54.56388888888889,91.49722222222222,1000.0,0.0,54.56388888888889,33.25694444444444,141.27430555555554,T01,0.9,7.2,3.5284722222222222,0.2536805555555556,1.0,7.0,3.2729166666666667,0.26868055555555553,15.0,23.0,18.98611111111111,1008.0,1013.0,1010.5625,21.0,70.0,39.451388888888886,0.0,0.0,0.0,0.0,67.38888888888889,62.111111111111114,410.4791666666667,,0
2017-11-24 00:00:00+00:00,1439.4,0.0,758.2243055555556,85.8763888888889,36.875,48.90972222222222,49.138888888888886,48.75694444444444,32.49305555555556,41.729166666666664,44.541666666666664,29.618055555555557,12.7,0.0,6.653472222222223,15.6,0.4,3.4743055555555555,0.6006944444444445,3.3875,135.59861111111113,21.583333333333332,-578.5208333333334,7705.534722222223,1026295.0,-464.72222222222223,-636119,66.40972222222223,72.36805555555556,65.10416666666667,38.104166666666664,37.15277777777778,30.875,39.05555555555556,27.25,23.57638888888889,-3.0,89.7,10.957638888888889,2.377083333333333,62.34722222222222,37.361111111111114,36.875,36.923611111111114,37.27777777777778,42.764583333333334,0.6666666666666666,49.99861111111111,400.13472222222225,398.81180555555557,397.8833333333333,83.51527777777778,92.21388888888889,87.04166666666667,307.1,-42.2,34.21527777777778,0.7847222222222222,3.4520833333333334,14.615277777777777,-26.459722222222222,1000.1,-897.5,85.82638888888889,53.50138888888889,311.3,0.0,16.48611111111111,-222.64722222222224,0.0,-1000.0,58.358333333333334,222.64722222222224,1000.0,0.0,58.358333333333334,35.84722222222222,129.7,T01,0.0,8.0,3.7451388888888886,0.15618055555555554,0.0,7.0,3.5909722222222222,0.12097222222222223,18.0,27.0,21.0,1011.0,1013.0,1012.0138888888889,21.0,46.0,31.555555555555557,0.0,0.0,0.0,0.0,71.59027777777777,68.63194444444444,411.97222222222223,,0
2017-11-25 00:00:00+00:00,1554.1,0.0,476.4277777777778,35.97222222222222,34.020833333333336,42.541666666666664,42.666666666666664,42.40972222222222,32.13194444444444,41.03472222222222,42.1875,28.38888888888889,13.8,0.0,4.091666666666667,19.4,0.4,3.0493055555555557,0.5013888888888889,10.909027777777778,200.3951388888889,20.444444444444443,-766.7430555555555,6627.777777777777,843988.0,-468.8958333333333,-442904,65.92361111111111,71.44444444444444,64.15277777777777,34.46527777777778,35.208333333333336,29.791666666666668,37.03472222222222,25.15972222222222,22.90277777777778,-2.9,46.6,17.445138888888888,0.7798611111111111,49.520833333333336,33.458333333333336,33.00694444444444,33.083333333333336,33.458333333333336,35.16875,0.8333333333333334,49.99930555555555,400.3152777777778,399.1638888888889,396.66041666666666,46.46458333333333,52.974999999999994,50.34930555555556,509.8,-35.8,31.28472222222222,0.3340277777777778,3.0694444444444446,14.2125,-18.42638888888889,1000.1,-876.9,20.563194444444445,46.82083333333333,518.4,0.0,16.015277777777776,-154.03541666666666,0.0,-1000.0,29.172916666666666,154.03541666666666,1000.0,0.0,29.172916666666666,33.3125,196.9701388888889,T01,0.0,7.6,3.3256944444444443,0.12833333333333333,0.2,7.5,3.2319444444444443,0.1298611111111111,18.0,24.0,20.291666666666668,1011.0,1014.0,1012.7222222222222,21.0,93.0,41.3125,0.0,0.0,0.0,0.0,63.263888888888886,61.27777777777778,412.6875,,0
2017-11-26 00:00:00+00:00,1725.8,0.0,663.4333333333333,27.37152777777778,39.361111111111114,50.53472222222222,49.423611111111114,48.673611111111114,31.95138888888889,40.548611111111114,42.041666666666664,28.145833333333332,15.3,0.0,5.784027777777777,25.7,0.4,4.404166666666667,0.8395833333333333,8.333333333333334,157.75694444444446,19.53472222222222,-392.7708333333333,73422.59722222222,10516296.0,-113.60416666666667,-1491131,68.375,74.48611111111111,65.51388888888889,35.25694444444444,35.30555555555556,29.229166666666668,37.72222222222222,25.916666666666668,21.944444444444443,-3.1,89.7,14.904166666666665,0.6430555555555555,52.21527777777778,34.56944444444444,34.270833333333336,34.0625,33.4375,438.15763888888887,0.9777777777777779,49.99861111111111,400.26458333333335,398.79305555555555,398.2631944444445,368.6472222222222,380.4291666666667,370.15763888888887,2098.9,-36.9,32.548611111111114,0.23541666666666666,4.346527777777777,79.23263888888889,-62.12083333333333,1000.0,-198.0,4.976388888888889,441.84583333333336,2000.0,0.0,78.94513888888889,-387.77916666666664,0.0,-1000.0,25.899305555555557,361.55277777777775,1000.0,0.0,40.41041666666667,41.041666666666664,199.39722222222224,T01,0.0,14.2,4.506944444444445,0.5704861111111111,0.0,12.5,4.372222222222223,0.2578472222222222,16.0,23.0,18.47222222222222,1014.0,1018.0,1016.2361111111111,43.0,89.0,71.81944444444444,0.0,0.0,0.0,0.0,86.75694444444444,84.40277777777777,416.15972222222223,,0
2017-11-27 00:00:00+00:00,1754.6,1210.3,1598.4479166666667,40.206944444444446,54.361111111111114,93.60416666666667,90.29861111111111,89.22222222222223,33.583333333333336,52.02777777777778,58.666666666666664,29.17361111111111,15.5,10.7,14.162500000000001,39.0,0.6000000000000001,8.852083333333333,1.5256944444444445,-0.08680555555555555,109.94305555555555,17.96527777777778,0.0,197384.51388888888,28423370.0,0.0,-4194265,66.68055555555556,81.625,62.77777777777778,41.013888888888886,40.708333333333336,27.229166666666668,42.229166666666664,32.854166666666664,19.125,-3.1,6.2,-1.426388888888889,0.6722222222222223,98.22222222222223,41.298611111111114,41.270833333333336,40.416666666666664,38.166666666666664,1184.2833333333333,0.9770833333333333,49.99791666666667,399.18402777777777,397.6388888888889,401.2048611111111,999.2333333333333,1012.9145833333334,979.3562499999999,2100.4,9.1,41.083333333333336,0.3506944444444444,8.70625,189.94722222222222,-174.76458333333332,-45.0,-216.4,4.116666666666666,1182.8006944444444,2000.0,7.8,189.8423611111111,-946.5805555555556,-38.0,-1000.0,70.46458333333334,859.2298611111112,1000.0,38.0,107.82291666666667,61.416666666666664,110.02361111111111,T01,3.9,16.4,9.375,1.5854861111111112,3.8,14.4,9.115972222222222,0.6780555555555555,16.0,19.0,16.84027777777778,1015.0,1019.0,1016.8194444444445,64.0,82.0,74.90277777777777,0.0,0.0,0.0,0.0,184.52083333333334,179.29861111111111,416.7986111111111,,0
2017-11-28 00:00:00+00:00,1696.0,0.0,1255.3333333333333,93.31736111111111,40.388888888888886,60.19444444444444,60.388888888888886,59.979166666666664,29.506944444444443,47.71527777777778,51.49305555555556,26.756944444444443,15.0,0.0,11.10625,23.7,0.4,5.075694444444444,1.0604166666666668,-0.17152777777777783,146.67916666666667,18.381944444444443,-195.20138888888889,42571.88888888889,6102242.0,-166.28472222222223,-2234504,62.736111111111114,70.55555555555556,64.54166666666667,39.36805555555556,36.958333333333336,27.694444444444443,39.75694444444444,26.104166666666668,19.97222222222222,-3.2,89.7,0.6701388888888888,2.0493055555555557,83.86111111111111,38.826388888888886,38.5625,38.3125,37.99305555555556,254.26597222222225,0.8256944444444445,49.99513888888889,399.4215277777778,398.0048611111111,398.51874999999995,236.05416666666667,248.99305555555554,227.14583333333334,1450.2,-50.2,35.59027777777778,0.8423611111111111,5.145833333333333,90.84375,-93.10833333333333,1000.3,-998.9,25.21597222222222,257.8777777777778,1488.4,0.0,90.00763888888889,-675.1861111111111,0.0,-1000.0,153.10833333333332,675.1819444444444,1000.0,0.0,153.14166666666668,40.145833333333336,146.83958333333334,T01,0.4,12.7,6.084027777777778,0.8588194444444445,0.5,12.5,6.009722222222222,0.8438194444444445,15.0,20.0,17.4375,1005.0,1015.0,1009.9513888888889,61.0,91.0,77.47222222222223,0.0,1.0,0.006944444444444444,0.0,118.61805555555556,117.01388888888889,409.9166666666667,,0
2017-11-29 00:00:00+00:00,1805.4,0.0,1511.7104166666666,66.98611111111111,54.53472222222222,84.69444444444444,82.125,81.22916666666667,35.28472222222222,52.21527777777778,57.8125,29.8125,15.9,0.0,13.393055555555556,41.7,0.5,8.229166666666666,1.6409722222222223,0.21944444444444444,279.39652777777775,18.729166666666668,-55.208333333333336,157514.73611111112,22674172.0,-36.083333333333336,-3773107,67.59722222222223,80.25694444444444,64.91666666666667,40.611111111111114,40.43055555555556,28.02777777777778,42.18055555555556,31.506944444444443,19.8125,-3.1,89.7,-0.015972222222222235,1.3645833333333333,95.47222222222223,40.798611111111114,40.645833333333336,40.02777777777778,38.28472222222222,944.8006944444444,0.9708333333333334,49.99722222222223,398.9034722222222,397.57500000000005,399.8548611111111,798.41875,812.7534722222222,786.4631944444444,2102.4,-45.7,40.0625,0.5875,8.144444444444444,205.61180555555555,-157.21388888888887,4.3,-249.1,6.579166666666667,967.7777777777778,2000.0,0.0,198.02638888888887,-914.7736111111111,0.0,-1000.0,76.25555555555555,861.5763888888889,1000.0,0.0,100.43680555555555,56.93055555555556,279.17499999999995,T01,3.3,20.8,8.818055555555555,1.5251388888888888,3.4,20.9,8.875,1.5440972222222222,12.0,20.0,17.73611111111111,998.0,1005.0,1000.5208333333334,73.0,97.0,88.19444444444444,0.0,52.0,0.875,0.0,173.39583333333334,174.45833333333334,400.4583333333333,,0
2017-11-30 00:00:00+00:00,1767.3,0.0,1125.6333333333334,63.049305555555556,39.5625,63.270833333333336,62.09027777777778,61.40972222222222,28.71527777777778,47.083333333333336,50.486111111111114,22.90277777777778,15.6,0.0,9.875694444444443,37.7,0.4,5.813888888888889,1.2013888888888888,-3.713194444444445,179.52291666666667,12.291666666666666,-285.0208333333333,86591.02083333333,12428061.0,-187.90277777777777,-2183886,61.59722222222222,69.90972222222223,60.673611111111114,34.63194444444444,33.416666666666664,21.59027777777778,34.75694444444444,21.944444444444443,13.694444444444445,-3.1,89.7,5.103472222222222,1.5930555555555557,74.30555555555556,34.583333333333336,34.38194444444444,33.94444444444444,31.72222222222222,517.8395833333333,0.8965277777777777,49.99791666666667,399.36875,398.05625,398.73055555555555,445.1048611111111,457.74791666666664,440.7548611111111,2100.2,-45.5,30.993055555555557,0.5527777777777778,5.805555555555555,102.91874999999999,-91.01875000000001,1000.1,-708.9,19.890972222222224,520.4791666666666,2000.0,0.0,102.40347222222222,-616.4180555555555,0.0,-1000.0,96.46111111111111,585.7618055555555,1000.0,0.0,106.14375000000001,43.09027777777778,150.7513888888889,T01,0.5,16.5,6.80625,0.5054166666666666,0.4,16.1,6.678472222222222,0.4896527777777778,7.0,14.0,11.145833333333334,1000.0,1013.0,1005.1111111111111,41.0,85.0,61.18055555555556,0.0,0.0,0.0,0.0,133.11805555555554,130.41666666666666,405.0833333333333,,0
2017-12-01 00:00:00+00:00,1688.8,0.0,1007.2750000000001,89.65625,34.19444444444444,51.59722222222222,51.8125,51.36805555555556,24.84722222222222,47.833333333333336,50.72222222222222,21.86111111111111,15.0,0.0,8.855555555555556,37.7,0.4,4.65,1.0083333333333335,-3.2347222222222225,183.42291666666668,11.402777777777779,-305.2916666666667,36528.07638888889,5216080.0,-220.56944444444446,-1803047,58.36805555555556,64.69444444444444,58.30555555555556,33.77777777777778,32.263888888888886,20.583333333333332,33.513888888888886,19.38888888888889,13.097222222222221,-3.0,89.7,6.1930555555555555,2.1097222222222225,69.13888888888889,33.40277777777778,33.166666666666664,32.97222222222222,31.21527777777778,217.33541666666667,0.8444444444444446,49.99861111111111,399.88194444444446,398.4465277777778,397.9284722222222,203.58888888888887,219.03611111111113,204.73402777777778,1175.7,-48.2,28.70138888888889,0.8222222222222223,4.7243055555555555,59.12222222222223,-75.10763888888889,1000.0,-978.0,37.234027777777776,226.20208333333332,1199.1,0.0,60.702083333333334,-580.3694444444444,0.0,-1000.0,80.97222222222223,580.3694444444444,1000.0,0.0,80.97222222222223,34.791666666666664,171.68194444444444,T01,0.0,10.1,5.321527777777778,0.4313194444444444,0.0,9.9,5.254166666666666,0.4202083333333333,6.0,14.0,10.347222222222221,1012.0,1015.0,1013.125,29.0,64.0,49.854166666666664,0.0,0.0,0.0,0.0,103.27777777777777,101.88888888888889,413.09722222222223,,0
2017-12-02 00:00:00+00:00,1682.4,0.0,499.71180555555554,52.30555555555556,30.118055555555557,39.40277777777778,39.423611111111114,38.96527777777778,25.72222222222222,43.041666666666664,42.55555555555556,22.3125,14.9,0.0,4.217361111111111,36.7,0.4,2.8881944444444443,0.7875000000000001,3.045833333333333,88.61250000000001,11.270833333333334,-511.1666666666667,16894.20138888889,2359159.0,-207.875,-865987,58.604166666666664,63.36805555555556,56.736111111111114,31.229166666666668,31.756944444444443,20.444444444444443,31.270833333333332,17.416666666666668,13.243055555555555,-2.8,89.7,15.238888888888889,1.2020833333333334,44.388888888888886,31.03472222222222,30.90277777777778,30.84722222222222,27.243055555555557,98.27708333333334,0.9194444444444445,49.99722222222223,400.4298611111111,398.99305555555554,397.81388888888887,97.55833333333334,105.73888888888888,99.48402777777778,1081.5,-51.0,24.770833333333332,0.46388888888888885,2.95625,30.89305555555556,-36.09861111111111,1000.1,-971.1,27.235416666666666,103.12291666666667,1106.9,0.0,31.046527777777776,-282.78541666666666,0.0,-1000.0,43.858333333333334,282.78541666666666,1000.0,0.0,43.858333333333334,28.79861111111111,28.06527777777778,T01,0.0,9.6,3.3277777777777775,0.2640972222222222,0.0,9.4,3.25,0.2557638888888889,7.0,13.0,10.208333333333334,1013.0,1016.0,1014.3263888888889,31.0,68.0,51.020833333333336,0.0,0.0,0.0,0.0,63.361111111111114,61.72222222222222,414.2708333333333,,0
2017-12-03 00:00:00+00:00,1696.8,0.0,831.5756944444444,124.61597222222223,32.375,46.388888888888886,46.59722222222222,46.21527777777778,25.61111111111111,44.0625,46.895833333333336,22.368055555555557,15.0,0.0,7.211111111111112,39.7,0.4,3.7944444444444443,1.0409722222222222,-0.8930555555555557,64.73055555555555,11.708333333333334,-426.61805555555554,18846.11111111111,2652406.0,-336.46527777777777,-1243352,59.048611111111114,63.895833333333336,57.138888888888886,32.895833333333336,32.36805555555556,20.666666666666668,32.25694444444444,19.104166666666668,13.381944444444445,-3.6,89.7,9.415972222222223,2.9625000000000004,57.604166666666664,32.486111111111114,32.263888888888886,32.173611111111114,30.48611111111111,110.51805555555556,0.7965277777777778,49.99861111111111,400.00625,398.2972222222222,397.85069444444446,112.95486111111111,124.70625000000001,112.40625,1438.9,-50.1,26.881944444444443,1.1680555555555554,3.869444444444445,50.37777777777777,-51.80902777777778,1000.5,-833.5,33.08888888888889,119.98541666666668,1456.5,0.0,53.480555555555554,-362.0090277777778,0.0,-1000.0,114.00625000000001,362.0076388888889,1000.0,0.0,114.02569444444445,31.59027777777778,58.1263888888889,T01,0.2,11.5,3.9499999999999997,0.6961111111111111,0.2,10.1,4.1875,0.5586111111111111,7.0,15.0,10.555555555555555,1015.0,1021.0,1017.4097222222222,20.0,67.0,45.923611111111114,0.0,0.0,0.0,0.0,75.67361111111111,80.55555555555556,417.3333333333333,,0
2017-12-04 00:00:00+00:00,1797.5,0.0,1503.3839160839161,47.6,57.00699300699301,90.53846153846153,87.13286713286713,85.8041958041958,32.65034965034965,52.76223776223776,58.09090909090909,24.041958041958043,15.8,0.0,13.316783216783216,38.7,0.4,8.787412587412586,1.7377622377622377,0.08461538461538462,98.42237762237762,13.538461538461538,-62.52447552447553,194539.9160839161,27810267.0,-44.02097902097902,-4159542,70.39160839160839,80.7972027972028,67.8041958041958,37.01398601398601,35.86713286713287,22.79020979020979,37.48251748251748,27.972027972027973,14.762237762237762,-3.0,90.0,2.125174825174825,1.7174825174825175,92.16083916083916,37.34965034965035,37.30769230769231,36.45454545454545,33.34965034965035,1162.879020979021,0.9678321678321679,49.9986013986014,399.07342657342656,397.6636363636364,399.85944055944054,978.7034965034966,995.4538461538461,971.1993006993007,2103.7,-42.1,36.27972027972028,0.4146853146853147,8.858741258741258,179.49860139860138,-172.84825174825176,999.9,-223.5,11.172027972027973,1183.6475524475525,2000.0,0.0,181.93076923076922,-858.5419580419581,0.0,-1000.0,97.81118881118881,764.6937062937063,1000.0,0.0,115.29090909090908,54.21678321678322,98.31818181818181,T01,2.7,19.6,8.755555555555555,2.770555555555555,4.0,17.1,9.763194444444444,0.9572916666666667,10.0,15.0,12.42361111111111,1020.0,1023.0,1021.3472222222222,52.0,68.0,61.90972222222222,0.0,0.0,0.0,0.0,172.05555555555554,192.1875,421.3263888888889,,0
2017-12-05 00:00:00+00:00,1788.5,0.0,1609.8395833333334,46.66041666666667,56.61805555555556,102.82638888888889,98.20833333333333,96.82638888888889,37.44444444444444,54.4375,60.388888888888886,27.243055555555557,15.7,0.0,14.262500000000001,34.1,0.5,9.749305555555557,1.8722222222222225,-0.14583333333333334,112.53680555555555,14.694444444444445,-38.986111111111114,235426.45138888888,33895794.0,-21.90277777777778,-4533267,68.31944444444444,84.59027777777777,64.41666666666667,39.388888888888886,39.13194444444444,24.54861111111111,40.47222222222222,31.86111111111111,16.22222222222222,-3.2,86.2,0.7166666666666667,1.7979166666666666,99.18055555555556,40.083333333333336,40.05555555555556,39.05555555555556,35.80555555555556,1412.2993055555555,0.9888888888888889,49.99791666666667,399.08680555555554,397.66041666666666,401.4236111111111,1186.9263888888888,1199.5652777777777,1169.6243055555556,2103.2,-45.8,40.458333333333336,0.41111111111111115,9.747916666666667,203.69097222222223,-188.88055555555556,12.2,-224.2,4.753472222222222,1428.5812500000002,2000.0,38.4,192.37430555555557,-854.5062499999999,0.0,-1000.0,87.03819444444444,744.0652777777777,1000.0,0.0,117.98472222222222,62.298611111111114,112.68055555555556,T01,4.2,18.4,11.440972222222221,1.9427083333333333,3.9,17.6,10.714583333333334,0.9221527777777777,12.0,16.0,13.458333333333334,1022.0,1025.0,1023.4236111111111,57.0,72.0,64.34722222222223,0.0,0.0,0.0,0.0,225.9375,211.41666666666666,423.40972222222223,,0
2017-12-06 00:00:00+00:00,1738.4,1196.3,1540.8395833333334,63.77777777777778,44.666666666666664,77.27083333333333,75.11111111111111,74.25694444444444,27.569444444444443,53.395833333333336,58.09722222222222,25.52777777777778,15.4,10.6,13.645138888888889,37.4,0.4,7.839583333333334,1.4993055555555557,-0.4555555555555555,109.99305555555556,14.61111111111111,0.0,153362.78472222222,22084241.0,0.0,-4200220,67.13194444444444,77.61805555555556,67.24305555555556,39.541666666666664,37.541666666666664,24.34722222222222,39.93055555555556,26.72222222222222,16.118055555555557,-3.0,5.5,-1.7347222222222223,0.5048611111111111,92.15277777777777,39.638888888888886,39.50694444444444,38.888888888888886,37.076388888888886,920.1840277777778,0.9666666666666666,49.99305555555556,398.9423611111111,397.4597222222222,399.9152777777778,781.1006944444445,797.5847222222222,768.1527777777778,2098.9,-11.4,37.875,0.5576388888888889,7.9312499999999995,197.02083333333334,-175.01041666666666,0.1,-217.1,4.294444444444444,919.6868055555556,2000.0,0.0,197.58472222222224,-967.6895833333333,0.0,-1000.0,47.90277777777778,930.9437499999999,1000.0,0.0,77.01875000000001,50.326388888888886,110.4375,T01,2.8,15.6,9.146527777777777,1.5690277777777777,3.9,14.1,9.191666666666666,0.6109027777777778,12.0,17.0,13.659722222222221,1021.0,1024.0,1022.7291666666666,54.0,75.0,65.79861111111111,0.0,0.0,0.0,0.0,179.80555555555554,180.73611111111111,422.625,,0
2017-12-07 00:00:00+00:00,1704.8,0.0,1246.7125,80.30347222222223,36.951388888888886,57.416666666666664,57.34027777777778,56.93055555555556,26.29861111111111,48.020833333333336,51.78472222222222,23.9375,15.1,0.0,11.042361111111111,24.7,0.4,5.486111111111111,1.0486111111111112,-0.16527777777777775,100.39027777777778,14.666666666666666,-173.06944444444446,51632.618055555555,7410170.0,-153.66666666666666,-2521838,59.395833333333336,67.25,60.15277777777778,37.763888888888886,34.86805555555556,24.444444444444443,37.36805555555556,23.395833333333332,16.6875,-3.2,89.6,1.6055555555555554,1.3826388888888888,82.4375,37.34027777777778,37.05555555555556,36.763888888888886,36.0625,308.77777777777777,0.8541666666666666,49.99861111111111,399.50208333333336,398.0256944444444,397.55902777777777,272.8513888888889,294.87361111111113,273.25625,1806.7,-50.7,33.47222222222222,0.7104166666666667,5.53125,86.19236111111111,-105.07152777777777,716.7,-374.0,13.053472222222222,315.6625,1825.1,0.0,87.39583333333333,-759.8083333333333,0.0,-1000.0,91.39930555555556,759.4749999999999,1000.0,0.0,92.26805555555556,35.708333333333336,100.54791666666667,T01,1.7000000000000002,12.0,5.5875,0.9411111111111112,1.8,11.1,6.435416666666667,0.32625,12.0,17.0,13.875,1021.0,1023.0,1021.6736111111111,55.0,80.0,68.70833333333333,0.0,0.0,0.0,0.0,108.63888888888889,125.59722222222223,421.65972222222223,,0
2017-12-08 00:00:00+00:00,1400.9,0.0,437.09236111111113,13.490277777777779,28.01388888888889,37.55555555555556,37.68055555555556,37.34027777777778,26.27777777777778,37.59027777777778,38.40277777777778,23.97222222222222,12.4,0.0,3.767361111111111,22.2,0.4,2.6937499999999996,0.6076388888888888,-1.6041666666666665,212.08055555555555,14.055555555555555,-549.2152777777778,7061.708333333333,937798.0,-238.98611111111111,-572790,59.729166666666664,64.47222222222223,57.354166666666664,32.09027777777778,32.375,23.5,32.854166666666664,18.86111111111111,16.506944444444443,-2.7,68.7,17.109027777777776,0.32430555555555557,43.5625,31.84027777777778,31.694444444444443,31.645833333333332,29.04861111111111,39.07361111111111,0.90625,49.99861111111111,400.15,399.3611111111111,396.44375,41.45625,51.54027777777778,46.71388888888889,470.1,-49.9,26.069444444444443,0.12708333333333333,2.7465277777777777,16.59027777777778,-23.850694444444443,485.0,-770.0,9.874305555555557,46.045138888888886,476.0,0.0,17.725694444444443,-186.40277777777777,0.0,-1000.0,53.890972222222224,186.40277777777777,1000.0,0.0,53.890972222222224,27.13888888888889,188.66875,T01,0.0,7.4,3.1041666666666665,0.13916666666666666,0.0,7.4,3.21875,0.13270833333333332,10.0,18.0,13.395833333333334,1020.0,1022.0,1021.0486111111111,30.0,86.0,64.24305555555556,0.0,0.0,0.0,0.0,58.71527777777778,61.048611111111114,421.02777777777777,,0
2017-12-09 00:00:00+00:00,1451.9,0.0,716.911111111111,31.637500000000003,34.604166666666664,42.38194444444444,42.61805555555556,42.208333333333336,26.416666666666668,39.666666666666664,41.96527777777778,24.020833333333332,12.9,0.0,6.276388888888889,19.6,0.4,3.6868055555555554,0.682638888888889,5.195138888888889,290.96527777777777,15.534722222222221,-410.0625,15973.166666666666,2241085.0,-176.4375,-1032952,60.576388888888886,65.52083333333333,58.263888888888886,34.263888888888886,33.31944444444444,24.79861111111111,34.375,20.96527777777778,17.79861111111111,-2.9,84.0,11.807638888888889,0.7430555555555556,51.763888888888886,33.90277777777778,33.72222222222222,33.638888888888886,31.645833333333332,93.37986111111111,0.8993055555555556,49.99791666666667,399.57222222222225,398.4944444444444,396.2423611111111,85.25972222222222,103.35833333333333,97.35,547.4,-31.0,28.131944444444443,0.32083333333333336,3.7527777777777778,24.586111111111112,-43.03611111111111,999.4,-924.9,14.935416666666665,99.5298611111111,576.5,0.0,26.244444444444444,-377.6513888888889,0.0,-1000.0,63.73819444444444,377.6513888888889,1000.0,0.0,63.73819444444444,29.46527777777778,313.2708333333333,T01,0.7000000000000001,8.1,4.478472222222222,0.16965277777777776,0.2,8.5,4.459027777777778,0.17423611111111112,12.0,17.0,14.895833333333334,1018.0,1021.0,1019.4930555555555,68.0,93.0,85.375,0.0,0.0,0.0,0.0,86.23611111111111,85.91666666666667,419.36805555555554,,0
2017-12-10 00:00:00+00:00,1787.1,0.0,1048.3736111111111,62.364583333333336,44.020833333333336,59.076388888888886,58.24305555555556,57.47222222222222,28.541666666666668,47.49305555555556,50.451388888888886,25.84722222222222,15.8,0.0,9.179166666666667,37.6,0.4,5.517361111111111,1.113888888888889,-3.6145833333333335,281.1986111111111,16.729166666666668,-350.8611111111111,79149.79861111111,11347047.0,-202.8125,-2178406,66.09027777777777,72.54861111111111,64.77083333333333,37.03472222222222,35.65972222222222,25.98611111111111,38.111111111111114,24.833333333333332,18.416666666666668,-3.0,89.7,6.905555555555555,1.2722222222222224,71.75,36.80555555555556,36.638888888888886,36.27777777777778,35.104166666666664,472.8166666666667,0.8930555555555555,49.99930555555555,399.2965277777778,397.9534722222222,397.2986111111111,406.15416666666664,427.54305555555555,414.9034722222222,2103.7,-49.9,33.701388888888886,0.5756944444444445,5.529861111111111,107.99652777777777,-90.76944444444445,1000.1,-918.8,25.061111111111114,476.0104166666667,2000.0,0.0,108.79513888888889,-564.9694444444444,0.0,-1000.0,62.18958333333333,541.8284722222222,1000.0,0.0,72.96805555555555,39.625,287.3152777777778,T01,0.3,19.1,6.050000000000001,0.818125,0.3,18.8,6.078472222222222,0.8333333333333334,13.0,18.0,15.569444444444445,1004.0,1020.0,1013.9097222222222,72.0,96.0,88.09722222222223,0.0,4.0,0.16666666666666666,0.0,117.80555555555556,118.45833333333333,413.8611111111111,,0
2017-12-11 00:00:00+00:00,1888.7,0.0,1276.63125,57.178472222222226,55.3125,86.54861111111111,83.41666666666667,82.34722222222223,37.72222222222222,50.93055555555556,55.104166666666664,27.46527777777778,16.5,0.0,11.260416666666666,41.3,0.4,8.577083333333333,1.8444444444444446,-6.178472222222222,283.65972222222223,14.743055555555555,-303.55555555555554,162444.52777777778,23348300.0,-184.8125,-3411339,69.83333333333333,83.00694444444444,69.13194444444444,37.0625,37.65277777777778,24.368055555555557,38.68055555555556,28.61111111111111,16.270833333333332,-3.2,89.8,7.265277777777778,2.0743055555555556,86.56944444444444,37.479166666666664,37.34722222222222,36.645833333333336,34.0,972.8048611111111,0.9430555555555556,49.99861111111111,399.5888888888889,398.1305555555556,399.65694444444443,817.6458333333334,836.7777777777778,815.2750000000001,2101.2,-51.7,37.0625,0.5027777777777778,8.484722222222222,95.76597222222222,-142.13680555555555,937.6,-771.8,8.957638888888889,999.6451388888888,2000.0,0.0,82.70277777777778,-628.3215277777778,0.0,-1000.0,53.28611111111111,560.0618055555556,1000.0,0.0,54.49652777777778,53.63194444444444,299.84722222222223,T01,0.0,25.8,9.477777777777778,2.0196527777777775,0.0,25.8,9.4875,2.062361111111111,9.0,18.0,13.597222222222221,991.0,1004.0,998.1180555555555,51.0,97.0,77.86805555555556,0.0,24.0,0.8472222222222222,0.0,186.55555555555554,186.83333333333334,398.06944444444446,,0
2017-12-12 00:00:00+00:00,1793.5,0.0,1031.719834710744,94.19669421487603,35.18181818181818,54.01652892561984,53.900826446280995,53.36363636363637,25.231404958677686,49.51239669421488,51.950413223140494,22.115702479338843,15.9,0.0,9.12314049586777,34.1,0.4,5.578512396694215,0.9818181818181818,-2.7892561983471076,156.82644628099175,10.578512396694215,-400.3719008264463,49872.14876033058,5986085.0,-301.3388429752066,-1626204,61.429752066115704,67.44628099173553,60.94214876033058,34.264462809917354,31.8099173553719,19.28099173553719,33.264462809917354,19.52892561983471,11.760330578512397,-3.0,90.6,13.234710743801653,3.1206611570247937,68.45454545454545,33.85123966942149,33.6198347107438,33.413223140495866,32.107438016528924,296.8421487603306,0.8388429752066116,49.997520661157026,400.12396694214874,398.6520661157025,398.24545454545455,263.02809917355376,280.40495867768595,265.51570247933887,2099.6,-84.3,28.983471074380166,0.8363636363636364,5.678512396694215,77.75206611570248,-80.59834710743802,1000.4,-922.3,27.908264462809917,403.3396694214876,2000.0,0.0,104.09917355371901,-602.299173553719,0.0,-1000.0,68.62479338842975,599.207438016529,1000.0,0.0,70.70661157024793,38.70247933884298,150.67603305785124,T01,0.3,14.1,6.907638888888889,0.6841666666666666,0.4,13.7,6.774305555555555,0.6548611111111111,6.0,13.0,9.708333333333334,1001.0,1016.0,1008.4097222222222,43.0,86.0,63.736111111111114,0.0,0.0,0.0,0.0,134.95833333333334,132.26388888888889,408.3541666666667,,0
2017-12-13 00:00:00+00:00,1621.3,0.0,433.81111111111113,50.618750000000006,29.041666666666668,38.166666666666664,38.229166666666664,37.84027777777778,26.47222222222222,41.36805555555556,41.701388888888886,23.604166666666668,14.4,0.0,3.84375,8.1,0.4,2.8375000000000004,0.37222222222222223,10.330555555555556,86.20069444444444,13.0,-642.2916666666666,6668.208333333333,867731.0,-153.71527777777777,-388882,59.59027777777778,64.375,57.395833333333336,31.666666666666668,32.11805555555556,22.52777777777778,32.09027777777778,18.416666666666668,15.409722222222221,-2.4,87.0,18.600694444444443,1.1791666666666667,44.49305555555556,31.305555555555557,31.15972222222222,31.15277777777778,28.8125,36.16111111111111,0.8638888888888889,50.0,400.51458333333335,399.4895833333333,397.4125,49.59027777777778,54.645833333333336,51.173611111111114,746.6,-92.3,25.53472222222222,0.4527777777777778,2.8805555555555555,19.306944444444444,-16.208333333333332,999.8,-893.8,23.796527777777776,40.94513888888889,762.3,0.0,18.27777777777778,-153.5076388888889,0.0,-1000.0,47.06319444444445,153.5076388888889,1000.0,0.0,47.06319444444445,29.555555555555557,68.36458333333333,T01,0.0,9.1,3.2631944444444443,0.3378472222222222,0.3,8.1,3.404166666666667,0.22097222222222224,9.0,17.0,12.48611111111111,1016.0,1021.0,1018.7013888888889,35.0,70.0,50.125,0.0,0.0,0.0,0.0,61.94444444444444,64.75,418.6736111111111,,0
2017-12-14 00:00:00+00:00,1643.2,0.0,488.5465277777778,55.047916666666666,27.354166666666668,36.548611111111114,36.611111111111114,36.24305555555556,26.22222222222222,37.05555555555556,38.0,23.22222222222222,14.6,0.0,4.332638888888889,8.4,0.4,2.865972222222222,0.3819444444444444,0.44791666666666685,270.5736111111111,13.493055555555555,-529.6666666666666,7797.194444444444,1046525.0,-41.361111111111114,-472165,59.645833333333336,64.13194444444444,57.048611111111114,31.02777777777778,31.916666666666668,22.97222222222222,31.59027777777778,18.82638888888889,15.965277777777779,-2.5,32.0,16.408333333333335,1.0638888888888889,41.270833333333336,30.73611111111111,30.59027777777778,30.5625,27.76388888888889,43.60347222222222,0.8597222222222222,49.99930555555555,400.05069444444445,399.24027777777775,396.3590277777778,53.09027777777778,60.9375,57.15972222222222,771.3,-93.0,25.208333333333332,0.4840277777777778,2.917361111111111,22.704166666666666,-19.689583333333335,1000.0,-900.6,27.993055555555557,47.99444444444444,782.3,0.0,22.010416666666668,-174.73819444444445,0.0,-1000.0,57.518750000000004,174.73819444444445,1000.0,0.0,57.518750000000004,28.65972222222222,250.0680555555556,T01,0.0,9.4,3.4319444444444445,0.17222222222222222,0.0,9.3,3.4166666666666665,0.17145833333333335,10.0,16.0,12.847222222222221,1014.0,1020.0,1017.4444444444445,42.0,97.0,66.82638888888889,0.0,1.0,0.006944444444444444,0.0,65.46527777777777,65.07638888888889,417.3888888888889,,0
2017-12-15 00:00:00+00:00,1770.8,59.7,1066.725,70.84375,42.09027777777778,56.90972222222222,56.236111111111114,55.56944444444444,26.444444444444443,46.55555555555556,50.020833333333336,25.131944444444443,15.7,0.5,9.452083333333333,14.2,1.1,5.468055555555555,0.5715277777777777,-0.8006944444444444,281.62638888888887,16.23611111111111,-376.63194444444446,72551.96527777778,10393248.0,-90.76388888888889,-2196883,66.38194444444444,72.43055555555556,65.46527777777777,35.8125,35.18055555555556,25.416666666666668,36.40277777777778,24.0,17.756944444444443,-2.6,27.1,7.2041666666666675,1.0659722222222223,68.11805555555556,35.666666666666664,35.458333333333336,35.201388888888886,33.77777777777778,433.05833333333334,0.8819444444444444,49.99791666666667,399.8798611111111,398.2361111111111,398.1534722222222,370.875,390.7638888888889,374.4513888888889,2101.0,-89.2,32.25694444444444,0.625,5.561805555555555,92.63749999999999,-91.52916666666667,1000.2,-692.7,15.292361111111111,436.00694444444446,2000.0,0.0,92.53194444444445,-549.9166666666666,0.0,-1000.0,36.601388888888884,540.1222222222223,1000.0,0.0,44.917361111111106,44.083333333333336,282.4298611111111,T01,1.2,14.3,6.020833333333333,0.5100694444444445,1.0,15.6,6.073611111111111,0.5238194444444445,14.0,17.0,15.256944444444445,1007.0,1014.0,1009.9027777777778,81.0,97.0,92.93055555555556,0.0,12.0,0.18055555555555555,0.0,117.25694444444444,118.28472222222223,409.7638888888889,,0
2017-12-16 00:00:00+00:00,1723.7,0.0,1187.6756944444444,49.230555555555554,37.986111111111114,58.270833333333336,58.083333333333336,57.520833333333336,26.743055555555557,50.72222222222222,53.583333333333336,23.47222222222222,15.3,0.0,10.523611111111112,12.0,0.5,5.30625,0.6333333333333333,-2.867361111111111,167.40138888888887,12.868055555555555,-226.59027777777777,60789.47222222222,8721058.0,-75.94444444444444,-2366913,64.08333333333333,70.90277777777777,63.986111111111114,34.90277777777778,33.84722222222222,22.256944444444443,35.951388888888886,21.78472222222222,14.083333333333334,-2.6,24.1,2.4618055555555554,0.5159722222222222,79.88194444444444,34.645833333333336,34.40972222222222,34.104166666666664,32.770833333333336,363.37430555555557,0.875,49.99861111111111,399.35625000000005,397.65694444444443,397.39930555555554,317.6041666666667,343.7361111111111,323.2708333333333,1988.2,-94.4,32.0,0.4368055555555556,5.485416666666667,86.97152777777778,-98.61458333333333,675.6,-920.5,26.27847222222222,364.9423611111111,1977.9,0.0,87.14722222222223,-725.0798611111111,0.0,-1000.0,71.64305555555556,723.9777777777778,1000.0,0.0,74.63333333333334,43.75,155.27916666666667,T01,0.0,11.1,5.516666666666667,0.6034722222222223,0.0,11.2,5.447222222222222,0.5771527777777777,7.0,17.0,11.541666666666666,1007.0,1015.0,1010.1458333333334,42.0,95.0,67.73611111111111,0.0,1.0,0.006944444444444444,0.0,107.14583333333333,105.84027777777777,410.0763888888889,,0
2017-12-17 00:00:00+00:00,1637.8,0.0,654.01875,77.65069444444445,29.145833333333332,38.6875,38.84722222222222,38.458333333333336,26.11111111111111,40.923611111111114,42.34722222222222,23.67361111111111,14.5,0.0,5.793749999999999,8.2,0.4,3.2604166666666665,0.4715277777777778,2.5805555555555557,81.48750000000001,13.0,-529.6666666666666,8072.791666666667,1086209.0,130.80555555555554,-668420,59.77777777777778,64.70833333333333,57.770833333333336,32.8125,32.111111111111114,22.645833333333332,32.50694444444444,18.72222222222222,15.243055555555555,-2.4,27.9,13.540277777777778,1.6270833333333334,48.791666666666664,32.43055555555556,32.1875,32.1875,29.631944444444443,45.265277777777776,0.8076388888888889,49.99930555555555,400.5493055555555,398.93611111111113,397.59722222222223,53.97222222222222,64.01388888888889,56.55555555555556,776.0,-99.7,25.916666666666668,0.6847222222222222,3.3243055555555556,25.433333333333334,-27.852083333333333,631.5,-595.2,20.554861111111112,50.976388888888884,792.1,0.0,26.111805555555556,-193.06041666666667,0.0,-1000.0,76.90833333333333,193.06041666666667,1000.0,0.0,76.90833333333333,30.180555555555557,68.90416666666667,T01,0.0,9.7,3.5284722222222222,0.41888888888888887,0.0,8.7,3.839583333333333,0.3542361111111111,9.0,19.0,12.277777777777779,1015.0,1022.0,1018.1111111111111,41.0,70.0,55.048611111111114,0.0,0.0,0.0,0.0,67.32638888888889,73.47916666666667,418.0625,,0
2017-12-18 00:00:00+00:00,1710.8,0.0,1038.9486111111112,50.54375,36.02777777777778,54.15972222222222,54.520833333333336,54.076388888888886,26.34027777777778,44.951388888888886,48.05555555555556,23.729166666666668,15.2,0.0,9.213194444444445,9.7,0.4,4.627777777777777,0.5506944444444445,-6.002083333333333,87.59791666666666,13.284722222222221,-265.9861111111111,35714.930555555555,5104645.0,-76.38888888888889,-2101964,60.38194444444444,66.54166666666667,59.638888888888886,35.020833333333336,33.375,23.17361111111111,35.36805555555556,20.791666666666668,15.3125,-2.6,87.0,5.336111111111111,0.9652777777777778,74.59027777777777,34.520833333333336,34.15277777777778,34.02777777777778,32.888888888888886,212.67847222222224,0.8388888888888889,49.99652777777778,399.1402777777778,397.7951388888889,396.7423611111111,198.76388888888889,216.60416666666666,197.04861111111111,1367.2,-87.0,30.97222222222222,0.4388888888888889,4.784027777777777,57.52361111111111,-87.57430555555555,993.2,-786.0,17.419444444444444,215.09444444444443,1393.1,0.0,57.451388888888886,-611.1361111111112,0.0,-1000.0,71.2513888888889,611.1361111111112,1000.0,0.0,71.2513888888889,39.0625,83.60555555555555,T01,1.0,12.4,4.875,0.7172916666666667,1.0,11.1,5.311111111111111,0.399375,11.0,16.0,12.368055555555555,1019.0,1022.0,1020.6736111111111,49.0,81.0,66.59027777777777,0.0,0.0,0.0,0.0,94.26388888888889,103.08333333333333,420.63194444444446,,0
2017-12-19 00:00:00+00:00,1765.5,0.0,1132.0972222222222,86.85277777777777,39.583333333333336,57.68055555555556,57.15972222222222,56.583333333333336,27.07638888888889,49.50694444444444,52.520833333333336,24.3125,15.6,0.0,10.034027777777778,13.5,0.4,5.198611111111111,0.6944444444444444,-0.2743055555555556,120.79930555555555,14.006944444444445,-368.49305555555554,61498.083333333336,8802661.0,4.833333333333333,-2280671,64.55555555555556,70.5,63.645833333333336,36.423611111111114,34.30555555555556,22.97222222222222,36.03472222222222,22.493055555555557,15.083333333333334,-2.6,30.4,4.207638888888889,1.9048611111111111,75.09027777777777,36.0,35.736111111111114,35.479166666666664,34.333333333333336,366.78055555555557,0.8048611111111111,49.99861111111111,399.56458333333336,398.0541666666667,398.05902777777777,327.00694444444446,345.2708333333333,328.25,2099.4,-99.3,32.020833333333336,0.76875,5.313194444444445,95.82638888888889,-95.02430555555556,1000.0,-827.0,31.229166666666668,369.46805555555557,2000.0,0.0,95.18472222222222,-579.4673611111111,0.0,-1000.0,104.41180555555555,566.0076388888889,1000.0,0.0,113.94236111111111,40.611111111111114,113.57708333333333,T01,0.2,15.8,5.876388888888889,0.8917361111111111,0.3,15.0,5.653472222222223,0.7261111111111112,8.0,20.0,13.083333333333334,1017.0,1022.0,1018.5277777777778,34.0,83.0,56.80555555555556,0.0,0.0,0.0,0.0,114.39583333333333,109.875,418.46527777777777,,0
2017-12-20 00:00:00+00:00,1687.4,0.0,828.6263888888889,68.71875,33.604166666666664,47.354166666666664,47.56944444444444,47.291666666666664,26.46527777777778,42.88194444444444,45.27777777777778,24.666666666666668,14.9,0.0,7.350694444444445,10.7,0.7000000000000001,3.8472222222222223,0.48888888888888893,-2.689583333333333,84.07708333333333,14.541666666666666,-515.5,17851.354166666668,2496365.0,-140.125,-1189684,61.90277777777778,67.33333333333333,60.361111111111114,35.416666666666664,33.333333333333336,24.04861111111111,34.84722222222222,20.84722222222222,16.625,-2.5,86.8,9.590972222222222,1.5631944444444443,65.74305555555556,34.78472222222222,34.49305555555556,34.46527777777778,33.63194444444444,104.00694444444444,0.7875000000000001,50.00277777777777,399.85555555555555,398.62361111111113,397.0861111111111,106.17361111111111,119.79166666666667,108.35416666666667,1045.6,-98.3,29.96527777777778,0.6006944444444444,3.917361111111111,33.72638888888889,-49.568749999999994,1000.3,-999.8,24.402083333333334,110.10833333333333,1611.6,0.0,34.41458333333333,-378.76250000000005,0.0,-1000.0,79.40277777777777,378.76250000000005,1000.0,0.0,79.40277777777777,32.43055555555556,71.77083333333333,T01,0.2,12.1,4.442361111111111,0.5304166666666666,0.3,10.4,4.6194444444444445,0.300625,11.0,17.0,13.631944444444445,1022.0,1025.0,1022.9513888888889,44.0,75.0,61.0625,0.0,0.0,0.0,0.0,85.61111111111111,89.13888888888889,422.90277777777777,,0
2017-12-21 00:00:00+00:00,1726.8,0.0,966.2437500000001,41.44444444444444,37.30555555555556,50.916666666666664,50.486111111111114,49.9375,26.23611111111111,45.38194444444444,47.77777777777778,23.916666666666668,15.3,0.0,8.560416666666667,11.5,0.5,4.913888888888889,0.5416666666666666,12.134722222222223,102.71180555555556,13.75,-235.22916666666666,53321.569444444445,7644430.0,-33.0,-2013537,62.68055555555556,68.25,61.40277777777778,35.22222222222222,33.90277777777778,24.145833333333332,35.28472222222222,21.84027777777778,16.229166666666668,-2.6,27.6,7.260416666666667,0.40694444444444444,62.423611111111114,35.041666666666664,34.854166666666664,34.59722222222222,32.22222222222222,318.5361111111111,0.9222222222222223,49.99791666666667,399.65833333333336,398.3041666666667,397.69722222222225,274.22222222222223,291.36805555555554,276.7916666666667,1979.8,-97.7,30.27777777777778,0.3631944444444445,4.990277777777778,71.28819444444444,-83.89513888888888,328.9,-217.0,6.433333333333334,320.6875,1979.5,0.0,71.31041666666667,-567.4868055555556,0.0,-1000.0,39.52291666666667,563.9590277777778,1000.0,0.0,45.04236111111111,37.326388888888886,90.57708333333333,T01,0.6000000000000001,12.7,5.532638888888889,0.7095138888888889,0.5,12.7,5.329861111111111,0.4935416666666667,9.0,17.0,13.215277777777779,1023.0,1029.0,1025.75,47.0,81.0,63.166666666666664,0.0,0.0,0.0,0.0,107.55555555555556,103.42361111111111,425.7013888888889,,0
2017-12-22 00:00:00+00:00,1678.6,0.0,685.9291666666667,89.59930555555555,32.86805555555556,44.138888888888886,44.173611111111114,43.833333333333336,27.47222222222222,41.59722222222222,43.49305555555556,24.319444444444443,14.9,0.0,6.079166666666667,8.5,0.5,3.3902777777777775,0.38333333333333336,1.838888888888889,158.4388888888889,14.520833333333334,-658.0416666666666,11783.305555555555,1602037.0,-10.541666666666666,-631929,60.90972222222222,66.65972222222223,59.645833333333336,33.076388888888886,32.701388888888886,23.76388888888889,34.00694444444444,20.305555555555557,16.208333333333332,-2.5,30.0,13.091666666666667,1.8555555555555554,58.145833333333336,32.61805555555556,32.333333333333336,32.28472222222222,31.180555555555557,66.73750000000001,0.7597222222222223,50.00069444444445,400.06666666666666,398.96527777777777,396.90625,77.5625,86.48611111111111,80.52083333333333,855.2,-97.5,28.26388888888889,0.7895833333333333,3.4215277777777775,17.350694444444443,-26.34097222222222,968.1,-701.7,31.368750000000002,71.87430555555555,876.0,0.0,16.990972222222222,-191.8451388888889,0.0,-1000.0,38.50347222222222,191.8451388888889,1000.0,0.0,38.50347222222222,32.270833333333336,149.10625,T01,0.0,9.8,4.063888888888889,0.218125,0.0,9.4,4.151388888888889,0.14298611111111112,11.0,17.0,13.61111111111111,1024.0,1030.0,1027.2152777777778,46.0,82.0,66.09722222222223,0.0,0.0,0.0,0.0,78.00694444444444,79.77083333333333,427.1666666666667,,0
2017-12-23 00:00:00+00:00,1710.9,0.0,758.2513888888889,82.6263888888889,34.18055555555556,45.11805555555556,44.854166666666664,44.24305555555556,26.63888888888889,40.166666666666664,42.395833333333336,23.041666666666668,15.2,0.0,6.716666666666667,12.3,0.4,3.8520833333333337,0.40694444444444444,11.793055555555556,148.23055555555555,14.055555555555555,-485.2361111111111,33780.36111111111,4794495.0,118.57638888888889,-991652,60.736111111111114,65.91666666666667,58.798611111111114,34.013888888888886,32.416666666666664,24.34027777777778,33.263888888888886,20.32638888888889,17.0,-2.5,28.0,11.784722222222221,1.7097222222222221,52.65277777777778,33.71527777777778,33.5625,33.44444444444444,31.03472222222222,199.78055555555557,0.8243055555555556,50.0,400.2784722222222,398.90694444444443,397.0416666666667,184.63194444444446,197.69444444444446,191.40277777777777,2096.6,-99.1,27.666666666666668,0.7347222222222222,3.8833333333333337,34.956944444444446,-41.31527777777777,619.6,-619.3,35.609027777777776,203.62708333333333,1979.8,0.0,34.06597222222222,-288.46736111111113,0.0,-1000.0,42.044444444444444,284.34444444444443,1000.0,0.0,44.50416666666667,32.3125,203.9326388888889,T01,0.4,13.8,4.2243055555555555,0.5175694444444444,0.0,13.8,4.057638888888889,0.5089583333333334,9.0,16.0,13.590277777777779,1022.0,1025.0,1022.9930555555555,59.0,95.0,80.60416666666667,0.0,0.0,0.0,0.0,81.25694444444444,77.93055555555556,422.9583333333333,,0
2017-12-24 00:00:00+00:00,1780.8,0.0,1517.1472222222224,61.72638888888889,54.166666666666664,73.29861111111111,72.02083333333333,71.20833333333333,27.145833333333332,53.93055555555556,58.34027777777778,26.29861111111111,15.8,0.0,13.43888888888889,14.1,1.6,7.439583333333333,0.7520833333333334,0.4166666666666667,125.29930555555555,15.777777777777779,-72.88888888888889,126171.14583333333,18158148.0,-16.5625,-3493345,72.84027777777777,80.27083333333333,73.51388888888889,40.145833333333336,38.048611111111114,25.4375,40.75,26.895833333333332,16.791666666666668,-2.6,87.0,-0.8284722222222223,1.2180555555555557,91.13888888888889,40.083333333333336,39.90972222222222,39.4375,38.145833333333336,756.5791666666667,0.9729166666666667,50.0,399.68402777777777,397.7583333333333,399.96180555555554,636.4444444444445,662.8402777777778,630.1111111111111,2100.1,-52.0,38.13194444444444,0.5458333333333334,7.536111111111111,162.26388888888889,-145.55763888888887,326.2,-215.2,7.102083333333334,772.625,2000.0,0.0,153.2625,-931.1027777777776,0.0,-1000.0,50.96388888888889,911.0333333333333,1000.0,0.0,62.150000000000006,51.923611111111114,124.88194444444444,T01,1.5,16.6,7.8374999999999995,1.5771527777777778,1.5,14.9,7.548611111111111,1.2861805555555557,13.0,17.0,14.722222222222221,1019.0,1024.0,1021.0347222222222,59.0,83.0,73.78472222222223,0.0,0.0,0.0,0.0,153.61805555555554,147.90277777777777,420.97222222222223,,0
2017-12-25 00:00:00+00:00,1729.5,158.3,1130.757638888889,81.39722222222223,36.38194444444444,52.94444444444444,53.111111111111114,52.75694444444444,26.319444444444443,44.979166666666664,48.46527777777778,24.125,15.3,1.4,10.024305555555555,12.6,1.0,4.53125,0.6020833333333333,0.7513888888888889,191.20972222222224,14.8125,-361.4513888888889,29084.76388888889,4136159.0,8.590277777777779,-1963382,62.916666666666664,69.41666666666667,62.375,35.78472222222222,33.77777777777778,24.541666666666668,36.15277777777778,22.36111111111111,16.6875,-2.6,29.6,3.167361111111111,1.7041666666666666,77.95138888888889,35.24305555555556,34.861111111111114,34.68055555555556,34.104166666666664,172.3451388888889,0.7583333333333333,49.99930555555555,399.80069444444445,398.3298611111111,397.50069444444443,163.8125,185.77083333333334,166.02083333333334,2060.0,-99.6,31.881944444444443,0.7138888888888889,4.6625,62.06180555555555,-81.80486111111111,1000.2,-655.6,18.717361111111114,176.87847222222223,1976.7,0.0,62.53611111111112,-524.4159722222222,0.0,-1000.0,129.32083333333333,523.5111111111112,1000.0,0.0,130.8722222222222,38.68055555555556,190.46319444444444,T01,0.9,13.5,4.9743055555555555,0.600625,0.9,13.7,4.887499999999999,0.649513888888889,12.0,16.0,13.819444444444445,1017.0,1020.0,1018.3888888888889,67.0,94.0,82.45833333333333,0.0,9.0,0.2986111111111111,0.0,96.29166666666667,94.5625,418.3611111111111,,0
2017-12-26 00:00:00+00:00,1792.0,91.9,1201.2062500000002,46.05555555555556,38.798611111111114,57.486111111111114,57.59027777777778,57.125,26.07638888888889,46.28472222222222,50.0,24.993055555555557,15.9,0.8,10.650694444444445,13.2,1.1,5.017361111111111,0.5326388888888889,-0.03958333333333333,286.2131944444444,15.32638888888889,-225.85416666666666,43265.11111111111,6197656.0,-80.65277777777777,-2250230,63.138888888888886,69.71527777777777,62.71527777777778,37.77777777777778,35.0,25.020833333333332,37.638888888888886,23.243055555555557,17.055555555555557,-2.7,25.6,1.817361111111111,0.7270833333333333,80.34722222222223,37.263888888888886,36.888888888888886,36.69444444444444,36.083333333333336,258.2472222222222,0.8048611111111111,49.99930555555555,398.8569444444445,397.52152777777775,396.6041666666667,230.01388888888889,256.0625,236.30555555555554,2099.7,-88.7,33.40972222222222,0.40347222222222223,5.121527777777778,68.30416666666666,-93.76319444444444,497.8,-557.0,13.942361111111111,259.7875,2000.0,0.0,68.00625,-635.2354166666667,0.0,-1000.0,93.71041666666666,633.2048611111111,1000.0,0.0,96.44027777777778,40.1875,286.2631944444445,T01,1.4,12.9,5.704166666666667,0.4620833333333334,1.4,13.0,5.734027777777778,0.47458333333333336,13.0,16.0,14.29861111111111,1014.0,1018.0,1016.4097222222222,60.0,96.0,79.91666666666667,0.0,18.0,0.375,0.0,110.85416666666667,111.45833333333333,416.3611111111111,,0
2017-12-27 00:00:00+00:00,1850.5,0.0,1594.0902777777778,45.488194444444446,63.61805555555556,100.15277777777777,96.1875,94.61111111111111,35.4375,53.625,59.541666666666664,29.166666666666668,16.4,0.0,14.13263888888889,20.3,1.8,9.475000000000001,1.0388888888888888,0.21041666666666667,297.3805555555556,16.381944444444443,-102.64583333333333,220943.97916666666,31801149.0,-27.09027777777778,-4329580,71.68055555555556,86.34027777777777,67.88888888888889,41.34722222222222,40.34722222222222,25.708333333333332,42.208333333333336,32.21527777777778,17.26388888888889,-2.6,87.0,1.723611111111111,1.973611111111111,100.23611111111111,41.78472222222222,41.72222222222222,40.861111111111114,38.173611111111114,1325.0444444444445,0.9652777777777778,50.00069444444445,399.18333333333334,397.3125,400.1388888888889,1105.6944444444443,1134.9027777777778,1106.4027777777778,2103.6,-97.7,41.888888888888886,0.40347222222222223,9.655555555555557,147.08402777777778,-180.39166666666668,497.9,-319.8,6.7243055555555555,1321.6451388888888,2000.0,0.0,145.30416666666667,-779.3590277777778,0.0,-1000.0,71.60902777777778,683.5409722222222,1000.0,0.0,85.70138888888889,61.125,297.1694444444445,T01,2.3,22.1,10.100694444444445,1.4678472222222223,2.4,22.1,10.152777777777779,1.4879861111111112,12.0,17.0,15.277777777777779,1010.0,1015.0,1011.8333333333334,68.0,95.0,79.34722222222223,0.0,6.0,0.10416666666666667,0.0,198.92361111111111,200.07638888888889,411.75694444444446,,0
2017-12-28 00:00:00+00:00,1793.2,0.0,1530.079861111111,58.393055555555556,53.458333333333336,80.08333333333333,78.15972222222223,76.90972222222223,29.70138888888889,52.986111111111114,58.076388888888886,28.04861111111111,15.9,0.0,13.558333333333334,15.3,0.7000000000000001,7.905555555555556,0.7506944444444446,-0.38749999999999996,284.9,16.96527777777778,-101.69444444444444,156191.79861111112,22476975.0,-18.131944444444443,-3832981,67.09027777777777,78.46527777777777,66.38888888888889,40.270833333333336,38.97222222222222,26.444444444444443,41.28472222222222,28.805555555555557,17.97222222222222,-2.6,87.0,0.6145833333333334,1.3923611111111112,92.61111111111111,40.361111111111114,40.1875,39.604166666666664,37.986111111111114,936.5847222222224,0.9590277777777777,49.99791666666667,399.10347222222225,397.3923611111111,398.99861111111113,780.9305555555555,812.3402777777778,789.7083333333334,2102.5,-99.1,39.298611111111114,0.5173611111111112,8.019444444444444,153.16250000000002,-159.71249999999998,311.5,-230.9,6.485416666666667,934.7013888888889,2000.0,0.0,152.01458333333332,-877.3409722222223,0.0,-1000.0,47.985416666666666,834.6805555555555,1000.0,0.0,61.41805555555556,50.18055555555556,282.79097222222225,T01,2.0,13.9,8.146527777777777,0.7185416666666666,2.2,14.2,8.234027777777778,0.7263888888888889,14.0,17.0,15.868055555555555,1011.0,1016.0,1013.2569444444445,75.0,96.0,86.6875,0.0,2.0,0.041666666666666664,0.0,159.95138888888889,161.58333333333334,413.18055555555554,,0
2017-12-29 00:00:00+00:00,1697.7,29.9,1113.6819444444445,66.50486111111111,37.770833333333336,54.625,54.875,54.46527777777778,27.1875,45.826388888888886,49.125,26.444444444444443,15.0,0.3,9.87638888888889,9.4,0.8,4.592361111111111,0.4819444444444445,0.3138888888888889,315.4319444444444,17.055555555555557,-367.24305555555554,30030.027777777777,4271443.0,-76.47916666666667,-1528656,59.951388888888886,67.45833333333333,60.25694444444444,38.583333333333336,35.798611111111114,26.6875,38.19444444444444,24.291666666666668,18.90277777777778,-2.4,26.9,3.5659722222222223,1.3048611111111112,78.54166666666667,37.99305555555556,37.673611111111114,37.583333333333336,37.25694444444444,177.97916666666666,0.7722222222222223,50.00069444444445,399.25625,398.04375000000005,396.4270833333333,165.38888888888889,189.46527777777777,175.61111111111111,1126.5,-94.8,33.90972222222222,0.5861111111111111,4.710416666666666,46.31944444444444,-63.70347222222222,743.4,-739.9,31.72638888888889,180.89930555555554,1145.1,0.0,46.014583333333334,-540.5020833333333,0.0,-1000.0,93.42986111111111,540.5020833333333,1000.0,0.0,93.42986111111111,35.06944444444444,315.12152777777777,T01,1.0,9.7,5.180555555555555,0.2525,1.0,9.6,5.152777777777778,0.2559722222222222,14.0,18.0,16.006944444444443,1016.0,1020.0,1018.0486111111111,58.0,95.0,81.49305555555556,0.0,0.0,0.0,0.0,100.41666666666667,99.84722222222223,417.9791666666667,,0
2017-12-30 00:00:00+00:00,1511.2,0.0,417.59236111111113,34.485416666666666,30.71527777777778,39.986111111111114,40.104166666666664,39.72222222222222,27.67361111111111,39.1875,40.020833333333336,25.618055555555557,13.4,0.0,3.702777777777778,7.8,0.4,2.6756944444444444,0.30069444444444443,5.291666666666667,154.46666666666667,16.583333333333332,-596.3819444444445,5435.326388888889,696808.0,-250.85416666666666,-465997,62.44444444444444,67.05555555555556,59.979166666666664,33.0625,33.15277777777778,26.45138888888889,34.951388888888886,21.25,18.34722222222222,-2.4,26.5,17.319444444444443,0.5993055555555555,47.951388888888886,32.479166666666664,32.166666666666664,32.21527777777778,31.555555555555557,29.025694444444444,0.7972222222222222,50.0,399.7590277777778,399.2638888888889,395.72569444444446,51.53472222222222,57.645833333333336,56.486111111111114,576.8,-90.1,28.46527777777778,0.3055555555555556,2.678472222222222,9.235416666666667,-19.420833333333334,533.1,-973.1,40.925694444444446,33.609027777777776,586.8,0.0,8.073611111111111,-130.41805555555555,0.0,-1000.0,25.178472222222222,130.41805555555555,1000.0,0.0,25.178472222222222,29.15972222222222,131.6673611111111,T01,0.0,7.9,2.763888888888889,0.14020833333333335,0.0,7.8,2.7618055555555556,0.1320138888888889,13.0,20.0,15.791666666666666,1018.0,1021.0,1019.0694444444445,67.0,97.0,81.63888888888889,0.0,1.0,0.013888888888888888,0.0,51.99305555555556,51.888888888888886,419.0208333333333,,0
2017-12-31 00:00:00+00:00,1706.7,0.0,792.9763888888889,54.950694444444444,32.5625,45.645833333333336,45.65277777777778,45.11805555555556,26.756944444444443,41.458333333333336,43.576388888888886,24.416666666666668,15.1,0.0,7.024305555555555,10.4,0.4,4.1930555555555555,0.4388888888888889,14.226388888888888,237.6798611111111,16.1875,-348.6041666666667,33276.86111111111,4741671.0,-37.47222222222222,-1326240,62.13194444444444,67.60416666666667,60.38194444444444,34.708333333333336,33.916666666666664,26.01388888888889,35.06944444444444,22.083333333333332,18.42361111111111,-2.6,87.2,10.191666666666666,0.8187500000000001,56.076388888888886,34.451388888888886,34.3125,34.15972222222222,32.13194444444444,197.57638888888889,0.9166666666666666,50.0,399.8951388888889,398.6645833333333,396.00069444444443,169.11111111111111,192.34722222222223,184.26388888888889,1471.3,-99.5,29.48611111111111,0.48819444444444443,4.280555555555555,45.96875,-55.264583333333334,421.5,-705.9,15.979166666666666,200.42569444444445,1493.2,0.0,44.927083333333336,-469.7138888888889,0.0,-1000.0,22.419444444444444,469.7097222222222,1000.0,0.0,22.459722222222222,31.61111111111111,223.4715277777778,T01,0.0,9.9,4.536111111111111,0.25375,0.0,10.1,4.552777777777778,0.268125,12.0,18.0,15.38888888888889,1018.0,1026.0,1020.6527777777778,66.0,97.0,87.65277777777777,0.0,0.0,0.0,0.0,87.49305555555556,87.875,420.59027777777777,,0
2016-01-01 00:00:00+00:00,1677.6,0.0,1072.5680555555555,105.49722222222222,41.770833333333336,50.854166666666664,51.548611111111114,51.895833333333336,30.9375,45.65972222222222,49.541666666666664,29.03472222222222,14.9,0.0,9.445138888888888,17.4,0.4,4.688194444444445,0.8722222222222222,-1.7534722222222223,211.4090277777778,18.04861111111111,-356.5833333333333,40133.1875,5727832.0,-218.75694444444446,-2011827,47.6875,50.770833333333336,47.520833333333336,37.77777777777778,38.423611111111114,28.13888888888889,38.083333333333336,25.45138888888889,20.84722222222222,-3.1,61.0,4.648611111111111,1.8694444444444445,87.36111111111111,38.65277777777778,38.645833333333336,36.72222222222222,36.923611111111114,238.64305555555555,0.8479166666666668,50.0,398.9423611111111,397.4597222222222,396.5965277777778,214.00694444444446,233.41458333333333,219.5701388888889,1317.2,-52.5,36.541666666666664,0.9458333333333334,4.831250000000001,79.39027777777778,-83.82708333333333,1000.2,-766.1,18.3375,243.79166666666666,1329.7,0.0,80.51319444444444,-589.9472222222222,0.0,-1000.0,79.57222222222222,589.9472222222222,1000.0,0.0,79.57222222222222,35.354166666666664,213.1638888888889,T06,0.3,11.3,6.020138888888889,0.4857638888888889,0.4,10.9,6.063888888888889,0.508125,16.0,18.0,16.92361111111111,1015.0,1018.0,1016.4027777777778,75.0,96.0,87.22916666666667,0.0,0.0,0.0,0.0,117.28472222222223,118.15277777777777,416.31944444444446,,0
2016-01-02 00:00:00+00:00,1733.3,0.0,567.0513888888888,67.67708333333333,35.125,42.93055555555556,43.49305555555556,43.43055555555556,31.444444444444443,43.951388888888886,44.52777777777778,26.82638888888889,15.3,0.0,4.765972222222222,19.0,0.4,3.595138888888889,0.6888888888888889,13.223611111111111,196.56458333333333,16.40972222222222,-612.8819444444445,31445.70138888889,4439925.0,-270.5763888888889,-1122282,46.479166666666664,49.736111111111114,45.979166666666664,33.548611111111114,34.958333333333336,25.52777777777778,34.84027777777778,22.79861111111111,19.03472222222222,-3.2,89.7,16.790972222222223,1.4291666666666667,58.854166666666664,34.076388888888886,34.09722222222222,32.604166666666664,32.49305555555556,184.9986111111111,0.9270833333333334,50.0,397.8645833333333,396.8548611111111,394.3840277777778,165.0423611111111,173.93819444444443,167.10416666666666,2097.3,-50.0,31.70138888888889,0.6208333333333333,3.6729166666666666,51.03333333333333,-46.76111111111111,1000.1,-596.0,8.942361111111111,201.48194444444445,2000.0,0.0,57.30069444444444,-290.0027777777778,0.0,-1000.0,19.872916666666665,289.3020833333333,1000.0,0.0,21.695833333333333,30.84722222222222,233.3381944444444,T06,0.3,14.0,4.114583333333333,0.455625,0.3,14.2,4.113194444444444,0.453125,13.0,18.0,15.208333333333334,1015.0,1019.0,1016.3541666666666,69.0,97.0,87.74305555555556,0.0,21.0,0.375,0.0,79.06944444444444,79.0,416.34027777777777,,0
2016-01-03 00:00:00+00:00,1777.3,0.0,851.1798611111111,49.68263888888889,37.68055555555556,46.3125,48.166666666666664,49.19444444444444,30.979166666666668,42.09027777777778,44.791666666666664,26.07638888888889,15.7,0.0,7.311805555555556,25.7,0.4,5.324305555555556,0.9847222222222223,-1.3138888888888887,212.39305555555555,16.47222222222222,-376.4861111111111,92896.17361111111,13322835.0,-117.04861111111111,-2184997,53.31944444444444,56.81944444444444,52.84722222222222,34.65277777777778,36.06944444444444,25.743055555555557,34.451388888888886,24.680555555555557,18.53472222222222,-3.0,89.7,11.372222222222222,0.85625,62.708333333333336,35.65277777777778,35.673611111111114,34.645833333333336,32.104166666666664,555.1944444444445,0.9861111111111112,50.0,398.8201388888889,397.1361111111111,395.8958333333333,469.6208333333333,485.7916666666667,471.99652777777777,2108.1,-49.2,32.708333333333336,0.44999999999999996,5.396527777777778,134.41875,-91.03958333333334,744.6,-221.9,5.115277777777778,558.1243055555556,2000.0,0.0,133.9701388888889,-472.4555555555556,0.0,-1000.0,32.93472222222222,444.1638888888889,1000.0,0.0,52.53680555555556,33.951388888888886,236.21458333333334,T06,0.0,17.8,5.634722222222222,0.9665277777777779,0.0,18.0,5.652083333333334,0.9630555555555556,13.0,18.0,15.520833333333334,1012.0,1016.0,1013.9513888888889,81.0,98.0,94.20833333333333,0.0,2.0,0.09722222222222222,0.0,109.47222222222223,109.79861111111111,413.90972222222223,,0
2016-01-04 00:00:00+00:00,1784.3,1214.5,1599.90625,55.263888888888886,54.673611111111114,72.36111111111111,77.25694444444444,80.14583333333333,37.388888888888886,53.21527777777778,59.708333333333336,30.72222222222222,15.7,10.8,14.172916666666667,28.0,0.5,8.93611111111111,1.7854166666666669,0.35347222222222213,254.61111111111111,18.069444444444443,0.0,209448.93055555556,30160646.0,0.0,-4588691,71.84027777777777,76.17361111111111,73.38194444444444,41.06944444444444,42.31944444444444,27.631944444444443,41.375,32.86805555555556,20.020833333333332,-3.1,12.6,-1.2347222222222223,1.0923611111111111,111.59722222222223,43.06944444444444,43.104166666666664,41.041666666666664,38.8125,1256.8034722222224,0.9916666666666667,49.99791666666667,399.0861111111111,397.1076388888889,398.5534722222222,1063.045138888889,1082.4673611111111,1045.99375,2111.7,83.9,43.3125,0.4861111111111111,9.067361111111111,271.37916666666666,-191.19375000000002,-116.7,-222.4,5.247222222222223,1254.8354166666666,2000.0,82.8,269.7756944444444,-937.1791666666666,-405.8,-1000.0,85.56041666666667,854.8881944444444,1000.0,405.8,130.88888888888889,48.9375,254.26250000000002,T06,3.8,18.0,10.003472222222221,1.8233333333333333,3.8,18.3,10.027777777777779,1.8329166666666667,16.0,18.0,17.09027777777778,1004.0,1013.0,1008.8263888888889,75.0,98.0,88.53472222222223,0.0,7.0,0.11805555555555555,0.0,197.0625,197.65277777777777,408.77777777777777,,0
2016-01-05 00:00:00+00:00,1808.7,1220.6,1576.5756944444445,50.08888888888889,52.486111111111114,71.57638888888889,76.19444444444444,78.92361111111111,37.0,54.15277777777778,59.708333333333336,28.02777777777778,15.9,10.8,13.965972222222222,30.9,0.7000000000000001,9.038888888888888,1.68125,0.043750000000000004,300.87847222222223,14.333333333333334,0.0,198751.22916666666,28620177.0,0.0,-4295016,68.38194444444444,73.15972222222223,70.96527777777777,38.86805555555556,40.0,24.916666666666668,38.895833333333336,29.67361111111111,17.145833333333332,-3.1,18.6,-0.15833333333333335,1.1798611111111112,110.28472222222223,40.8125,40.84722222222222,38.791666666666664,36.21527777777778,1192.4770833333334,0.995138888888889,49.99930555555555,399.13472222222225,397.2652777777778,398.36875,1005.8694444444445,1026.1770833333333,993.7159722222223,2111.7,110.4,40.84722222222222,0.4375,9.175694444444444,167.6125,-178.9576388888889,-93.7,-229.0,5.076388888888889,1190.9506944444445,2000.0,108.9,166.91041666666666,-897.0993055555556,-533.5,-1000.0,52.83888888888889,825.7249999999999,1000.0,406.1,66.89513888888888,45.666666666666664,300.8381944444444,T06,4.7,23.8,10.00138888888889,1.4977777777777779,4.4,24.0,9.929861111111112,1.4986805555555556,10.0,18.0,13.36111111111111,1001.0,1013.0,1006.9166666666666,52.0,98.0,76.64583333333333,0.0,15.0,0.4236111111111111,0.0,197.03472222222223,195.58333333333334,406.88194444444446,,0
2016-01-06 00:00:00+00:00,1598.2,0.0,468.09097222222226,78.60763888888889,29.319444444444443,36.138888888888886,36.666666666666664,36.40277777777778,27.666666666666668,40.93055555555556,40.53472222222222,23.97222222222222,14.2,0.0,4.052777777777778,17.6,0.4,2.5374999999999996,0.5298611111111112,8.95972222222222,221.99305555555554,13.652777777777779,-664.3541666666666,6048.083333333333,775251.0,-293.1388888888889,-518943,39.486111111111114,42.701388888888886,39.0625,31.34722222222222,32.55555555555556,22.8125,30.72222222222222,19.333333333333332,15.625,-2.5,89.7,16.44027777777778,2.122916666666667,51.24305555555556,31.70138888888889,31.72222222222222,30.6875,28.743055555555557,32.28125,0.8451388888888889,50.00208333333333,398.53819444444446,397.32222222222225,395.1118055555555,44.28055555555555,51.486805555555556,47.552083333333336,860.8,-50.0,27.645833333333332,0.6965277777777777,2.589583333333333,16.35763888888889,-21.664583333333333,1000.7,-998.8,26.08263888888889,39.77847222222223,877.8,0.0,16.928472222222222,-137.09375,0.0,-1000.0,52.37361111111111,137.09375,1000.0,0.0,52.37361111111111,26.833333333333332,298.04583333333335,T06,0.0,9.9,3.2819444444444446,0.17618055555555556,0.0,9.9,3.2562499999999996,0.17722222222222223,9.0,16.0,12.902777777777779,1013.0,1017.0,1015.4166666666666,59.0,85.0,72.63194444444444,0.0,1.0,0.013888888888888888,0.0,62.333333333333336,61.833333333333336,415.375,,0
2016-01-07 00:00:00+00:00,1427.1,0.0,714.0291666666667,77.51944444444445,34.201388888888886,40.75694444444444,41.1875,41.291666666666664,29.756944444444443,41.576388888888886,43.833333333333336,26.79861111111111,12.6,0.0,6.179166666666666,11.3,0.4,3.1409722222222225,0.5826388888888889,-4.245833333333334,243.87916666666666,16.618055555555557,-579.25,6723.236111111111,884734.0,-308.4513888888889,-822638,41.90277777777778,44.77777777777778,41.291666666666664,34.166666666666664,35.104166666666664,25.479166666666668,34.645833333333336,22.82638888888889,18.708333333333332,-2.3,89.7,12.239583333333334,2.2194444444444446,68.3125,34.71527777777778,34.729166666666664,33.03472222222222,33.19444444444444,36.860416666666666,0.7791666666666667,50.0,398.3659722222222,397.1430555555555,394.89652777777775,50.236805555555556,60.56597222222222,52.30972222222223,483.7,-49.9,32.673611111111114,0.7111111111111111,3.2534722222222223,25.189583333333335,-34.28680555555556,999.9,-784.2,23.543750000000003,44.84722222222222,486.3,0.0,26.571527777777778,-186.9375,0.0,-1000.0,100.50972222222222,186.9375,1000.0,0.0,100.50972222222222,30.458333333333332,250.62916666666666,T06,0.7000000000000001,8.0,3.953472222222222,0.24493055555555557,0.6000000000000001,8.1,3.9694444444444446,0.24895833333333334,14.0,17.0,15.631944444444445,1013.0,1017.0,1014.8680555555555,67.0,84.0,76.625,0.0,0.0,0.0,0.0,75.8125,76.04861111111111,414.75694444444446,,0
2016-01-08 00:00:00+00:00,1687.7,0.0,849.1361111111112,61.43680555555555,35.916666666666664,44.6875,45.21527777777778,45.30555555555556,29.65277777777778,42.8125,45.40277777777778,26.881944444444443,15.0,0.0,7.468055555555556,18.1,0.4,4.383333333333334,0.7993055555555556,-13.743749999999999,191.22430555555556,16.444444444444443,-354.8263888888889,39983.416666666664,5706516.0,-147.08333333333334,-1637440,44.298611111111114,47.333333333333336,43.52777777777778,35.013888888888886,35.604166666666664,25.993055555555557,35.125,23.02777777777778,19.041666666666668,-3.3,89.7,9.648611111111112,0.7909722222222223,68.38194444444444,35.708333333333336,35.71527777777778,34.36805555555556,33.53472222222222,237.80069444444447,0.9284722222222221,49.99930555555555,398.4486111111111,397.00069444444443,395.51250000000005,205.9375,223.3673611111111,212.97916666666666,1701.2,-49.3,32.166666666666664,0.5409722222222223,4.4944444444444445,73.52291666666666,-68.22638888888889,1000.0,-183.6,7.209027777777777,242.78541666666666,1718.0,0.0,74.68263888888889,-494.8180555555556,0.0,-1000.0,37.3875,494.73125000000005,1000.0,0.0,37.730555555555554,31.71527777777778,204.95555555555555,T06,0.0,13.1,5.298611111111111,0.47215277777777775,0.2,13.3,5.290972222222222,0.5008333333333334,13.0,18.0,15.784722222222221,1005.0,1013.0,1008.8194444444445,70.0,93.0,82.94444444444444,0.0,0.0,0.0,0.0,102.71527777777777,102.5,408.7916666666667,,0
2016-01-09 00:00:00+00:00,1783.5,0.0,1328.4840277777778,85.62013888888889,44.31944444444444,55.513888888888886,56.97222222222222,57.986111111111114,29.59027777777778,49.354166666666664,53.77777777777778,28.07638888888889,15.7,0.0,11.760416666666666,22.9,0.4,6.093055555555555,1.1506944444444445,-1.3361111111111112,261.31458333333336,16.729166666666668,-164.03472222222223,87497.41666666667,12576006.0,-106.10416666666667,-2967810,58.75,62.041666666666664,58.09027777777778,38.895833333333336,39.28472222222222,26.243055555555557,39.083333333333336,26.118055555555557,18.756944444444443,-3.2,89.7,0.8256944444444445,1.5333333333333334,99.77777777777777,40.21527777777778,40.22222222222222,38.24305555555556,37.77777777777778,523.9340277777778,0.8979166666666667,50.00069444444445,398.49861111111113,396.73125000000005,396.32430555555555,450.95694444444445,474.05555555555554,453.0576388888889,2105.1,-48.4,38.826388888888886,0.7715277777777778,6.261805555555556,148.24444444444444,-123.65277777777777,1000.0,-218.2,14.806249999999999,527.0722222222222,2000.0,0.0,148.69097222222223,-778.4916666666667,0.0,-1000.0,84.05555555555556,768.6069444444444,1000.0,0.0,96.26805555555556,36.951388888888886,262.65625,T06,1.7000000000000002,17.0,7.059027777777778,0.9356944444444445,1.6,17.2,7.069444444444445,0.9353472222222222,14.0,18.0,15.680555555555555,1004.0,1012.0,1007.9236111111111,58.0,97.0,78.72222222222223,0.0,4.0,0.125,0.0,138.02083333333334,138.27777777777777,407.875,,0
2016-01-10 00:00:00+00:00,1787.0,100.1,1422.1319444444443,65.57638888888889,48.020833333333336,62.125,65.11805555555556,66.70138888888889,31.86111111111111,49.708333333333336,55.416666666666664,29.243055555555557,15.8,0.0,12.586111111111112,24.8,0.4,7.252777777777778,1.4444444444444444,-0.4833333333333333,236.1173611111111,17.27777777777778,-113.08333333333333,141195.59027777778,20315882.0,-84.18055555555556,-3663258,61.451388888888886,65.48611111111111,62.048611111111114,39.895833333333336,39.94444444444444,27.0625,39.479166666666664,28.46527777777778,19.756944444444443,-3.1,45.6,0.38611111111111107,1.2013888888888888,102.78472222222223,41.395833333333336,41.458333333333336,39.43055555555556,38.15972222222222,846.5993055555556,0.9333333333333333,50.0,398.73819444444445,396.44722222222225,396.7451388888889,717.8715277777778,745.5833333333334,717.786111111111,2109.4,-50.0,39.923611111111114,0.5819444444444444,7.423611111111111,198.72222222222223,-152.63472222222222,1000.1,-222.4,8.734722222222222,847.5798611111111,2000.0,0.0,198.5652777777778,-827.7493055555556,0.0,-1000.0,92.38194444444444,784.2645833333333,1000.0,0.0,121.53819444444444,41.09027777777778,236.59375,T06,2.6,19.0,8.306249999999999,1.6411805555555556,2.6,19.4,8.339583333333334,1.645,15.0,18.0,16.444444444444443,1009.0,1012.0,1010.0694444444445,53.0,87.0,72.65277777777777,0.0,1.0,0.006944444444444444,0.0,163.02083333333334,163.76388888888889,410.03472222222223,,0
2016-01-11 00:00:00+00:00,1815.9,0.0,1275.6597222222222,52.982638888888886,55.05555555555556,75.38194444444444,80.96527777777777,83.79861111111111,41.541666666666664,49.63194444444444,55.3125,30.29861111111111,15.8,0.0,11.235416666666667,34.8,0.4,8.257638888888888,1.6694444444444445,-0.4423611111111111,244.0861111111111,16.631944444444443,-312.25,194231.77083333334,27924408.0,-169.86111111111111,-3458448,64.47916666666667,69.79861111111111,69.08333333333333,40.763888888888886,41.27777777777778,27.09027777777778,39.736111111111114,32.18055555555556,19.79861111111111,-2.5,89.7,7.098611111111111,2.891666666666667,103.17361111111111,42.326388888888886,42.395833333333336,40.451388888888886,38.13194444444444,1163.4076388888889,0.9388888888888888,50.00208333333333,399.23055555555555,397.375,397.0986111111111,986.1638888888889,1005.9805555555556,976.8361111111111,2108.5,-50.3,41.451388888888886,0.49513888888888885,8.355555555555556,128.8736111111111,-144.08055555555555,1000.1,-999.9,19.44861111111111,1180.0881944444445,2000.0,0.0,128.425,-548.870138888889,0.0,-1000.0,117.3423611111111,432.66041666666666,1000.0,0.0,124.47847222222224,48.388888888888886,247.03055555555557,T06,1.5,21.8,9.188194444444443,2.2656944444444442,1.5,21.9,9.190277777777778,2.2780555555555555,12.0,18.0,15.666666666666666,1008.0,1015.0,1010.9444444444445,67.0,100.0,84.29166666666667,0.0,3.0,0.1111111111111111,0.0,180.75,180.75694444444446,410.90972222222223,,0
2016-01-12 00:00:00+00:00,1637.1,0.0,705.276388888889,68.0375,31.29861111111111,38.15972222222222,38.59722222222222,38.68055555555556,28.875,39.97222222222222,42.31944444444444,24.680555555555557,14.5,0.0,6.057638888888889,18.7,0.4,3.3875,0.8111111111111111,1.1333333333333335,201.14583333333334,13.881944444444445,-472.43055555555554,16589.395833333332,2320843.0,-202.15972222222223,-1052269,40.083333333333336,42.9375,39.611111111111114,33.076388888888886,34.00694444444444,23.493055555555557,32.479166666666664,20.17361111111111,16.61111111111111,-3.1,89.7,12.594444444444443,1.55,58.625,33.46527777777778,33.458333333333336,32.458333333333336,30.82638888888889,96.68055555555556,0.8944444444444445,50.00138888888889,398.34791666666666,397.0208333333333,395.0520833333333,92.76805555555556,104.91597222222222,98.84930555555555,1096.6,-51.0,29.3125,0.6791666666666667,3.6006944444444446,47.14930555555556,-43.83611111111111,1000.2,-689.8,15.759722222222223,103.37083333333334,1112.8,0.0,49.044444444444444,-329.1118055555555,0.0,-1000.0,92.17847222222223,329.1118055555555,1000.0,0.0,92.17847222222223,27.868055555555557,219.9923611111111,T06,0.5,11.4,4.728472222222222,0.3854861111111111,0.5,11.2,4.65,0.36944444444444446,9.0,16.0,12.847222222222221,1015.0,1018.0,1015.9097222222222,49.0,100.0,77.29166666666667,0.0,1.0,0.006944444444444444,0.0,91.35416666666667,89.79861111111111,415.88194444444446,,0
2016-01-13 00:00:00+00:00,1775.5,73.0,1346.915972222222,58.38263888888889,46.34027777777778,60.263888888888886,63.229166666666664,64.9375,30.631944444444443,49.74305555555556,54.78472222222222,27.28472222222222,15.7,0.0,11.927777777777777,23.6,0.4,7.023611111111111,1.15625,-0.4625000000000001,88.80347222222223,15.01388888888889,-155.97222222222223,137532.26388888888,19782187.0,-77.96527777777777,-3099625,59.19444444444444,62.86805555555556,59.84027777777778,37.65972222222222,37.951388888888886,24.63888888888889,37.13194444444444,27.104166666666668,17.22222222222222,-3.2,73.0,1.9930555555555556,1.1090277777777777,94.39583333333333,39.111111111111114,39.15277777777778,37.15277777777778,35.576388888888886,824.3368055555555,0.9229166666666667,49.99930555555555,398.7916666666667,397.0576388888889,397.31666666666666,701.7243055555556,720.7694444444445,698.5138888888889,2103.7,-47.2,37.88194444444444,0.5138888888888888,7.231249999999999,132.69305555555556,-129.12152777777777,878.4,-511.9,14.15486111111111,827.5486111111111,2000.0,0.0,133.93263888888887,-776.1840277777778,0.0,-1000.0,41.71875,734.8180555555556,1000.0,0.0,64.52430555555556,40.8125,89.25902777777777,T06,1.1,12.9,7.434027777777778,0.4403472222222222,1.1,13.3,7.48888888888889,0.44548611111111114,11.0,17.0,14.333333333333334,1014.0,1017.0,1015.7152777777778,51.0,82.0,67.42361111111111,0.0,0.0,0.0,0.0,145.67361111111111,146.70833333333334,415.6666666666667,,0
2016-01-14 00:00:00+00:00,1657.1,0.0,918.2208333333333,47.27361111111111,37.145833333333336,45.18055555555556,45.84722222222222,46.06944444444444,29.15277777777778,43.673611111111114,46.645833333333336,27.5,14.7,0.0,8.004166666666666,14.1,0.4,4.033333333333333,0.6145833333333334,-0.2805555555555557,183.20833333333334,16.041666666666668,-404.18055555555554,22356.194444444445,3161087.0,-234.90277777777777,-1350469,44.47222222222222,47.43055555555556,44.298611111111114,36.770833333333336,36.701388888888886,26.53472222222222,36.43055555555556,23.458333333333332,19.555555555555557,-2.9,89.7,7.709722222222222,1.151388888888889,81.35416666666667,37.423611111111114,37.43055555555556,35.604166666666664,35.88194444444444,131.68541666666667,0.7993055555555556,49.99861111111111,398.41041666666666,397.1298611111111,395.22222222222223,130.80069444444445,146.02222222222224,135.59791666666666,1155.2,-49.5,34.65972222222222,0.44027777777777777,4.165277777777778,35.391666666666666,-56.331944444444446,1000.2,-760.9,25.828472222222224,136.72708333333333,1177.3,0.0,36.32152777777778,-456.3298611111111,0.0,-1000.0,71.80277777777778,456.3298611111111,1000.0,0.0,71.80277777777778,31.27777777777778,185.98611111111111,T06,0.9,12.2,4.512499999999999,0.3504861111111111,1.1,12.2,4.518055555555556,0.3560416666666667,13.0,18.0,15.13888888888889,1012.0,1016.0,1014.0277777777778,67.0,97.0,81.75,0.0,0.0,0.0,0.0,87.02777777777777,87.07638888888889,413.94444444444446,,0
2016-01-15 00:00:00+00:00,1708.3,0.0,1025.9881944444444,61.55069444444444,38.9375,48.145833333333336,48.986111111111114,49.40972222222222,28.930555555555557,46.09027777777778,49.47222222222222,26.77777777777778,15.1,0.0,9.000694444444443,20.1,0.4,4.858333333333333,0.8097222222222222,-3.146527777777778,300.0715277777778,14.722222222222221,-292.09722222222223,48601.833333333336,6956600.0,-156.54166666666666,-1898689,46.611111111111114,49.638888888888886,46.09722222222222,37.09722222222222,36.833333333333336,25.041666666666668,36.611111111111114,23.3125,17.84722222222222,-3.1,89.7,6.146527777777778,1.0034722222222223,85.15277777777777,37.916666666666664,37.9375,36.03472222222222,36.013888888888886,289.8826388888889,0.8937499999999999,50.0,398.2416666666667,396.7583333333333,395.5520833333333,254.01319444444445,272.475,259.9659722222222,2099.3,-49.4,34.84027777777778,0.5729166666666666,5.004861111111111,75.27777777777777,-79.06944444444444,891.1,-692.2,16.43125,293.5805555555555,2000.0,0.0,75.90972222222223,-606.2076388888888,0.0,-1000.0,42.579166666666666,604.4465277777778,1000.0,0.0,45.12569444444445,32.604166666666664,303.21527777777777,T06,1.2,12.6,5.522916666666666,0.3715972222222222,1.2,12.1,5.480555555555556,0.3699305555555556,11.0,16.0,13.854166666666666,1012.0,1019.0,1015.3472222222222,71.0,98.0,84.125,0.0,2.0,0.020833333333333332,0.0,107.36111111111111,106.48611111111111,415.2986111111111,,0
2016-01-16 00:00:00+00:00,1693.8,0.0,1000.6701388888889,88.30277777777778,36.479166666666664,47.05555555555556,47.736111111111114,48.291666666666664,26.916666666666668,45.30555555555556,48.53472222222222,24.73611111111111,15.0,0.0,8.793055555555556,18.3,0.4,5.025,0.9041666666666668,1.1201388888888888,92.53472222222223,13.208333333333334,-346.2708333333333,60965.15277777778,8729120.0,-164.34722222222223,-1908998,45.8125,48.81944444444444,45.0625,34.81944444444444,35.0,23.15972222222222,33.833333333333336,21.194444444444443,16.041666666666668,-3.1,86.1,9.091666666666667,1.6097222222222223,72.86805555555556,35.826388888888886,35.84027777777778,34.423611111111114,33.013888888888886,363.77986111111113,0.8708333333333333,50.00069444444445,397.93402777777777,396.4555555555555,395.5111111111111,324.60069444444446,339.1333333333333,329.5534722222222,2064.6,-49.2,31.875,0.8069444444444445,5.159027777777777,84.13055555555555,-79.58125000000001,1000.2,-999.8,34.58402777777778,371.3284722222222,2000.0,0.0,86.63402777777777,-518.5194444444445,0.0,-1000.0,30.099999999999998,514.7888888888889,1000.0,0.0,35.02361111111111,31.77777777777778,86.41597222222222,T06,0.0,11.7,5.484027777777778,0.36895833333333333,0.0,12.0,5.49375,0.37375,9.0,17.0,12.590277777777779,1018.0,1021.0,1019.0,38.0,88.0,61.798611111111114,0.0,1.0,0.006944444444444444,0.0,106.56944444444444,106.74305555555556,418.9791666666667,,0
2016-01-17 00:00:00+00:00,1784.9,0.0,1464.19375,49.15069444444444,48.18055555555556,63.53472222222222,67.44444444444444,69.68055555555556,30.104166666666668,54.333333333333336,58.81944444444444,26.381944444444443,15.8,0.0,12.950694444444444,24.6,0.4,7.708333333333333,1.2819444444444443,-0.04722222222222215,88.16666666666667,13.583333333333334,-88.84027777777777,164371.76388888888,23656739.0,-56.65277777777778,-3776499,66.40277777777777,70.56944444444444,67.43055555555556,36.11805555555556,38.236111111111114,23.78472222222222,37.15277777777778,27.40972222222222,16.395833333333332,-3.2,89.7,0.3604166666666666,0.9520833333333333,103.45833333333333,37.951388888888886,37.96527777777778,35.958333333333336,33.5625,985.623611111111,0.963888888888889,50.00416666666667,398.82222222222225,397.08194444444445,397.3958333333333,832.7993055555556,855.0847222222222,829.3354166666667,2105.8,-32.3,38.326388888888886,0.4354166666666667,7.94861111111111,150.78541666666666,-157.34583333333333,347.8,-511.8,9.116666666666667,986.1972222222222,2000.0,0.0,150.90555555555557,-861.8923611111111,0.0,-1000.0,53.81041666666667,809.7291666666666,1000.0,0.0,75.72916666666667,42.375,88.21388888888889,T06,1.1,14.5,8.321527777777778,0.5744444444444444,1.1,14.8,8.368055555555555,0.5779861111111111,12.0,15.0,12.73611111111111,1015.0,1019.0,1017.0972222222222,59.0,72.0,63.65972222222222,0.0,0.0,0.0,0.0,163.34722222222223,164.20833333333334,417.0625,,0
2016-01-18 00:00:00+00:00,1653.9,0.0,496.27847222222226,73.88194444444444,30.65972222222222,38.458333333333336,38.74305555555556,38.826388888888886,28.11111111111111,40.625,41.548611111111114,24.6875,14.6,0.0,4.25,16.5,0.4,3.0347222222222223,0.5444444444444445,-11.691666666666666,270.6381944444445,13.708333333333334,-631.1944444444445,7001.930555555556,917385.0,-258.11805555555554,-428034,39.333333333333336,42.173611111111114,38.77777777777778,32.291666666666664,33.458333333333336,22.868055555555557,31.833333333333332,19.375,16.375,-2.9,89.7,17.248611111111114,1.8138888888888889,50.86805555555556,32.59027777777778,32.611111111111114,31.46527777777778,30.541666666666668,38.21527777777778,0.86875,49.99930555555555,398.38472222222225,397.5986111111111,395.1611111111111,49.389583333333334,54.80277777777778,53.57222222222222,968.8,-49.2,27.92361111111111,0.7013888888888888,3.095833333333333,17.85,-17.802083333333332,999.9,-877.1,29.15277777777778,47.166666666666664,972.7,0.0,19.640277777777776,-140.39375,0.0,-1000.0,44.37361111111111,140.39375,1000.0,0.0,44.37361111111111,29.055555555555557,272.34027777777777,T06,0.5,9.1,3.6284722222222223,0.15215277777777778,0.4,9.0,3.595138888888889,0.15048611111111113,10.0,17.0,12.930555555555555,1013.0,1017.0,1014.7083333333334,38.0,89.0,65.52083333333333,0.0,0.0,0.0,0.0,69.32638888888889,68.53472222222223,414.65277777777777,,0
2016-01-19 00:00:00+00:00,1389.5,0.0,250.8673611111111,50.03125,25.90972222222222,31.61111111111111,31.930555555555557,31.618055555555557,28.520833333333332,35.84722222222222,35.479166666666664,23.743055555555557,12.3,0.0,2.125,11.2,0.4,2.2256944444444446,0.42986111111111114,21.842361111111114,218.7201388888889,14.166666666666666,-704.9513888888889,1043.451388888889,48745.0,-240.41666666666666,-108088,37.833333333333336,40.6875,36.88194444444444,30.3125,31.59722222222222,23.63888888888889,30.006944444444443,18.84027777777778,16.458333333333332,-2.3,86.1,23.118055555555557,1.4,35.423611111111114,30.444444444444443,30.45138888888889,29.84027777777778,27.65277777777778,2.0319444444444446,0.9097222222222222,49.99652777777778,398.3263888888889,397.8569444444445,395.45208333333335,14.476388888888888,15.654166666666665,16.481944444444444,324.7,-50.0,25.180555555555557,0.44583333333333336,2.2493055555555554,6.766666666666667,-4.49375,908.5,-807.4,16.11111111111111,12.081944444444444,326.0,0.0,9.169444444444444,-29.578472222222224,0.0,-1000.0,18.578472222222224,29.578472222222224,1000.0,0.0,18.578472222222224,25.791666666666668,299.3256944444445,T06,0.0,6.7,2.567361111111111,0.12034722222222223,0.0,6.7,2.5430555555555556,0.11881944444444444,11.0,16.0,13.430555555555555,1011.0,1014.0,1012.0486111111111,47.0,97.0,68.86111111111111,0.0,0.0,0.0,0.0,47.93055555555556,47.486111111111114,412.0,,0
2016-01-20 00:00:00+00:00,1723.2,0.0,644.6569444444444,115.6277777777778,34.229166666666664,40.298611111111114,40.69444444444444,40.763888888888886,29.71527777777778,41.40972222222222,43.63194444444444,26.02777777777778,15.2,0.0,5.579861111111111,19.2,0.4,3.551388888888889,0.6798611111111111,-1.0604166666666666,229.03125,15.895833333333334,-632.0347222222222,20145.95138888889,2810004.0,-311.36805555555554,-710619,43.388888888888886,46.111111111111114,42.40972222222222,34.479166666666664,34.68055555555556,24.98611111111111,33.78472222222222,21.916666666666668,18.0625,-3.0,89.7,14.787500000000001,3.0055555555555555,58.59722222222222,35.020833333333336,35.03472222222222,33.49305555555556,33.423611111111114,117.125,0.83125,49.99722222222223,398.1409722222222,397.2895833333333,395.24375,118.79583333333332,124.32916666666668,121.03125,2100.7,-49.6,30.756944444444443,1.0722222222222222,3.6104166666666666,43.575694444444444,-29.600694444444443,1000.3,-752.3,33.52916666666667,129.18263888888887,2000.0,0.0,46.96319444444444,-201.94444444444446,0.0,-1000.0,48.52152777777778,200.3111111111111,1000.0,0.0,51.58819444444444,30.25,245.10625000000002,T06,0.5,14.2,4.197916666666667,0.2984027777777778,0.5,14.5,4.178472222222222,0.30791666666666667,11.0,17.0,14.993055555555555,1008.0,1014.0,1010.7152777777778,60.0,97.0,83.56944444444444,0.0,27.0,0.3958333333333333,0.0,80.60416666666667,80.27083333333333,410.6736111111111,,0
2016-01-21 00:00:00+00:00,1413.4,0.0,174.14166666666668,22.95486111111111,25.819444444444443,31.63888888888889,31.805555555555557,31.57638888888889,29.555555555555557,34.486111111111114,33.84722222222222,24.208333333333332,12.5,0.0,1.2756944444444445,10.1,0.4,2.129861111111111,0.3631944444444445,-6.176388888888889,156.6534722222222,16.11111111111111,-701.3263888888889,914.6111111111111,30714.0,-216.83333333333334,-104525,38.93055555555556,41.763888888888886,38.0,30.40972222222222,31.868055555555557,25.270833333333332,30.666666666666668,20.11111111111111,18.229166666666668,-2.3,89.7,22.78125,0.49444444444444435,31.708333333333332,30.47222222222222,30.47222222222222,29.78472222222222,28.29861111111111,1.2861111111111114,0.963888888888889,49.99722222222223,397.68541666666664,397.44097222222223,394.2895833333333,9.584722222222222,11.261111111111113,11.879166666666666,280.4,-34.1,25.854166666666668,0.2381944444444445,2.142361111111111,5.28125,-4.331944444444445,1000.0,-580.8,7.199305555555556,8.824305555555556,284.2,0.0,5.476388888888889,-26.87222222222222,0.0,-1000.0,12.402777777777779,26.87222222222222,1000.0,0.0,12.402777777777779,26.208333333333332,162.83125,T06,0.0,6.5,1.9743055555555555,0.07729166666666668,0.0,6.6,1.9618055555555556,0.08229166666666667,13.0,17.0,15.54861111111111,1013.0,1018.0,1015.1736111111111,83.0,98.0,91.70833333333333,0.0,0.0,0.0,0.0,36.06944444444444,35.8125,415.125,,0
2016-01-22 00:00:00+00:00,1685.2,0.0,594.5715277777778,45.74444444444444,31.40972222222222,36.791666666666664,37.236111111111114,37.22222222222222,30.395833333333332,36.78472222222222,38.923611111111114,26.23611111111111,14.9,0.0,4.975694444444445,15.0,0.4,3.553472222222222,0.5555555555555556,-1.701388888888889,82.27708333333334,17.20138888888889,-514.6597222222222,24371.284722222223,3435355.0,-212.20833333333334,-814730,43.36805555555556,46.15972222222222,42.270833333333336,33.236111111111114,34.47222222222222,26.95138888888889,33.25694444444444,22.73611111111111,20.02777777777778,-3.1,89.7,15.3125,0.9458333333333333,49.354166666666664,33.6875,33.69444444444444,32.69444444444444,31.708333333333332,143.1763888888889,0.90625,50.00069444444445,398.2993055555555,397.4347222222222,395.36319444444445,132.8152777777778,140.92916666666667,137.48263888888889,1677.1,-50.0,29.791666666666668,0.4722222222222222,3.617361111111111,28.91597222222222,-33.94652777777778,1000.0,-893.4,20.209027777777777,150.30347222222224,1697.3,0.0,31.399305555555557,-270.1090277777778,0.0,-1000.0,22.35486111111111,269.50208333333336,1000.0,0.0,23.15,29.180555555555557,78.98124999999999,T06,0.0,10.5,3.579861111111111,0.16868055555555556,0.0,10.5,3.599305555555555,0.1711111111111111,14.0,25.0,16.541666666666668,1018.0,1022.0,1019.9722222222222,62.0,100.0,80.44444444444444,0.0,1.0,0.013888888888888888,0.0,68.29166666666667,68.63194444444444,419.9166666666667,,0
2016-01-23 00:00:00+00:00,1745.0,0.0,1498.3152777777777,54.29027777777778,49.40277777777778,62.541666666666664,65.3125,67.17361111111111,29.555555555555557,51.270833333333336,56.791666666666664,28.881944444444443,15.4,0.0,13.269444444444444,21.0,0.5,7.538194444444445,1.2166666666666668,-0.5416666666666666,103.20694444444445,16.805555555555557,-37.638888888888886,146784.92361111112,21131609.0,-24.34027777777778,-3820966,67.20833333333333,70.54166666666667,66.84722222222223,39.99305555555556,40.44444444444444,26.708333333333332,40.0,29.0625,18.97222222222222,-3.2,89.7,-1.2166666666666668,0.8118055555555554,106.31944444444444,41.583333333333336,41.638888888888886,39.59027777777778,38.25694444444444,880.4409722222222,0.9541666666666667,50.0,398.41319444444446,396.73125000000005,397.6847222222222,752.1451388888888,767.5,739.8868055555555,2101.8,-50.3,40.90277777777778,0.4819444444444445,7.703472222222222,155.89097222222222,-159.20833333333334,727.9,-221.7,6.259722222222222,880.8604166666667,2000.0,0.0,155.98680555555555,-931.0027777777777,0.0,-1000.0,44.49791666666667,894.8847222222222,1000.0,0.0,71.70833333333333,42.479166666666664,103.75,T06,2.1,14.0,8.011111111111111,0.78625,2.0,14.1,8.08125,0.7918055555555555,14.0,18.0,15.916666666666666,1020.0,1024.0,1022.0416666666666,64.0,89.0,76.95833333333333,0.0,0.0,0.0,0.0,157.08333333333334,158.50694444444446,421.99305555555554,,0
2016-01-24 00:00:00+00:00,1686.5,167.7,1356.173611111111,47.51875,44.763888888888886,54.53472222222222,55.74305555555556,56.513888888888886,29.131944444444443,48.458333333333336,53.15277777777778,28.70138888888889,15.0,1.5,12.010416666666666,17.9,0.6000000000000001,5.917361111111111,0.8895833333333333,-0.35277777777777775,107.23402777777778,16.73611111111111,-23.84722222222222,69525.28472222222,10008207.0,-16.819444444444443,-2982087,52.22222222222222,55.36805555555556,52.083333333333336,39.21527777777778,39.34027777777778,26.854166666666668,39.111111111111114,26.208333333333332,19.38888888888889,-3.1,43.9,-1.2638888888888888,0.44375,102.3125,40.270833333333336,40.270833333333336,38.34027777777778,38.11805555555556,417.01874999999995,0.8972222222222221,50.0,398.51874999999995,396.4743055555556,397.23541666666665,366.1986111111111,385.14166666666665,359.0576388888889,1604.9,-49.4,38.638888888888886,0.41805555555555557,6.075694444444444,78.65416666666667,-124.24374999999999,645.5,-187.0,6.564583333333333,417.5180555555555,1618.3,0.0,79.10555555555555,-893.3729166666667,0.0,-1000.0,51.50694444444444,893.3027777777778,1000.0,0.0,51.80138888888889,36.03472222222222,107.57708333333333,T06,1.7000000000000002,11.6,6.204861111111111,0.7141666666666667,1.7000000000000002,12.3,6.258333333333334,0.7229861111111111,14.0,19.0,15.9375,1021.0,1024.0,1022.3611111111111,61.0,78.0,70.91666666666667,0.0,0.0,0.0,0.0,120.97222222222223,122.06944444444444,422.30555555555554,,0
2016-01-25 00:00:00+00:00,1682.9,0.0,1123.638888888889,62.514583333333334,40.326388888888886,49.96527777777778,50.84027777777778,51.354166666666664,28.416666666666668,47.013888888888886,50.791666666666664,27.104166666666668,14.9,0.0,9.90625,14.8,0.4,5.25,0.775,1.0965277777777775,106.42847222222223,16.27777777777778,-267.4583333333333,56223.520833333336,8057674.0,-143.13888888888889,-2127365,50.06944444444444,53.125,49.701388888888886,37.97222222222222,37.416666666666664,25.9375,37.3125,24.430555555555557,18.65277777777778,-3.1,89.7,4.022222222222222,1.0652777777777778,91.50694444444444,38.791666666666664,38.80555555555556,36.923611111111114,36.791666666666664,335.73541666666665,0.9069444444444444,50.00138888888889,398.12569444444443,396.6388888888889,396.3298611111111,295.6694444444445,311.07222222222225,292.17291666666665,1644.8,-48.4,36.15972222222222,0.5666666666666668,5.378472222222222,64.16041666666666,-88.63749999999999,830.7,-796.0,14.479861111111111,340.34444444444443,1660.9,0.0,65.24236111111111,-714.3180555555556,0.0,-1000.0,46.56388888888889,714.0013888888889,1000.0,0.0,47.03333333333333,32.46527777777778,105.33472222222223,T06,0.0,11.4,5.322222222222222,0.500625,0.0,11.6,5.3694444444444445,0.5049305555555557,14.0,18.0,15.409722222222221,1021.0,1024.0,1022.0347222222222,66.0,87.0,77.125,0.0,0.0,0.0,0.0,103.11111111111111,104.25694444444444,422.00694444444446,,0
2016-01-26 00:00:00+00:00,1464.2,0.0,399.7611111111111,41.44722222222222,29.15972222222222,35.986111111111114,36.36805555555556,36.22222222222222,29.28472222222222,37.583333333333336,38.09027777777778,24.63888888888889,12.9,0.0,3.2895833333333333,16.0,0.4,2.3465277777777778,0.45694444444444443,9.29861111111111,202.6375,14.54861111111111,-603.5555555555555,4746.805555555556,596628.0,-203.25,-431685,39.03472222222222,42.0625,38.298611111111114,32.00694444444444,33.173611111111114,24.854166666666668,31.506944444444443,20.229166666666668,17.61111111111111,-3.0,89.7,17.720138888888886,1.2694444444444444,47.083333333333336,32.270833333333336,32.28472222222222,31.48611111111111,30.09027777777778,24.86111111111111,0.9069444444444444,50.00347222222222,398.2631944444445,397.3277777777778,395.1145833333333,35.00763888888889,41.17916666666667,38.328472222222224,490.2,-50.1,27.65277777777778,0.36875,2.408333333333333,14.009722222222223,-17.945833333333333,1001.3,-552.1,19.47222222222222,30.404861111111114,519.2,0.0,12.68888888888889,-134.2298611111111,0.0,-1000.0,49.75763888888889,134.2298611111111,1000.0,0.0,49.75763888888889,27.291666666666668,268.34305555555557,T06,0.0,6.7,2.634027777777778,0.12020833333333332,0.0,6.6,2.6131944444444444,0.11875000000000001,11.0,16.0,13.583333333333334,1022.0,1025.0,1023.3541666666666,62.0,96.0,82.86805555555556,0.0,1.0,0.020833333333333332,0.0,49.166666666666664,48.916666666666664,423.25,,0
2016-01-27 00:00:00+00:00,1403.2,0.0,154.43263888888887,40.14652777777778,22.5625,26.63888888888889,26.791666666666668,26.493055555555557,28.145833333333332,32.86805555555556,32.09722222222222,23.069444444444443,12.4,0.0,0.9256944444444445,10.8,0.4,2.0687499999999996,0.38958333333333334,34.22638888888889,163.5548611111111,13.5625,-685.7083333333334,111.84027777777777,-82637.0,-191.875,-16787,36.86805555555556,39.861111111111114,36.013888888888886,29.666666666666668,31.71527777777778,24.0625,29.02777777777778,17.916666666666668,17.25,-2.3,89.7,23.377083333333335,0.8923611111111112,26.506944444444443,29.71527777777778,29.71527777777778,29.34027777777778,26.29861111111111,-3.439583333333333,0.9618055555555556,50.00069444444445,398.3611111111111,397.77986111111113,394.9138888888889,5.711111111111111,6.176388888888889,7.383333333333334,233.7,-41.3,23.868055555555557,0.4263888888888889,2.0756944444444443,3.945138888888889,-0.6881944444444444,1000.0,-663.0,7.817361111111111,3.9680555555555554,245.7,0.0,4.668055555555556,-3.45,0.0,-1000.0,5.629166666666666,3.45,1000.0,0.0,5.629166666666666,23.04861111111111,176.82777777777778,T06,0.0,5.2,1.9486111111111113,0.09854166666666667,0.0,5.5,1.9562499999999998,0.10041666666666667,10.0,17.0,13.07638888888889,1020.0,1023.0,1021.375,48.0,96.0,77.49305555555556,0.0,1.0,0.020833333333333332,0.0,35.55555555555556,35.77777777777778,421.3333333333333,,0
2016-01-28 00:00:00+00:00,1414.6,0.0,325.26666666666665,67.37083333333334,29.48611111111111,35.895833333333336,35.97222222222222,36.0,27.756944444444443,34.166666666666664,35.72222222222222,23.479166666666668,12.5,0.0,2.538888888888889,9.4,0.4,2.4652777777777777,0.47708333333333336,-1.5756944444444445,73.46944444444445,13.958333333333334,-670.3125,1404.388888888889,105707.0,-210.35416666666666,-179214,37.68055555555556,40.34722222222222,36.625,30.875,32.326388888888886,23.291666666666668,29.854166666666668,18.791666666666668,16.5625,-2.3,89.7,20.691666666666666,1.5229166666666667,36.90972222222222,31.07638888888889,31.07638888888889,30.15277777777778,28.61111111111111,4.4006944444444445,0.8972222222222221,50.00069444444445,398.19930555555555,397.5965277777778,395.12430555555557,23.117361111111112,25.063888888888886,25.513194444444444,276.2,-49.3,25.395833333333332,0.70625,2.5069444444444446,7.200694444444445,-7.450694444444445,999.8,-946.8,29.534027777777776,12.197916666666666,279.3,0.0,7.637499999999999,-41.40763888888889,0.0,-1000.0,22.248611111111114,41.40763888888889,1000.0,0.0,22.248611111111114,28.09722222222222,67.52430555555556,T06,0.0,6.8,3.1312499999999996,0.14395833333333333,0.0,6.7,3.098611111111111,0.14340277777777777,11.0,16.0,13.152777777777779,1020.0,1023.0,1021.3333333333334,66.0,90.0,78.93055555555556,0.0,0.0,0.0,0.0,59.263888888888886,58.666666666666664,421.30555555555554,,0
2016-01-29 00:00:00+00:00,1419.7,0.0,402.4319444444444,88.47847222222222,31.34027777777778,35.979166666666664,36.270833333333336,36.05555555555556,28.354166666666668,38.06944444444444,38.99305555555556,24.40277777777778,12.5,0.0,3.3194444444444446,11.3,0.4,2.4479166666666665,0.5458333333333334,12.307638888888889,179.65625,14.159722222222221,-686.1111111111111,2686.0833333333335,287997.0,-287.25694444444446,-312536,38.47222222222222,41.15277777777778,37.44444444444444,32.083333333333336,33.15972222222222,23.5625,31.15972222222222,19.51388888888889,16.395833333333332,-2.3,89.7,18.614583333333332,2.5548611111111112,46.5625,32.361111111111114,32.361111111111114,31.3125,30.09722222222222,12.0,0.8472222222222222,50.0,398.4923611111111,397.64166666666665,395.8041666666667,31.11527777777778,34.16736111111111,33.170138888888886,386.4,-52.2,27.04861111111111,0.8194444444444444,2.5298611111111113,12.765972222222222,-13.060416666666667,961.0,-868.9,33.26111111111111,20.353472222222223,391.0,0.0,13.511111111111111,-78.15277777777777,0.0,-1000.0,47.363194444444446,78.15277777777777,1000.0,0.0,47.363194444444446,27.61111111111111,114.85000000000001,T06,0.0,7.6,3.3319444444444444,0.15104166666666666,0.0,7.5,3.276388888888889,0.14722222222222223,10.0,18.0,13.29861111111111,1020.0,1023.0,1021.7569444444445,50.0,87.0,72.90972222222223,0.0,0.0,0.0,0.0,63.298611111111114,62.22222222222222,421.6875,,0
2016-01-30 00:00:00+00:00,1431.8,0.0,232.26388888888889,56.33680555555556,25.333333333333332,29.34027777777778,29.5,29.23611111111111,28.75,34.71527777777778,34.673611111111114,24.23611111111111,12.7,0.0,1.6791666666666667,10.7,0.4,2.3354166666666667,0.5041666666666668,1.3097222222222222,164.65069444444444,14.097222222222221,-650.3194444444445,1572.236111111111,132757.0,-209.31944444444446,-103802,37.826388888888886,40.638888888888886,36.80555555555556,30.40277777777778,31.944444444444443,22.895833333333332,30.194444444444443,18.90972222222222,16.645833333333332,-2.3,89.7,22.563888888888886,1.3958333333333333,32.4375,30.479166666666668,30.479166666666668,29.875,27.604166666666668,5.529166666666667,0.9340277777777778,50.0,398.0104166666667,397.39166666666665,394.76250000000005,14.910416666666666,16.773611111111112,17.564583333333335,406.7,-49.3,25.26388888888889,0.5763888888888888,2.382638888888889,5.922916666666667,-4.3375,1000.3,-529.3,11.955555555555556,14.163888888888888,409.9,0.0,7.980555555555556,-37.354166666666664,0.0,-1000.0,12.35763888888889,37.354166666666664,1000.0,0.0,12.35763888888889,24.791666666666668,155.8451388888889,T06,0.0,7.4,2.714583333333333,0.14395833333333333,0.0,7.2,2.6847222222222222,0.1425,8.0,18.0,13.20138888888889,1023.0,1028.0,1025.5,54.0,87.0,69.02777777777777,0.0,0.0,0.0,0.0,50.99305555555556,50.395833333333336,425.4513888888889,,0
2016-01-31 00:00:00+00:00,1653.8,0.0,628.3833333333333,136.64097222222222,35.201388888888886,42.458333333333336,42.75,42.80555555555556,29.22222222222222,40.13194444444444,42.38194444444444,25.256944444444443,14.7,0.0,5.401388888888889,17.3,0.4,3.0145833333333334,0.7145833333333333,0.682638888888889,247.9944444444444,14.73611111111111,-621.5347222222222,7826.729166666667,1037553.0,-252.09722222222223,-599419,39.875,42.4375,38.81944444444444,33.375,34.333333333333336,23.3125,32.8125,20.618055555555557,16.51388888888889,-2.5,89.7,14.199305555555556,3.752083333333333,58.729166666666664,33.80555555555556,33.826388888888886,32.43055555555556,32.13194444444444,43.21875,0.8361111111111111,50.00069444444445,398.4319444444444,397.16875000000005,394.8840277777778,57.68819444444445,64.20833333333333,60.018055555555556,882.2,-50.3,29.20138888888889,1.2618055555555554,3.120833333333333,32.24027777777778,-24.987499999999997,1000.3,-809.3,38.28819444444444,53.36805555555556,905.4,0.0,33.65625,-182.1576388888889,0.0,-1000.0,95.02152777777778,182.1576388888889,1000.0,0.0,95.02152777777778,31.38888888888889,269.80902777777777,T06,0.6000000000000001,10.4,4.088888888888889,0.26083333333333336,0.6000000000000001,10.3,4.022222222222222,0.25319444444444444,10.0,18.0,13.875,1023.0,1028.0,1025.4027777777778,43.0,85.0,67.09722222222223,0.0,0.0,0.0,0.0,78.53472222222223,77.1875,425.3263888888889,,0
2016-02-01 00:00:00+00:00,1457.2,0.0,390.12916666666666,68.59861111111111,31.82638888888889,39.048611111111114,39.333333333333336,39.229166666666664,31.104166666666668,38.145833333333336,39.11805555555556,26.63888888888889,12.9,0.0,3.1125,8.6,0.4,2.59375,0.4402777777777778,12.036111111111111,108.82430555555555,17.131944444444443,-667.6736111111111,3463.1944444444443,402558.0,-253.50694444444446,-276512,40.94444444444444,43.75,39.979166666666664,32.8125,33.8125,26.07638888888889,32.625,22.145833333333332,19.618055555555557,-2.3,89.7,18.930555555555557,1.9791666666666667,43.25694444444444,33.048611111111114,33.0625,31.86111111111111,31.3125,16.764583333333334,0.8791666666666668,50.0,398.06458333333336,397.30069444444445,394.86527777777775,31.845833333333335,35.97291666666667,35.172222222222224,443.7,-49.7,28.631944444444443,0.6361111111111111,2.6243055555555554,10.488888888888889,-11.563194444444443,1000.2,-760.9,27.53125,25.424999999999997,449.4,0.0,11.772222222222222,-93.80763888888889,0.0,-1000.0,33.30277777777778,93.80763888888889,1000.0,0.0,33.30277777777778,30.5625,121.76249999999999,T06,0.4,7.6,2.836111111111111,0.14222222222222222,0.4,7.5,2.8159722222222223,0.14666666666666667,12.0,23.0,16.72222222222222,1020.0,1024.0,1022.0972222222222,34.0,85.0,58.916666666666664,0.0,0.0,0.0,0.0,53.298611111111114,52.90972222222222,422.02777777777777,,0
2016-02-02 00:00:00+00:00,1525.2,0.0,784.2805555555556,64.12986111111111,37.020833333333336,44.520833333333336,45.076388888888886,45.25,29.666666666666668,41.923611111111114,44.84027777777778,27.333333333333332,13.5,0.0,6.792361111111111,10.3,0.4,3.4749999999999996,0.5541666666666667,3.529861111111111,162.35416666666666,16.868055555555557,-555.4375,11415.666666666666,1563871.0,-321.0833333333333,-840289,43.701388888888886,46.625,43.19444444444444,36.201388888888886,36.06944444444444,27.40972222222222,35.736111111111114,23.27777777777778,20.229166666666668,-3.0,68.0,10.403472222222222,1.5701388888888888,74.97222222222223,36.80555555555556,36.80555555555556,34.94444444444444,35.375,65.17013888888889,0.7493055555555556,49.99930555555555,398.2611111111111,397.15625,395.3972222222222,89.26249999999999,98.30138888888888,92.45277777777778,637.5,-50.0,33.50694444444444,0.5847222222222223,3.5631944444444446,22.402083333333334,-34.96805555555555,1000.2,-924.3,58.88194444444444,73.26180555555555,652.5,0.0,23.191666666666666,-288.21944444444443,0.0,-1000.0,75.59861111111111,288.21944444444443,1000.0,0.0,75.59861111111111,31.84027777777778,171.3236111111111,T06,0.3,8.9,3.855555555555556,0.17381944444444444,0.3,8.9,3.8687500000000004,0.1801388888888889,14.0,21.0,16.243055555555557,1018.0,1021.0,1019.4652777777778,39.0,83.0,55.74305555555556,0.0,0.0,0.0,0.0,73.90972222222223,74.10416666666667,419.4236111111111,,0
2016-02-03 00:00:00+00:00,1692.9,0.0,275.72847222222225,41.079861111111114,25.993055555555557,32.145833333333336,32.34722222222222,32.173611111111114,29.03472222222222,34.03472222222222,34.208333333333336,23.77777777777778,15.0,0.0,2.175,15.4,0.4,2.4458333333333333,0.4326388888888889,14.259722222222223,179.2576388888889,14.520833333333334,-631.3541666666666,8478.986111111111,1130059.0,-190.41666666666666,-399838,38.291666666666664,41.3125,37.354166666666664,30.67361111111111,31.53472222222222,24.22222222222222,29.84722222222222,18.90972222222222,17.36111111111111,-2.9,89.7,22.18472222222222,1.3833333333333333,31.895833333333332,30.86111111111111,30.86111111111111,30.25,27.77777777777778,47.1125,0.9465277777777779,50.00138888888889,397.9506944444445,397.56111111111113,394.56388888888887,49.99444444444444,53.34513888888889,52.605555555555554,1851.4,-48.8,25.006944444444443,0.3965277777777778,2.4791666666666665,15.39722222222222,-16.678472222222222,1000.2,-845.8,11.654166666666667,54.83611111111111,1874.9,0.0,16.097916666666666,-91.40416666666667,0.0,-1000.0,8.59375,91.09861111111111,1000.0,0.0,9.354166666666666,25.708333333333332,225.00208333333333,T06,0.0,12.7,2.896527777777778,0.14402777777777778,0.0,12.2,2.8680555555555554,0.14388888888888887,9.0,17.0,13.895833333333334,1017.0,1020.0,1018.8611111111111,65.0,100.0,85.69444444444444,0.0,0.0,0.0,0.0,54.52777777777778,54.03472222222222,418.8333333333333,,0
2016-02-04 00:00:00+00:00,1883.3,1387.0,1672.5541666666666,23.49513888888889,64.70138888888889,90.50694444444444,99.20138888888889,103.35416666666667,41.576388888888886,53.395833333333336,61.24305555555556,31.375,16.2,12.3,14.823611111111111,31.4,1.0,12.527083333333334,2.2513888888888887,1.0458333333333334,105.96875,16.3125,0.0,306749.15972222225,44171879.0,0.0,-4873588,79.5625,85.21527777777777,83.57638888888889,44.25694444444444,43.326388888888886,26.40972222222222,41.638888888888886,35.84027777777778,18.875,-3.0,21.4,5.004861111111111,2.3291666666666666,121.69444444444444,46.541666666666664,46.625,44.40277777777778,40.361111111111114,1840.5805555555553,1.0,49.99930555555555,399.9479166666667,398.16597222222225,399.7277777777778,1546.2930555555556,1561.8423611111111,1524.9076388888889,2112.3,325.7,46.09027777777778,0.1902777777777778,12.52986111111111,94.33402777777778,-203.0652777777778,-129.6,-226.6,2.884722222222222,1838.809722222222,2000.0,309.9,92.49236111111111,-710.7173611111111,-583.3,-1000.0,65.86180555555556,542.7541666666667,1000.0,406.1,71.65972222222223,54.22222222222222,104.90694444444445,T06,6.2,24.3,12.67361111111111,2.0149305555555554,6.3,24.6,12.752777777777778,2.0477777777777777,14.0,17.0,15.340277777777779,1018.0,1023.0,1020.2083333333334,53.0,81.0,70.25694444444444,0.0,1.0,0.006944444444444444,0.0,250.65972222222223,252.17361111111111,420.13194444444446,,0
2016-02-05 00:00:00+00:00,1812.1,1225.7,1574.2861111111113,29.547222222222224,58.9375,82.26388888888889,89.30555555555556,92.63888888888889,41.354166666666664,51.4375,58.625,30.458333333333332,15.9,10.9,13.952083333333334,28.7,0.7000000000000001,9.894444444444444,1.8097222222222225,-0.5020833333333333,110.29861111111111,15.881944444444445,0.0,235265.34027777778,33878209.0,0.0,-4545317,69.65277777777777,75.15277777777777,74.80555555555556,42.19444444444444,42.138888888888886,26.75,40.298611111111114,33.4375,19.229166666666668,-3.1,16.3,1.942361111111111,1.834027777777778,117.67361111111111,44.21527777777778,44.3125,42.076388888888886,39.15972222222222,1411.4895833333333,0.9652777777777778,50.0,399.37847222222223,397.64166666666665,399.1048611111111,1194.9986111111111,1208.0576388888887,1172.6027777777776,2109.4,35.6,43.38194444444444,0.25833333333333336,10.018055555555556,110.61666666666666,-189.3826388888889,-87.0,-225.0,3.272222222222222,1409.7006944444445,2000.0,33.1,109.63402777777777,-760.3270833333333,-162.2,-1000.0,81.28819444444444,640.1888888888889,1000.0,162.2,84.19999999999999,50.5625,110.78472222222223,T06,2.2,21.2,10.15763888888889,2.093125,2.4,21.5,10.227083333333333,2.098402777777778,13.0,18.0,14.840277777777779,1015.0,1019.0,1016.5694444444445,62.0,81.0,72.67361111111111,0.0,0.0,0.0,0.0,200.15972222222223,201.53472222222223,416.5138888888889,,0
2016-02-06 00:00:00+00:00,1703.5,0.0,1156.5673611111113,90.92638888888888,40.52777777777778,50.611111111111114,51.375,51.6875,29.569444444444443,47.104166666666664,51.00694444444444,27.51388888888889,15.1,0.0,10.238888888888889,16.4,0.4,5.333333333333333,0.9993055555555556,-7.401486830834377e-17,177.6861111111111,16.291666666666668,-238.96527777777777,58497.416666666664,8389216.0,-129.6875,-2438165,48.486111111111114,51.916666666666664,48.763888888888886,37.44444444444444,37.5,26.583333333333332,37.3125,24.45138888888889,19.38888888888889,-3.3,89.7,4.035416666666666,1.4131944444444444,89.04861111111111,38.40277777777778,38.43055555555556,36.625,36.38194444444444,349.5138888888889,0.8965277777777777,50.0,398.275,396.6138888888889,395.81944444444446,302.5986111111111,324.62916666666666,310.21180555555554,2003.6,-50.3,35.979166666666664,0.8138888888888889,5.468055555555555,115.05069444444445,-101.58194444444445,1000.4,-254.8,11.799305555555556,353.1201388888889,2000.0,0.0,115.72222222222223,-699.78125,0.0,-1000.0,61.28541666666667,699.3006944444445,1000.0,0.0,62.92152777777778,32.74305555555556,177.68333333333334,T06,0.9,12.7,5.702083333333333,0.9605555555555555,0.9,12.4,5.69375,0.9895138888888889,13.0,18.0,15.430555555555555,1014.0,1017.0,1015.3333333333334,70.0,92.0,79.74305555555556,0.0,0.0,0.0,0.0,110.72916666666667,110.79166666666667,415.2708333333333,,0
2016-02-07 00:00:00+00:00,1774.8,0.0,1452.9,81.87986111111111,47.541666666666664,61.041666666666664,64.11111111111111,65.85416666666667,31.72222222222222,51.72222222222222,56.65972222222222,28.395833333333332,15.6,0.0,12.870833333333334,24.2,0.4,7.2868055555555555,1.3291666666666666,-1.1826388888888888,284.64930555555554,16.194444444444443,-98.48611111111111,138262.36111111112,19895598.0,-62.78472222222222,-3523923,65.04166666666667,68.90972222222223,65.40972222222223,39.798611111111114,40.354166666666664,26.194444444444443,39.923611111111114,28.131944444444443,18.77777777777778,-3.2,89.7,0.024999999999999998,1.5701388888888888,105.34027777777777,41.395833333333336,41.458333333333336,39.451388888888886,38.21527777777778,828.9486111111112,0.9243055555555555,50.00138888888889,398.7409722222222,396.68958333333336,396.82222222222225,702.0319444444444,729.1694444444444,701.08125,2108.0,-49.9,40.80555555555556,0.7229166666666667,7.435416666666667,172.51458333333332,-146.8236111111111,744.0,-223.7,10.354166666666666,829.8569444444444,2000.0,0.0,172.11527777777778,-826.5465277777778,0.0,-1000.0,49.22569444444444,793.1395833333333,1000.0,0.0,66.97083333333333,40.24305555555556,285.83402777777775,T06,3.1,16.4,8.026388888888889,0.8727777777777779,3.2,16.7,8.0125,0.8674305555555555,13.0,17.0,15.17361111111111,1014.0,1022.0,1017.7708333333334,45.0,97.0,74.53472222222223,0.0,3.0,0.08333333333333333,0.0,157.47916666666666,157.1875,417.7291666666667,,0
2016-02-08 00:00:00+00:00,1679.0,0.0,754.0243055555555,89.08055555555556,36.40972222222222,42.048611111111114,42.52777777777778,42.611111111111114,28.979166666666668,41.763888888888886,44.46527777777778,25.84027777777778,14.9,0.0,6.602777777777778,18.1,0.4,3.5493055555555557,0.6833333333333333,1.0812499999999998,297.19930555555555,14.75,-552.9791666666666,10630.5,1451157.0,-302.8333333333333,-741169,41.611111111111114,44.40972222222222,40.88194444444444,34.28472222222222,34.52777777777778,24.13888888888889,33.59027777777778,21.506944444444443,17.208333333333332,-2.7,89.7,14.121527777777779,2.736111111111111,66.82638888888889,34.90972222222222,34.923611111111114,33.34722222222222,33.263888888888886,60.49513888888888,0.7645833333333334,50.00069444444445,398.4,397.08124999999995,395.3486111111111,75.48263888888889,84.63888888888889,79.71597222222222,1162.6,-49.5,31.104166666666668,0.8187500000000001,3.6312499999999996,37.049305555555556,-30.860416666666666,1000.5,-760.5,42.15833333333333,78.71805555555555,1191.9,0.0,43.22847222222222,-224.91597222222222,0.0,-1000.0,93.61944444444445,224.91597222222222,1000.0,0.0,93.61944444444445,29.9375,303.62291666666664,T06,1.6,11.3,4.657638888888889,0.2559722222222222,1.5,11.2,4.6,0.2542361111111111,11.0,17.0,13.916666666666666,1021.0,1024.0,1022.1736111111111,55.0,85.0,69.70138888888889,0.0,0.0,0.0,0.0,89.92361111111111,88.83333333333333,422.125,,0
2016-02-09 00:00:00+00:00,1741.3,0.0,1121.9868055555555,67.56875,42.520833333333336,51.888888888888886,53.72222222222222,54.673611111111114,28.86111111111111,46.951388888888886,51.041666666666664,27.444444444444443,15.4,0.0,9.91875,21.0,0.4,5.674305555555556,0.9993055555555556,-1.7694444444444444,275.59166666666664,15.777777777777779,-313.4236111111111,84528.84722222222,12127023.0,-172.79861111111111,-2462079,54.979166666666664,58.28472222222222,54.458333333333336,36.56944444444444,37.263888888888886,25.708333333333332,36.71527777777778,25.416666666666668,18.45138888888889,-3.2,64.7,5.567361111111111,1.0798611111111112,85.01388888888889,37.736111111111114,37.77777777777778,35.854166666666664,35.229166666666664,505.25138888888887,0.8875,49.99861111111111,398.4715277777778,396.8979166666667,396.1458333333333,435.66111111111115,454.275,437.87708333333336,2104.1,-49.4,36.46527777777778,0.5923611111111111,5.765972222222222,127.66111111111111,-102.56875,1000.0,-455.1,13.480555555555556,509.5583333333333,2000.0,0.0,128.55902777777777,-581.2680555555556,0.0,-1000.0,49.13194444444444,564.4472222222222,1000.0,0.0,67.69861111111112,35.895833333333336,279.8638888888889,T06,1.4,15.7,6.690972222222222,0.5579166666666667,1.4,15.8,6.6875,0.5610416666666667,13.0,17.0,15.01388888888889,1020.0,1023.0,1021.1944444444445,61.0,96.0,77.625,0.0,0.0,0.0,0.0,130.65277777777777,130.65972222222223,421.13194444444446,,0
2016-02-10 00:00:00+00:00,1735.1,1199.3,1419.3076388888887,74.24722222222222,44.18055555555556,56.74305555555556,57.9375,58.638888888888886,28.70138888888889,50.25,54.888888888888886,27.645833333333332,15.3,10.6,12.570138888888888,20.5,0.9,6.468055555555555,1.1909722222222223,-1.0097222222222222,263.1194444444444,16.38888888888889,0.0,92341.16666666667,13297127.0,0.0,-3374209,56.125,59.916666666666664,56.25,39.36805555555556,39.173611111111114,26.069444444444443,39.1875,26.069444444444443,18.604166666666668,-3.2,10.4,-1.6520833333333333,0.4534722222222222,103.97222222222223,40.638888888888886,40.65972222222222,38.708333333333336,38.104166666666664,554.0652777777777,0.9465277777777779,49.99930555555555,398.2993055555555,396.4402777777778,396.24375,470.5208333333333,498.9909722222222,477.9159722222222,2103.0,-25.6,39.125,0.6569444444444446,6.700694444444444,150.47430555555556,-140.58680555555554,1.3,-217.7,6.170138888888889,554.0666666666667,2000.0,0.0,150.94236111111113,-965.6076388888889,0.0,-1000.0,43.25902777777778,960.1875,1000.0,0.0,49.5125,34.44444444444444,264.1354166666667,T06,3.9,13.3,7.467361111111111,0.6238888888888889,3.9,13.5,7.506944444444445,0.6322916666666667,14.0,17.0,15.45138888888889,1015.0,1021.0,1017.7638888888889,82.0,99.0,92.34027777777777,0.0,2.0,0.06944444444444445,0.0,146.30555555555554,147.02777777777777,417.6736111111111,,0
2016-02-11 00:00:00+00:00,1762.1,1211.8,1507.55625,69.44999999999999,47.34722222222222,60.673611111111114,63.361111111111114,65.20833333333333,29.82638888888889,51.826388888888886,57.208333333333336,28.63888888888889,15.6,10.7,13.352777777777778,26.9,0.4,7.548611111111111,1.4472222222222222,-1.3666666666666665,263.62569444444443,16.90972222222222,0.0,141615.02777777778,20392564.0,0.0,-3993887,64.98611111111111,69.01388888888889,65.56944444444444,39.861111111111114,40.548611111111114,26.944444444444443,40.40277777777778,28.98611111111111,19.21527777777778,-3.3,7.5,-1.7527777777777778,0.4972222222222223,107.125,41.50694444444444,41.53472222222222,39.52777777777778,38.34027777777778,849.7041666666667,0.9729166666666667,50.00138888888889,398.3645833333333,396.54305555555555,396.84166666666664,719.3944444444445,745.245138888889,719.9097222222222,2104.4,27.1,41.09722222222222,0.6131944444444444,7.711805555555555,211.00208333333333,-166.41458333333333,-97.8,-215.0,5.446527777777778,849.338888888889,2000.0,26.7,210.9701388888889,-980.8722222222223,-130.9,-1000.0,38.831944444444446,951.2548611111112,1000.0,130.9,65.4625,40.43055555555556,264.9923611111111,T06,3.5,14.0,8.321527777777778,0.8305555555555555,3.5,14.1,8.359722222222222,0.8284722222222222,15.0,17.0,15.9375,1012.0,1015.0,1013.6527777777778,82.0,100.0,94.96527777777777,0.0,9.0,0.5555555555555556,0.0,163.40277777777777,164.125,413.625,,0
2016-02-12 00:00:00+00:00,1769.8,0.0,1388.6513888888887,50.45,46.90277777777778,60.36805555555556,63.28472222222222,64.8125,31.479166666666668,48.80555555555556,54.361111111111114,28.618055555555557,15.6,0.0,12.293055555555556,23.2,0.4,6.9319444444444445,1.2743055555555556,-0.2972222222222223,264.7888888888889,16.72222222222222,-116.875,127767.55555555556,18381697.0,-84.74305555555556,-3410498,60.111111111111114,64.02083333333333,60.75,39.63194444444444,39.541666666666664,26.756944444444443,39.104166666666664,28.083333333333332,19.17361111111111,-3.2,89.7,0.5826388888888888,1.229861111111111,102.64583333333333,41.03472222222222,41.09027777777778,39.0625,37.90972222222222,765.8479166666667,0.911111111111111,50.00069444444445,398.40277777777777,396.6111111111111,396.5340277777778,655.307638888889,678.4472222222222,656.5062499999999,2105.7,-42.3,39.666666666666664,0.4513888888888889,7.086111111111111,166.18194444444444,-142.05277777777778,840.2,-749.9,19.40347222222222,766.7368055555556,2000.0,0.0,165.67152777777778,-815.807638888889,0.0,-1000.0,91.62083333333334,774.5270833333333,1000.0,0.0,118.3138888888889,38.8125,265.09305555555557,T06,1.8,15.6,7.852083333333334,0.8703472222222222,1.8,15.6,7.864583333333333,0.8786805555555556,15.0,17.0,15.680555555555555,1013.0,1016.0,1014.3194444444445,76.0,100.0,91.15972222222223,0.0,1.0,0.027777777777777776,0.0,153.92361111111111,154.29166666666666,414.3125,,0
2016-02-13 00:00:00+00:00,1796.9,1210.4,1556.5944444444444,60.66388888888889,50.875,67.375,71.31944444444444,73.73611111111111,34.138888888888886,52.84027777777778,58.638888888888886,29.305555555555557,15.7,10.7,13.785416666666666,27.2,0.8,8.333333333333334,1.6145833333333333,0.6465277777777777,263.0854166666667,16.729166666666668,0.0,182291.59722222222,26249990.0,0.0,-4312079,66.42361111111111,70.65972222222223,67.89583333333333,40.55555555555556,41.173611111111114,26.895833333333332,40.541666666666664,30.770833333333332,19.25,-3.1,11.3,-1.3416666666666668,0.9305555555555556,109.96527777777777,42.423611111111114,42.44444444444444,40.40277777777778,38.458333333333336,1093.7381944444444,0.9826388888888888,50.0,398.22569444444446,396.4611111111111,396.94375,923.9708333333333,947.5138888888889,922.1277777777777,2105.8,69.5,42.11805555555556,0.53125,8.539583333333333,233.5625,-179.675,-101.7,-221.2,5.247916666666667,1093.1145833333333,2000.0,67.8,232.73958333333334,-944.3090277777778,-332.0,-1000.0,72.11736111111111,881.1229166666667,1000.0,332.0,102.35277777777777,43.763888888888886,262.4451388888889,T06,4.2,17.2,9.284027777777778,1.2349305555555556,4.2,17.1,9.315972222222221,1.24375,14.0,17.0,15.76388888888889,1011.0,1013.0,1012.0138888888889,77.0,100.0,92.35416666666667,0.0,2.0,0.0625,0.0,182.61111111111111,183.33333333333334,411.9791666666667,,0
2016-02-14 00:00:00+00:00,1850.1,1321.3,1668.7624999999998,30.536805555555556,63.61805555555556,91.34027777777777,100.21527777777777,104.51388888888889,44.854166666666664,53.90972222222222,61.513888888888886,31.0625,16.3,11.7,14.785416666666666,37.4,1.4,12.977777777777778,2.6506944444444445,0.48819444444444443,291.57222222222225,14.92361111111111,0.0,304947.8888888889,43912496.0,0.0,-5051129,77.51388888888889,84.05555555555556,83.33333333333333,43.40972222222222,42.94444444444444,25.76388888888889,40.888888888888886,35.236111111111114,18.25,-3.2,25.7,6.070833333333334,2.711111111111111,122.40277777777777,45.708333333333336,45.763888888888886,43.61805555555556,39.46527777777778,1829.6312500000001,1.0,50.00138888888889,399.59375,397.5138888888889,399.08124999999995,1537.0027777777777,1558.1722222222222,1519.8770833333333,2107.8,276.1,45.34027777777778,0.25902777777777775,13.003472222222221,112.26180555555555,-210.46527777777777,-138.1,-226.2,2.886111111111111,1831.1416666666669,2000.0,270.6,107.88472222222222,-709.2736111111111,-583.3,-1000.0,83.42638888888888,539.5270833333333,1000.0,406.1,85.59861111111111,53.8125,291.08958333333334,T06,5.1,26.1,13.931249999999999,3.19125,5.1,26.1,13.864583333333334,3.179027777777778,9.0,17.0,14.0,1005.0,1011.0,1007.5138888888889,47.0,100.0,75.27777777777777,0.0,7.0,0.3472222222222222,0.0,275.69444444444446,274.4583333333333,407.47222222222223,,0
2016-02-15 00:00:00+00:00,1785.7,0.0,1479.8930555555555,66.79305555555555,48.104166666666664,63.486111111111114,67.17361111111111,69.32638888888889,33.354166666666664,53.673611111111114,58.125,25.645833333333332,15.7,0.0,13.108333333333333,27.6,0.4,7.660416666666666,1.4909722222222224,-0.745138888888889,272.96666666666664,11.770833333333334,-127.10416666666667,159820.125,22995793.0,-85.53472222222223,-3774765,65.04166666666667,69.81944444444444,67.57638888888889,36.076388888888886,37.479166666666664,22.03472222222222,36.395833333333336,26.375,14.3125,-3.3,89.7,0.2847222222222222,1.484027777777778,103.21527777777777,37.861111111111114,37.916666666666664,35.923611111111114,33.55555555555556,958.154861111111,0.9277777777777777,50.0,398.6277777777778,396.99027777777775,397.1902777777778,816.0145833333333,837.0347222222222,814.1972222222222,2104.4,-50.1,37.604166666666664,0.5923611111111111,7.884722222222223,183.95555555555555,-157.23541666666668,1000.5,-999.9,18.99722222222222,958.7951388888889,2000.0,0.0,183.59166666666667,-805.7583333333333,0.0,-1000.0,80.85208333333334,752.9208333333333,1000.0,0.0,100.59930555555555,39.763888888888886,278.7104166666667,T06,1.7000000000000002,17.7,8.897222222222222,1.0271527777777778,1.6,17.5,8.787500000000001,0.9998611111111111,7.0,14.0,10.708333333333334,1007.0,1013.0,1010.2430555555555,38.0,76.0,60.15972222222222,0.0,1.0,0.006944444444444444,0.0,174.86805555555554,172.65972222222223,410.2291666666667,,0
2016-02-16 00:00:00+00:00,1793.2,0.0,1425.6083333333333,64.55763888888889,45.166666666666664,59.94444444444444,63.21527777777778,65.04166666666667,32.361111111111114,51.173611111111114,55.895833333333336,24.82638888888889,15.8,0.0,12.620138888888889,27.4,0.4,7.280555555555556,1.651388888888889,-0.5479166666666668,68.95902777777778,10.48611111111111,-47.24305555555556,141196.29861111112,20325464.0,-32.11805555555556,-3791784,58.236111111111114,62.576388888888886,59.833333333333336,35.9375,36.47222222222222,20.75,35.701388888888886,24.15277777777778,13.215277777777779,-2.9,89.7,0.27499999999999997,1.5541666666666667,102.95833333333333,37.479166666666664,37.486111111111114,35.49305555555556,33.1875,846.8888888888889,0.932638888888889,50.0,398.29097222222225,396.6090277777778,396.7270833333333,723.1638888888889,745.5125,722.7465277777778,2106.8,-50.4,36.78472222222222,0.5631944444444446,7.583333333333333,173.3097222222222,-158.0236111111111,1000.4,-880.6,19.469444444444445,846.0041666666667,2000.0,0.0,172.52916666666667,-840.8930555555556,0.0,-1000.0,118.36736111111112,788.98125,1000.0,0.0,131.3875,36.416666666666664,24.505555555555556,T06,1.0,18.8,8.472222222222221,1.3640277777777776,0.9,18.5,8.32986111111111,1.2937500000000002,5.0,12.0,9.13888888888889,1012.0,1019.0,1015.5486111111111,34.0,60.0,44.020833333333336,0.0,0.0,0.0,0.0,166.41666666666666,163.52083333333334,415.5138888888889,,0
2016-02-17 00:00:00+00:00,1691.8,0.0,639.0222222222222,76.06527777777778,30.86111111111111,38.75694444444444,39.22222222222222,39.201388888888886,26.71527777777778,40.708333333333336,42.173611111111114,24.055555555555557,15.0,0.0,5.449305555555556,18.9,0.4,3.3736111111111113,0.7256944444444444,-4.163194444444445,189.5909722222222,11.13888888888889,-470.875,18287.756944444445,2565635.0,-159.50694444444446,-888720,38.548611111111114,41.65972222222222,38.0625,31.76388888888889,32.8125,22.84027777777778,30.993055555555557,18.333333333333332,15.743055555555555,-2.9,50.8,13.4375,1.3541666666666667,57.416666666666664,32.22222222222222,32.21527777777778,31.166666666666668,28.680555555555557,106.92083333333333,0.8777777777777778,50.00138888888889,398.43125,397.56597222222223,395.5520833333333,104.00347222222223,113.17847222222223,108.05555555555556,1715.3,-49.6,27.993055555555557,0.7034722222222222,3.4527777777777775,53.75208333333333,-37.02222222222222,999.9,-660.7,19.88611111111111,113.92083333333332,1742.4,0.0,54.64791666666667,-287.61319444444445,0.0,-1000.0,69.58472222222223,287.51666666666665,1000.0,0.0,69.78194444444445,26.97222222222222,161.24374999999998,T06,0.0,11.1,3.6847222222222222,0.34270833333333334,0.0,11.1,3.6909722222222223,0.3452777777777778,7.0,13.0,10.42361111111111,1015.0,1020.0,1017.5763888888889,31.0,61.0,43.78472222222222,0.0,0.0,0.0,0.0,70.42361111111111,70.49305555555556,417.5486111111111,,0
2016-02-18 00:00:00+00:00,1668.5,0.0,1064.6618055555555,96.07777777777778,37.791666666666664,46.541666666666664,47.27777777777778,47.486111111111114,27.555555555555557,44.40277777777778,48.18055555555556,25.6875,14.8,0.0,9.399305555555555,22.7,0.4,4.361805555555556,0.9409722222222222,0.1576388888888889,250.10347222222222,12.555555555555555,-297.47222222222223,30205.82638888889,4306805.0,-177.55555555555554,-1726365,42.00694444444444,44.99305555555556,41.736111111111114,33.84027777777778,35.09027777777778,22.756944444444443,34.47222222222222,21.11111111111111,15.493055555555555,-3.1,89.7,4.956250000000001,2.3555555555555556,85.65972222222223,34.604166666666664,34.59722222222222,32.81944444444444,32.229166666666664,179.4576388888889,0.8166666666666668,50.0,397.32222222222225,396.14652777777775,394.95902777777775,168.14652777777778,184.01388888888889,173.38055555555556,1789.7,-50.2,33.34722222222222,0.8590277777777778,4.570833333333334,71.18958333333333,-71.91388888888889,1000.3,-551.5,27.85763888888889,185.3861111111111,1819.3,0.0,71.91874999999999,-527.7090277777778,0.0,-1000.0,136.64375,527.6784722222222,1000.0,0.0,136.87986111111113,30.3125,264.92083333333335,T06,0.5,11.8,5.672916666666667,0.43604166666666666,0.5,11.7,5.640277777777778,0.4396527777777778,9.0,13.0,11.347222222222221,1009.0,1015.0,1010.9930555555555,58.0,98.0,77.43055555555556,0.0,9.0,0.3680555555555556,0.0,110.29861111111111,109.65972222222223,410.96527777777777,,0
2016-02-19 00:00:00+00:00,1798.0,0.0,1266.1791666666666,62.26527777777778,44.416666666666664,58.673611111111114,61.84027777777778,63.53472222222222,31.444444444444443,48.31944444444444,52.90972222222222,25.0,15.8,0.0,11.165972222222223,24.1,0.4,6.716666666666667,1.2909722222222222,3.2180555555555554,82.04652777777778,12.4375,-189.02777777777777,126805.86111111111,18232824.0,-104.54166666666667,-2883836,54.80555555555556,58.583333333333336,55.736111111111114,35.958333333333336,35.861111111111114,22.40972222222222,34.72222222222222,24.34027777777778,15.034722222222221,-3.1,86.1,5.19375,1.9249999999999998,92.28472222222223,37.416666666666664,37.47222222222222,35.611111111111114,33.44444444444444,759.7791666666667,0.8861111111111112,49.99791666666667,398.20416666666665,396.75347222222223,396.36319444444445,651.5840277777778,670.2541666666667,654.2354166666667,2104.2,-50.1,34.88194444444444,0.5701388888888889,6.917361111111111,104.03194444444445,-120.12152777777777,888.7,-806.3,26.870833333333334,762.1576388888889,2000.0,0.0,105.32013888888889,-616.7229166666667,0.0,-1000.0,69.73055555555555,569.4666666666667,1000.0,0.0,76.53055555555555,37.375,81.32916666666667,T06,0.5,17.6,6.976388888888889,0.9029861111111112,0.6000000000000001,17.7,6.955555555555556,0.91125,8.0,15.0,11.54861111111111,1009.0,1014.0,1011.2569444444445,63.0,90.0,75.95833333333333,0.0,2.0,0.0625,0.0,136.44444444444446,136.02777777777777,411.125,,0
2016-02-20 00:00:00+00:00,1843.4,1239.7,1660.2430555555557,28.98194444444444,59.75694444444444,85.11111111111111,92.67361111111111,96.56944444444444,39.99305555555556,54.34027777777778,61.50694444444444,29.73611111111111,16.0,11.0,14.711805555555555,28.8,1.1,11.014583333333333,2.0479166666666666,-0.14097222222222225,97.5,15.347222222222221,0.0,283454.84722222225,40817498.0,0.0,-4928321,73.18055555555556,78.74305555555556,77.86805555555556,41.88194444444444,41.375,25.29861111111111,39.541666666666664,34.298611111111114,17.92361111111111,-2.9,20.3,2.0625,2.0430555555555556,117.53472222222223,44.0625,44.24305555555556,41.96527777777778,38.13194444444444,1700.6979166666667,1.0,49.99861111111111,398.8777777777778,397.13750000000005,398.2756944444444,1431.25625,1450.7784722222223,1418.5270833333334,2108.4,192.4,43.166666666666664,0.25069444444444444,11.186805555555557,186.82986111111111,-205.34583333333333,-132.6,-224.1,3.845833333333333,1698.1770833333333,2000.0,187.3,184.2840277777778,-790.4180555555555,-583.3,-1000.0,104.28611111111111,638.7118055555555,1000.0,406.1,127.81805555555555,51.43055555555556,97.64027777777778,T06,2.8,21.6,11.744444444444445,1.8456944444444447,3.5,21.9,11.804166666666667,1.8733333333333333,12.0,17.0,14.416666666666666,1013.0,1017.0,1014.7569444444445,51.0,80.0,66.34027777777777,0.0,1.0,0.020833333333333332,0.0,231.90972222222223,233.15972222222223,414.6736111111111,,0
2016-02-21 00:00:00+00:00,1804.9,0.0,1557.673611111111,38.34583333333333,62.375,83.58333333333333,91.04166666666667,94.47916666666667,41.673611111111114,54.05555555555556,60.638888888888886,30.63888888888889,15.9,0.0,13.792361111111111,27.3,0.6000000000000001,11.09375,1.9555555555555557,-0.2305555555555555,100.40972222222223,15.583333333333334,-177.78472222222223,260335.45833333334,37462705.0,-113.54861111111111,-4256202,75.46527777777777,81.26388888888889,80.22916666666667,42.604166666666664,42.673611111111114,26.083333333333332,41.1875,34.263888888888886,18.569444444444443,-3.2,89.7,7.429861111111112,2.223611111111111,115.90277777777777,44.72222222222222,44.8125,42.638888888888886,39.486111111111114,1560.8597222222222,0.9909722222222221,49.99930555555555,399.93055555555554,397.77152777777775,399.2888888888889,1311.259722222222,1332.0159722222222,1295.9944444444445,2106.6,-45.8,44.6875,0.32916666666666666,11.16875,159.89027777777778,-177.33194444444445,17.8,-235.5,5.870138888888889,1668.5590277777778,2000.0,147.9,159.44305555555556,-735.276388888889,0.0,-1000.0,80.30277777777778,603.9534722222222,1000.0,0.0,95.23333333333333,51.21527777777778,100.63263888888889,T06,1.7000000000000002,20.6,10.722916666666666,1.4659027777777778,1.8,20.6,10.785416666666666,1.4806944444444445,13.0,17.0,14.770833333333334,1011.0,1015.0,1012.8402777777778,62.0,86.0,75.45138888888889,0.0,0.0,0.0,0.0,211.4375,212.77777777777777,412.7708333333333,,0
2016-02-22 00:00:00+00:00,1694.4,0.0,836.5895833333333,83.22291666666666,37.888888888888886,45.833333333333336,46.88194444444444,47.229166666666664,29.770833333333332,44.80555555555556,47.104166666666664,27.131944444444443,15.0,0.0,7.225694444444445,19.9,0.4,4.073611111111111,0.6944444444444444,1.2,163.91666666666666,15.45138888888889,-523.3611111111111,39100.930555555555,5555164.0,-272.7361111111111,-1314740,49.513888888888886,52.86805555555556,49.63194444444444,35.80555555555556,36.50694444444444,25.395833333333332,35.8125,23.618055555555557,18.22222222222222,-3.2,89.7,9.977777777777778,2.0062499999999996,75.875,36.513888888888886,36.541666666666664,34.74305555555556,34.729166666666664,231.45000000000002,0.8701388888888889,50.0,398.0416666666667,396.95694444444445,395.2409722222222,206.2798611111111,219.8013888888889,211.08819444444444,1755.4,-49.5,34.013888888888886,0.7305555555555556,4.136805555555556,49.78125,-54.78611111111111,1000.2,-488.5,17.737499999999997,238.48194444444445,1776.5,0.0,50.71805555555555,-399.18680555555557,0.0,-1000.0,50.94722222222222,398.58402777777775,1000.0,0.0,52.47430555555556,32.673611111111114,162.71041666666667,T06,0.0,11.0,4.484027777777778,0.27388888888888885,0.3,11.1,4.475694444444445,0.2854861111111111,12.0,17.0,14.520833333333334,1010.0,1020.0,1013.9097222222222,60.0,94.0,80.15972222222223,0.0,0.0,0.0,0.0,86.46527777777777,86.29166666666667,413.8541666666667,,0
2016-02-23 00:00:00+00:00,1590.6,0.0,590.8256944444444,52.35069444444444,33.8125,38.298611111111114,38.673611111111114,38.65277777777778,29.270833333333332,39.770833333333336,41.38194444444444,25.5,14.1,0.0,5.040972222222222,13.1,0.4,3.314583333333333,0.5923611111111111,-9.009722222222223,263.3826388888889,15.208333333333334,-561.4652777777778,12080.888888888889,1658797.0,-223.1875,-646953,40.78472222222222,43.770833333333336,40.18055555555556,33.38194444444444,34.43055555555556,25.20138888888889,33.201388888888886,21.07638888888889,18.34722222222222,-2.5,89.7,16.763194444444444,1.5013888888888889,57.19444444444444,33.770833333333336,33.77777777777778,32.638888888888886,31.8125,69.09652777777778,0.8784722222222222,50.0,398.5138888888889,397.6166666666667,395.4798611111111,74.97569444444444,81.83055555555556,79.02777777777777,837.8,-50.2,29.743055555555557,0.49513888888888885,3.367361111111111,27.45763888888889,-26.955555555555556,1000.4,-702.8,26.947222222222223,79.8763888888889,847.8,0.0,30.122222222222224,-247.83680555555554,0.0,-1000.0,54.35208333333333,247.83680555555554,1000.0,0.0,54.35208333333333,27.993055555555557,272.40277777777777,T06,0.5,7.8,4.103472222222222,0.17756944444444445,0.6000000000000001,7.8,4.078472222222222,0.17965277777777777,12.0,17.0,14.368055555555555,1018.0,1022.0,1019.6597222222222,54.0,98.0,79.03472222222223,0.0,1.0,0.006944444444444444,0.0,78.86805555555556,78.31944444444444,419.5833333333333,,0
2016-02-24 00:00:00+00:00,1743.2,14.1,1012.4305555555555,97.42083333333333,38.888888888888886,48.861111111111114,49.5,49.9375,27.458333333333332,45.61805555555556,48.979166666666664,24.57638888888889,15.4,0.0,8.888194444444444,19.9,0.4,4.947222222222222,0.8951388888888889,-4.054861111111111,274.0673611111111,13.194444444444445,-313.6111111111111,56419.229166666664,8079212.0,-103.80555555555556,-1933412,45.048611111111114,48.270833333333336,44.576388888888886,33.3125,34.6875,23.77777777777778,33.604166666666664,21.76388888888889,16.59722222222222,-3.2,47.0,7.1194444444444445,1.557638888888889,74.21527777777777,34.270833333333336,34.298611111111114,32.72222222222222,31.354166666666668,336.7034722222222,0.8888888888888888,50.00069444444445,398.43055555555554,396.7895833333333,395.7083333333333,293.06666666666666,311.2395833333333,298.70000000000005,2101.4,-49.6,31.743055555555557,0.8868055555555556,5.047222222222222,102.06319444444445,-80.57083333333334,1000.3,-667.7,18.661805555555556,342.11041666666665,2000.0,0.0,102.90347222222222,-533.4597222222222,0.0,-1000.0,37.545138888888886,531.2965277777778,1000.0,0.0,40.736111111111114,31.73611111111111,278.1159722222222,T06,0.7000000000000001,15.3,5.875694444444445,0.5205555555555555,0.7000000000000001,15.6,5.852777777777778,0.5209027777777778,10.0,15.0,12.479166666666666,1013.0,1019.0,1015.7847222222222,61.0,95.0,80.88194444444444,0.0,10.0,0.09722222222222222,0.0,114.3125,113.89583333333333,415.7291666666667,,0
2016-02-25 00:00:00+00:00,1690.6,0.0,1215.2861111111113,91.79791666666667,40.548611111111114,51.09027777777778,52.00694444444444,52.50694444444444,28.13888888888889,48.541666666666664,52.25694444444444,26.243055555555557,15.0,0.0,10.761805555555556,23.2,0.4,5.415277777777778,0.9222222222222223,1.0083333333333333,291.62708333333336,14.180555555555555,-210.8125,61980.194444444445,8894792.0,-124.09722222222223,-2345545,49.31944444444444,52.666666666666664,49.40972222222222,34.40972222222222,36.986111111111114,24.71527777777778,36.583333333333336,23.88888888888889,17.291666666666668,-3.1,89.7,2.5430555555555556,1.6006944444444444,93.47222222222223,35.55555555555556,35.5625,33.673611111111114,32.916666666666664,370.55902777777777,0.8694444444444445,49.99791666666667,398.0340277777778,396.50208333333336,395.8097222222222,323.2916666666667,343.42569444444445,327.46666666666664,2091.6,-50.0,36.111111111111114,0.8152777777777778,5.582638888888889,92.5951388888889,-97.74791666666667,1000.2,-441.4,17.509027777777778,374.2131944444444,2000.0,0.0,93.49097222222223,-687.8826388888889,0.0,-1000.0,53.13472222222222,687.5402777777778,1000.0,0.0,54.511111111111106,32.34722222222222,293.1138888888889,T06,1.4,11.3,6.251388888888889,0.3663194444444444,1.1,11.3,6.2243055555555555,0.3672916666666667,11.0,15.0,13.26388888888889,1014.0,1017.0,1015.5486111111111,47.0,88.0,74.04861111111111,0.0,0.0,0.0,0.0,121.97222222222223,121.26388888888889,415.44444444444446,,0
2016-02-26 00:00:00+00:00,1819.9,0.0,1009.5671428571428,84.82142857142857,43.535714285714285,58.864285714285714,62.27857142857143,63.785714285714285,34.77857142857143,46.607142857142854,49.878571428571426,25.97142857142857,16.0,0.0,8.903571428571428,29.1,0.4,6.6,1.4342857142857144,-6.511428571428572,270.1121428571428,13.321428571428571,-356.37142857142857,129378.81428571428,18063142.0,-154.02142857142857,-2302272,56.035714285714285,60.035714285714285,56.74285714285714,35.542857142857144,34.878571428571426,23.142857142857142,34.26428571428571,24.97142857142857,15.878571428571428,-2.8,90.0,21.935000000000002,3.5557142857142856,76.02857142857142,36.878571428571426,36.91428571428571,34.93571428571428,33.07857142857143,774.2221428571429,0.8942857142857144,49.99928571428571,398.89714285714285,397.37428571428575,396.7892857142857,662.2928571428571,675.7228571428572,659.855,2107.1,-49.8,34.30714285714286,0.7592857142857142,6.623571428571428,116.64428571428572,-98.64357142857143,1000.9,-653.2,25.387142857142855,808.4628571428572,2000.0,0.0,126.60857142857144,-418.86571428571426,0.0,-1000.0,86.97928571428572,352.32928571428573,1000.0,0.0,98.86785714285715,38.09285714285714,268.9171428571429,T06,0.7000000000000001,22.6,7.736111111111111,1.6164583333333333,0.7000000000000001,22.4,7.722916666666666,1.6192361111111113,10.0,15.0,12.527777777777779,1000.0,1015.0,1007.6111111111111,54.0,96.0,79.75694444444444,0.0,16.0,0.5555555555555556,0.0,151.52777777777777,151.29166666666666,407.59027777777777,,0
2016-02-27 00:00:00+00:00,1815.6,1249.9,1648.2527777777777,32.10069444444444,57.020833333333336,84.48611111111111,92.52777777777777,96.67361111111111,43.923611111111114,54.15972222222222,60.74305555555556,25.71527777777778,16.0,11.1,14.602083333333333,32.1,0.9,10.783333333333333,2.176388888888889,0.07986111111111123,308.3409722222222,10.625,0.0,280815.7361111111,40437466.0,0.0,-4940534,70.43055555555556,76.40972222222223,75.84027777777777,38.958333333333336,38.895833333333336,22.61111111111111,37.166666666666664,28.84027777777778,14.715277777777779,-3.2,16.2,2.0159722222222225,2.3493055555555555,116.03472222222223,41.4375,41.50694444444444,39.27777777777778,34.86805555555556,1684.8715277777778,1.0,49.99930555555555,399.1923611111111,397.24791666666664,398.63125,1417.2277777777776,1437.579861111111,1402.4930555555557,2109.0,204.5,41.18055555555556,0.2777777777777778,11.009722222222223,156.8451388888889,-205.85347222222222,-122.8,-224.4,3.384027777777778,1681.8465277777777,2000.0,189.9,154.98055555555555,-762.0388888888889,-583.3,-1000.0,108.31041666666667,611.375,1000.0,406.1,112.03402777777778,49.40277777777778,308.25972222222225,T06,4.7,18.8,11.706944444444444,2.129722222222222,4.7,18.7,11.622916666666667,2.095,8.0,11.0,9.541666666666666,998.0,1002.0,999.7777777777778,49.0,70.0,61.361111111111114,0.0,1.0,0.006944444444444444,0.0,231.31944444444446,229.5625,399.69444444444446,,0
2016-02-28 00:00:00+00:00,1795.0,1214.7,1556.3944444444444,39.61597222222222,49.125,68.96527777777777,73.50694444444444,76.13194444444444,33.791666666666664,53.625,58.75,24.67361111111111,15.7,10.8,13.786805555555555,30.3,0.5,8.522222222222222,1.6159722222222221,-1.5138888888888888,299.9763888888889,11.368055555555555,-2.9097222222222223,194877.90972222222,28062001.0,-1.8472222222222223,-4229287,64.28472222222223,69.43055555555556,67.47916666666667,36.951388888888886,37.40972222222222,22.1875,36.36805555555556,26.65972222222222,14.354166666666666,-3.2,12.8,-0.68125,1.1194444444444445,107.24305555555556,38.951388888888886,39.0,36.916666666666664,33.958333333333336,1169.0590277777778,0.9631944444444444,50.0,398.5826388888889,396.63194444444446,397.5493055555555,987.9798611111112,1010.6923611111112,979.4597222222224,2106.5,-31.4,38.423611111111114,0.3465277777777778,8.734027777777778,179.65694444444443,-176.21666666666667,21.2,-223.9,5.798611111111111,1167.24375,2000.0,0.0,178.50555555555556,-856.5243055555555,0.0,-1000.0,88.82638888888889,773.786111111111,1000.0,0.0,108.03055555555555,41.375,301.49305555555554,T06,3.2,17.8,9.364583333333334,1.1488194444444444,3.1,17.7,9.302083333333334,1.1247916666666666,7.0,14.0,10.277777777777779,1001.0,1007.0,1003.5416666666666,52.0,81.0,68.01388888888889,0.0,0.0,0.0,0.0,184.20138888888889,182.9375,403.47222222222223,,0
2016-02-29 00:00:00+00:00,1639.3,0.0,915.7833333333333,77.33958333333334,35.458333333333336,44.24305555555556,45.02777777777778,45.11805555555556,27.506944444444443,43.68055555555556,46.81944444444444,25.104166666666668,14.5,0.0,8.054861111111112,22.2,0.4,4.101388888888889,0.7423611111111111,-4.013194444444445,286.77986111111113,12.708333333333334,-380.8333333333333,24558.284722222223,3481554.0,-208.92361111111111,-1344693,41.111111111111114,44.65277777777778,41.354166666666664,33.34722222222222,34.65972222222222,23.569444444444443,33.854166666666664,20.520833333333332,16.333333333333332,-3.2,89.7,7.9437500000000005,1.9354166666666666,79.93055555555556,33.99305555555556,34.013888888888886,32.375,31.541666666666668,145.0548611111111,0.8319444444444444,50.00208333333333,398.4791666666667,397.1090277777778,395.7729166666667,138.64930555555554,154.59930555555556,144.63055555555556,945.3,-48.8,32.236111111111114,0.6861111111111111,4.199999999999999,42.25902777777778,-56.099999999999994,1000.1,-834.2,26.706249999999997,150.99513888888887,952.1,0.0,43.525000000000006,-480.52500000000003,0.0,-1000.0,68.23680555555556,480.52500000000003,1000.0,0.0,68.23680555555556,29.6875,295.7861111111111,T06,0.2,8.9,4.667361111111111,0.2411805555555556,0.2,9.4,4.651388888888889,0.24340277777777775,8.0,14.0,11.618055555555555,1007.0,1018.0,1011.9444444444445,52.0,83.0,70.04166666666667,0.0,0.0,0.0,0.0,90.11805555555556,89.75694444444444,411.90277777777777,,0
2016-03-01 00:00:00+00:00,1663.6,0.0,722.4763888888889,86.10277777777777,33.541666666666664,42.020833333333336,42.458333333333336,42.71527777777778,28.04861111111111,41.52777777777778,43.423611111111114,25.083333333333332,14.7,0.0,6.24375,18.9,0.4,3.461111111111111,0.7131944444444445,-6.481944444444444,236.78472222222223,14.208333333333334,-490.03472222222223,17076.208333333332,2388409.0,-203.13194444444446,-1030297,40.229166666666664,43.49305555555556,39.875,33.90972222222222,34.548611111111114,23.333333333333332,33.15277777777778,20.305555555555557,16.32638888888889,-3.0,89.7,11.863888888888889,1.9749999999999999,64.40972222222223,34.4375,34.44444444444444,33.21527777777778,32.013888888888886,99.51458333333333,0.8472222222222222,50.00138888888889,398.3333333333333,396.9743055555556,395.25694444444446,100.07291666666667,111.69027777777778,103.88472222222222,1392.3,-50.9,29.875,0.8041666666666667,3.568055555555555,42.673611111111114,-42.984027777777776,1000.9,-712.6,25.194444444444443,106.09791666666666,1404.6,0.0,43.46180555555556,-296.2840277777778,0.0,-1000.0,75.98819444444445,296.2840277777778,1000.0,0.0,75.98819444444445,29.57638888888889,245.75972222222222,T06,0.0,10.3,4.249305555555555,0.2711111111111111,0.0,10.2,4.19375,0.2667361111111111,9.0,19.0,13.444444444444445,1018.0,1021.0,1019.3958333333334,22.0,87.0,59.923611111111114,0.0,0.0,0.0,0.0,81.69444444444444,80.61805555555556,419.34027777777777,,0
2016-03-02 00:00:00+00:00,1640.8,0.0,421.2875,37.295138888888886,28.881944444444443,36.19444444444444,36.69444444444444,36.423611111111114,28.819444444444443,38.541666666666664,38.104166666666664,24.958333333333332,14.5,0.0,3.579861111111111,19.2,0.4,2.6402777777777775,0.5451388888888888,11.350000000000001,216.09791666666666,13.8125,-536.9861111111111,12108.416666666666,1666286.0,-146.375,-621704,39.19444444444444,42.770833333333336,38.875,32.18055555555556,33.388888888888886,25.22222222222222,31.694444444444443,20.03472222222222,17.979166666666668,-2.6,66.1,16.82361111111111,0.6541666666666667,49.395833333333336,32.479166666666664,32.479166666666664,31.694444444444443,29.604166666666668,69.42152777777778,0.9249999999999999,49.99930555555555,397.9451388888889,397.12638888888887,394.58402777777775,69.29930555555556,76.61458333333333,72.4701388888889,972.1,-41.1,28.25,0.3326388888888889,2.716666666666667,24.93125,-25.90625,943.0,-692.8,14.008333333333333,74.49305555555556,988.4,0.0,24.622916666666665,-210.5736111111111,0.0,-1000.0,33.724999999999994,210.5736111111111,1000.0,0.0,33.724999999999994,27.51388888888889,287.24930555555557,T06,0.0,9.6,3.0881944444444445,0.17520833333333333,0.0,9.7,3.0784722222222225,0.17666666666666667,10.0,17.0,13.125,1016.0,1021.0,1018.6666666666666,46.0,95.0,78.19444444444444,0.0,0.0,0.0,0.0,58.34722222222222,58.19444444444444,418.61805555555554,,0
2016-03-03 00:00:00+00:00,1583.9,0.0,782.4604166666667,62.73402777777778,33.25,41.548611111111114,42.048611111111114,42.15972222222222,27.583333333333332,41.395833333333336,43.604166666666664,24.125,14.0,0.0,6.893055555555556,17.0,0.4,3.3319444444444444,0.6805555555555556,1.4604166666666667,270.5152777777778,12.6875,-427.5,12310.402777777777,1711141.0,-185.18055555555554,-988354,38.958333333333336,42.13194444444444,38.486111111111114,32.59027777777778,33.77777777777778,24.194444444444443,32.36805555555556,19.756944444444443,17.041666666666668,-2.4,89.7,10.025694444444445,1.8402777777777777,69.44444444444444,33.19444444444444,33.19444444444444,31.82638888888889,30.743055555555557,71.28333333333333,0.7930555555555556,49.99861111111111,398.0486111111111,396.7215277777778,395.0451388888889,82.47986111111112,93.99583333333334,85.37430555555555,695.3,-49.9,30.208333333333332,0.5652777777777778,3.461111111111111,28.202083333333334,-41.20902777777778,833.5,-779.9,35.16875,77.9375,704.4,0.0,28.650000000000002,-317.2395833333333,0.0,-1000.0,88.43819444444445,317.2395833333333,1000.0,0.0,88.43819444444445,29.5,274.0395833333333,T06,0.0,8.1,3.829861111111111,0.2427777777777778,0.0,8.0,3.822222222222222,0.23958333333333334,9.0,14.0,11.70138888888889,1010.0,1016.0,1013.0486111111111,76.0,98.0,89.29166666666667,0.0,1.0,0.006944444444444444,0.0,73.36805555555556,73.14583333333333,413.0,,0
2016-03-04 00:00:00+00:00,1689.9,0.0,704.84375,34.30972222222223,30.833333333333332,38.611111111111114,39.22222222222222,39.21527777777778,27.52777777777778,39.78472222222222,41.13194444444444,24.194444444444443,15.0,0.0,6.175694444444444,19.1,0.4,3.7958333333333334,0.7020833333333334,2.994444444444445,213.79097222222222,13.381944444444445,-341.22222222222223,29891.881944444445,4255296.0,-80.42361111111111,-1247991,40.3125,43.81944444444444,39.923611111111114,33.895833333333336,33.71527777777778,25.194444444444443,32.270833333333336,20.069444444444443,17.75,-3.2,74.0,11.70486111111111,0.4006944444444444,58.21527777777778,34.30555555555556,34.3125,33.38194444444444,30.95138888888889,177.26736111111111,0.9493055555555555,49.99930555555555,398.42499999999995,397.2034722222222,395.4847222222222,154.64583333333334,169.48194444444445,160.83541666666667,1704.1,-49.4,28.9375,0.3138888888888889,3.875,43.05902777777778,-52.015277777777776,930.9,-613.5,8.210416666666667,180.93402777777777,1741.2,0.0,42.988194444444446,-426.12638888888887,0.0,-1000.0,29.784027777777776,426.09027777777777,1000.0,0.0,30.040277777777778,27.77777777777778,230.78263888888887,T06,0.0,10.7,4.019444444444444,0.19069444444444444,0.0,10.9,3.979861111111111,0.20222222222222222,9.0,16.0,12.51388888888889,1004.0,1011.0,1006.7569444444445,64.0,100.0,86.44444444444444,0.0,1.0,0.020833333333333332,0.0,77.04861111111111,76.19444444444444,406.71527777777777,,0
2016-03-05 00:00:00+00:00,1768.4,1222.4,1525.2201388888889,48.48125,46.71527777777778,62.020833333333336,65.00694444444444,66.76388888888889,28.256944444444443,53.395833333333336,58.15277777777778,25.166666666666668,15.5,10.8,13.510416666666666,25.0,0.5,7.77013888888889,1.3583333333333334,1.4069444444444443,300.40972222222223,12.777777777777779,0.0,153759.90277777778,22141426.0,0.0,-3921663,62.15972222222222,66.73611111111111,63.145833333333336,36.208333333333336,37.201388888888886,23.708333333333332,36.451388888888886,25.90277777777778,15.993055555555555,-3.2,7.1,-1.6840277777777777,0.507638888888889,103.80555555555556,37.979166666666664,38.048611111111114,36.00694444444444,33.826388888888886,922.5256944444445,0.9777777777777779,50.00138888888889,398.3034722222222,396.35625000000005,396.8097222222222,778.6604166666667,804.5805555555556,778.6548611111111,2104.0,-9.2,37.5,0.42430555555555555,7.939583333333333,193.36944444444444,-163.39999999999998,1.1,-219.0,5.793055555555556,922.0930555555556,2000.0,0.0,193.0701388888889,-956.6354166666666,0.0,-1000.0,47.66597222222222,918.3131944444444,1000.0,0.0,77.24375,40.13194444444444,298.9944444444444,T06,3.3,14.6,8.462499999999999,0.8709722222222223,3.1,14.3,8.413194444444445,0.8564583333333333,9.0,14.0,11.82638888888889,1005.0,1010.0,1007.8888888888889,49.0,95.0,69.70833333333333,0.0,1.0,0.006944444444444444,0.0,166.13194444444446,165.19444444444446,407.8541666666667,,0
2016-03-06 00:00:00+00:00,1672.5,0.0,1307.0770833333333,63.706250000000004,38.69444444444444,50.263888888888886,51.236111111111114,51.72222222222222,26.569444444444443,46.673611111111114,51.15972222222222,24.90277777777778,14.8,0.0,11.578472222222222,21.5,0.4,5.343055555555555,0.9479166666666666,-0.011805555555555673,299.7555555555556,12.090277777777779,-66.60416666666667,51072.916666666664,7344910.0,-47.638888888888886,-2308144,44.895833333333336,48.74305555555556,45.38194444444444,34.78472222222222,35.75694444444444,23.04861111111111,35.46527777777778,21.479166666666668,15.652777777777779,-3.0,89.7,-0.4069444444444445,1.2791666666666666,97.67361111111111,35.916666666666664,35.90277777777778,34.00694444444444,33.076388888888886,306.06041666666664,0.8576388888888888,50.0,398.2659722222222,396.2701388888889,395.875,268.5888888888889,294.0680555555556,274.87708333333336,1484.3,-50.1,34.84722222222222,0.5618055555555556,5.4944444444444445,81.60624999999999,-96.17847222222223,1000.0,-848.7,22.970138888888886,308.21736111111113,1539.7,0.0,81.525,-766.0104166666666,0.0,-1000.0,114.26527777777778,766.0034722222222,1000.0,0.0,114.30902777777777,31.479166666666668,304.7722222222222,T06,1.1,10.6,5.997916666666667,0.44701388888888893,0.9,10.7,5.9631944444444445,0.4471527777777778,7.0,14.0,11.0,1009.0,1012.0,1010.2361111111111,47.0,82.0,66.63888888888889,0.0,0.0,0.0,0.0,116.86111111111111,116.08333333333333,410.15972222222223,,0
2016-03-07 00:00:00+00:00,1830.9,110.7,1351.3194444444443,65.01666666666667,48.236111111111114,61.486111111111114,64.78472222222223,66.57638888888889,32.84027777777778,48.895833333333336,53.770833333333336,25.76388888888889,16.0,0.0,11.972222222222221,31.8,0.4,7.185416666666667,1.3611111111111112,-0.3618055555555556,302.5833333333333,12.45138888888889,-151.09027777777777,128993.05555555556,18553243.0,-97.64583333333333,-3162275,54.611111111111114,58.84027777777778,56.03472222222222,36.65277777777778,36.729166666666664,22.618055555555557,35.770833333333336,24.57638888888889,15.333333333333334,-3.1,59.3,2.1506944444444445,1.9965277777777777,100.24305555555556,38.11805555555556,38.145833333333336,36.15972222222222,34.18055555555556,773.0701388888889,0.8861111111111112,50.0,398.77986111111113,396.8229166666667,397.01944444444445,662.5354166666667,683.5819444444445,659.7722222222222,2106.2,-50.2,36.708333333333336,0.5715277777777777,7.288194444444445,108.93819444444445,-131.77499999999998,1000.5,-617.3,21.341666666666665,775.1361111111112,2000.0,0.0,108.55625,-694.4472222222222,0.0,-1000.0,93.85972222222222,637.9375,1000.0,0.0,102.57569444444444,39.36805555555556,305.44097222222223,T06,1.6,22.6,8.234722222222222,1.036875,1.5,22.0,8.170833333333333,1.0366666666666666,8.0,27.0,11.541666666666666,1001.0,1011.0,1006.2569444444445,43.0,95.0,66.82638888888889,0.0,10.0,0.1527777777777778,0.0,161.53472222222223,160.40277777777777,406.21527777777777,,0
2016-03-08 00:00:00+00:00,1692.0,0.0,821.4652777777778,135.22777777777776,36.298611111111114,45.229166666666664,45.77777777777778,46.041666666666664,28.666666666666668,43.38194444444444,46.041666666666664,25.21527777777778,15.0,0.0,7.1812499999999995,23.0,0.4,3.782638888888889,0.8493055555555556,1.6513888888888892,224.875,12.881944444444445,-551.4375,20760.38888888889,2910092.0,-294.7916666666667,-994917,41.451388888888886,44.770833333333336,41.395833333333336,33.86805555555556,34.736111111111114,22.22222222222222,33.388888888888886,20.02777777777778,15.23611111111111,-2.9,89.7,10.398611111111112,3.382638888888889,71.5625,34.49305555555556,34.50694444444444,32.99305555555556,32.5,121.23333333333332,0.8027777777777778,50.0,398.28541666666666,396.78333333333336,395.3979166666667,128.44236111111113,138.62986111111113,131.7388888888889,1713.8,-50.5,30.944444444444443,1.2312500000000002,3.855555555555556,57.65625,-41.375,1000.8,-978.8,51.24513888888889,131.94444444444446,1739.5,0.0,59.53472222222222,-308.78055555555557,0.0,-1000.0,101.21111111111111,308.64652777777775,1000.0,0.0,101.47361111111111,32.25,243.21527777777777,T06,0.6000000000000001,13.5,4.605555555555556,0.5249999999999999,0.7000000000000001,13.5,4.538194444444445,0.5095138888888889,7.0,16.0,11.666666666666666,1007.0,1015.0,1011.0555555555555,32.0,83.0,59.6875,0.0,0.0,0.0,0.0,88.84027777777777,87.45833333333333,410.9861111111111,,0
2016-03-09 00:00:00+00:00,1695.1,0.0,838.46875,45.99583333333333,35.65972222222222,44.548611111111114,45.8125,46.46527777777778,27.493055555555557,44.47222222222222,46.31944444444444,24.8125,15.0,0.0,7.263888888888889,20.8,0.4,4.852777777777778,0.8868055555555556,5.653472222222223,190.77291666666667,13.958333333333334,-355.78472222222223,72247.07638888889,10352346.0,-91.38888888888889,-1982045,48.28472222222222,52.15972222222222,48.166666666666664,34.395833333333336,35.11805555555556,24.694444444444443,33.895833333333336,22.09027777777778,17.395833333333332,-3.3,47.7,10.696527777777778,0.40555555555555556,64.64583333333333,35.31944444444444,35.326388888888886,34.263888888888886,31.71527777777778,431.35347222222225,0.9673611111111112,50.0,398.26180555555555,396.9506944444445,395.4819444444445,366.4319444444444,382.78055555555557,371.6625,2075.0,-33.6,31.618055555555557,0.3944444444444445,4.941666666666666,100.10277777777777,-82.59097222222222,1000.4,-207.6,6.105555555555556,436.85833333333335,2000.0,0.0,100.97152777777778,-488.1069444444444,0.0,-1000.0,18.364583333333332,481.21875,1000.0,0.0,30.366666666666667,32.40277777777778,192.61319444444445,T06,0.3,12.0,5.095833333333333,0.3838194444444445,0.0,12.0,5.084722222222222,0.38152777777777774,10.0,16.0,13.222222222222221,1010.0,1015.0,1013.1111111111111,31.0,85.0,54.604166666666664,0.0,0.0,0.0,0.0,98.65972222222223,98.33333333333333,413.0208333333333,,0
2016-03-10 00:00:00+00:00,1739.3,0.0,1223.0805555555555,82.47708333333334,41.791666666666664,52.826388888888886,54.38194444444444,55.236111111111114,28.1875,49.451388888888886,52.99305555555556,26.208333333333332,15.4,0.0,10.806249999999999,21.1,0.4,5.697916666666667,1.0979166666666667,3.0395833333333333,290.5541666666667,13.034722222222221,-193.59722222222223,74008.24305555556,10629309.0,-118.68055555555556,-2547156,52.8125,56.74305555555556,52.9375,35.201388888888886,37.395833333333336,24.25,36.645833333333336,23.25,16.770833333333332,-3.1,89.7,2.4479166666666665,1.7319444444444445,95.5,36.27777777777778,36.27777777777778,34.34027777777778,33.4375,442.88750000000005,0.9138888888888889,49.99791666666667,398.3548611111111,396.69166666666666,396.1201388888889,378.87638888888887,401.76944444444445,382.59444444444443,2103.0,-50.1,36.388888888888886,0.7319444444444445,5.882638888888889,117.79097222222224,-106.11875,598.4,-805.5,10.636111111111111,447.2159722222222,2000.0,0.0,118.22500000000001,-766.4597222222222,0.0,-1000.0,83.72708333333334,758.3361111111111,1000.0,0.0,92.12222222222222,35.4375,302.52916666666664,T06,0.7000000000000001,13.5,6.113888888888889,0.6444444444444444,0.8,14.5,6.0875,0.6431944444444445,7.0,16.0,11.95138888888889,1008.0,1012.0,1010.1805555555555,29.0,91.0,64.90972222222223,0.0,0.0,0.0,0.0,119.09027777777777,118.4375,410.1041666666667,,0
2016-03-11 00:00:00+00:00,1651.4,0.0,471.07013888888895,119.25902777777777,31.57638888888889,38.55555555555556,38.84027777777778,38.84722222222222,30.20138888888889,39.68055555555556,40.77777777777778,25.104166666666668,14.6,0.0,3.9499999999999997,19.0,0.4,2.7381944444444444,0.6979166666666666,4.054166666666666,142.03333333333333,14.45138888888889,-686.9166666666666,5340.944444444444,670181.0,-274.2013888888889,-410885,39.46527777777778,42.65972222222222,38.90972222222222,32.4375,33.15277777777778,23.90972222222222,31.8125,19.86111111111111,16.97222222222222,-2.5,89.7,17.227777777777778,3.209722222222222,48.076388888888886,32.71527777777778,32.708333333333336,31.569444444444443,30.208333333333332,27.927083333333332,0.8590277777777778,50.00069444444445,398.42499999999995,397.6486111111111,395.4597222222222,45.75486111111111,49.420833333333334,48.02638888888889,903.7,-50.1,27.895833333333332,1.1124999999999998,2.7881944444444446,24.928472222222222,-17.133333333333333,1000.7,-971.4,38.59652777777777,39.02152777777778,926.7,0.0,27.31736111111111,-123.42430555555555,0.0,-1000.0,73.30208333333333,123.42430555555555,1000.0,0.0,73.30208333333333,29.23611111111111,107.99166666666666,T06,0.0,10.3,3.4652777777777777,0.36416666666666664,0.0,10.2,3.4131944444444446,0.354375,9.0,17.0,13.51388888888889,1010.0,1013.0,1011.5138888888889,23.0,57.0,36.854166666666664,0.0,0.0,0.0,0.0,65.93055555555556,64.88888888888889,411.4583333333333,,0
2016-03-12 00:00:00+00:00,1609.0,0.0,523.4430555555556,65.85347222222222,32.3125,39.583333333333336,39.93055555555556,39.93055555555556,28.98611111111111,40.52777777777778,41.90277777777778,25.09027777777778,14.2,0.0,4.331250000000001,19.5,0.4,3.1381944444444443,0.6270833333333333,11.334027777777777,135.50972222222222,14.784722222222221,-646.6041666666666,12226.375,1667488.0,-312.6388888888889,-684646,40.0,43.02777777777778,39.34722222222222,33.048611111111114,33.86805555555556,25.27777777777778,32.604166666666664,20.38888888888889,18.59722222222222,-2.8,68.3,15.878472222222221,1.354861111111111,54.18055555555556,33.291666666666664,33.298611111111114,32.173611111111114,31.118055555555557,69.45833333333333,0.8868055555555556,50.0,398.34513888888887,397.28333333333336,395.33680555555554,74.08680555555556,80.83958333333334,77.45694444444445,792.1,-50.3,28.84722222222222,0.6555555555555556,3.201388888888889,25.84027777777778,-28.454166666666666,1000.5,-888.1,23.299305555555556,78.41319444444444,812.5,0.0,27.97361111111111,-229.10416666666666,0.0,-1000.0,49.09583333333333,229.10416666666666,1000.0,0.0,49.09583333333333,29.47222222222222,179.18055555555554,T06,0.0,8.8,3.568055555555555,0.2627777777777778,0.0,9.0,3.5347222222222223,0.25854166666666667,11.0,19.0,13.979166666666666,1011.0,1014.0,1012.625,26.0,59.0,41.708333333333336,0.0,0.0,0.0,0.0,68.02777777777777,67.42361111111111,412.5138888888889,,0
2016-03-13 00:00:00+00:00,1658.7,0.0,627.4208333333333,121.29652777777778,32.74305555555556,39.43055555555556,39.84027777777778,39.875,29.79861111111111,41.361111111111114,43.145833333333336,25.180555555555557,14.7,0.0,5.453472222222222,18.1,0.4,3.111111111111111,0.6180555555555556,7.776388888888889,135.3048611111111,14.854166666666666,-660.5208333333334,7071.958333333333,923247.0,-335.97222222222223,-421035,40.15277777777778,43.145833333333336,39.638888888888886,33.5625,34.125,26.40972222222222,32.75694444444444,20.73611111111111,19.59027777777778,-2.9,89.7,14.246527777777779,3.5104166666666665,59.46527777777778,34.013888888888886,34.02777777777778,32.638888888888886,32.24305555555556,38.46319444444444,0.7743055555555556,50.00069444444445,398.69444444444446,397.2902777777778,395.2604166666667,63.9673611111111,68.80694444444445,67.23124999999999,1052.0,-50.2,29.805555555555557,1.1159722222222221,3.173611111111111,23.29513888888889,-17.500694444444445,1000.2,-912.1,56.46527777777778,51.975,1066.1,0.0,25.64097222222222,-153.00555555555556,0.0,-1000.0,61.931250000000006,153.00555555555556,1000.0,0.0,61.931250000000006,29.42361111111111,150.02083333333334,T06,0.4,10.3,3.2840277777777778,0.27416666666666667,0.3,10.2,3.283333333333333,0.2790972222222222,11.0,19.0,14.097222222222221,1008.0,1013.0,1010.5555555555555,39.0,80.0,54.50694444444444,0.0,0.0,0.0,0.0,62.388888888888886,62.326388888888886,410.5208333333333,,0
2016-03-14 00:00:00+00:00,1625.6,0.0,665.3118055555556,66.41736111111112,32.229166666666664,39.86805555555556,40.326388888888886,40.361111111111114,28.680555555555557,39.763888888888886,41.49305555555556,24.75,14.4,0.0,5.870138888888889,17.9,0.4,3.2319444444444443,0.5944444444444446,14.870833333333334,186.51666666666668,14.180555555555555,-531.6875,8647.513888888889,1168679.0,-229.69444444444446,-620771,39.3125,42.583333333333336,38.826388888888886,33.541666666666664,34.0,26.22222222222222,32.65972222222222,20.15972222222222,19.354166666666668,-2.8,89.7,13.009722222222223,1.8611111111111112,60.59027777777778,34.00694444444444,34.020833333333336,32.88194444444444,31.67361111111111,48.704166666666666,0.8277777777777778,50.00069444444445,398.275,397.0444444444445,395.4319444444444,62.30694444444445,69.03888888888889,64.71527777777777,803.4,-50.6,29.09722222222222,0.5861111111111111,3.28125,25.160416666666666,-25.92638888888889,1000.3,-599.1,34.47986111111111,57.93541666666667,815.0,0.0,27.018749999999997,-223.35277777777776,0.0,-1000.0,82.44166666666666,223.35277777777776,1000.0,0.0,82.44166666666666,29.055555555555557,211.63819444444445,T06,0.0,10.2,3.401388888888889,0.24013888888888887,0.0,10.0,3.35625,0.23763888888888887,10.0,17.0,13.3125,1007.0,1011.0,1008.7361111111111,41.0,87.0,70.15277777777777,0.0,0.0,0.0,0.0,64.75694444444444,63.958333333333336,408.7083333333333,,0
2016-03-15 00:00:00+00:00,1705.6,0.0,559.9833333333333,65.61180555555556,30.77777777777778,37.895833333333336,38.541666666666664,38.56944444444444,28.854166666666668,40.00694444444444,40.173611111111114,24.73611111111111,15.1,0.0,4.74375,19.2,0.4,3.5326388888888887,0.6715277777777778,0.05624999999999937,195.88680555555555,14.63888888888889,-522.0416666666666,29046.020833333332,4107452.0,-163.90277777777777,-981595,42.3125,46.02777777777778,42.041666666666664,33.236111111111114,33.888888888888886,25.25,32.5,20.86111111111111,18.479166666666668,-3.0,89.7,16.927777777777777,1.63125,53.895833333333336,33.729166666666664,33.729166666666664,32.80555555555556,30.76388888888889,171.1888888888889,0.9236111111111112,50.0,398.59305555555557,397.59791666666666,395.81666666666666,152.28611111111113,160.70416666666668,154.56875000000002,2100.7,-49.7,29.4375,0.5444444444444445,3.566666666666667,56.71597222222223,-40.89930555555556,1001.1,-272.6,10.370138888888889,185.3465277777778,2000.0,0.0,58.75347222222222,-270.5909722222222,0.0,-1000.0,29.70138888888889,268.6145833333333,1000.0,0.0,33.46388888888889,28.520833333333332,280.80833333333334,T06,0.0,12.7,3.7152777777777777,0.2530555555555556,0.0,13.0,3.7083333333333335,0.2551388888888889,11.0,17.0,13.70138888888889,1010.0,1014.0,1012.5486111111111,47.0,91.0,74.13888888888889,0.0,0.0,0.0,0.0,71.00694444444444,70.9375,412.46527777777777,,0
2016-03-16 00:00:00+00:00,1733.4,0.0,1058.1597222222222,111.99305555555556,39.13194444444444,47.770833333333336,48.458333333333336,48.791666666666664,30.73611111111111,45.06944444444444,48.770833333333336,27.333333333333332,15.3,0.0,9.34513888888889,17.8,0.4,4.487500000000001,0.8868055555555556,2.732638888888889,277.1298611111111,15.097222222222221,-353.6111111111111,32290.63888888889,4598936.0,-216.70833333333334,-1678607,44.958333333333336,48.19444444444444,44.75694444444444,36.791666666666664,37.09722222222222,26.680555555555557,36.5625,23.1875,19.46527777777778,-3.0,68.8,4.866666666666666,2.689583333333333,86.47222222222223,37.5,37.5,35.65972222222222,35.736111111111114,191.6048611111111,0.8097222222222222,49.99930555555555,398.31458333333336,396.73541666666665,395.8909722222222,185.52222222222224,201.0951388888889,189.27499999999998,2104.6,-50.1,35.27777777777778,1.011111111111111,4.611805555555556,68.34166666666667,-69.85763888888889,1000.3,-873.3,44.93333333333333,198.66944444444445,2000.0,0.0,69.06736111111111,-530.1847222222223,0.0,-1000.0,111.27638888888889,529.7229166666667,1000.0,0.0,111.84027777777777,32.6875,286.89930555555554,T06,0.2,15.8,5.326388888888889,0.38006944444444446,0.3,15.9,5.325694444444444,0.38333333333333336,11.0,18.0,14.090277777777779,1010.0,1013.0,1011.8125,45.0,96.0,81.08333333333333,0.0,1.0,0.006944444444444444,0.0,103.22916666666667,103.29166666666667,411.78472222222223,,0
2016-03-17 00:00:00+00:00,1532.8,0.0,488.68611111111113,40.078472222222224,29.40277777777778,36.423611111111114,36.80555555555556,36.74305555555556,28.86111111111111,38.645833333333336,38.916666666666664,24.604166666666668,13.6,0.0,4.077777777777778,18.8,0.4,2.5881944444444445,0.5041666666666668,18.102777777777774,207.46875,14.26388888888889,-580.0138888888889,5625.236111111111,726511.0,-224.40972222222223,-453638,38.923611111111114,42.229166666666664,38.5625,32.701388888888886,33.28472222222222,25.54861111111111,31.86111111111111,19.78472222222222,18.604166666666668,-2.4,89.7,15.970833333333335,1.2152777777777777,51.701388888888886,33.03472222222222,33.041666666666664,32.138888888888886,30.07638888888889,30.28194444444445,0.8645833333333334,49.99861111111111,398.15694444444443,397.0763888888889,394.9430555555556,45.515972222222224,51.203472222222224,48.39930555555556,622.0,-50.2,28.09722222222222,0.37986111111111115,2.6402777777777775,23.243055555555557,-18.99722222222222,999.9,-790.4,33.326388888888886,36.21111111111111,627.3,0.0,21.58888888888889,-150.29444444444445,0.0,-1000.0,79.51875000000001,150.29444444444445,1000.0,0.0,79.51875000000001,27.291666666666668,211.8638888888889,T06,0.0,8.1,2.773611111111111,0.2061111111111111,0.0,8.1,2.771527777777778,0.20902777777777778,11.0,17.0,13.645833333333334,1010.0,1013.0,1011.5763888888889,54.0,96.0,80.66666666666667,0.0,1.0,0.006944444444444444,0.0,52.15972222222222,52.09722222222222,411.53472222222223,,0
2016-03-18 00:00:00+00:00,1627.6,0.0,400.5104166666667,37.079166666666666,27.569444444444443,33.736111111111114,34.111111111111114,33.875,29.006944444444443,36.75,36.65972222222222,24.5,14.4,0.0,3.29375,13.0,0.4,2.5611111111111113,0.49583333333333335,27.751388888888886,183.09444444444443,14.75,-581.1597222222222,8472.145833333334,1136303.0,-209.22916666666666,-499593,38.96527777777778,42.3125,38.46527777777778,32.111111111111114,33.11805555555556,25.569444444444443,31.541666666666668,19.791666666666668,18.666666666666668,-2.7,83.4,17.475,0.820138888888889,45.96527777777778,32.38194444444444,32.395833333333336,31.618055555555557,29.381944444444443,47.329861111111114,0.9159722222222223,49.99861111111111,398.43611111111113,397.21944444444443,395.18125,50.23125,56.81597222222222,52.885416666666664,871.2,-50.1,27.45138888888889,0.3673611111111111,2.6069444444444443,20.939583333333335,-20.819444444444443,1000.1,-614.9,13.118055555555555,52.83541666666667,888.5,0.0,20.48611111111111,-176.42430555555555,0.0,-1000.0,46.43055555555556,176.42430555555555,1000.0,0.0,46.43055555555556,26.25,137.8326388888889,T06,0.0,9.0,3.023611111111111,0.16,0.0,9.2,3.0194444444444444,0.16625,11.0,17.0,13.833333333333334,1008.0,1011.0,1009.3402777777778,61.0,99.0,84.63194444444444,0.0,1.0,0.006944444444444444,0.0,57.166666666666664,57.125,409.2916666666667,,0
2016-03-19 00:00:00+00:00,1676.9,0.0,810.2305555555555,76.85624999999999,36.270833333333336,44.166666666666664,44.75694444444444,44.77777777777778,29.54861111111111,43.72222222222222,45.951388888888886,26.52777777777778,14.8,0.0,6.99375,42.1,0.4,3.9027777777777777,0.7847222222222222,-0.3777777777777778,250.67361111111111,15.229166666666666,-453.65972222222223,25113.354166666668,3550996.0,-231.9375,-1259397,42.90972222222222,46.03472222222222,42.458333333333336,35.375,35.479166666666664,26.53472222222222,35.229166666666664,22.13888888888889,19.42361111111111,-2.8,89.7,10.302083333333334,1.776388888888889,72.29166666666667,35.9375,35.94444444444444,34.34027777777778,34.208333333333336,147.97291666666666,0.8604166666666667,50.00069444444445,398.48541666666665,396.9486111111111,395.7395833333333,137.61180555555555,149.99027777777778,139.4888888888889,1453.2,-50.9,32.576388888888886,0.7180555555555556,3.997916666666667,58.602777777777774,-52.485416666666666,1000.6,-875.5,17.118055555555557,154.69305555555556,2000.0,0.0,60.37986111111112,-416.11875,0.0,-1000.0,86.5611111111111,416.1166666666667,1000.0,0.0,86.58263888888888,31.75,256.05833333333334,T06,0.2,11.9,4.579861111111111,0.3318055555555556,0.3,12.3,4.601388888888889,0.34861111111111115,12.0,16.0,14.13888888888889,1006.0,1009.0,1007.4097222222222,54.0,99.0,79.49305555555556,0.0,9.0,0.4236111111111111,0.0,88.36805555555556,88.76388888888889,407.3888888888889,,0
2016-03-20 00:00:00+00:00,1682.4,0.0,731.1159722222222,97.47986111111112,33.263888888888886,41.291666666666664,41.736111111111114,41.916666666666664,29.34722222222222,42.145833333333336,44.125,25.381944444444443,14.9,0.0,6.435416666666667,18.4,0.4,3.7256944444444446,0.7506944444444446,-10.108333333333334,183.98611111111111,14.375,-517.7569444444445,17708.57638888889,2475479.0,-229.45138888888889,-965601,40.875,44.15277777777778,40.548611111111114,33.645833333333336,34.638888888888886,25.805555555555557,33.583333333333336,20.881944444444443,18.6875,-3.0,89.7,12.172222222222222,2.4124999999999996,63.645833333333336,34.13194444444444,34.13194444444444,32.708333333333336,32.09722222222222,103.14722222222223,0.8673611111111111,49.99861111111111,398.60069444444446,396.9486111111111,395.61805555555554,100.08055555555556,110.77916666666667,102.38611111111112,1278.0,-50.1,30.63888888888889,0.8576388888888888,3.808333333333333,51.57222222222222,-40.24027777777778,1000.1,-720.0,19.37847222222222,113.48194444444444,1287.6,0.0,53.62430555555555,-328.1902777777778,0.0,-1000.0,92.57430555555555,328.1902777777778,1000.0,0.0,92.57430555555555,30.208333333333332,196.59861111111113,T06,0.6000000000000001,11.7,4.277083333333334,0.34152777777777776,0.5,11.3,4.191666666666666,0.4011805555555556,10.0,20.0,13.42361111111111,1005.0,1008.0,1005.7152777777778,55.0,96.0,79.47222222222223,0.0,1.0,0.013888888888888888,0.0,82.32638888888889,80.54861111111111,405.6666666666667,,0
2016-03-21 00:00:00+00:00,1671.4,0.0,717.2006944444444,114.39375000000001,35.13194444444444,43.763888888888886,44.19444444444444,44.361111111111114,29.569444444444443,43.09027777777778,45.38194444444444,25.57638888888889,14.8,0.0,6.211111111111111,18.5,0.4,3.5541666666666667,0.7590277777777779,-2.7041666666666666,193.0611111111111,13.854166666666666,-557.0555555555555,18284.75,2552789.0,-256.8611111111111,-923894,41.354166666666664,44.548611111111114,40.88194444444444,32.645833333333336,33.798611111111114,25.11111111111111,32.833333333333336,21.0,17.98611111111111,-2.9,85.9,12.275694444444445,2.683333333333333,64.20138888888889,33.125,33.13194444444444,31.57638888888889,31.22222222222222,106.37916666666666,0.8493055555555555,50.0,398.55277777777775,397.0701388888889,395.80625,108.57708333333333,117.49305555555556,111.07569444444444,1435.1,-50.1,30.97222222222222,1.0444444444444445,3.642361111111111,47.56527777777777,-38.43333333333333,1000.4,-791.6,33.697916666666664,115.39583333333333,1461.2,0.0,49.22986111111111,-307.4506944444445,0.0,-1000.0,80.56805555555555,307.4506944444445,1000.0,0.0,80.56805555555555,31.8125,195.7527777777778,T06,0.0,11.2,3.954861111111111,0.39069444444444446,0.0,11.3,3.8784722222222223,0.424375,10.0,15.0,12.881944444444445,1001.0,1005.0,1002.3472222222222,57.0,96.0,77.75,0.0,25.0,0.24305555555555555,0.0,75.84027777777777,74.33333333333333,402.2708333333333,,0
2016-03-22 00:00:00+00:00,1727.4,0.0,906.2916666666666,65.25416666666666,37.56944444444444,48.09027777777778,49.354166666666664,50.208333333333336,28.51388888888889,44.9375,47.27777777777778,24.38888888888889,15.3,0.0,7.936805555555556,21.5,0.4,4.958333333333333,0.9784722222222223,-10.299305555555556,233.62916666666666,13.6875,-338.8263888888889,67768.41666666667,9709860.0,-116.07638888888889,-1977287,49.0,52.708333333333336,48.458333333333336,32.93055555555556,34.52777777777778,24.90972222222222,32.96527777777778,22.444444444444443,17.354166666666668,-3.3,89.7,9.100694444444445,1.0381944444444444,67.50694444444444,33.826388888888886,33.84722222222222,32.59027777777778,30.208333333333332,404.5965277777778,0.9486111111111111,50.00069444444445,398.8618055555555,397.23055555555555,396.48541666666665,345.91319444444446,362.1791666666667,348.1875,2101.1,-49.5,30.90972222222222,0.6173611111111111,5.042361111111111,101.5326388888889,-82.39513888888888,1000.0,-325.9,9.630555555555555,408.79999999999995,2000.0,0.0,102.56875,-527.1916666666667,0.0,-1000.0,45.06180555555555,514.338888888889,1000.0,0.0,57.391666666666666,34.361111111111114,198.91944444444445,T06,0.2,13.9,5.479166666666667,0.5101388888888888,0.3,14.0,5.392361111111111,0.5220138888888889,9.0,15.0,12.715277777777779,1000.0,1005.0,1002.1875,60.0,96.0,80.36111111111111,0.0,8.0,0.09722222222222222,0.0,106.31944444444444,104.65277777777777,402.125,,0
2016-03-23 00:00:00+00:00,1629.3,0.0,1101.2791666666667,60.0,38.55555555555556,47.46527777777778,48.30555555555556,48.673611111111114,27.881944444444443,45.361111111111114,49.05555555555556,25.791666666666668,14.4,0.0,9.730555555555556,20.5,0.4,4.488194444444444,0.7909722222222223,-1.2805555555555557,296.2986111111111,13.694444444444445,-244.01388888888889,29641.402777777777,4233220.0,-167.47222222222223,-1690736,44.09722222222222,47.59027777777778,44.19444444444444,34.263888888888886,36.06944444444444,24.90277777777778,35.56944444444444,22.21527777777778,17.5625,-2.6,89.7,3.5833333333333335,1.4097222222222223,91.86111111111111,35.083333333333336,35.083333333333336,33.201388888888886,32.65972222222222,176.38888888888889,0.8020833333333334,49.99722222222223,398.36041666666665,396.62152777777777,395.62708333333336,167.24305555555554,187.35208333333333,174.33749999999998,859.1,-49.1,34.576388888888886,0.5465277777777778,4.638888888888889,54.61736111111111,-70.47291666666666,1000.5,-701.2,30.751388888888886,180.18680555555557,888.1,0.0,54.80138888888889,-593.2208333333333,0.0,-1000.0,114.07777777777778,593.2208333333333,1000.0,0.0,114.07777777777778,31.756944444444443,297.5854166666667,T06,0.4,11.0,5.334722222222222,0.34062499999999996,0.7000000000000001,11.0,5.291666666666667,0.34069444444444447,10.0,15.0,12.73611111111111,1002.0,1005.0,1003.3194444444445,46.0,87.0,69.16666666666667,0.0,1.0,0.006944444444444444,0.0,103.44444444444444,102.61805555555556,403.28472222222223,,0
2016-03-24 00:00:00+00:00,1694.6,0.0,539.6187500000001,70.93819444444445,31.04861111111111,38.40972222222222,39.013888888888886,39.013888888888886,29.229166666666668,41.40972222222222,40.96527777777778,25.0625,15.0,0.0,4.636111111111111,18.3,0.4,3.3256944444444443,0.6208333333333333,36.88402777777778,194.92847222222224,14.23611111111111,-551.3263888888889,31463.006944444445,4451281.0,-185.625,-1004075,43.208333333333336,46.798611111111114,42.65972222222222,32.951388888888886,34.145833333333336,24.34027777777778,32.708333333333336,20.708333333333332,18.09027777777778,-3.1,89.7,15.738194444444446,1.7402777777777778,52.395833333333336,33.423611111111114,33.44444444444444,32.47222222222222,30.3125,185.49305555555554,0.9354166666666666,49.99930555555555,398.23749999999995,397.2006944444445,395.51944444444445,166.52222222222224,173.4972222222222,167.90833333333333,1782.5,-49.4,29.368055555555557,0.6194444444444445,3.396527777777778,43.200694444444444,-41.829861111111114,1000.2,-929.5,14.128472222222221,192.25694444444446,1802.5,0.0,44.14791666666667,-263.8333333333333,0.0,-1000.0,27.0,263.08402777777775,1000.0,0.0,29.02638888888889,28.86111111111111,270.54097222222225,T06,0.0,11.1,3.560416666666667,0.22895833333333332,0.0,11.1,3.582638888888889,0.23458333333333334,10.0,18.0,13.243055555555555,1005.0,1016.0,1009.1805555555555,42.0,81.0,68.90277777777777,0.0,0.0,0.0,0.0,67.96527777777777,68.34027777777777,409.15277777777777,,0
2016-03-25 00:00:00+00:00,1653.9,135.9,973.3340277777778,65.71111111111111,37.263888888888886,45.986111111111114,46.548611111111114,46.84027777777778,29.166666666666668,44.18055555555556,47.4375,26.583333333333332,14.6,0.0,8.617361111111112,18.1,0.4,4.342361111111111,0.8041666666666667,-1.2541666666666667,220.5125,15.159722222222221,-321.06944444444446,28964.42361111111,4124645.0,-151.02777777777777,-1400966,43.423611111111114,46.638888888888886,43.020833333333336,35.18055555555556,35.99305555555556,26.45138888888889,35.326388888888886,22.444444444444443,19.32638888888889,-3.1,61.1,6.796527777777778,1.1958333333333333,76.95833333333333,35.986111111111114,35.986111111111114,34.4375,33.75694444444444,171.875,0.8520833333333333,49.99861111111111,398.8951388888889,397.2131944444444,396.43958333333336,163.25416666666666,177.46041666666667,166.28611111111113,1106.1,-50.3,33.201388888888886,0.5909722222222222,4.454861111111111,57.231944444444444,-58.37916666666667,804.8,-679.2,29.14652777777778,177.0638888888889,1120.1,0.0,59.547916666666666,-504.8166666666667,0.0,-1000.0,85.17361111111111,504.8166666666667,1000.0,0.0,85.17361111111111,32.00694444444444,221.7736111111111,T06,2.5,10.4,5.427083333333333,0.33041666666666664,2.0,10.5,5.409027777777777,0.38708333333333333,13.0,17.0,14.25,1016.0,1020.0,1017.9166666666666,70.0,95.0,84.20138888888889,0.0,0.0,0.0,0.0,105.36805555555556,104.94444444444444,417.8611111111111,,0
2016-03-26 00:00:00+00:00,1665.0,0.0,753.1701388888889,54.547916666666666,34.923611111111114,43.208333333333336,43.798611111111114,43.93055555555556,28.63888888888889,42.125,43.854166666666664,25.875,14.8,0.0,6.561805555555555,22.1,0.4,3.7277777777777774,0.7083333333333334,-9.997222222222222,243.35347222222222,14.833333333333334,-433.90972222222223,24143.833333333332,3414228.0,-189.91666666666666,-1233185,41.625,45.138888888888886,41.423611111111114,34.72222222222222,35.361111111111114,25.229166666666668,34.604166666666664,21.67361111111111,18.15277777777778,-3.0,89.7,10.72013888888889,1.0006944444444443,71.68055555555556,35.25694444444444,35.25,33.9375,33.166666666666664,142.22430555555556,0.8972222222222221,49.99930555555555,398.2722222222222,396.7111111111111,395.23125000000005,128.04583333333332,143.06666666666666,134.01597222222222,1086.0,-49.3,31.76388888888889,0.4756944444444444,3.8159722222222223,51.37777777777777,-51.40486111111111,825.1,-363.6,9.755555555555555,146.56736111111113,1109.9,0.0,51.78958333333333,-417.60347222222225,0.0,-1000.0,61.243750000000006,417.60347222222225,1000.0,0.0,61.243750000000006,30.118055555555557,260.8694444444444,T06,0.0,10.5,4.263888888888889,0.33902777777777776,0.0,10.4,4.268055555555556,0.33979166666666666,12.0,16.0,13.909722222222221,1016.0,1019.0,1017.8333333333334,66.0,92.0,80.13888888888889,0.0,0.0,0.0,0.0,82.02777777777777,82.16666666666667,417.7708333333333,,0
2016-03-27 00:00:00+00:00,1672.3,0.0,999.218115942029,74.03333333333333,37.789855072463766,46.268115942028984,46.96376811594203,47.13768115942029,29.82608695652174,44.04347826086956,47.48550724637681,27.32608695652174,14.8,0.0,8.746376811594203,17.9,0.4,4.253623188405797,0.7731884057971015,-2.6333333333333337,265.04420289855074,16.10144927536232,-304.31159420289856,23977.282608695652,3266869.0,-175.268115942029,-1525716,43.43478260869565,46.833333333333336,43.36231884057971,37.29710144927536,36.67391304347826,27.282608695652176,36.46376811594203,23.39855072463768,20.10144927536232,-3.0,89.7,7.210869565217392,2.1478260869565218,83.28985507246377,37.94202898550725,37.94202898550725,36.19565217391305,36.30434782608695,142.01304347826087,0.8137681159420289,50.00217391304348,398.6376811594203,396.6768115942029,395.6471014492754,134.10797101449276,153.88260869565218,138.95217391304348,1415.1,-49.6,34.55797101449275,0.6760869565217391,4.4021739130434785,48.44710144927536,-66.35724637681159,1000.9,-368.7,19.132608695652173,153.58478260869566,1446.0,0.0,51.50144927536232,-512.1804347826087,0.0,-1000.0,106.5449275362319,512.1804347826087,1000.0,0.0,106.54565217391304,32.1231884057971,267.6797101449276,T06,0.6000000000000001,9.3,4.92536231884058,0.26231884057971017,0.6000000000000001,9.6,4.946376811594203,0.266304347826087,13.0,18.0,15.159420289855072,1014.0,1017.0,1015.1666666666666,57.0,99.0,84.21014492753623,0.0,4.0,0.11594202898550725,0.0,95.21014492753623,95.6231884057971,415.1376811594203,,0
2016-03-28 00:00:00+00:00,1667.4,0.0,761.5972222222222,46.91319444444444,34.388888888888886,42.611111111111114,43.31944444444444,43.24305555555556,28.71527777777778,41.576388888888886,43.40277777777778,26.006944444444443,14.8,0.0,6.695833333333333,16.6,0.4,3.4993055555555554,0.7090277777777778,-12.279166666666667,255.42361111111111,14.965277777777779,-431.25,19209.98611111111,2704135.0,-198.23611111111111,-1168173,41.416666666666664,44.895833333333336,41.270833333333336,35.19444444444444,35.361111111111114,25.854166666666668,34.40972222222222,21.61111111111111,18.84027777777778,-2.8,57.4,9.95138888888889,0.9611111111111111,72.40972222222223,35.666666666666664,35.673611111111114,34.298611111111114,33.576388888888886,112.65416666666667,0.8666666666666667,50.00069444444445,398.55277777777775,397.0854166666667,395.2138888888889,105.35208333333334,121.27638888888889,111.87152777777777,1105.2,-47.5,31.84027777777778,0.43125,3.6027777777777774,38.74166666666667,-48.672222222222224,1000.1,-881.4,13.932638888888889,117.10138888888888,1129.1,0.0,38.39861111111111,-390.55277777777775,0.0,-1000.0,75.94999999999999,390.55277777777775,1000.0,0.0,75.94999999999999,29.63888888888889,282.7111111111111,T06,0.1,9.6,3.884722222222222,0.2079861111111111,0.2,9.5,3.859027777777778,0.21125,11.0,17.0,13.972222222222221,1013.0,1016.0,1014.2638888888889,27.0,87.0,69.72916666666667,0.0,0.0,0.0,0.0,74.30555555555556,73.84027777777777,414.24305555555554,,0
2016-03-29 00:00:00+00:00,1491.9,0.0,236.08402777777778,15.449999999999998,26.944444444444443,32.88194444444444,33.291666666666664,32.916666666666664,29.40972222222222,36.916666666666664,35.05555555555556,25.444444444444443,13.2,0.0,1.90625,12.4,0.4,2.0118055555555556,0.4340277777777778,3.6666666666666665,226.01388888888889,16.243055555555557,-679.2916666666666,2367.5555555555557,243110.0,-242.25,-250983,39.69444444444444,43.05555555555556,39.24305555555556,31.4375,33.263888888888886,26.78472222222222,31.79861111111111,20.458333333333332,19.729166666666668,-2.4,57.7,20.399305555555557,0.2486111111111111,41.298611111111114,31.61111111111111,31.618055555555557,30.75,29.02777777777778,10.125,0.8861111111111112,49.99930555555555,397.6722222222222,397.1902777777778,394.43333333333334,28.65277777777778,30.977777777777778,30.672222222222224,439.0,-50.3,27.6875,0.11249999999999999,2.052777777777778,9.73263888888889,-10.431249999999999,1001.3,-961.1,29.46805555555555,15.569444444444445,449.3,0.0,8.554861111111112,-67.26805555555556,0.0,-1000.0,31.502083333333335,67.26805555555556,1000.0,0.0,31.502083333333335,25.84027777777778,277.33402777777775,T06,0.0,7.6,2.2347222222222225,0.1511111111111111,0.0,7.7,2.2381944444444444,0.15173611111111113,11.0,22.0,15.23611111111111,1008.0,1014.0,1010.3888888888889,42.0,99.0,79.90277777777777,0.0,0.0,0.0,0.0,41.326388888888886,41.34722222222222,410.34027777777777,,0
2016-03-30 00:00:00+00:00,1691.1,0.0,617.9069444444444,43.74722222222223,31.86111111111111,37.486111111111114,37.826388888888886,37.833333333333336,31.17361111111111,38.72222222222222,40.513888888888886,26.8125,14.9,0.0,5.3180555555555555,20.3,0.4,3.497916666666667,0.5895833333333333,-0.4124999999999997,193.98819444444445,17.354166666666668,-428.49305555555554,19700.645833333332,2775189.0,-132.82638888888889,-834944,43.09722222222222,46.416666666666664,42.604166666666664,33.40277777777778,35.041666666666664,28.569444444444443,33.90972222222222,22.569444444444443,22.020833333333332,-3.1,89.7,14.181944444444445,0.8708333333333332,52.59027777777778,33.8125,33.81944444444444,32.77777777777778,31.819444444444443,115.61319444444445,0.8965277777777777,50.00138888888889,398.25138888888887,397.28125,395.2868055555556,108.50763888888889,117.75486111111111,113.16736111111112,1869.8,-49.6,30.520833333333332,0.40138888888888885,3.535416666666667,32.795833333333334,-34.75694444444444,840.9,-572.9,17.610416666666666,121.37708333333333,1911.5,0.0,33.84166666666667,-288.2319444444445,0.0,-1000.0,26.734027777777776,287.94166666666666,1000.0,0.0,27.475,28.395833333333332,186.90277777777777,T06,0.0,12.3,3.695138888888889,0.23625000000000002,0.0,12.4,3.711111111111111,0.238125,14.0,21.0,16.555555555555557,1004.0,1008.0,1005.4305555555555,42.0,85.0,63.611111111111114,0.0,0.0,0.0,0.0,70.74305555555556,70.90277777777777,405.40972222222223,,0
2016-03-31 00:00:00+00:00,1789.1,0.0,1406.1506944444445,81.45902777777778,48.923611111111114,61.90972222222222,64.71527777777777,66.38194444444444,31.625,50.486111111111114,55.333333333333336,26.631944444444443,15.8,0.0,12.454166666666667,27.1,0.4,7.15625,1.4291666666666667,0.22083333333333327,301.79305555555555,14.13888888888889,-198.96527777777777,131614.71527777778,18923869.0,-130.70833333333334,-3300988,58.53472222222222,62.80555555555556,59.423611111111114,37.986111111111114,38.40277777777778,25.23611111111111,37.763888888888886,25.92361111111111,17.79861111111111,-3.3,89.7,0.7770833333333333,1.8888888888888888,102.65277777777777,39.541666666666664,39.56944444444444,37.548611111111114,35.9375,788.5416666666666,0.9263888888888889,50.00138888888889,398.99305555555554,397.15277777777777,397.4576388888889,670.5902777777778,691.2437500000001,667.0215277777778,2106.8,-49.5,38.52777777777778,0.7180555555555556,7.240972222222222,182.47847222222222,-137.55069444444445,1000.2,-317.0,12.895833333333334,789.9263888888888,2000.0,0.0,181.9673611111111,-790.9840277777778,0.0,-1000.0,95.70277777777778,749.7020833333333,1000.0,0.0,110.91874999999999,39.4375,314.07916666666665,T06,1.5,15.8,8.077083333333333,0.9854861111111111,1.5,15.8,8.009027777777778,0.9706944444444444,8.0,16.0,13.083333333333334,1007.0,1011.0,1008.6875,34.0,88.0,58.52777777777778,0.0,0.0,0.0,0.0,158.51388888888889,157.11111111111111,408.68055555555554,,0
2016-04-01 00:00:00+00:00,1686.3,0.0,918.1527777777778,115.27083333333333,36.986111111111114,46.173611111111114,46.770833333333336,47.041666666666664,30.27777777777778,43.979166666666664,47.1875,26.006944444444443,14.9,0.0,8.039583333333333,25.8,0.4,4.177777777777778,0.9729166666666667,-0.6798611111111108,248.98680555555555,14.465277777777779,-415.40277777777777,29613.375,4204507.0,-198.67361111111111,-1385169,43.46527777777778,46.951388888888886,43.673611111111114,35.513888888888886,35.604166666666664,24.67361111111111,34.645833333333336,21.618055555555557,17.631944444444443,-2.9,89.7,8.111805555555556,2.629861111111111,75.22916666666667,36.125,36.13194444444444,34.56944444444444,34.083333333333336,175.19375000000002,0.8680555555555556,49.99930555555555,398.41319444444446,396.8215277777778,396.0055555555556,160.62083333333334,174.175,164.21388888888887,1599.5,-50.6,32.40277777777778,1.0590277777777777,4.261805555555556,71.84305555555555,-57.71875,1000.1,-483.1,23.22986111111111,183.89027777777778,1612.1,0.0,74.52638888888889,-461.62708333333336,0.0,-1000.0,111.70277777777778,461.5805555555556,1000.0,0.0,111.88055555555555,32.4375,252.15625,T06,1.2,11.8,5.457638888888889,0.5759027777777779,1.1,11.2,5.388888888888889,0.5623611111111111,8.0,18.0,13.395833333333334,1006.0,1012.0,1008.9930555555555,27.0,72.0,47.72222222222222,0.0,0.0,0.0,0.0,105.97222222222223,104.65277777777777,408.9375,,0
2016-04-02 00:00:00+00:00,1613.0,0.0,620.8770833333333,75.32777777777778,32.88194444444444,39.986111111111114,40.40277777777778,40.4375,29.67361111111111,41.4375,43.03472222222222,25.65277777777778,14.3,0.0,5.377083333333333,20.0,0.4,3.1104166666666666,0.6111111111111112,13.863888888888889,179.98680555555555,14.819444444444445,-607.1041666666666,7646.715277777777,1013704.0,-278.05555555555554,-590438,40.53472222222222,43.854166666666664,40.236111111111114,33.513888888888886,34.75,26.416666666666668,33.5625,20.86111111111111,19.79861111111111,-2.5,73.0,14.272916666666667,2.0868055555555554,60.763888888888886,33.916666666666664,33.923611111111114,32.666666666666664,32.013888888888886,42.231944444444444,0.8375,49.99861111111111,398.1118055555555,397.08194444444445,394.74930555555557,54.050694444444446,61.53402777777777,58.24652777777778,773.9,-50.3,30.118055555555557,0.70625,3.163888888888889,28.228472222222223,-24.59861111111111,1000.0,-825.9,30.98680555555556,50.77152777777778,782.1,0.0,28.788194444444443,-187.2784722222222,0.0,-1000.0,92.02013888888888,187.2784722222222,1000.0,0.0,92.02013888888888,30.09722222222222,206.11944444444444,T06,0.0,9.4,3.4069444444444446,0.2576388888888889,0.0,9.1,3.3687500000000004,0.2659722222222222,10.0,17.0,13.958333333333334,1003.0,1008.0,1005.3194444444445,55.0,89.0,71.22916666666667,0.0,0.0,0.0,0.0,64.86805555555556,64.00694444444444,405.1875,,0
2016-04-03 00:00:00+00:00,1681.8,0.0,674.942361111111,73.10347222222222,32.34027777777778,40.47222222222222,40.97222222222222,40.979166666666664,29.083333333333332,40.576388888888886,42.013888888888886,25.243055555555557,14.9,0.0,5.830555555555556,15.4,0.4,3.396527777777778,0.6583333333333333,13.053472222222222,226.77916666666667,14.631944444444445,-469.6388888888889,19408.555555555555,2727201.0,-179.22222222222223,-990427,40.666666666666664,44.138888888888886,40.333333333333336,33.888888888888886,34.513888888888886,25.40277777777778,33.388888888888886,21.055555555555557,18.15277777777778,-3.2,89.7,12.265277777777778,1.6194444444444445,61.458333333333336,34.395833333333336,34.40277777777778,33.3125,31.881944444444443,113.63333333333334,0.8951388888888889,50.0,398.08402777777775,396.82708333333335,394.72291666666666,107.7201388888889,120.37986111111111,113.25416666666666,1414.5,-51.0,30.166666666666668,0.6576388888888889,3.473611111111111,48.99791666666667,-41.275000000000006,1001.1,-548.7,20.75277777777778,119.44444444444444,1442.3,0.0,48.3625,-335.0486111111111,0.0,-1000.0,79.68472222222222,335.0486111111111,1000.0,0.0,79.69166666666666,29.51388888888889,236.21527777777777,T06,0.0,11.0,3.8930555555555557,0.30715277777777783,0.0,10.8,3.892361111111111,0.3142361111111111,10.0,16.0,13.694444444444445,1006.0,1009.0,1007.2013888888889,67.0,99.0,83.40277777777777,0.0,1.0,0.020833333333333332,0.0,74.61805555555556,74.59027777777777,407.15972222222223,,0
2016-04-04 00:00:00+00:00,1841.1,0.0,1357.478472222222,82.03333333333333,55.13194444444444,73.47222222222223,78.86111111111111,81.25694444444444,37.673611111111114,51.15972222222222,56.69444444444444,28.868055555555557,16.1,0.0,11.934722222222222,30.4,0.5,9.191666666666666,1.9402777777777775,-1.7013888888888886,239.9638888888889,15.125,-244.24305555555554,194660.20833333334,27995898.0,-165.58333333333334,-3682827,64.74305555555556,69.60416666666667,67.01388888888889,41.19444444444444,40.236111111111114,25.180555555555557,39.333333333333336,29.63888888888889,17.90972222222222,-3.1,89.7,8.64236111111111,3.7631944444444443,103.54861111111111,42.826388888888886,42.888888888888886,40.84027777777778,38.61805555555556,1166.5375,0.9361111111111112,50.00138888888889,399.0229166666667,396.99652777777777,397.8888888888889,988.2895833333334,1005.3215277777776,976.9055555555556,2107.6,-62.0,40.923611111111114,0.7604166666666666,9.235416666666667,147.59166666666667,-153.4375,893.7,-236.9,11.49861111111111,1236.9930555555557,2000.0,0.0,132.3777777777778,-602.5104166666666,0.0,-1000.0,99.91805555555555,502.9770833333333,1000.0,0.0,102.41319444444444,46.11805555555556,241.66944444444445,T06,1.5,23.3,10.303472222222222,2.3419444444444446,1.6,22.6,10.335416666666667,2.359375,13.0,17.0,14.291666666666666,999.0,1009.0,1003.7916666666666,73.0,99.0,89.70833333333333,0.0,13.0,0.5555555555555556,0.0,203.11111111111111,203.76388888888889,403.74305555555554,,0
2016-04-05 00:00:00+00:00,1762.7,0.0,1461.475,67.1548611111111,45.423611111111114,59.40277777777778,62.020833333333336,63.65277777777778,29.916666666666668,51.97222222222222,56.71527777777778,26.51388888888889,15.8,0.0,12.939583333333333,22.3,0.4,7.071527777777778,1.3597222222222223,0.5604166666666666,292.80833333333334,14.347222222222221,-61.111111111111114,126667.31944444444,18231295.0,-44.18055555555556,-3612797,61.86805555555556,66.35416666666667,63.298611111111114,37.166666666666664,38.86805555555556,25.77777777777778,38.520833333333336,26.631944444444443,18.069444444444443,-3.2,86.3,-1.0756944444444445,0.8916666666666667,104.11111111111111,38.75694444444444,38.77777777777778,36.81944444444444,35.361111111111114,759.6555555555556,0.9479166666666666,50.0,398.52986111111113,396.8034722222222,397.0236111111111,645.1659722222222,668.9958333333333,644.8416666666667,2105.9,-50.2,39.0625,0.5909722222222222,7.265972222222222,172.32847222222222,-150.53194444444443,22.5,-220.7,8.233333333333333,760.825,2000.0,0.0,172.2076388888889,-913.1909722222222,0.0,-1000.0,71.66805555555555,891.9965277777778,1000.0,0.0,88.65208333333334,40.74305555555556,297.2527777777778,T06,0.4,15.5,8.197222222222223,0.8350000000000001,0.3,15.4,8.161111111111111,0.8263888888888888,10.0,16.0,13.340277777777779,1000.0,1006.0,1003.0138888888889,58.0,89.0,73.21527777777777,0.0,0.0,0.0,0.0,160.83333333333334,160.15972222222223,402.97222222222223,,0
2016-04-06 00:00:00+00:00,1659.2,0.0,579.9486111111112,76.85416666666667,33.770833333333336,40.916666666666664,41.583333333333336,41.30555555555556,30.20138888888889,42.451388888888886,43.50694444444444,26.375,14.7,0.0,4.977083333333334,18.1,0.4,3.084722222222222,0.7097222222222223,3.802777777777778,219.12083333333334,15.95138888888889,-647.5555555555555,12363.368055555555,1687078.0,-359.77777777777777,-816234,42.548611111111114,45.875,42.291666666666664,33.861111111111114,35.1875,26.104166666666668,34.166666666666664,22.375,19.055555555555557,-2.7,89.7,15.647916666666667,2.2125000000000004,63.104166666666664,34.34722222222222,34.354166666666664,32.916666666666664,32.65972222222222,70.30972222222222,0.8347222222222223,50.0,398.0652777777778,396.9006944444444,394.9604166666667,80.86805555555556,88.30833333333334,82.91944444444444,1193.9,-50.2,31.25,0.6895833333333333,3.1722222222222225,38.22777777777778,-33.94444444444444,1000.2,-852.2,33.20972222222222,83.89861111111111,1340.8,0.0,41.6875,-242.37152777777777,0.0,-1000.0,87.61180555555556,242.37152777777777,1000.0,0.0,87.61180555555556,30.104166666666668,255.3152777777778,T06,0.0,10.9,3.8270833333333334,0.35736111111111113,0.0,11.4,3.7979166666666666,0.3604861111111111,11.0,20.0,14.722222222222221,1005.0,1008.0,1006.5972222222222,41.0,88.0,69.18055555555556,0.0,0.0,0.0,0.0,73.3125,72.625,406.5625,,0
2016-04-07 00:00:00+00:00,1615.2,0.0,503.2409722222222,40.947916666666664,30.430555555555557,37.125,37.513888888888886,37.43055555555556,31.354166666666668,38.5625,38.513888888888886,27.118055555555557,14.3,0.0,4.3375,13.2,0.4,2.896527777777778,0.5520833333333334,-9.409027777777778,205.60694444444445,17.506944444444443,-455.09722222222223,12266.201388888889,1700798.0,-124.18055555555556,-732824,41.75694444444444,45.19444444444444,41.50694444444444,33.208333333333336,35.02777777777778,28.34722222222222,33.94444444444444,22.59027777777778,21.868055555555557,-2.5,89.7,15.136111111111111,1.109722222222222,52.65277777777778,33.5,33.50694444444444,32.46527777777778,31.354166666666668,70.87708333333333,0.9166666666666666,50.0,398.4770833333333,397.3861111111111,395.11041666666665,68.61388888888888,78.28055555555555,73.01319444444444,693.2,-51.4,30.333333333333332,0.35625,2.9895833333333335,23.52777777777778,-30.550694444444446,1000.2,-820.6,12.613888888888889,74.75347222222223,717.7,0.0,22.304166666666667,-275.9243055555555,0.0,-1000.0,48.60138888888889,275.9243055555555,1000.0,0.0,48.60138888888889,28.72222222222222,215.00902777777776,T06,0.0,9.0,3.004861111111111,0.17319444444444446,0.0,9.1,2.9618055555555554,0.1765972222222222,13.0,22.0,16.791666666666668,1006.0,1008.0,1006.9375,49.0,90.0,72.63194444444444,0.0,0.0,0.0,0.0,56.71527777777778,55.708333333333336,406.8958333333333,,0
2016-04-08 00:00:00+00:00,1744.4,0.0,799.1347222222222,69.09444444444445,37.21527777777778,45.34722222222222,46.02777777777778,46.06944444444444,31.45138888888889,44.43055555555556,46.145833333333336,27.53472222222222,15.5,0.0,6.965277777777778,22.8,0.4,3.9340277777777777,0.9437500000000001,2.6944444444444446,244.48958333333334,17.73611111111111,-495.7638888888889,33859.51388888889,4804383.0,-262.4861111111111,-1514926,47.0,50.38194444444444,46.78472222222222,35.36805555555556,36.71527777777778,27.17361111111111,36.451388888888886,24.46527777777778,20.22222222222222,-3.0,61.1,10.274999999999999,0.9395833333333334,73.38194444444444,36.083333333333336,36.111111111111114,34.513888888888886,34.28472222222222,200.16041666666666,0.8680555555555556,50.0,398.3798611111111,397.0222222222222,395.875,184.49930555555557,195.45833333333334,184.4923611111111,2105.0,-50.0,34.06944444444444,0.6236111111111111,4.009027777777778,102.76041666666667,-63.115972222222226,718.1,-504.3,17.46388888888889,205.15694444444443,2000.0,0.0,102.26041666666667,-411.26180555555555,0.0,-1000.0,98.72222222222223,409.9375,1000.0,0.0,101.15277777777777,32.44444444444444,274.2902777777778,T06,0.6000000000000001,14.2,5.073611111111111,0.6308333333333334,0.6000000000000001,14.0,5.004861111111111,0.613125,13.0,21.0,16.770833333333332,1005.0,1010.0,1006.9236111111111,27.0,89.0,58.05555555555556,0.0,0.0,0.0,0.0,98.20833333333333,96.88888888888889,406.88194444444446,,0
2016-04-09 00:00:00+00:00,1675.6,0.0,534.4215277777778,84.84166666666667,31.15277777777778,37.97222222222222,38.21527777777778,38.15972222222222,31.4375,41.03472222222222,42.145833333333336,26.4375,14.8,0.0,4.552083333333333,23.5,0.4,3.3583333333333334,0.6673611111111112,-3.54375,257.85069444444446,16.11111111111111,-616.1388888888889,16159.583333333334,2238254.0,-257.7291666666667,-745711,42.75,46.00694444444444,42.22222222222222,32.986111111111114,34.576388888888886,26.97222222222222,33.611111111111114,21.791666666666668,20.395833333333332,-3.1,89.7,16.32986111111111,1.8875000000000002,51.75,33.36805555555556,33.375,32.21527777777778,31.5,93.25416666666666,0.90625,49.99930555555555,398.70694444444445,397.69375,395.69444444444446,89.61111111111111,95.95833333333333,91.29444444444444,1201.1,-50.1,29.944444444444443,0.7715277777777777,3.3916666666666666,34.55763888888889,-31.045833333333334,1001.4,-895.0,13.705555555555556,104.05625,1252.7,0.0,37.75208333333333,-232.99930555555557,0.0,-1000.0,35.484027777777776,232.99930555555557,1000.0,0.0,35.484027777777776,29.805555555555557,281.38472222222225,T06,0.3,9.8,4.009722222222222,0.2529166666666667,0.3,10.0,4.011805555555556,0.25479166666666664,12.0,20.0,15.25,1006.0,1010.0,1008.0763888888889,27.0,82.0,46.86805555555556,0.0,0.0,0.0,0.0,76.86111111111111,76.97222222222223,408.03472222222223,,0
2016-04-10 00:00:00+00:00,1708.4,0.0,931.9631944444445,125.8423611111111,35.798611111111114,45.520833333333336,46.048611111111114,46.291666666666664,30.416666666666668,43.75694444444444,47.00694444444444,25.86111111111111,15.1,0.0,8.191666666666666,34.5,0.4,4.1194444444444445,0.8402777777777778,-5.4125,242.0881944444444,14.319444444444445,-404.8125,27601.881944444445,3916377.0,-168.75,-1381725,42.486111111111114,45.71527777777778,41.94444444444444,33.30555555555556,34.25694444444444,24.46527777777778,33.861111111111114,21.819444444444443,17.458333333333332,-3.1,89.7,7.85486111111111,3.14375,71.98611111111111,34.048611111111114,34.0625,32.333333333333336,31.82638888888889,163.15625,0.8340277777777778,50.0,398.53194444444443,396.87847222222223,395.47222222222223,152.27916666666667,168.70833333333334,158.43541666666667,1420.3,-49.8,32.11805555555556,1.1208333333333333,4.239583333333333,63.391666666666666,-57.55833333333333,1000.1,-557.0,26.742361111111112,172.35000000000002,2000.0,0.0,66.49652777777777,-409.13472222222225,0.0,-1000.0,93.86597222222223,409.1340277777778,1000.0,0.0,93.87847222222223,32.90972222222222,249.9951388888889,T06,0.5,13.0,4.855555555555556,0.494375,0.5,12.8,4.877777777777777,0.5020833333333333,12.0,15.0,13.3125,1002.0,1006.0,1003.2430555555555,73.0,99.0,90.15972222222223,0.0,7.0,0.2986111111111111,0.0,93.79166666666667,94.43055555555556,403.2083333333333,,0
2016-04-11 00:00:00+00:00,1738.8,68.0,1251.5479166666667,76.57499999999999,40.763888888888886,51.63194444444444,52.59027777777778,53.15277777777778,29.069444444444443,47.68055555555556,51.729166666666664,26.979166666666668,15.4,0.0,11.088888888888889,19.2,0.4,5.413194444444445,1.077777777777778,-0.11805555555555561,220.81736111111113,15.13888888888889,-143.3125,57190.944444444445,8214859.0,-103.38194444444444,-2471981,48.25,51.90277777777778,48.354166666666664,36.75694444444444,37.583333333333336,26.07638888888889,37.298611111111114,24.083333333333332,18.72222222222222,-2.9,66.2,1.0194444444444444,1.0583333333333333,96.41666666666667,37.729166666666664,37.736111111111114,35.833333333333336,35.333333333333336,342.26180555555555,0.8736111111111111,50.00069444444445,398.2423611111111,396.43125,395.7590277777778,295.96805555555557,321.14930555555554,304.6430555555555,2098.9,-50.2,36.75694444444444,0.6743055555555556,5.579166666666667,120.93194444444445,-102.99722222222222,1000.1,-403.8,14.11111111111111,345.1763888888889,2000.0,0.0,121.69236111111111,-763.9937500000001,0.0,-1000.0,103.34097222222222,761.5083333333333,1000.0,0.0,108.30763888888889,34.53472222222222,220.9347222222222,T06,2.3,14.1,6.749305555555555,0.8334722222222222,1.7000000000000002,14.1,6.769444444444444,0.8866666666666667,11.0,16.0,14.090277777777779,1002.0,1006.0,1003.9097222222222,62.0,96.0,80.02777777777777,0.0,4.0,0.1388888888888889,0.0,131.81944444444446,132.20138888888889,403.7916666666667,,0
2016-04-12 00:00:00+00:00,1775.3,0.0,1290.5319444444444,105.05902777777777,42.05555555555556,52.61805555555556,53.875,54.77777777777778,29.125,48.56944444444444,52.798611111111114,26.555555555555557,15.6,0.0,11.428472222222222,46.9,0.4,5.768055555555556,1.2770833333333333,0.05486111111111128,213.53472222222223,15.458333333333334,-181.45833333333334,75712.42361111111,10876459.0,-127.77083333333333,-2799534,52.99305555555556,56.854166666666664,53.15972222222222,37.645833333333336,37.638888888888886,25.4375,37.59722222222222,24.98611111111111,18.055555555555557,-3.2,89.7,1.4659722222222222,2.15625,97.29861111111111,38.854166666666664,38.86805555555556,36.923611111111114,36.38194444444444,453.2159722222222,0.8736111111111111,50.00069444444445,398.5388888888889,396.65694444444443,396.3527777777778,393.22291666666666,416.3673611111111,397.09513888888887,2104.9,-49.9,36.895833333333336,0.9361111111111112,5.975,164.28472222222223,-116.63888888888889,1000.0,-488.0,16.430555555555557,458.75694444444446,2000.0,0.0,166.73472222222222,-738.8034722222222,0.0,-1000.0,104.71319444444444,731.0618055555556,1000.0,0.0,116.4034722222222,35.55555555555556,213.46875,T06,2.3,16.3,7.532638888888889,1.2043055555555555,1.8,16.3,7.470833333333333,1.404097222222222,12.0,16.0,14.444444444444445,1004.0,1008.0,1006.0902777777778,74.0,97.0,88.30555555555556,0.0,20.0,0.5208333333333334,0.0,147.70138888888889,146.1875,406.03472222222223,,0
2016-04-13 00:00:00+00:00,1677.4,0.0,883.7534722222222,61.50833333333334,38.65972222222222,48.09027777777778,48.708333333333336,48.99305555555556,30.73611111111111,44.99305555555556,47.583333333333336,28.291666666666668,14.9,0.0,7.752777777777778,18.2,0.4,4.064583333333333,0.7979166666666667,5.695833333333334,231.86319444444447,16.84722222222222,-406.5138888888889,27201.840277777777,3858527.0,-222.77083333333334,-1506469,45.59722222222222,49.11805555555556,45.673611111111114,36.50694444444444,37.708333333333336,28.055555555555557,37.36805555555556,24.02777777777778,21.15277777777778,-3.1,83.6,8.372222222222222,1.095138888888889,81.95138888888889,37.201388888888886,37.22222222222222,35.333333333333336,35.59027777777778,160.71805555555557,0.8590277777777778,50.00138888888889,398.3979166666667,397.1013888888889,395.45000000000005,144.9375,161.6847222222222,152.1902777777778,1298.1,-49.5,35.354166666666664,0.5888888888888889,4.183333333333334,63.479166666666664,-62.75555555555555,699.7,-163.8,9.522916666666667,165.62152777777777,1323.5,0.0,64.77777777777777,-469.61319444444445,0.0,-1000.0,91.51041666666667,469.61319444444445,1000.0,0.0,91.51041666666667,33.798611111111114,243.66875000000002,T06,0.0,10.9,4.856944444444444,0.42520833333333335,0.0,10.8,4.893750000000001,0.43256944444444445,14.0,18.0,15.6875,1007.0,1010.0,1008.5555555555555,55.0,97.0,79.85416666666667,0.0,0.0,0.0,0.0,93.99305555555556,94.68055555555556,408.52777777777777,,0
2016-04-14 00:00:00+00:00,1430.5,0.0,410.17291666666665,45.37708333333333,29.25,34.75694444444444,35.19444444444444,34.951388888888886,31.958333333333332,37.798611111111114,37.65277777777778,26.819444444444443,12.6,0.0,3.511111111111111,12.2,0.4,2.5659722222222223,0.5,-0.42638888888888915,185.95972222222224,17.45138888888889,-564.9027777777778,6460.479166666667,848963.0,-198.11111111111111,-466574,41.520833333333336,45.013888888888886,41.09027777777778,32.80555555555556,34.38194444444444,28.67361111111111,33.28472222222222,22.055555555555557,22.63888888888889,-2.3,89.7,17.115972222222222,1.4069444444444443,46.916666666666664,33.02777777777778,33.048611111111114,31.98611111111111,31.20138888888889,35.37083333333334,0.8916666666666667,49.99930555555555,398.09236111111113,397.31597222222223,394.87083333333334,42.56458333333333,49.25694444444444,46.34930555555556,465.0,-50.1,29.506944444444443,0.3861111111111111,2.6180555555555554,14.688194444444443,-19.390277777777776,1000.1,-994.5,21.509027777777774,41.30972222222223,469.9,0.0,14.025694444444445,-168.35625,0.0,-1000.0,44.859722222222224,168.35625,1000.0,0.0,44.859722222222224,27.59027777777778,201.37986111111113,T06,0.0,6.6,2.351388888888889,0.11645833333333333,0.0,6.6,2.3520833333333333,0.11756944444444445,13.0,20.0,16.53472222222222,1006.0,1010.0,1007.9375,42.0,92.0,66.40972222222223,0.0,0.0,0.0,0.0,43.69444444444444,43.63194444444444,407.875,,0
2016-04-15 00:00:00+00:00,1690.4,0.0,749.5194444444445,49.46180555555556,34.93055555555556,43.18055555555556,43.854166666666664,43.84722222222222,30.520833333333332,43.05555555555556,43.63194444444444,26.291666666666668,14.9,0.0,6.610416666666667,20.0,0.4,4.049305555555556,0.8631944444444444,-14.893055555555556,231.04444444444445,16.756944444444443,-352.59027777777777,42916.95138888889,6129268.0,-93.55555555555556,-1813372,45.25,49.0,45.111111111111114,34.56944444444444,35.56944444444444,27.52777777777778,34.861111111111114,23.20138888888889,20.868055555555557,-3.1,24.2,10.45138888888889,0.2916666666666667,65.84027777777777,35.270833333333336,35.27777777777778,34.0,33.020833333333336,255.4597222222222,0.9583333333333334,50.0,397.9173611111111,396.74652777777777,395.05902777777777,222.06319444444443,236.83680555555554,226.82569444444445,1816.7,-28.4,32.229166666666664,0.43125,4.11875,82.55000000000001,-75.55416666666666,1001.7,-192.7,4.75,257.81944444444446,1831.3,0.0,81.53888888888889,-511.0576388888889,0.0,-1000.0,26.953472222222224,510.9333333333333,1000.0,0.0,27.652083333333334,30.131944444444443,258.4548611111111,T06,0.0,12.8,4.810416666666667,0.5192361111111111,0.0,12.5,4.833333333333333,0.5273611111111111,14.0,18.0,15.666666666666666,1006.0,1008.0,1007.1388888888889,70.0,98.0,86.83333333333333,0.0,1.0,0.006944444444444444,0.0,93.01388888888889,93.45833333333333,407.0138888888889,,0
2016-04-16 00:00:00+00:00,1767.4,1210.9,1438.975,67.64375000000001,47.5,59.541666666666664,61.44444444444444,62.763888888888886,30.916666666666668,50.21527777777778,55.40277777777778,29.11111111111111,15.6,10.7,12.745138888888889,22.3,0.5,6.766666666666667,1.2708333333333333,0.22013888888888886,220.29513888888889,17.76388888888889,-1.2152777777777777,105867.92361111111,15244806.0,-0.8819444444444444,-3445882,59.229166666666664,63.52777777777778,60.28472222222222,39.604166666666664,40.40972222222222,28.26388888888889,40.19444444444444,28.15277777777778,21.13888888888889,-3.1,6.9,-1.5652777777777778,0.5534722222222223,106.05555555555556,40.93055555555556,40.94444444444444,38.958333333333336,38.263888888888886,635.1347222222222,0.9409722222222222,49.99930555555555,398.2291666666667,396.32430555555555,395.93125,536.5222222222222,567.5326388888889,546.5979166666667,2103.5,-27.7,40.34027777777778,0.5923611111111111,6.894444444444444,184.05069444444445,-143.57569444444445,17.4,-212.2,5.859027777777778,635.60625,2000.0,0.0,184.91875,-929.0333333333333,0.0,-1000.0,69.82847222222222,910.6326388888889,1000.0,0.0,88.36875,40.326388888888886,220.0638888888889,T06,2.9,15.2,7.908333333333333,1.1077777777777778,2.3,15.5,7.970138888888889,1.1472222222222221,15.0,19.0,16.645833333333332,1006.0,1009.0,1007.2777777777778,75.0,98.0,89.99305555555556,0.0,0.0,0.0,0.0,155.14583333333334,156.32638888888889,407.19444444444446,,0
2016-04-17 00:00:00+00:00,1666.5,0.0,1097.8527777777776,76.91597222222222,40.583333333333336,48.90277777777778,49.729166666666664,50.083333333333336,31.479166666666668,44.520833333333336,48.5,28.625,14.8,0.0,9.702777777777778,21.3,0.4,4.3125,0.8402777777777778,0.2625000000000002,261.63680555555555,18.11111111111111,-313.93055555555554,24161.07638888889,3433990.0,-223.8125,-1588004,47.44444444444444,51.09722222222222,47.86805555555556,38.21527777777778,38.701388888888886,29.07638888888889,38.395833333333336,25.833333333333332,22.29861111111111,-3.1,89.7,3.793055555555556,2.0465277777777775,93.91666666666667,39.013888888888886,39.020833333333336,37.09027777777778,37.46527777777778,143.09027777777777,0.7770833333333333,49.99930555555555,398.37361111111113,396.66597222222225,395.2055555555555,142.59027777777777,163.48958333333334,150.6013888888889,998.4,-50.1,37.145833333333336,0.6937500000000001,4.480555555555556,60.80972222222223,-66.17361111111111,1001.9,-867.2,40.97152777777777,148.17361111111111,1021.7,0.0,61.84722222222222,-548.9055555555556,0.0,-1000.0,155.05763888888887,548.9055555555556,1000.0,0.0,155.05763888888887,33.479166666666664,263.86805555555554,T06,0.7000000000000001,10.3,5.016666666666667,0.4754166666666666,0.3,10.5,5.030555555555555,0.48208333333333336,15.0,20.0,16.944444444444443,1007.0,1009.0,1008.4236111111111,55.0,98.0,78.78472222222223,0.0,0.0,0.0,0.0,97.13194444444444,97.44444444444444,408.36805555555554,,0
2016-04-18 00:00:00+00:00,1789.1,0.0,1123.1902777777777,52.885416666666664,49.90972222222222,66.70833333333333,71.11111111111111,73.16666666666667,37.520833333333336,46.52777777777778,51.86805555555556,30.45138888888889,15.8,0.0,9.872222222222222,26.7,0.4,7.561805555555556,1.3541666666666667,2.411111111111111,121.05833333333334,18.40277777777778,-306.50694444444446,162466.89583333334,23351095.0,-148.3125,-2876217,60.05555555555556,64.29861111111111,61.416666666666664,39.958333333333336,39.520833333333336,28.708333333333332,38.611111111111114,30.53472222222222,22.11111111111111,-2.5,86.2,10.793055555555556,2.4368055555555554,86.35416666666667,41.236111111111114,41.333333333333336,39.55555555555556,37.604166666666664,972.9354166666667,0.9340277777777778,50.0,398.9895833333333,397.5048611111111,397.2395833333333,827.3625,837.7256944444445,817.6909722222222,2105.6,-50.0,38.541666666666664,0.4930555555555556,7.553472222222222,102.35555555555555,-119.81319444444443,978.7,-517.5,13.989583333333334,976.8465277777777,2000.0,0.0,102.44236111111111,-479.4458333333333,0.0,-1000.0,73.78958333333334,390.0715277777778,1000.0,0.0,83.63263888888889,44.145833333333336,138.6548611111111,T06,1.0,20.0,7.407638888888889,1.7327777777777778,0.8,20.0,7.450694444444445,1.728402777777778,13.0,22.0,17.631944444444443,1003.0,1009.0,1005.2291666666666,52.0,81.0,65.04861111111111,0.0,0.0,0.0,0.0,145.05555555555554,145.83333333333334,405.22222222222223,,0
2016-04-19 00:00:00+00:00,1823.3,0.0,1360.28125,81.17638888888888,53.59027777777778,71.72916666666667,76.59722222222223,78.97222222222223,39.916666666666664,49.8125,55.4375,30.47222222222222,16.0,0.0,12.036111111111111,33.7,0.4,7.851388888888888,1.5465277777777777,-1.4958333333333333,136.61319444444445,17.5,-274.78472222222223,164225.11805555556,23608847.0,-189.0,-3267012,63.916666666666664,69.04166666666667,67.86805555555556,40.94444444444444,41.53472222222222,27.645833333333332,39.86805555555556,31.59027777777778,20.291666666666668,-3.3,89.7,3.839583333333333,2.8472222222222223,105.74305555555556,42.52777777777778,42.61805555555556,40.520833333333336,38.798611111111114,983.623611111111,0.8895833333333333,50.00069444444445,399.1090277777778,397.3888888888889,397.4013888888889,843.2416666666667,860.1500000000001,835.925,2106.6,-50.2,41.395833333333336,0.7145833333333333,7.885416666666667,143.81458333333333,-136.11180555555555,1000.2,-793.5,33.452777777777776,986.5555555555555,2000.0,0.0,142.86458333333334,-621.9680555555556,0.0,-1000.0,121.55833333333334,540.9965277777778,1000.0,0.0,131.69930555555555,47.50694444444444,138.11180555555555,T06,0.7000000000000001,19.9,6.829861111111111,2.7724305555555557,0.8,20.1,6.775,2.7891666666666666,15.0,19.0,16.444444444444443,1003.0,1007.0,1004.9097222222222,64.0,97.0,80.22222222222223,0.0,7.0,0.2152777777777778,0.0,133.57638888888889,132.34722222222223,404.80555555555554,,0
2016-04-20 00:00:00+00:00,1769.7,0.0,1041.5777777777778,108.35138888888889,39.479166666666664,48.326388888888886,49.451388888888886,49.958333333333336,31.055555555555557,46.979166666666664,50.201388888888886,27.09722222222222,15.7,0.0,9.14236111111111,24.2,0.4,4.851388888888889,1.0166666666666666,-2.1416666666666666,195.44305555555556,15.597222222222221,-468.15277777777777,53541.20138888889,7642516.0,-311.2986111111111,-1874405,50.52777777777778,54.02777777777778,50.333333333333336,36.74305555555556,37.041666666666664,26.618055555555557,36.458333333333336,24.25,19.5,-3.1,86.1,6.497222222222223,2.607638888888889,85.42361111111111,37.701388888888886,37.701388888888886,35.80555555555556,35.604166666666664,318.4270833333333,0.8368055555555556,50.0,398.8548611111111,397.21666666666664,396.1958333333333,283.9465277777778,300.4423611111111,286.6652777777778,2108.3,-50.1,35.416666666666664,0.9986111111111112,4.958333333333333,111.15833333333333,-78.12083333333334,1000.7,-743.3,26.877083333333335,325.33124999999995,2000.0,0.0,112.98055555555555,-502.90347222222226,0.0,-1000.0,100.06527777777778,494.7243055555556,1000.0,0.0,107.15555555555555,34.173611111111114,197.58402777777778,T06,1.1,17.1,5.538194444444445,0.6827777777777777,1.0,17.3,5.442361111111111,0.7675694444444444,11.0,17.0,14.5625,1005.0,1014.0,1008.7361111111111,56.0,96.0,78.47222222222223,0.0,18.0,0.2638888888888889,0.0,107.59722222222223,105.61111111111111,408.68055555555554,,0
2016-04-21 00:00:00+00:00,1583.2,0.0,429.17083333333335,44.47430555555556,29.28472222222222,34.520833333333336,34.888888888888886,34.75694444444444,30.57638888888889,38.63194444444444,39.75694444444444,26.180555555555557,14.0,0.0,3.675694444444444,16.5,0.4,2.888888888888889,0.5402777777777777,14.530555555555557,176.41944444444445,16.666666666666668,-609.6944444444445,6743.965277777777,883334.0,-248.70833333333334,-343666,41.25694444444444,44.333333333333336,40.72222222222222,32.270833333333336,33.81944444444444,27.59027777777778,32.74305555555556,21.52777777777778,20.819444444444443,-2.8,85.6,18.251388888888886,0.8875000000000001,44.63194444444444,32.50694444444444,32.520833333333336,31.46527777777778,30.59027777777778,36.795833333333334,0.8819444444444444,49.99861111111111,397.9576388888889,397.35833333333335,394.7243055555556,47.14722222222222,51.52916666666667,51.09305555555555,744.6,-49.1,28.59722222222222,0.4277777777777778,2.948611111111111,15.281944444444443,-14.335416666666667,997.6,-701.3,23.04861111111111,45.31180555555555,752.8,0.0,17.470138888888886,-142.18055555555554,0.0,-1000.0,27.811111111111114,142.18055555555554,1000.0,0.0,27.811111111111114,27.520833333333332,181.88958333333332,T06,0.0,8.3,3.004166666666667,0.16409722222222223,0.0,8.2,2.9319444444444445,0.16597222222222222,12.0,20.0,15.618055555555555,1011.0,1015.0,1013.25,54.0,93.0,74.65972222222223,0.0,0.0,0.0,0.0,56.833333333333336,55.333333333333336,413.22222222222223,,0
2016-04-22 00:00:00+00:00,1552.5,0.0,446.23055555555555,71.24305555555556,30.9375,36.25,36.44444444444444,36.34027777777778,32.270833333333336,38.93055555555556,39.81944444444444,27.32638888888889,13.7,0.0,3.648611111111111,14.7,0.4,2.648611111111111,0.5145833333333334,5.831944444444445,192.87083333333334,18.354166666666668,-711.4513888888889,4528.625,549671.0,-359.375,-344882,42.583333333333336,45.736111111111114,42.15972222222222,33.43055555555556,34.770833333333336,29.40972222222222,33.916666666666664,23.1875,22.791666666666668,-2.5,89.7,17.835416666666667,2.0708333333333333,49.520833333333336,33.736111111111114,33.74305555555556,32.388888888888886,32.34722222222222,22.90625,0.8500000000000001,49.99861111111111,398.4270833333333,397.5548611111111,395.2368055555555,39.46666666666667,43.88055555555556,42.09305555555555,605.2,-50.3,30.506944444444443,0.6701388888888888,2.707638888888889,14.829166666666667,-14.377083333333335,1000.4,-740.6,30.78125,31.221527777777776,614.8,0.0,15.308333333333334,-117.88541666666667,0.0,-1000.0,49.33611111111111,117.88541666666667,1000.0,0.0,49.33611111111111,28.82638888888889,177.0284722222222,T06,0.0,8.1,2.9680555555555554,0.19986111111111113,0.0,8.1,2.9409722222222223,0.19972222222222225,14.0,21.0,17.09722222222222,1010.0,1013.0,1011.75,42.0,85.0,65.13888888888889,0.0,0.0,0.0,0.0,56.111111111111114,55.5625,411.68055555555554,,0
2016-04-23 00:00:00+00:00,1675.3,0.0,554.1652777777778,55.56736111111111,33.083333333333336,39.576388888888886,39.888888888888886,39.88194444444444,32.729166666666664,40.388888888888886,41.38194444444444,27.98611111111111,14.8,0.0,4.707638888888889,17.2,0.4,3.084027777777778,0.5923611111111111,1.8972222222222221,262.7659722222222,18.541666666666668,-553.4236111111111,16192.743055555555,2252064.0,-224.13888888888889,-807232,44.125,47.52777777777778,43.833333333333336,33.875,35.84722222222222,28.5,35.041666666666664,23.88888888888889,21.881944444444443,-3.0,89.7,14.883333333333333,1.207638888888889,56.30555555555556,34.298611111111114,34.298611111111114,32.86805555555556,32.770833333333336,93.82777777777778,0.9006944444444444,50.00069444444445,398.43541666666664,397.52152777777775,394.8527777777778,91.07569444444444,101.45486111111111,98.1576388888889,1113.0,-50.3,31.90972222222222,0.5319444444444446,3.1375,36.635416666666664,-33.614583333333336,1000.2,-743.7,22.2125,99.60138888888889,1119.4,0.0,36.74027777777778,-267.4638888888889,0.0,-1000.0,57.53888888888889,267.4638888888889,1000.0,0.0,57.53888888888889,30.97222222222222,273.375,T06,0.3,9.7,3.529166666666667,0.22583333333333336,0.2,9.5,3.488888888888889,0.22284722222222225,15.0,22.0,17.65277777777778,1008.0,1011.0,1009.2222222222222,38.0,89.0,61.11805555555556,0.0,0.0,0.0,0.0,67.39583333333333,66.46527777777777,409.2083333333333,,0
2016-04-24 00:00:00+00:00,1713.9,0.0,817.5395833333333,99.61875,38.93055555555556,46.6875,47.47222222222222,47.895833333333336,33.93055555555556,44.59027777777778,46.75,29.17361111111111,15.2,0.0,7.133333333333334,19.6,0.4,3.978472222222222,0.7673611111111112,9.184722222222222,266.7631944444445,19.645833333333332,-539.7777777777778,37714.479166666664,5353157.0,-279.7638888888889,-1237640,50.34027777777778,53.65277777777778,49.97222222222222,36.229166666666664,37.38194444444444,29.458333333333332,37.05555555555556,26.61111111111111,22.95138888888889,-2.9,89.7,10.400694444444445,2.7249999999999996,71.04861111111111,36.951388888888886,36.97222222222222,35.138888888888886,35.30555555555556,223.06319444444443,0.8319444444444444,50.00069444444445,398.40833333333336,397.05902777777777,395.5729166666667,209.53125,220.06180555555557,212.74791666666667,2101.2,-51.2,34.50694444444444,0.9097222222222222,4.014583333333333,60.90902777777777,-51.57361111111111,1000.4,-1000.4,42.756249999999994,231.38680555555553,2000.0,0.0,61.64097222222222,-339.5,0.0,-1000.0,81.63125,335.9152777777778,1000.0,0.0,86.50486111111111,36.09722222222222,310.08194444444445,T06,0.3,12.8,4.473611111111111,0.4396527777777778,0.3,12.9,4.43125,0.43041666666666667,14.0,25.0,18.354166666666668,1006.0,1009.0,1007.125,35.0,100.0,74.875,0.0,0.0,0.0,0.0,86.21527777777777,85.32638888888889,407.06944444444446,,0
2016-04-25 00:00:00+00:00,1698.4,0.0,1086.9888888888888,68.02013888888888,42.625,51.701388888888886,52.75,53.49305555555556,32.958333333333336,47.50694444444444,50.94444444444444,29.97222222222222,15.7,0.0,9.585416666666667,23.9,0.5,5.222222222222222,0.8472222222222222,2.284027777777778,91.26805555555556,19.833333333333332,-344.1041666666667,58865.07638888889,8427024.0,-211.90972222222223,-1974920,53.895833333333336,57.5625,53.97222222222222,37.458333333333336,39.38194444444444,30.09722222222222,38.96527777777778,28.20138888888889,23.694444444444443,-3.2,86.2,6.595833333333333,1.3229166666666667,85.91666666666667,38.451388888888886,38.486111111111114,36.576388888888886,36.53472222222222,351.15555555555557,0.8520833333333333,50.00069444444445,398.59236111111113,396.9631944444444,396.19444444444446,313.21944444444443,330.00694444444446,316.4138888888889,1997.5,-49.7,37.44444444444444,0.6083333333333334,5.285416666666666,84.92916666666666,-82.30138888888888,823.0,-934.3,31.049999999999997,356.56944444444446,2000.0,0.0,86.17222222222222,-605.0131944444444,0.0,-1000.0,42.671527777777776,602.7618055555555,1000.0,0.0,46.19305555555556,38.90972222222222,111.48472222222222,T06,1.5,12.0,5.782638888888889,0.35333333333333333,1.5,12.2,5.805555555555555,0.3630555555555556,16.0,23.0,19.069444444444443,1005.0,1007.0,1005.9444444444445,43.0,80.0,62.708333333333336,0.0,0.0,0.0,0.0,112.4375,113.01388888888889,405.88194444444446,,0
2016-04-26 00:00:00+00:00,1639.4,0.0,1105.5694444444443,48.64652777777778,42.729166666666664,52.21527777777778,53.13194444444444,53.395833333333336,32.326388888888886,46.84027777777778,50.56944444444444,30.40277777777778,14.5,0.0,9.753472222222221,13.9,0.4,4.770138888888889,0.7659722222222223,4.078472222222222,165.58958333333334,19.333333333333332,-259.6875,36355.895833333336,5197857.0,-198.36111111111111,-1731765,49.65972222222222,53.263888888888886,50.15972222222222,38.673611111111114,40.09722222222222,31.069444444444443,39.6875,27.118055555555557,24.53472222222222,-3.0,75.1,3.1166666666666667,0.8305555555555556,95.39583333333333,39.395833333333336,39.395833333333336,37.46527777777778,37.763888888888886,216.53819444444446,0.8555555555555556,50.00138888888889,398.36249999999995,396.88750000000005,396.23125000000005,198.4090277777778,216.13333333333333,203.9347222222222,894.1,-50.1,38.59027777777778,0.4305555555555556,4.889583333333333,49.08680555555556,-72.13472222222222,999.9,-759.8,28.240277777777777,219.91527777777776,916.3,0.0,50.40486111111111,-693.5076388888889,0.0,-1000.0,77.25277777777778,693.5076388888889,1000.0,0.0,77.25277777777778,36.52777777777778,161.5125,T06,0.3,8.6,5.226388888888889,0.2309027777777778,0.2,8.3,5.263888888888889,0.2357638888888889,15.0,24.0,18.208333333333332,1004.0,1007.0,1005.1041666666666,43.0,90.0,67.07638888888889,0.0,0.0,0.0,0.0,101.29166666666667,102.04861111111111,405.05555555555554,,0
2016-04-27 00:00:00+00:00,1590.3,0.0,586.129861111111,39.59375,34.041666666666664,41.1875,41.791666666666664,41.673611111111114,33.395833333333336,41.90972222222222,41.97222222222222,28.118055555555557,14.1,0.0,5.088888888888889,18.8,0.4,3.1166666666666667,0.5993055555555555,-10.560416666666667,214.14305555555555,18.270833333333332,-536.5833333333334,13565.902777777777,1876222.0,-228.70138888888889,-752984,44.263888888888886,47.77777777777778,44.270833333333336,34.375,36.076388888888886,28.875,35.69444444444444,23.96527777777778,22.868055555555557,-3.0,89.7,13.339583333333334,1.1618055555555555,62.6875,34.84027777777778,34.84027777777778,33.333333333333336,33.326388888888886,78.1625,0.8680555555555556,50.0,397.51180555555555,396.6715277777778,394.66319444444446,81.30347222222223,90.05486111111111,85.20763888888888,775.1,-50.1,32.78472222222222,0.33958333333333335,3.1812500000000004,33.020833333333336,-31.31180555555555,1000.3,-622.9,20.76736111111111,83.12222222222222,779.5,0.0,32.391666666666666,-292.6736111111111,0.0,-1000.0,80.71875,292.6736111111111,1000.0,0.0,80.71875,31.5,294.68888888888887,T06,0.3,8.6,3.4881944444444444,0.21090277777777777,0.3,8.7,3.4854166666666666,0.2210416666666667,15.0,19.0,17.319444444444443,1004.0,1006.0,1004.6041666666666,47.0,100.0,77.49305555555556,0.0,0.0,0.0,0.0,66.42361111111111,66.54166666666667,404.52777777777777,,0
2016-04-28 00:00:00+00:00,1660.3,0.0,792.6624999999999,116.8763888888889,36.8125,45.270833333333336,45.729166666666664,45.93055555555556,32.611111111111114,42.916666666666664,45.21527777777778,28.04861111111111,14.7,0.0,6.885416666666667,17.7,0.4,3.588194444444445,0.6708333333333334,-3.433333333333333,253.64652777777778,17.479166666666668,-520.5,15871.75,2210580.0,-236.74305555555554,-760983,44.395833333333336,47.53472222222222,44.104166666666664,35.75694444444444,36.40972222222222,28.5625,36.173611111111114,23.88888888888889,21.833333333333332,-3.1,89.7,10.656944444444443,2.826388888888889,70.27083333333333,36.326388888888886,36.34027777777778,34.56944444444444,34.90972222222222,92.09166666666667,0.7979166666666667,49.99930555555555,398.2923611111111,397.24305555555554,395.7888888888889,103.9361111111111,110.39097222222222,105.74583333333334,1019.1,-52.2,33.270833333333336,1.0520833333333333,3.6569444444444446,42.015277777777776,-31.77777777777778,881.4,-821.2,45.99305555555556,100.96527777777777,1045.7,0.0,43.547222222222224,-300.80277777777775,0.0,-1000.0,78.35902777777778,300.80277777777775,1000.0,0.0,78.35902777777778,33.604166666666664,257.0777777777778,T06,0.5,9.5,3.964583333333333,0.271875,0.4,9.5,3.9638888888888886,0.2733333333333333,15.0,18.0,16.09722222222222,1004.0,1006.0,1005.2708333333334,62.0,98.0,84.25,0.0,0.0,0.0,0.0,75.94444444444444,76.07638888888889,405.2361111111111,,0
2016-04-29 00:00:00+00:00,1806.7,0.0,1242.040972222222,28.006944444444443,52.916666666666664,69.38888888888889,74.125,76.34722222222223,38.03472222222222,48.604166666666664,53.65277777777778,30.42361111111111,15.9,0.0,10.935416666666667,25.4,0.4,7.7868055555555555,1.3791666666666667,3.1798611111111112,126.72916666666667,18.506944444444443,-196.9375,183964.09722222222,26462471.0,-60.88194444444444,-3344670,63.013888888888886,67.69444444444444,64.99305555555556,40.09027777777778,40.236111111111114,28.479166666666668,39.145833333333336,31.618055555555557,21.4375,-3.2,24.3,5.865277777777778,1.19375,93.22222222222223,41.59722222222222,41.673611111111114,39.78472222222222,37.604166666666664,1102.6069444444445,0.9812500000000001,50.00138888888889,398.7840277777778,397.30069444444445,397.3979166666667,930.3416666666667,944.7041666666667,919.8784722222222,2107.2,-33.9,39.88194444444444,0.24305555555555555,7.777083333333334,157.87013888888887,-139.3625,643.7,-223.3,4.784722222222222,1102.711111111111,2000.0,0.0,156.19791666666666,-645.9965277777778,0.0,-1000.0,79.56944444444444,555.2277777777778,1000.0,0.0,105.10347222222222,45.97222222222222,141.05416666666667,T06,0.6000000000000001,16.1,7.738194444444444,1.1947916666666667,0.5,16.0,7.79236111111111,1.2078472222222223,14.0,21.0,17.54861111111111,1004.0,1008.0,1005.9652777777778,60.0,90.0,76.46527777777777,0.0,0.0,0.0,0.0,151.63888888888889,152.65972222222223,405.93055555555554,,0
2016-04-30 00:00:00+00:00,1699.4,0.0,1115.0972222222222,99.10138888888889,43.36805555555556,52.4375,53.61805555555556,54.21527777777778,34.34027777777778,46.4375,50.19444444444444,30.430555555555557,15.1,0.0,9.845833333333333,19.6,0.4,4.736805555555556,0.8486111111111111,-0.47361111111111115,169.7201388888889,19.8125,-382.8333333333333,40764.993055555555,5815034.0,-275.7083333333333,-1751038,53.8125,57.513888888888886,54.52777777777778,38.458333333333336,40.28472222222222,31.055555555555557,39.74305555555556,28.1875,24.51388888888889,-3.0,89.7,4.059722222222223,2.478472222222222,93.21527777777777,39.395833333333336,39.395833333333336,37.46527777777778,37.72222222222222,242.2784722222222,0.7708333333333334,50.0,398.15625,396.58680555555554,395.49861111111113,233.20486111111111,249.13958333333332,238.03472222222223,2101.0,-54.0,38.86805555555556,0.8916666666666667,4.813194444444445,73.91597222222222,-72.87152777777777,1000.6,-800.3,49.265277777777776,249.8236111111111,2000.0,0.0,74.80069444444445,-534.95,0.0,-1000.0,109.71875,532.5541666666667,1000.0,0.0,114.15416666666667,38.78472222222222,170.19652777777776,T06,0.0,13.4,5.297916666666667,0.3984722222222222,0.0,13.4,5.321527777777778,0.403125,16.0,22.0,18.666666666666668,1008.0,1012.0,1010.1319444444445,53.0,85.0,70.28472222222223,0.0,0.0,0.0,0.0,102.73611111111111,103.1875,410.09722222222223,,0
2016-05-01 00:00:00+00:00,1788.2,16.8,1403.1055555555556,60.58819444444445,49.791666666666664,64.84027777777777,68.11805555555556,69.97916666666667,35.94444444444444,50.451388888888886,55.99305555555556,30.916666666666668,15.7,0.0,12.400694444444445,22.2,0.5,7.470138888888889,1.26875,4.013194444444444,99.95277777777778,19.4375,-144.56944444444446,146252.06944444444,21039479.0,-88.43055555555556,-3354021,62.93055555555556,67.09722222222223,64.22222222222223,40.44444444444444,41.111111111111114,29.819444444444443,40.24305555555556,31.381944444444443,23.055555555555557,-3.2,46.7,1.167361111111111,1.2069444444444446,100.625,41.90972222222222,41.97222222222222,39.93055555555556,38.638888888888886,876.5270833333333,0.9291666666666667,50.00208333333333,398.93541666666664,396.9284722222222,397.4145833333333,744.661111111111,766.120138888889,737.9361111111111,2108.8,-48.7,40.90972222222222,0.5381944444444444,7.489583333333333,165.87708333333333,-139.76458333333332,894.9,-382.5,12.927777777777777,878.4604166666667,2000.0,0.0,165.76944444444445,-789.4798611111112,0.0,-1000.0,68.02638888888889,738.1569444444444,1000.0,0.0,92.66458333333334,45.53472222222222,108.43194444444445,T06,1.0,14.8,7.947916666666667,0.7170138888888888,1.2,14.9,8.009027777777778,0.7348611111111112,15.0,22.0,18.52777777777778,1011.0,1013.0,1011.7222222222222,56.0,87.0,71.47916666666667,0.0,0.0,0.0,0.0,155.9375,157.08333333333334,411.6875,,0
2016-05-02 00:00:00+00:00,1835.1,1249.7,1670.0513888888888,26.99513888888889,67.27083333333333,97.04861111111111,106.19444444444444,110.52083333333333,43.25694444444444,53.736111111111114,61.888888888888886,34.173611111111114,16.2,11.1,14.802083333333334,30.9,1.0,12.304166666666667,2.39375,-0.7354166666666666,91.89791666666666,18.895833333333332,0.0,310054.3263888889,44647823.0,0.0,-4960970,82.24305555555556,88.38194444444444,86.82638888888889,46.11805555555556,46.270833333333336,30.0625,44.375,39.22222222222222,22.833333333333332,-3.1,19.7,4.735416666666667,2.9034722222222222,126.08333333333333,48.40277777777778,48.68055555555556,46.263888888888886,42.5625,1860.3416666666667,0.9993055555555556,50.0,399.66875000000005,397.8638888888889,399.9534722222222,1567.9930555555557,1578.7312499999998,1537.9604166666666,2111.7,211.5,48.78472222222222,0.2263888888888889,12.249305555555557,108.17291666666667,-206.7076388888889,-119.5,-226.6,2.9972222222222222,1857.7715277777777,2000.0,203.7,106.90902777777778,-679.7486111111111,-583.3,-1000.0,87.81597222222223,510.05902777777777,1000.0,406.1,84.73263888888889,59.0,92.63958333333333,T06,4.5,20.2,12.573611111111111,1.9697916666666666,4.5,20.6,12.629861111111111,2.0175694444444447,15.0,21.0,17.90277777777778,1008.0,1013.0,1009.4583333333334,33.0,82.0,56.56944444444444,0.0,0.0,0.0,0.0,248.54166666666666,249.75,409.4513888888889,,0
2016-05-03 00:00:00+00:00,1817.1,0.0,1660.1868055555556,32.53611111111111,77.16666666666667,103.27083333333333,113.30555555555556,117.94444444444444,44.673611111111114,52.88194444444444,61.701388888888886,36.18055555555556,16.0,0.0,14.712499999999999,31.0,1.5,14.04861111111111,2.54375,0.9902777777777777,99.6,20.125,-49.90277777777778,321337.6458333333,46265436.0,-34.5,-4997751,83.98611111111111,90.97222222222223,90.20138888888889,46.388888888888886,47.75,30.166666666666668,45.541666666666664,42.583333333333336,23.395833333333332,-2.5,86.2,9.042361111111111,2.8041666666666667,129.33333333333334,48.645833333333336,48.826388888888886,46.53472222222222,42.65277777777778,1927.7534722222222,0.9979166666666666,49.99930555555555,399.62291666666664,397.84722222222223,399.9791666666667,1625.2020833333333,1635.2208333333333,1594.1618055555555,2106.6,-49.6,50.34722222222222,0.28125,13.868749999999999,45.90763888888889,-208.23958333333334,0.2,-234.0,3.963194444444445,1951.2229166666666,2000.0,786.4,35.761805555555554,-623.4472222222222,0.0,-1000.0,40.22708333333333,446.33819444444447,1000.0,0.0,34.90555555555556,61.770833333333336,98.60833333333333,T06,6.1,23.0,13.70625,1.952361111111111,5.8,23.3,13.777083333333334,1.992361111111111,16.0,24.0,19.333333333333332,1006.0,1010.0,1007.6388888888889,19.0,62.0,34.93055555555556,0.0,0.0,0.0,0.0,271.375,272.77777777777777,407.5763888888889,,0
2016-05-04 00:00:00+00:00,1833.2,1207.7,1650.8159722222222,32.606944444444444,65.81944444444444,91.57638888888889,99.29166666666667,103.20833333333333,44.048611111111114,52.90972222222222,61.125,34.583333333333336,16.1,10.7,14.627777777777778,30.5,0.6000000000000001,11.238194444444444,2.0743055555555556,1.1930555555555555,111.1263888888889,20.48611111111111,0.0,275804.19444444444,39715804.0,0.0,-4900152,76.94444444444444,82.40277777777777,81.89583333333333,44.916666666666664,45.923611111111114,30.354166666666668,43.71527777777778,39.36805555555556,23.118055555555557,-2.7,21.3,2.4055555555555554,1.9500000000000002,122.09027777777777,47.083333333333336,47.229166666666664,44.99305555555556,41.833333333333336,1654.8520833333334,0.9972222222222222,49.99791666666667,399.3208333333333,397.65486111111113,399.6326388888889,1399.023611111111,1408.570138888889,1369.6833333333334,2105.8,35.0,47.208333333333336,0.27847222222222223,11.161805555555555,163.99027777777778,-204.16944444444445,-103.8,-230.3,4.345138888888889,1652.236111111111,2000.0,34.0,161.71944444444443,-786.7215277777777,-166.5,-1000.0,92.64583333333333,638.0694444444445,1000.0,166.5,107.25347222222223,58.201388888888886,109.92847222222223,T06,1.0,21.7,11.17361111111111,2.482361111111111,1.0,21.4,11.249305555555557,2.50125,17.0,22.0,19.59027777777778,1005.0,1008.0,1007.1041666666666,31.0,63.0,44.28472222222222,0.0,0.0,0.0,0.0,220.54166666666666,221.91666666666666,407.05555555555554,,0
2016-05-05 00:00:00+00:00,1794.1,164.3,1534.8166666666666,47.99652777777778,55.56944444444444,74.96527777777777,79.67361111111111,82.42361111111111,39.111111111111114,52.479166666666664,58.5,31.555555555555557,15.8,0.0,13.596527777777778,26.3,0.4,8.325694444444444,1.5270833333333333,-1.0534722222222221,128.0736111111111,19.01388888888889,-40.75,180224.6875,25946488.0,-24.77777777777778,-3383882,67.36805555555556,71.54861111111111,70.18055555555556,41.63194444444444,43.076388888888886,29.9375,41.604166666666664,33.770833333333336,22.555555555555557,-3.0,58.3,-0.5611111111111112,1.1055555555555556,112.35416666666667,43.4375,43.513888888888886,41.44444444444444,39.520833333333336,1081.079861111111,0.9375,50.0,399.40277777777777,397.6361111111111,398.8361111111111,925.6395833333333,940.6652777777776,907.963888888889,2105.8,-50.3,43.31944444444444,0.41805555555555557,8.345833333333333,188.69930555555555,-140.9576388888889,1002.6,-883.7,23.5375,1080.7104166666666,2000.0,0.0,187.18819444444443,-835.2284722222222,0.0,-1000.0,113.94930555555555,756.8833333333333,1000.0,0.0,143.05347222222224,50.826388888888886,129.12847222222223,T06,1.2,18.5,8.255555555555555,1.7399305555555555,1.3,18.6,8.134027777777778,1.8649305555555555,17.0,20.0,18.083333333333332,1003.0,1007.0,1004.1041666666666,44.0,91.0,69.34027777777777,0.0,1.0,0.006944444444444444,0.0,162.03472222222223,159.61805555555554,404.0486111111111,,0
2016-05-06 00:00:00+00:00,1689.2,0.0,1257.4180555555556,92.47986111111112,44.13194444444444,54.90972222222222,55.86805555555556,56.24305555555556,31.868055555555557,48.47222222222222,52.53472222222222,29.583333333333332,15.0,0.0,11.130555555555555,46.5,0.4,5.502083333333333,1.067361111111111,-0.6097222222222222,227.45972222222224,18.069444444444443,-177.79166666666666,57135.23611111111,8201873.0,-127.05555555555556,-2472526,50.041666666666664,53.31944444444444,49.770833333333336,38.520833333333336,39.81944444444444,28.65277777777778,39.625,26.145833333333332,21.29861111111111,-3.2,89.7,1.379861111111111,1.5972222222222223,99.18055555555556,39.61805555555556,39.645833333333336,37.701388888888886,37.673611111111114,341.7986111111111,0.86875,50.0,398.52708333333334,396.66319444444446,396.11805555555554,299.91319444444446,324.4145833333333,305.98125000000005,1869.5,-50.0,38.88194444444444,0.8291666666666667,5.61875,114.99930555555557,-102.99236111111111,1000.1,-643.0,20.814583333333335,346.4715277777778,2000.0,0.0,116.09305555555557,-752.4833333333333,0.0,-1000.0,97.77708333333334,752.2916666666666,1000.0,0.0,98.17500000000001,36.30555555555556,228.0715277777778,T06,1.2,13.1,6.343055555555555,0.7295138888888889,1.2,13.5,6.317361111111111,0.8003472222222222,15.0,19.0,16.875,1003.0,1005.0,1003.8472222222222,63.0,97.0,85.61805555555556,0.0,38.0,0.7083333333333334,0.0,123.625,123.18055555555556,403.80555555555554,,0
2016-05-07 00:00:00+00:00,1669.6,0.0,934.9951388888888,96.85694444444444,38.291666666666664,47.59722222222222,48.09027777777778,48.34027777777778,30.84722222222222,43.791666666666664,47.145833333333336,28.0,14.8,0.0,8.227777777777778,16.7,0.4,3.995833333333333,0.8888888888888888,-0.5118055555555557,221.51875,17.006944444444443,-440.55555555555554,19991.375,2815323.0,-271.2916666666667,-1338972,43.50694444444444,46.52777777777778,42.854166666666664,36.97222222222222,36.951388888888886,27.256944444444443,36.791666666666664,23.51388888888889,20.256944444444443,-3.1,89.7,7.814583333333333,2.5062499999999996,80.83333333333333,37.611111111111114,37.611111111111114,35.75,36.138888888888886,117.30833333333334,0.807638888888889,50.0,398.65555555555557,396.92569444444445,395.55833333333334,114.84861111111111,131.47083333333333,119.60694444444445,1194.0,-50.0,33.8125,0.8756944444444444,4.149305555555555,68.27777777777777,-55.768055555555556,1000.2,-575.1,26.195138888888888,125.91805555555555,1203.7,0.0,70.81319444444445,-419.34027777777777,0.0,-1000.0,168.03194444444443,419.34027777777777,1000.0,0.0,168.03194444444443,34.201388888888886,222.03472222222223,T06,0.9,11.3,5.360416666666667,0.51625,0.7000000000000001,11.6,5.297916666666667,0.6915277777777777,13.0,18.0,15.868055555555555,998.0,1005.0,1001.2638888888889,66.0,99.0,84.91666666666667,0.0,4.0,0.18055555555555555,0.0,104.05555555555556,102.77777777777777,401.21527777777777,,0
2016-05-08 00:00:00+00:00,1821.0,1163.6,1562.9284722222224,84.02291666666666,51.47222222222222,69.00694444444444,72.80555555555556,75.34027777777777,36.708333333333336,52.951388888888886,58.729166666666664,29.46527777777778,15.9,10.3,13.840972222222222,30.8,0.4,8.50138888888889,2.0729166666666665,3.2201388888888887,187.23958333333334,16.743055555555557,0.0,185637.65277777778,26731822.0,0.0,-4434138,68.64583333333333,73.22222222222223,69.77083333333333,40.458333333333336,41.541666666666664,26.96527777777778,41.0,29.79861111111111,19.625,-3.1,14.4,-1.2034722222222223,1.2215277777777778,110.02777777777777,42.416666666666664,42.486111111111114,40.43055555555556,38.513888888888886,1113.9,0.9798611111111111,49.99930555555555,398.95416666666665,396.6194444444444,397.48819444444445,939.7152777777778,969.2715277777778,935.4881944444444,2112.2,-31.8,42.68055555555556,0.7409722222222223,8.627083333333333,336.7368055555555,-184.75486111111113,1.0,-227.2,6.391666666666667,1111.5812500000002,2000.0,0.0,334.93819444444443,-941.0548611111111,0.0,-1000.0,97.30902777777777,879.7701388888888,1000.0,0.0,144.98402777777778,46.611111111111114,184.0125,T06,3.5,22.2,10.708333333333334,2.8052777777777775,2.7,22.1,9.919444444444444,3.730208333333333,14.0,17.0,15.76388888888889,991.0,998.0,994.2569444444445,73.0,98.0,86.26388888888889,0.0,27.0,0.9027777777777778,0.0,211.24305555555554,195.38194444444446,394.2013888888889,,0
2016-05-09 00:00:00+00:00,1792.1,0.0,1388.4375,94.36736111111111,48.104166666666664,62.541666666666664,65.19444444444444,66.84027777777777,34.84722222222222,50.611111111111114,55.43055555555556,28.368055555555557,15.8,0.0,12.292361111111111,45.7,0.4,7.03125,1.6625,-2.5930555555555554,193.0951388888889,16.3125,-149.75694444444446,125108.06944444444,17993998.0,-107.82638888888889,-3700890,60.138888888888886,63.94444444444444,60.88194444444444,39.826388888888886,39.94444444444444,26.916666666666668,39.38194444444444,27.36111111111111,19.569444444444443,-3.1,89.7,1.0597222222222222,1.9520833333333334,105.53472222222223,41.1875,41.229166666666664,39.208333333333336,38.19444444444444,749.7104166666667,0.90625,49.99861111111111,398.19166666666666,396.40625,396.58124999999995,644.9791666666666,665.6416666666667,641.2909722222222,2106.7,-51.3,40.013888888888886,0.8340277777777778,7.178472222222222,225.19097222222223,-154.19722222222222,719.9,-377.0,11.759722222222223,762.6319444444445,2000.0,0.0,234.1923611111111,-814.2194444444444,0.0,-1000.0,131.85069444444446,773.0680555555556,1000.0,0.0,151.52569444444444,41.19444444444444,195.68819444444443,T06,2.3,18.2,9.193750000000001,1.7699305555555556,1.8,17.8,8.824305555555556,2.439166666666667,13.0,18.0,15.194444444444445,995.0,1002.0,998.0,63.0,98.0,84.30555555555556,0.0,8.0,0.8402777777777778,0.0,180.77083333333334,173.52777777777777,397.9236111111111,,0
2016-05-10 00:00:00+00:00,1771.5,0.0,1440.3840277777776,73.14027777777778,45.145833333333336,58.451388888888886,60.048611111111114,61.083333333333336,30.54861111111111,51.03472222222222,55.69444444444444,28.333333333333332,15.6,0.0,12.757638888888888,24.5,0.5,6.879166666666666,1.2305555555555556,0.07430555555555547,178.6986111111111,16.5625,-39.93055555555556,106730.93055555556,15363506.0,-24.520833333333332,-3292108,56.986111111111114,60.513888888888886,56.97222222222222,39.388888888888886,39.52777777777778,26.54861111111111,39.40972222222222,26.21527777777778,19.09722222222222,-3.2,89.7,-1.2263888888888888,0.8236111111111112,102.52777777777777,40.833333333333336,40.875,38.93055555555556,38.083333333333336,640.2305555555555,0.9534722222222223,50.0,398.1277777777778,396.3673611111111,396.3493055555556,543.9756944444445,569.2486111111111,548.2895833333333,2104.8,-50.4,39.541666666666664,0.6479166666666667,6.9375,173.89444444444445,-137.1548611111111,737.2,-409.1,12.263194444444444,640.7333333333333,2000.0,0.0,173.57708333333332,-930.467361111111,0.0,-1000.0,61.537499999999994,916.15625,1000.0,0.0,76.40555555555555,37.77777777777778,178.62013888888887,T06,2.0,16.9,7.6000000000000005,0.9740972222222223,1.4,17.0,7.5625,1.0504166666666666,13.0,18.0,15.541666666666666,997.0,1002.0,999.5277777777778,61.0,94.0,77.31944444444444,0.0,16.0,0.5902777777777778,0.0,148.90972222222223,148.22222222222223,399.4583333333333,,0
2016-05-11 00:00:00+00:00,1867.2,11.3,1381.054861111111,86.01388888888889,43.895833333333336,57.479166666666664,59.34027777777778,60.708333333333336,31.875,49.854166666666664,54.4375,27.28472222222222,16.4,0.0,12.231944444444444,32.0,0.4,6.352083333333334,1.53125,-2.6215277777777777,186.60208333333333,15.104166666666666,-61.97222222222222,96493.20833333333,13886100.0,-46.61805555555556,-3240739,55.854166666666664,59.583333333333336,56.05555555555556,37.15972222222222,38.56944444444444,25.041666666666668,38.1875,25.506944444444443,17.65277777777778,-3.2,85.7,-0.36458333333333337,1.5277777777777777,102.84027777777777,38.458333333333336,38.50694444444444,36.5,35.375,578.5430555555555,0.8875,49.99930555555555,398.1340277777778,396.36319444444445,396.37291666666664,499.7180555555555,521.1131944444445,499.0763888888889,2111.9,-50.1,38.3125,0.7625,6.544444444444444,202.46666666666667,-135.02638888888887,912.8,-221.7,14.085416666666667,580.1215277777778,2000.0,0.0,202.04097222222222,-808.1506944444444,0.0,-1000.0,139.38472222222222,784.7638888888889,1000.0,0.0,154.40208333333334,38.19444444444444,189.22222222222223,T06,0.7000000000000001,23.9,7.9319444444444445,2.0223611111111115,0.9,24.9,7.523611111111112,2.483402777777778,11.0,16.0,14.159722222222221,998.0,1004.0,1000.5486111111111,73.0,93.0,84.51388888888889,0.0,16.0,0.6597222222222222,0.0,155.59027777777777,147.375,400.4861111111111,,0
2016-05-12 00:00:00+00:00,1784.6,1205.6,1483.1319444444443,69.59027777777777,47.52777777777778,62.638888888888886,65.02777777777777,66.625,32.50694444444444,51.125,56.36805555555556,28.354166666666668,15.7,10.7,13.136805555555556,27.5,0.9,7.415277777777778,1.4763888888888888,1.1354166666666667,252.94791666666666,16.77777777777778,-3.9791666666666665,135052.51388888888,19446989.0,-2.8472222222222223,-3890546,61.61805555555556,65.53472222222223,62.19444444444444,40.048611111111114,39.90972222222222,27.15972222222222,39.5625,28.041666666666668,19.73611111111111,-3.1,12.4,-1.3173611111111112,0.775,107.0625,41.65972222222222,41.69444444444444,39.6875,38.44444444444444,810.3743055555556,0.9527777777777777,50.00069444444445,398.43888888888887,396.5597222222222,396.81111111111113,687.89375,713.2201388888889,688.1138888888888,2106.6,-33.0,40.31944444444444,0.6138888888888889,7.554861111111112,209.85347222222222,-162.10347222222222,21.2,-220.6,7.345138888888889,809.4569444444445,2000.0,0.0,209.44791666666666,-930.4951388888888,0.0,-1000.0,73.52569444444445,895.4118055555556,1000.0,0.0,92.26180555555555,39.25,251.8069444444444,T06,2.4,19.7,8.431944444444445,1.2882638888888889,2.6,19.4,8.472916666666666,1.2927083333333333,14.0,18.0,15.743055555555555,1003.0,1007.0,1004.5833333333334,63.0,94.0,77.34722222222223,0.0,9.0,0.13194444444444445,0.0,165.59027777777777,166.36805555555554,404.5416666666667,,0
2016-05-13 00:00:00+00:00,1711.5,0.0,1380.8756944444444,69.5326388888889,44.548611111111114,57.354166666666664,59.111111111111114,60.076388888888886,29.381944444444443,50.604166666666664,55.25694444444444,28.381944444444443,15.1,0.0,12.21736111111111,25.1,0.4,6.776388888888889,1.2069444444444446,0.14305555555555552,285.68541666666664,16.708333333333332,-74.35416666666667,106119.4375,15270492.0,-42.13194444444444,-3204861,58.11805555555556,61.645833333333336,57.96527777777778,39.076388888888886,39.40277777777778,27.430555555555557,39.22222222222222,26.756944444444443,19.92361111111111,-3.2,86.2,2.2319444444444443,0.7743055555555556,100.63888888888889,40.52777777777778,40.541666666666664,38.61805555555556,37.875,636.1895833333333,0.9506944444444445,50.0,398.2548611111111,396.46527777777777,396.2076388888889,540.3298611111111,566.65625,546.7666666666667,2100.4,-39.4,39.25694444444444,0.6215277777777778,6.868055555555555,163.92777777777778,-133.54027777777776,999.9,-840.6,13.31111111111111,639.4527777777778,2000.0,0.0,164.90208333333334,-894.7493055555556,0.0,-1000.0,31.895138888888887,886.1729166666667,1000.0,0.0,46.236805555555556,36.833333333333336,285.5465277777778,T06,1.2,13.4,7.307638888888889,0.6227083333333333,1.2,13.3,7.305555555555555,0.6241666666666666,12.0,18.0,15.57638888888889,1007.0,1012.0,1009.1111111111111,52.0,87.0,73.44444444444444,0.0,2.0,0.020833333333333332,0.0,142.99305555555554,143.0,409.0833333333333,,0
2016-05-14 00:00:00+00:00,1673.1,0.0,1056.1493055555557,110.51875000000001,39.15277777777778,48.38194444444444,49.104166666666664,49.361111111111114,30.57638888888889,45.416666666666664,49.104166666666664,28.208333333333332,14.8,0.0,9.339583333333332,17.7,0.4,4.55625,0.8381944444444445,-0.7541666666666668,296.37916666666666,17.1875,-432.46527777777777,31580.659722222223,4485344.0,-315.43055555555554,-1540783,46.09027777777778,48.875,45.416666666666664,37.6875,38.020833333333336,28.118055555555557,37.52777777777778,24.09027777777778,21.270833333333332,-3.1,89.7,5.363194444444444,2.557638888888889,88.88194444444444,38.50694444444444,38.50694444444444,36.604166666666664,36.96527777777778,186.91597222222222,0.7916666666666666,50.00069444444445,398.56319444444443,397.03541666666666,395.8673611111111,180.5340277777778,197.06944444444446,187.14791666666667,1119.8,-50.0,35.77777777777778,0.9916666666666667,4.623611111111111,66.22777777777777,-64.20833333333333,1000.3,-998.5,44.09305555555555,194.31736111111113,1131.2,0.0,68.17638888888888,-507.3548611111112,0.0,-1000.0,88.85277777777777,507.3548611111112,1000.0,0.0,88.85277777777777,32.96527777777778,297.13472222222225,T06,0.5,10.8,4.945138888888889,0.37104166666666666,0.5,10.9,4.927777777777778,0.3697916666666667,13.0,19.0,15.993055555555555,1011.0,1014.0,1012.5555555555555,44.0,91.0,74.63194444444444,0.0,0.0,0.0,0.0,95.80555555555556,95.20138888888889,412.5,,0
2016-05-15 00:00:00+00:00,1685.3,0.0,591.5020833333333,60.327083333333334,35.36805555555556,41.3125,41.986111111111114,41.8125,32.861111111111114,42.354166666666664,41.97222222222222,28.541666666666668,14.9,0.0,5.1506944444444445,15.4,0.4,3.20625,0.7868055555555555,-24.40277777777778,239.8201388888889,19.256944444444443,-465.4375,25230.73611111111,3566203.0,-160.22916666666666,-1042664,45.18055555555556,48.513888888888886,44.541666666666664,34.020833333333336,36.395833333333336,28.09722222222222,35.708333333333336,24.51388888888889,22.96527777777778,-3.2,89.7,13.61111111111111,1.2659722222222223,59.9375,34.55555555555556,34.55555555555556,33.229166666666664,32.74305555555556,148.58749999999998,0.90625,50.0,398.39652777777775,397.18680555555557,395.2055555555555,135.96319444444444,146.84444444444443,139.64999999999998,1649.5,-49.4,32.833333333333336,0.5513888888888889,3.263888888888889,50.47638888888889,-43.44305555555556,1001.1,-934.2,17.650694444444444,153.22500000000002,1670.3,0.0,50.24236111111111,-326.7277777777778,0.0,-1000.0,47.618750000000006,326.6819444444444,1000.0,0.0,47.890972222222224,31.520833333333332,286.69930555555555,T06,0.0,11.0,3.1819444444444445,0.31527777777777777,0.0,11.2,3.176388888888889,0.3113194444444444,14.0,23.0,18.131944444444443,1011.0,1014.0,1012.0972222222222,51.0,93.0,73.19444444444444,0.0,0.0,0.0,0.0,60.31944444444444,60.145833333333336,412.03472222222223,,0
2016-05-16 00:00:00+00:00,1640.6,0.0,435.99444444444447,94.06180555555555,33.94444444444444,37.875,38.111111111111114,37.986111111111114,36.46527777777778,41.03472222222222,42.020833333333336,30.61111111111111,14.5,0.0,3.7118055555555554,13.2,0.4,2.861111111111111,0.5458333333333334,8.970833333333333,128.22847222222222,22.520833333333332,-831.5,3586.3541666666665,396700.0,-476.3888888888889,-275197,46.40972222222222,49.361111111111114,45.576388888888886,34.78472222222222,37.18055555555556,32.11805555555556,36.61805555555556,26.944444444444443,25.86111111111111,-2.5,89.7,21.406944444444445,2.602777777777778,51.44444444444444,35.076388888888886,35.09722222222222,33.298611111111114,34.21527777777778,16.527083333333334,0.8187500000000001,50.00069444444445,398.4972222222222,397.4118055555556,395.55833333333334,39.55347222222222,42.099999999999994,41.671527777777776,732.8,-50.3,33.833333333333336,0.8895833333333333,2.886111111111111,17.511805555555554,-11.459722222222222,1000.4,-914.0,43.05694444444444,30.415277777777778,753.6,0.0,21.029166666666665,-91.09930555555555,0.0,-1000.0,55.017361111111114,91.09930555555555,1000.0,0.0,55.017361111111114,32.166666666666664,161.75208333333333,T06,0.0,7.8,3.0611111111111113,0.27402777777777776,0.0,7.4,3.0611111111111113,0.27402777777777776,17.0,26.0,21.618055555555557,1010.0,1013.0,1011.8472222222222,38.0,86.0,55.986111111111114,0.0,0.0,0.0,0.0,57.96527777777778,57.798611111111114,411.74305555555554,,0
2016-05-17 00:00:00+00:00,1784.9,1198.8,1552.9499999999998,44.09652777777777,57.361111111111114,73.13194444444444,77.30555555555556,79.61111111111111,38.03472222222222,51.333333333333336,58.229166666666664,32.96527777777778,15.8,10.6,13.757638888888888,25.1,0.5,8.372222222222222,1.5027777777777778,0.37291666666666656,95.6576388888889,21.79861111111111,0.0,179508.51388888888,25849226.0,0.0,-4054342,67.46527777777777,71.03472222222223,68.10416666666667,41.979166666666664,43.53472222222222,31.71527777777778,42.44444444444444,34.96527777777778,25.25,-3.2,11.2,-1.1013888888888888,0.8520833333333333,110.26388888888889,43.75694444444444,43.84722222222222,41.763888888888886,40.145833333333336,1077.0243055555557,0.9437500000000001,49.99861111111111,398.5986111111111,396.9895833333333,397.65833333333336,915.8152777777777,933.7805555555556,907.1263888888889,2107.4,-16.8,43.81944444444444,0.3854166666666667,8.363888888888889,213.6888888888889,-168.89027777777778,495.7,-889.6,12.360416666666666,1075.9284722222224,2000.0,0.0,212.94305555555556,-886.48125,0.0,-1000.0,85.07083333333334,817.7625,1000.0,0.0,120.22083333333333,51.15972222222222,95.29236111111112,T06,1.8,16.4,9.056944444444445,0.896388888888889,1.9,16.5,9.109027777777778,0.9138888888888889,18.0,25.0,21.0,1005.0,1011.0,1007.5694444444445,31.0,56.0,43.375,0.0,0.0,0.0,0.0,178.13194444444446,179.06944444444446,407.50694444444446,,0
2016-05-18 00:00:00+00:00,1763.0,0.0,1181.9791666666667,96.45763888888888,49.395833333333336,61.638888888888886,63.763888888888886,64.89583333333333,39.326388888888886,49.604166666666664,53.625,32.81944444444444,15.6,0.0,10.443750000000001,22.6,0.4,5.782638888888889,1.1104166666666666,1.1687500000000002,154.20069444444445,22.17361111111111,-437.52777777777777,83348.64583333333,11939202.0,-343.36805555555554,-2187923,57.52777777777778,60.888888888888886,58.826388888888886,39.583333333333336,42.86805555555556,33.229166666666664,41.625,31.895833333333332,26.78472222222222,-3.2,89.7,4.138888888888889,2.395138888888889,98.07638888888889,40.65277777777778,40.69444444444444,38.791666666666664,38.65972222222222,497.43055555555554,0.8465277777777778,49.99930555555555,398.9576388888889,397.55833333333334,397.1611111111111,436.18958333333336,450.7868055555556,436.7291666666667,2103.6,-50.4,41.423611111111114,0.8694444444444445,5.807638888888889,109.14166666666667,-91.1236111111111,1000.3,-870.4,33.41597222222222,505.36875000000003,2000.0,0.0,110.33055555555556,-609.7909722222222,0.0,-1000.0,114.41388888888888,575.6993055555555,1000.0,0.0,121.61666666666666,44.75694444444444,153.03333333333333,T06,0.9,14.6,6.052777777777778,0.7298611111111111,0.7000000000000001,15.0,6.009722222222222,0.7515277777777778,18.0,26.0,21.03472222222222,1006.0,1011.0,1008.0416666666666,34.0,79.0,49.458333333333336,0.0,0.0,0.0,0.0,117.84722222222223,117.0,408.0138888888889,,0
2016-05-19 00:00:00+00:00,1643.2,0.0,576.5513888888888,29.52152777777778,35.31944444444444,41.576388888888886,42.0,41.96527777777778,35.395833333333336,41.854166666666664,42.708333333333336,29.95138888888889,14.6,0.0,4.956250000000001,13.1,0.4,3.0868055555555554,0.525,-19.455555555555556,245.20902777777778,21.131944444444443,-501.46527777777777,12218.576388888889,1687264.0,-194.92361111111111,-715217,45.798611111111114,48.833333333333336,45.083333333333336,34.69444444444444,37.041666666666664,31.305555555555557,36.96527777777778,26.09027777777778,25.26388888888889,-2.8,64.5,13.82986111111111,0.5479166666666666,59.895833333333336,35.02777777777778,35.05555555555556,33.25694444444444,33.8125,70.31041666666667,0.8708333333333333,50.00069444444445,398.48055555555555,397.38194444444446,395.84027777777777,76.76527777777778,84.24166666666666,79.26666666666667,767.2,-33.7,34.111111111111114,0.2881944444444444,3.1354166666666665,24.34722222222222,-29.77708333333333,895.8,-665.0,24.341666666666665,74.08819444444445,795.5,0.0,23.490972222222222,-282.86319444444445,0.0,-1000.0,51.920833333333334,282.86319444444445,1000.0,0.0,51.920833333333334,32.666666666666664,284.6791666666667,T06,0.0,8.8,3.3291666666666666,0.15020833333333333,0.0,8.9,3.3152777777777778,0.15423611111111113,16.0,24.0,20.07638888888889,1009.0,1012.0,1010.3541666666666,44.0,99.0,72.83333333333333,0.0,0.0,0.0,0.0,63.19444444444444,62.888888888888886,410.3333333333333,,0
2016-05-20 00:00:00+00:00,1782.4,0.0,1219.9025210084033,47.61176470588236,51.20168067226891,64.15126050420169,67.45378151260505,69.09243697478992,36.436974789915965,48.30252100840336,53.285714285714285,32.47899159663866,15.7,0.0,10.75546218487395,22.5,0.4,6.9226890756302515,1.238655462184874,-1.1882352941176473,119.80924369747899,22.51260504201681,-225.00840336134453,140387.47899159664,16679333.0,-99.21848739495799,-2252592,59.46218487394958,62.42016806722689,59.30252100840336,39.89915966386555,41.411764705882355,31.680672268907564,40.33613445378151,33.49579831932773,26.210084033613445,-3.2,90.0,6.530252100840336,1.1487394957983195,90.09243697478992,41.39495798319328,41.42857142857143,39.42016806722689,38.30252100840336,841.0252100840336,0.946218487394958,50.0,398.58067226890756,397.0899159663865,397.2470588235294,715.6394957983193,728.4739495798319,706.946218487395,2104.0,-40.7,39.96638655462185,0.4100840336134454,6.910924369747899,137.58487394957984,-113.5672268907563,1000.1,-592.1,12.963025210084032,842.9529411764705,2000.0,0.0,137.01764705882354,-686.6075630252101,0.0,-1000.0,63.64537815126051,625.1428571428571,1000.0,0.0,87.5361344537815,45.97478991596638,142.15798319327732,T06,0.3,14.6,5.832638888888889,0.6361805555555555,0.3,15.0,5.855555555555556,0.651875,17.0,26.0,21.42361111111111,1009.0,1011.0,1009.7083333333334,49.0,89.0,65.05555555555556,0.0,0.0,0.0,0.0,113.45138888888889,113.93055555555556,409.6736111111111,,0
2016-05-21 00:00:00+00:00,1757.1,0.0,1445.0770833333333,69.54374999999999,55.28472222222222,70.38194444444444,73.79861111111111,76.01388888888889,38.576388888888886,53.326388888888886,58.74305555555556,33.888888888888886,15.5,0.0,12.785416666666666,23.7,0.4,7.680555555555555,1.3027777777777778,-1.9652777777777777,112.6263888888889,23.03472222222222,-181.04166666666666,146549.50694444444,21077059.0,-130.92361111111111,-3382294,67.93055555555556,71.22222222222223,68.46527777777777,40.638888888888886,44.388888888888886,32.13194444444444,42.923611111111114,35.951388888888886,25.70138888888889,-3.3,65.8,0.4305555555555555,1.0451388888888888,108.8125,42.229166666666664,42.27777777777778,40.229166666666664,39.201388888888886,878.1152777777778,0.9513888888888888,50.00069444444445,398.38750000000005,396.84027777777777,397.7895833333333,751.1194444444444,763.9166666666666,735.9430555555556,2105.8,-45.1,43.625,0.6152777777777778,7.6312500000000005,164.5826388888889,-140.91041666666666,999.2,-726.9,10.769444444444444,880.1548611111111,2000.0,0.0,165.05208333333334,-853.161111111111,0.0,-1000.0,57.90138888888888,805.3784722222222,1000.0,0.0,72.94097222222223,51.59722222222222,114.58958333333334,T06,0.7000000000000001,15.4,6.717361111111111,1.2783333333333333,0.8,15.6,6.770833333333333,1.2890972222222221,18.0,27.0,22.15972222222222,1007.0,1010.0,1008.0138888888889,36.0,68.0,50.84722222222222,0.0,0.0,0.0,0.0,131.13888888888889,132.20138888888889,408.0,,0
2016-05-22 00:00:00+00:00,1680.2,0.0,1015.2076388888888,115.85833333333332,41.048611111111114,49.97222222222222,50.59722222222222,50.75694444444444,35.50694444444444,46.583333333333336,49.65277777777778,30.36111111111111,14.9,0.0,8.920833333333333,18.7,0.4,4.554166666666666,0.8673611111111111,-3.0784722222222225,279.76874999999995,20.694444444444443,-447.4791666666667,34894.305555555555,4960339.0,-272.24305555555554,-1446819,49.05555555555556,51.96527777777778,47.90972222222222,37.104166666666664,39.22222222222222,31.368055555555557,38.833333333333336,27.520833333333332,25.006944444444443,-3.0,89.7,6.277083333333334,2.5819444444444444,81.89583333333333,37.958333333333336,37.979166666666664,36.166666666666664,36.520833333333336,206.67569444444445,0.8333333333333334,50.00208333333333,398.51874999999995,397.0534722222222,395.5833333333333,189.46180555555554,207.60347222222222,197.75555555555556,1365.3,-50.1,37.09722222222222,1.0527777777777778,4.591666666666667,75.80208333333333,-60.28611111111112,1000.7,-913.3,34.19166666666667,214.4076388888889,1380.5,0.0,76.82152777777777,-499.9270833333333,0.0,-1000.0,100.89861111111111,499.9270833333333,1000.0,0.0,100.89861111111111,36.0625,282.8465277777778,T06,0.3,10.3,4.779861111111111,0.4627777777777778,0.3,10.2,4.768055555555556,0.4629861111111111,16.0,24.0,19.430555555555557,1009.0,1013.0,1010.9652777777778,48.0,97.0,79.45138888888889,0.0,0.0,0.0,0.0,92.48611111111111,92.11805555555556,410.94444444444446,,0
2016-05-23 00:00:00+00:00,1754.9,0.0,884.8215277777778,40.733333333333334,41.986111111111114,51.77777777777778,53.736111111111114,54.68055555555556,35.270833333333336,47.25,49.61805555555556,30.444444444444443,15.5,0.0,7.722916666666666,20.9,0.4,5.286111111111111,0.9187500000000001,12.973611111111111,148.65555555555557,21.291666666666668,-461.72222222222223,89202.625,12778689.0,-218.89583333333334,-2030908,56.8125,59.86805555555556,55.84722222222222,36.75,38.50694444444444,30.694444444444443,37.861111111111114,29.444444444444443,24.11111111111111,-3.2,80.5,10.299305555555556,0.4652777777777778,72.99305555555556,37.74305555555556,37.791666666666664,35.951388888888886,35.375,532.4548611111111,0.9513888888888888,50.00138888888889,398.4125,397.35555555555555,396.3597222222222,455.8444444444445,465.5833333333333,452.2923611111111,2103.0,-50.3,36.47222222222222,0.38472222222222224,5.263194444444444,109.13333333333334,-84.61250000000001,511.6,-721.6,7.820138888888888,535.5909722222223,2000.0,0.0,108.41805555555555,-505.03125,0.0,-1000.0,29.362499999999997,479.1451388888888,1000.0,0.0,42.02638888888889,39.361111111111114,168.18055555555554,T06,0.0,13.4,5.331250000000001,0.6413194444444444,0.0,13.6,5.348611111111111,0.6457638888888888,15.0,25.0,20.416666666666668,1008.0,1013.0,1010.9652777777778,46.0,99.0,73.94444444444444,0.0,1.0,0.006944444444444444,0.0,103.40972222222223,103.79166666666667,410.9375,,0
2016-05-24 00:00:00+00:00,1720.6,0.0,1149.9375,94.5375,44.8125,54.451388888888886,55.451388888888886,55.96527777777778,34.97222222222222,48.763888888888886,52.326388888888886,31.09027777777778,15.2,0.0,10.156944444444443,21.0,0.4,5.252083333333333,0.9465277777777779,1.7583333333333333,188.75833333333333,20.944444444444443,-316.6041666666667,50030.53472222222,7158801.0,-214.86805555555554,-2083101,53.8125,56.736111111111114,52.666666666666664,38.63194444444444,41.1875,31.875,40.63194444444444,29.15972222222222,25.333333333333332,-3.1,89.7,6.321527777777778,2.522222222222222,94.68055555555556,39.59027777777778,39.604166666666664,37.6875,37.9375,298.28472222222223,0.8520833333333333,50.00069444444445,398.29305555555555,396.6951388888889,396.0986111111111,269.3979166666667,286.5423611111111,272.52916666666664,2101.9,-50.1,39.90277777777778,0.8611111111111112,5.314583333333333,80.09791666666666,-86.81736111111111,939.5,-988.6,29.49583333333333,316.4145833333333,2000.0,0.0,87.11805555555556,-642.4159722222222,0.0,-1000.0,111.04027777777777,639.2222222222222,1000.0,0.0,112.37986111111111,38.13194444444444,186.99791666666667,T06,0.3,12.7,5.652083333333334,0.5329166666666666,0.3,12.9,5.676388888888889,0.5363888888888888,17.0,24.0,19.72222222222222,1005.0,1009.0,1006.3402777777778,54.0,92.0,73.43055555555556,0.0,0.0,0.0,0.0,109.81944444444444,110.39583333333333,406.31944444444446,,0
2016-05-25 00:00:00+00:00,1667.7,0.0,1075.9659722222223,82.69097222222223,41.354166666666664,50.979166666666664,51.59722222222222,51.97222222222222,34.4375,45.6875,49.333333333333336,29.86111111111111,14.8,0.0,9.496527777777779,18.7,0.4,4.46875,0.8631944444444445,-0.7347222222222222,272.5340277777778,19.53472222222222,-315.90277777777777,27522.916666666668,3917812.0,-195.125,-1682685,46.96527777777778,49.826388888888886,45.63194444444444,37.708333333333336,39.354166666666664,31.09722222222222,39.076388888888886,26.3125,24.541666666666668,-2.7,89.7,4.235416666666667,1.9805555555555554,88.56944444444444,38.513888888888886,38.53472222222222,36.604166666666664,36.9375,163.22847222222222,0.8055555555555556,49.99930555555555,397.8388888888889,396.3361111111111,395.0402777777778,155.76458333333332,174.19722222222222,163.88819444444445,1064.8,-50.3,37.513888888888886,0.7597222222222223,4.540972222222222,65.05763888888889,-70.14652777777778,1000.3,-955.3,31.91944444444444,169.61458333333334,1071.7,0.0,66.98055555555555,-558.7729166666667,0.0,-1000.0,144.1888888888889,558.7729166666667,1000.0,0.0,144.1888888888889,35.638888888888886,278.27708333333334,T06,1.0,10.1,5.144444444444444,0.4288888888888889,1.1,9.6,5.138194444444444,0.4263888888888889,16.0,21.0,18.21527777777778,1004.0,1007.0,1005.6388888888889,51.0,89.0,71.47222222222223,0.0,0.0,0.0,0.0,99.64583333333333,99.5,405.5833333333333,,0
2016-05-26 00:00:00+00:00,1670.0,39.3,814.5305555555556,63.94444444444444,38.00694444444444,46.125,46.56944444444444,46.736111111111114,32.923611111111114,44.875,46.763888888888886,28.895833333333332,14.8,0.0,6.8805555555555555,23.4,0.4,4.077083333333333,0.7388888888888889,-15.871527777777779,277.20208333333335,19.34722222222222,-460.69444444444446,27004.527777777777,3822312.0,-225.47222222222223,-1260069,45.99305555555556,49.125,44.9375,35.625,37.576388888888886,29.88888888888889,37.34027777777778,25.52777777777778,23.569444444444443,-3.0,85.0,9.81388888888889,0.8993055555555556,74.01388888888889,36.229166666666664,36.236111111111114,34.52777777777778,34.625,159.26805555555555,0.8756944444444446,50.0,398.45000000000005,397.2131944444444,395.6638888888889,145.16111111111113,158.17916666666667,150.36527777777778,1394.3,-50.0,35.111111111111114,0.5840277777777778,4.0881944444444445,72.07291666666667,-52.480555555555554,987.5,-533.0,14.823611111111111,164.12569444444443,1424.4,0.0,71.22986111111112,-430.96875,0.0,-1000.0,84.67222222222222,430.96875,1000.0,0.0,84.67500000000001,32.93055555555556,293.0701388888889,T06,1.3,10.7,4.618055555555555,0.42076388888888894,1.3,11.2,4.592361111111111,0.4215277777777778,16.0,21.0,18.45138888888889,1004.0,1007.0,1005.8541666666666,47.0,83.0,67.47222222222223,0.0,0.0,0.0,0.0,89.14583333333333,88.64583333333333,405.74305555555554,,0
2016-05-27 00:00:00+00:00,1633.6,0.0,736.9055555555556,62.17916666666666,37.041666666666664,45.15972222222222,45.74305555555556,45.708333333333336,34.451388888888886,43.40277777777778,45.138888888888886,29.618055555555557,14.5,0.0,6.481944444444444,45.4,0.4,3.6555555555555554,0.6937500000000001,11.525694444444445,239.91666666666666,20.09722222222222,-428.84027777777777,19998.63888888889,2818050.0,-170.97222222222223,-1096580,45.63194444444444,48.666666666666664,44.416666666666664,35.44444444444444,37.583333333333336,31.45138888888889,37.479166666666664,25.88888888888889,24.76388888888889,-3.0,89.7,10.835416666666667,1.5048611111111112,69.93055555555556,35.986111111111114,35.99305555555556,34.263888888888886,34.46527777777778,117.41944444444445,0.8847222222222223,49.99930555555555,398.45000000000005,397.28263888888887,395.55555555555554,107.61250000000001,120.26666666666668,112.47916666666667,908.1,-50.8,34.986111111111114,0.5513888888888889,3.667361111111111,47.21527777777778,-45.67986111111111,1000.1,-731.4,10.859722222222222,123.27569444444445,2000.0,0.0,49.724999999999994,-408.65486111111113,0.0,-1000.0,78.23263888888889,408.65486111111113,1000.0,0.0,78.23263888888889,33.28472222222222,298.40486111111113,T06,0.0,10.3,3.917361111111111,0.2995138888888889,0.0,10.6,3.913888888888889,0.30645833333333333,15.0,22.0,18.97222222222222,1006.0,1010.0,1008.3402777777778,44.0,83.0,67.4375,0.0,0.0,0.0,0.0,75.19444444444444,75.0,408.28472222222223,,0
2016-05-28 00:00:00+00:00,1806.9,0.0,1046.8465277777777,58.0638888888889,45.263888888888886,57.25694444444444,59.65277777777778,61.00694444444444,36.923611111111114,47.36805555555556,51.03472222222222,29.6875,15.9,0.0,9.230555555555556,30.5,0.4,5.919444444444444,1.1583333333333334,-8.029166666666667,255.77291666666667,19.375,-368.56944444444446,105457.25,15132772.0,-192.40277777777777,-2580129,57.326388888888886,60.68055555555556,57.02777777777778,38.125,39.27777777777778,29.583333333333332,38.47222222222222,28.86111111111111,22.98611111111111,-3.2,44.9,7.564583333333333,1.1368055555555554,84.32638888888889,39.25,39.298611111111114,37.3125,36.520833333333336,630.4861111111111,0.9208333333333333,50.0,398.6326388888889,397.25,396.98055555555555,542.20625,553.0999999999999,536.9472222222222,2105.0,-49.5,37.888888888888886,0.5118055555555556,5.939583333333333,149.93958333333333,-107.51111111111112,999.8,-374.9,10.943750000000001,633.4909722222222,2000.0,0.0,149.56875000000002,-561.526388888889,0.0,-1000.0,63.75972222222222,521.5020833333333,1000.0,0.0,85.50347222222223,40.708333333333336,266.30069444444445,T06,0.6000000000000001,18.0,6.939583333333333,0.8003472222222222,0.7000000000000001,18.1,6.958333333333333,0.8080555555555555,16.0,21.0,18.47222222222222,1009.0,1014.0,1011.2430555555555,55.0,91.0,77.43055555555556,0.0,1.0,0.013888888888888888,0.0,135.70138888888889,136.02083333333334,411.2013888888889,,0
2016-05-29 00:00:00+00:00,1689.0,0.0,932.9923611111111,80.06597222222223,39.18055555555556,47.75,48.34722222222222,48.611111111111114,33.048611111111114,46.09027777777778,48.72222222222222,28.118055555555557,14.9,0.0,8.090277777777779,22.0,0.4,4.511805555555556,0.882638888888889,3.5326388888888887,289.01666666666665,18.84722222222222,-426.1736111111111,38951.25,5547612.0,-228.04861111111111,-1556275,47.701388888888886,50.68055555555556,46.798611111111114,36.25694444444444,37.44444444444444,29.541666666666668,37.34027777777778,25.444444444444443,22.86111111111111,-3.2,89.7,8.269444444444444,1.5395833333333333,78.47916666666667,37.020833333333336,37.02777777777778,35.270833333333336,35.263888888888886,231.16666666666666,0.8902777777777777,50.0,398.3527777777778,396.7243055555556,395.625,203.35763888888889,219.44930555555555,208.43055555555554,1543.9,-51.0,35.25,0.7583333333333333,4.558333333333334,87.81041666666667,-64.84166666666667,1001.4,-646.5,12.252083333333333,237.02499999999998,1588.0,0.0,89.32916666666667,-519.7479166666667,0.0,-1000.0,65.71666666666667,519.6805555555555,1000.0,0.0,65.92013888888889,33.03472222222222,292.9798611111111,T06,0.4,11.7,5.141666666666667,0.47131944444444446,0.4,11.9,5.127777777777777,0.47284722222222225,15.0,20.0,17.65972222222222,1013.0,1015.0,1013.5069444444445,43.0,86.0,69.35416666666667,0.0,0.0,0.0,0.0,99.70833333333333,99.36805555555556,413.4583333333333,,0
2016-05-30 00:00:00+00:00,1716.5,0.0,919.5118055555556,82.46666666666667,41.111111111111114,49.458333333333336,50.4375,51.0,33.611111111111114,45.61805555555556,48.708333333333336,29.48611111111111,15.2,0.0,8.023611111111112,23.5,0.4,4.549305555555556,0.9173611111111111,-2.4166666666666665,289.56458333333336,19.708333333333332,-464.8333333333333,49817.006944444445,7106710.0,-253.27777777777777,-1704076,51.666666666666664,54.52777777777778,50.145833333333336,36.27777777777778,38.1875,29.708333333333332,37.80555555555556,27.083333333333332,23.541666666666668,-3.1,89.7,9.022222222222222,1.911111111111111,77.35416666666667,37.11805555555556,37.15972222222222,35.28472222222222,35.24305555555556,296.11805555555554,0.8798611111111111,50.00069444444445,398.6138888888889,396.98541666666665,396.2729166666667,262.77152777777775,274.33402777777775,261.8152777777778,2101.6,-51.3,35.59027777777778,0.7562500000000001,4.564583333333333,93.84166666666667,-70.99375,1000.4,-385.0,16.550694444444446,302.23541666666665,2000.0,0.0,93.95625000000001,-447.8618055555555,0.0,-1000.0,85.12708333333333,442.45000000000005,1000.0,0.0,93.28819444444444,36.69444444444444,289.4888888888889,T06,1.2,12.9,5.284722222222222,0.5979166666666667,1.0,12.4,5.230555555555556,0.5877777777777777,13.0,24.0,18.631944444444443,1009.0,1014.0,1010.5347222222222,39.0,85.0,64.49305555555556,0.0,0.0,0.0,0.0,102.47222222222223,101.29166666666667,410.5138888888889,,0
2016-05-31 00:00:00+00:00,1678.7,0.0,518.2965277777778,141.9034722222222,36.55555555555556,40.923611111111114,41.3125,41.02777777777778,37.888888888888886,43.4375,44.666666666666664,31.25,14.9,0.0,4.377777777777777,15.9,0.4,2.961111111111111,0.682638888888889,8.289583333333333,197.72083333333333,22.96527777777778,-921.5347222222222,7388.569444444444,931250.0,-556.5555555555555,-480627,48.13194444444444,50.8125,46.826388888888886,35.78472222222222,38.298611111111114,32.423611111111114,37.583333333333336,28.256944444444443,26.291666666666668,-2.6,89.7,17.79861111111111,3.9340277777777777,56.625,36.145833333333336,36.15277777777778,34.3125,35.36805555555556,38.81805555555556,0.8159722222222222,50.00069444444445,398.58958333333334,397.2722222222222,395.81319444444443,52.47222222222222,57.134027777777774,54.234027777777776,1638.9,-51.4,35.173611111111114,1.317361111111111,3.0194444444444444,27.308333333333334,-20.02638888888889,1000.9,-952.1,32.50763888888889,53.56458333333333,1680.3,0.0,32.49722222222223,-150.50833333333333,0.0,-1000.0,64.74513888888889,150.44583333333333,1000.0,0.0,64.70833333333333,33.50694444444444,271.9298611111111,T06,0.0,12.6,4.024305555555555,0.39111111111111113,0.2,12.5,3.988194444444444,0.38625,16.0,28.0,21.61111111111111,1008.0,1011.0,1009.3958333333334,30.0,80.0,53.486111111111114,0.0,0.0,0.0,0.0,77.11805555555556,76.65277777777777,409.36805555555554,,0
2016-06-01 00:00:00+00:00,1777.5,1211.4,1516.9222222222222,50.556250000000006,56.50694444444444,71.20833333333333,74.30555555555556,76.1875,39.145833333333336,52.15277777777778,58.53472222222222,34.0625,15.6,10.7,13.433333333333334,23.3,1.0,7.779861111111111,1.3611111111111112,2.531944444444444,104.19861111111112,23.631944444444443,0.0,149243.47222222222,21491060.0,0.0,-3610871,66.61805555555556,70.01388888888889,66.5,41.520833333333336,44.423611111111114,33.083333333333336,43.173611111111114,35.701388888888886,26.70138888888889,-3.3,10.1,-1.4715277777777778,0.5763888888888888,109.59027777777777,43.201388888888886,43.229166666666664,41.208333333333336,40.125,895.4277777777778,0.9624999999999999,50.0,398.8805555555556,397.11527777777775,397.74027777777775,756.7458333333333,778.8333333333334,752.0840277777778,2103.5,-17.1,43.84027777777778,0.4444444444444444,7.778472222222222,197.82430555555555,-150.45138888888889,0.2,-218.2,5.615972222222222,894.9645833333333,2000.0,0.0,197.63402777777776,-932.063888888889,0.0,-1000.0,62.66597222222222,890.1305555555556,1000.0,0.0,90.54513888888889,49.604166666666664,101.66458333333334,T06,1.5,14.8,8.131944444444445,0.7670138888888889,1.7000000000000002,14.9,8.211111111111112,0.7813888888888889,18.0,28.0,22.63888888888889,1006.0,1010.0,1008.3055555555555,28.0,69.0,43.15277777777778,0.0,0.0,0.0,0.0,159.55555555555554,161.15277777777777,408.28472222222223,,0
2016-06-02 00:00:00+00:00,1692.6,0.0,1288.2076388888888,85.26249999999999,48.986111111111114,58.21527777777778,59.44444444444444,60.541666666666664,36.6875,52.895833333333336,56.59722222222222,33.68055555555556,15.0,0.0,11.37638888888889,17.7,0.4,5.979166666666667,0.9833333333333333,-1.3916666666666668,136.40138888888887,24.5625,-272.36805555555554,71389.25694444444,10240832.0,-193.05555555555554,-2637874,59.701388888888886,62.30555555555556,58.798611111111114,38.65277777777778,43.55555555555556,33.395833333333336,42.52777777777778,34.44444444444444,26.944444444444443,-3.2,89.7,1.30625,1.207638888888889,101.74305555555556,39.80555555555556,39.8125,37.916666666666664,38.05555555555556,426.7243055555556,0.9131944444444444,50.00069444444445,398.76458333333335,397.225,397.1145833333333,371.42291666666665,391.15277777777777,371.17569444444445,1735.1,-50.1,41.69444444444444,0.7625,5.965972222222223,104.87569444444445,-109.93333333333334,661.2,-580.7,14.99097222222222,429.93819444444443,1756.3,0.0,105.79166666666667,-816.0326388888889,0.0,-1000.0,56.00555555555556,815.7326388888889,1000.0,0.0,56.75208333333333,44.90972222222222,137.7923611111111,T06,1.2,12.3,6.319444444444445,0.630625,1.1,12.7,6.344444444444445,0.6438888888888888,20.0,29.0,23.59027777777778,1003.0,1007.0,1005.1041666666666,25.0,73.0,40.38194444444444,0.0,0.0,0.0,0.0,123.20833333333333,123.8125,405.0416666666667,,0
2016-06-03 00:00:00+00:00,1701.9,0.0,1284.2451388888887,94.73819444444445,44.451388888888886,54.701388888888886,55.548611111111114,55.986111111111114,34.65972222222222,49.3125,53.298611111111114,30.25,15.1,0.0,11.370138888888889,19.2,0.4,5.581944444444444,1.1069444444444445,-0.7798611111111112,230.12083333333334,19.8125,-151.16666666666666,59218.38888888889,8505679.0,-98.97916666666667,-2478097,52.00694444444444,54.90972222222222,50.333333333333336,38.69444444444444,40.24305555555556,31.32638888888889,40.0,27.916666666666668,24.666666666666668,-3.2,54.2,0.7034722222222222,1.1145833333333333,95.89583333333333,39.84027777777778,39.84722222222222,37.96527777777778,37.875,354.4270833333333,0.8729166666666667,50.00069444444445,397.97222222222223,396.2243055555556,396.23541666666665,314.25069444444443,332.61249999999995,313.79375000000005,1783.9,-50.0,39.34027777777778,0.8430555555555556,5.649305555555555,134.57222222222222,-103.27708333333334,803.4,-676.1,21.36111111111111,357.3381944444444,1798.6,0.0,135.56597222222223,-757.1624999999999,0.0,-1000.0,100.91041666666666,756.8347222222222,1000.0,0.0,102.06319444444445,36.041666666666664,230.89097222222225,T06,1.9,11.5,6.148611111111111,0.7351388888888889,1.6,11.9,6.126388888888889,0.7681944444444445,17.0,21.0,18.57638888888889,1004.0,1009.0,1006.4375,65.0,96.0,79.43055555555556,0.0,0.0,0.0,0.0,119.81944444444444,119.36805555555556,406.34722222222223,,0
2016-06-04 00:00:00+00:00,1686.6,65.4,1213.704861111111,67.48750000000001,43.86805555555556,54.09722222222222,54.96527777777778,55.361111111111114,32.28472222222222,48.638888888888886,52.423611111111114,29.97222222222222,15.0,0.0,10.7375,20.7,0.4,5.364583333333333,0.9736111111111112,-3.488888888888889,281.06111111111113,19.180555555555557,-230.01388888888889,53188.42361111111,7626010.0,-172.65972222222223,-2305029,49.770833333333336,52.59027777777778,48.30555555555556,38.47222222222222,40.173611111111114,30.069444444444443,39.84722222222222,27.42361111111111,23.4375,-3.1,59.2,1.9506944444444443,0.7631944444444445,98.40972222222223,39.44444444444444,39.46527777777778,37.583333333333336,37.576388888888886,317.7583333333333,0.8854166666666666,50.0,398.6625,397.07222222222225,397.1020833333333,280.17777777777775,296.9527777777778,278.5138888888889,1515.2,-50.5,39.076388888888886,0.6000000000000001,5.442361111111111,102.70277777777778,-96.04027777777777,734.4,-650.6,11.676388888888889,320.4604166666667,1546.4,0.0,102.98124999999999,-745.9659722222223,0.0,-1000.0,95.86111111111111,745.9465277777778,1000.0,0.0,96.03541666666666,35.611111111111114,284.5548611111111,T06,1.3,11.3,5.982638888888889,0.5363194444444445,1.3,11.3,5.975,0.5415277777777778,16.0,21.0,18.09027777777778,1007.0,1010.0,1008.4444444444445,56.0,91.0,74.66666666666667,0.0,0.0,0.0,0.0,116.49305555555556,116.3125,408.40972222222223,,0
2016-06-05 00:00:00+00:00,1671.0,0.0,582.2576388888889,35.52916666666667,35.208333333333336,42.05555555555556,42.5625,42.458333333333336,34.86805555555556,44.34722222222222,43.770833333333336,29.875,14.8,0.0,5.070833333333334,18.4,0.4,3.2486111111111113,0.6506944444444445,-4.044444444444444,227.84027777777777,21.854166666666668,-496.4583333333333,21680.13888888889,3050450.0,-189.52777777777777,-1002711,46.90972222222222,50.041666666666664,46.020833333333336,34.423611111111114,37.138888888888886,31.333333333333332,37.00694444444444,26.506944444444443,25.118055555555557,-3.1,65.1,13.47013888888889,0.3263888888888889,60.75694444444444,34.90277777777778,34.923611111111114,33.229166666666664,33.520833333333336,127.10138888888888,0.9145833333333333,49.99930555555555,398.5395833333333,396.96875,395.52916666666664,117.30069444444445,127.73402777777778,119.11250000000001,1185.5,-38.1,34.27777777777778,0.31666666666666665,3.270138888888889,39.64861111111111,-41.77291666666667,999.2,-629.8,10.575,131.10972222222222,1217.2,0.0,39.46111111111111,-349.3666666666667,0.0,-1000.0,32.92986111111111,349.3666666666667,1000.0,0.0,32.92986111111111,31.90972222222222,246.8951388888889,T06,0.0,10.5,3.3854166666666665,0.2940277777777778,0.0,10.5,3.3784722222222223,0.29152777777777783,16.0,26.0,20.569444444444443,1007.0,1010.0,1008.0277777777778,46.0,100.0,76.84722222222223,0.0,1.0,0.006944444444444444,0.0,64.36111111111111,64.11805555555556,407.96527777777777,,0
2016-06-06 00:00:00+00:00,1570.2,0.0,684.4124999999999,115.98263888888889,38.916666666666664,44.74305555555556,45.229166666666664,45.138888888888886,37.354166666666664,44.94444444444444,46.34722222222222,31.694444444444443,13.9,0.0,5.972222222222222,17.0,0.4,3.4027777777777777,0.6791666666666667,13.445138888888888,140.85069444444446,23.59027777777778,-794.5277777777778,10275.5,1365253.0,-533.3472222222222,-749825,48.298611111111114,50.979166666666664,47.0625,36.61805555555556,39.56944444444444,34.38194444444444,38.90972222222222,29.09722222222222,27.868055555555557,-2.8,89.7,12.483333333333333,3.152083333333333,69.47916666666667,37.0625,37.076388888888886,35.18055555555556,36.18055555555556,56.88472222222222,0.7847222222222222,50.00138888888889,398.57430555555555,397.19375,395.975,73.375,80.08263888888888,75.30486111111111,767.3,-50.6,36.84027777777778,1.0729166666666667,3.435416666666667,35.86805555555556,-31.261111111111113,1000.9,-1000.0,43.19722222222222,69.51666666666667,769.6,0.0,37.36388888888889,-253.59444444444443,0.0,-1000.0,113.14722222222223,253.59444444444443,1000.0,0.0,113.14722222222223,34.94444444444444,194.88055555555556,T06,0.8,8.9,3.8131944444444446,0.31625,0.7000000000000001,8.9,3.8291666666666666,0.3169444444444445,16.0,28.0,22.59722222222222,1007.0,1010.0,1009.0555555555555,33.0,88.0,58.298611111111114,0.0,0.0,0.0,0.0,73.02777777777777,73.28472222222223,409.0138888888889,,0
2016-06-07 00:00:00+00:00,1801.7,216.3,1505.81875,51.21180555555556,63.763888888888886,84.90277777777777,90.74305555555556,93.48611111111111,40.40972222222222,52.5625,59.236111111111114,37.416666666666664,15.9,1.9,13.347222222222221,28.0,0.5,9.694444444444445,1.6902777777777778,-0.38125,86.78541666666666,25.069444444444443,-74.86805555555556,207993.50694444444,29940282.0,-46.09722222222222,-3875538,74.14583333333333,78.35416666666667,75.23611111111111,44.3125,47.65972222222222,33.8125,46.72222222222222,40.59722222222222,27.86111111111111,-2.9,45.6,3.5041666666666664,2.125,116.85416666666667,46.020833333333336,46.104166666666664,43.958333333333336,42.13194444444444,1247.5291666666667,0.9104166666666667,50.00416666666667,399.4006944444444,397.7034722222222,398.48749999999995,1059.5430555555556,1074.920138888889,1047.8590277777778,2110.1,-47.7,49.28472222222222,0.4479166666666667,9.630555555555555,72.59583333333333,-161.4673611111111,898.6,-750.0,18.416666666666668,1247.7451388888887,2000.0,0.0,71.65902777777778,-657.1166666666667,0.0,-1000.0,70.74166666666666,548.7291666666666,1000.0,0.0,69.24930555555555,53.94444444444444,87.16111111111111,T06,1.9,18.6,9.752777777777778,0.933125,1.8,19.0,9.810416666666667,0.9553472222222221,21.0,28.0,24.3125,1008.0,1011.0,1009.625,32.0,50.0,40.861111111111114,0.0,0.0,0.0,0.0,192.09027777777777,193.20138888888889,409.59722222222223,,0
2016-06-08 00:00:00+00:00,1780.1,1223.3,1617.3993055555557,40.55763888888889,67.77083333333333,90.82638888888889,97.35416666666667,100.8125,42.46527777777778,54.0,61.791666666666664,38.083333333333336,15.8,10.8,14.32986111111111,27.0,1.0,10.000694444444443,1.738888888888889,-1.0250000000000001,92.60555555555555,25.895833333333332,0.0,231526.64583333334,33339837.0,0.0,-4198471,78.63194444444444,83.52777777777777,81.88888888888889,44.40972222222222,49.38194444444444,34.263888888888886,47.28472222222222,43.763888888888886,28.4375,-3.3,16.6,0.8763888888888888,1.1881944444444443,121.92361111111111,46.43055555555556,46.47222222222222,44.36805555555556,42.27777777777778,1389.0361111111113,0.9937499999999999,50.0,399.1506944444444,397.46944444444443,398.5520833333333,1168.538888888889,1187.4347222222223,1156.6041666666667,2105.8,79.6,49.729166666666664,0.3493055555555556,9.952083333333333,140.1125,-174.93541666666667,-94.6,-224.8,4.303472222222222,1387.726388888889,2000.0,78.4,139.47291666666666,-845.8020833333334,-384.2,-1000.0,50.517361111111114,744.1152777777778,1000.0,384.2,62.24791666666667,61.53472222222222,93.63888888888889,T06,3.6,20.1,10.019444444444444,0.7630555555555555,3.8,20.1,10.086111111111112,0.7845833333333334,21.0,30.0,25.07638888888889,1007.0,1010.0,1008.7847222222222,31.0,74.0,51.8125,0.0,0.0,0.0,0.0,197.45138888888889,198.76388888888889,408.71527777777777,,0
2016-06-09 00:00:00+00:00,1674.0,0.0,927.2493055555556,138.4090277777778,44.861111111111114,51.69444444444444,52.34722222222222,52.46527777777778,40.81944444444444,48.49305555555556,51.145833333333336,34.826388888888886,14.8,0.0,8.163888888888888,16.4,0.4,4.016666666666667,0.7493055555555556,1.0541666666666665,166.79722222222222,26.34027777777778,-678.9652777777778,18854.51388888889,2617282.0,-520.5069444444445,-1090784,55.11805555555556,57.77777777777778,54.138888888888886,38.576388888888886,43.43055555555556,35.854166666666664,42.375,33.291666666666664,29.819444444444443,-3.1,89.7,7.706250000000001,3.9013888888888886,84.81944444444444,39.25694444444444,39.24305555555556,37.354166666666664,38.416666666666664,109.0326388888889,0.7312500000000001,49.99861111111111,398.68541666666664,397.1798611111111,395.7729166666667,127.35000000000001,140.3736111111111,133.07083333333333,1081.6,-50.2,41.013888888888886,1.2534722222222223,4.0256944444444445,41.890277777777776,-45.46597222222223,1000.1,-976.0,68.74166666666666,121.29930555555555,1090.2,0.0,44.84583333333333,-377.4715277777778,0.0,-1000.0,114.02708333333334,377.4715277777778,1000.0,0.0,114.02708333333334,40.68055555555556,165.74444444444444,T06,0.0,8.4,3.8499999999999996,0.3490972222222222,0.0,8.5,3.842361111111111,0.3578472222222222,21.0,30.0,25.3125,1005.0,1008.0,1006.4166666666666,35.0,85.0,52.729166666666664,0.0,0.0,0.0,0.0,73.75,73.61111111111111,406.3611111111111,,0
2016-06-10 00:00:00+00:00,1686.6,0.0,1264.6472222222224,123.17361111111111,44.65972222222222,54.395833333333336,55.38194444444444,56.125,37.40972222222222,48.791666666666664,52.93055555555556,32.09027777777778,14.9,0.0,11.205555555555556,27.7,0.5,5.251388888888889,1.0208333333333333,-1.1180555555555554,258.13680555555555,22.27777777777778,-323.7986111111111,49739.04861111111,7115800.0,-216.54861111111111,-2149105,54.041666666666664,56.69444444444444,52.53472222222222,38.59027777777778,41.736111111111114,32.4375,41.11805555555556,30.493055555555557,26.02777777777778,-3.2,89.7,1.5319444444444443,2.7770833333333336,95.90972222222223,39.6875,39.708333333333336,37.833333333333336,38.0625,296.46458333333334,0.8256944444444445,50.0,398.6694444444445,396.84513888888887,396.2763888888889,268.9298611111111,289.0680555555556,272.31041666666664,1530.5,-50.2,40.19444444444444,1.0951388888888889,5.248611111111111,99.67361111111111,-89.51249999999999,1000.2,-752.3,33.89305555555555,302.90555555555557,1551.9,0.0,100.37569444444445,-605.9340277777778,0.0,-1000.0,118.03055555555557,605.9194444444444,1000.0,0.0,118.14236111111111,40.354166666666664,259.2576388888889,T06,0.4,12.0,5.758333333333334,0.5897222222222223,0.4,11.7,5.763194444444444,0.6077083333333334,19.0,25.0,21.03472222222222,1005.0,1008.0,1006.3680555555555,53.0,93.0,78.34722222222223,0.0,0.0,0.0,0.0,111.90277777777777,112.11111111111111,406.2638888888889,,0
2016-06-11 00:00:00+00:00,1670.0,0.0,858.7249999999999,65.46666666666667,40.416666666666664,48.979166666666664,49.666666666666664,49.708333333333336,35.74305555555556,45.84722222222222,47.99305555555556,30.993055555555557,14.8,0.0,7.543749999999999,19.5,0.4,3.882638888888889,0.7625,4.228472222222222,259.875,21.069444444444443,-511.46527777777777,23128.01388888889,3256783.0,-314.55555555555554,-1237123,48.291666666666664,51.0625,46.763888888888886,37.15972222222222,39.8125,31.895833333333332,39.31944444444444,27.819444444444443,25.381944444444443,-2.7,75.4,8.089583333333334,1.3173611111111112,81.5,37.8125,37.81944444444444,35.90972222222222,36.59722222222222,135.71180555555554,0.8340277777777778,50.0,398.30625,396.84722222222223,395.67777777777775,128.81805555555556,142.42013888888889,132.35625,1072.5,-50.7,37.65972222222222,0.5930555555555556,3.9326388888888886,55.27569444444444,-51.52291666666667,1000.3,-668.5,20.200694444444444,140.95069444444445,1095.5,0.0,54.95972222222222,-449.96805555555557,0.0,-1000.0,100.47638888888889,449.96805555555557,1000.0,0.0,100.47638888888889,35.96527777777778,258.1354166666667,T06,0.0,10.0,4.292361111111111,0.3857638888888889,0.0,10.2,4.28125,0.393125,16.0,23.0,19.916666666666668,1006.0,1009.0,1007.1527777777778,50.0,92.0,72.75,0.0,0.0,0.0,0.0,82.54166666666667,82.43055555555556,407.125,,0
2016-06-12 00:00:00+00:00,1665.2,0.0,616.6527777777778,54.24791666666667,37.25,43.96527777777778,44.25694444444444,44.326388888888886,36.833333333333336,44.111111111111114,45.34722222222222,31.125,14.7,0.0,5.120833333333334,14.6,0.4,3.398611111111111,0.6312500000000001,1.4020833333333333,199.67847222222224,23.381944444444443,-584.8541666666666,19181.569444444445,2677924.0,-248.49305555555554,-962201,48.333333333333336,51.375,47.298611111111114,35.09027777777778,37.96527777777778,33.548611111111114,37.53472222222222,28.381944444444443,27.38888888888889,-3.1,89.7,14.100694444444445,1.0777777777777777,59.94444444444444,35.52777777777778,35.52777777777778,33.74305555555556,34.38194444444444,111.55277777777778,0.8944444444444445,50.0,398.3277777777778,397.1159722222222,395.2298611111111,108.41111111111111,118.72083333333333,113.39097222222222,1054.1,-50.3,34.90972222222222,0.5263888888888889,3.432638888888889,37.49583333333333,-40.109722222222224,1000.6,-802.1,22.84652777777778,117.26736111111111,1068.7,0.0,37.24444444444444,-308.6194444444444,0.0,-1000.0,41.75208333333333,308.6194444444444,1000.0,0.0,41.75208333333333,33.895833333333336,198.25833333333333,T06,0.2,9.8,3.4805555555555556,0.3157638888888889,0.0,9.8,3.428472222222222,0.3167361111111111,16.0,30.0,22.34027777777778,1008.0,1010.0,1008.7708333333334,36.0,100.0,73.75694444444444,0.0,1.0,0.006944444444444444,0.0,66.25694444444444,65.22916666666667,408.72222222222223,,0
2016-06-13 00:00:00+00:00,1696.3,0.0,690.7041666666667,39.46111111111111,40.88194444444444,47.076388888888886,47.791666666666664,47.96527777777778,40.3125,47.06944444444444,47.8125,34.27777777777778,15.0,0.0,6.0375,19.3,0.4,3.9618055555555554,0.7152777777777778,-0.28263888888888894,236.20486111111111,26.229166666666668,-484.1875,41379.958333333336,5888991.0,-188.29861111111111,-1458127,55.74305555555556,58.638888888888886,54.47222222222222,37.71527777777778,41.125,34.90277777777778,39.923611111111114,32.5625,29.48611111111111,-3.2,55.8,12.065972222222221,0.38819444444444445,67.625,38.36805555555556,38.388888888888886,36.541666666666664,37.27777777777778,245.38888888888889,0.9312499999999999,50.0,398.2583333333333,397.0541666666667,395.3048611111111,212.83958333333334,226.98541666666668,217.44652777777776,1956.5,-50.1,38.4375,0.35000000000000003,3.9618055555555554,65.86666666666666,-60.768055555555556,702.8,-586.8,5.651388888888889,250.14444444444447,1968.3,0.0,65.72291666666666,-426.31458333333336,0.0,-1000.0,23.581249999999997,424.9819444444445,1000.0,0.0,26.69375,38.68055555555556,278.98333333333335,T06,0.0,11.8,4.075694444444444,0.3950694444444445,0.0,11.8,4.078472222222222,0.39208333333333334,20.0,30.0,25.291666666666668,1006.0,1009.0,1007.7152777777778,43.0,77.0,59.93055555555556,0.0,0.0,0.0,0.0,78.34722222222223,78.21527777777777,407.6666666666667,,0
2016-06-14 00:00:00+00:00,1696.3,0.0,1307.9895833333333,104.82430555555555,48.826388888888886,58.291666666666664,59.298611111111114,60.27777777777778,39.576388888888886,51.02777777777778,55.513888888888886,34.30555555555556,15.0,0.0,11.577083333333333,19.0,0.4,5.789583333333334,0.9958333333333333,2.679861111111111,301.74861111111113,25.229166666666668,-206.55555555555554,64573.70138888889,9268870.0,-150.22916666666666,-2458035,59.03472222222222,61.68055555555556,57.645833333333336,39.0625,43.638888888888886,34.38194444444444,42.6875,34.28472222222222,28.23611111111111,-3.2,89.7,0.5354166666666668,2.4166666666666665,100.44444444444444,40.18055555555556,40.145833333333336,38.270833333333336,38.40277777777778,386.16597222222225,0.890277777777778,50.0,398.41597222222225,396.6611111111111,396.39166666666665,335.3527777777778,358.45416666666665,340.8048611111111,1809.9,-50.8,41.770833333333336,0.9388888888888888,5.804166666666666,93.90416666666667,-102.39722222222223,1000.1,-910.1,21.40972222222222,391.1979166666667,1826.4,0.0,95.79236111111112,-786.6916666666667,0.0,-1000.0,72.09722222222223,786.3715277777778,1000.0,0.0,73.37291666666667,44.076388888888886,301.56875,T06,0.4,11.9,6.196527777777778,0.5253472222222223,0.3,11.9,6.153472222222223,0.5205555555555555,19.0,28.0,24.13888888888889,1004.0,1007.0,1005.5416666666666,24.0,77.0,56.3125,0.0,0.0,0.0,0.0,120.78472222222223,119.93055555555556,405.4236111111111,,0
2016-06-15 00:00:00+00:00,1797.3,238.1,1514.6944444444443,53.7625,54.729166666666664,72.01388888888889,75.86111111111111,77.83333333333333,38.94444444444444,52.888888888888886,58.611111111111114,32.34722222222222,15.8,2.1,13.415972222222223,27.4,0.6000000000000001,8.156944444444443,1.5319444444444443,-1.2798611111111111,290.2097222222222,20.77777777777778,-66.02777777777777,167328.89583333334,24085852.0,-39.451388888888886,-3851633,63.888888888888886,67.4375,64.01388888888889,41.46527777777778,43.1875,31.743055555555557,42.125,33.59722222222222,24.895833333333332,-3.2,46.1,-0.6159722222222223,1.11875,109.77777777777777,43.21527777777778,43.298611111111114,41.201388888888886,39.69444444444444,1003.5756944444444,0.9555555555555555,49.99930555555555,398.5993055555556,396.7895833333333,397.46805555555557,849.5597222222223,870.4256944444445,842.9611111111111,2104.3,-49.6,43.326388888888886,0.47430555555555554,8.099305555555555,204.5201388888889,-160.49027777777778,581.0,-220.8,6.5680555555555555,1003.5715277777776,2000.0,0.0,203.67708333333334,-876.4465277777778,0.0,-1000.0,84.24513888888889,813.6159722222222,1000.0,0.0,116.93333333333334,47.38194444444444,291.49861111111113,T06,2.8,15.6,8.712499999999999,0.9948611111111111,2.8,15.6,8.695833333333333,0.9897222222222223,18.0,22.0,19.84027777777778,1003.0,1005.0,1003.9444444444445,49.0,93.0,72.0,0.0,0.0,0.0,0.0,171.27083333333334,170.81944444444446,403.90277777777777,,0
2016-06-16 00:00:00+00:00,1701.2,48.6,1394.7208333333333,72.56319444444445,47.458333333333336,59.88194444444444,61.52777777777778,62.68055555555556,32.673611111111114,51.93055555555556,56.38194444444444,30.333333333333332,15.1,0.0,12.328472222222222,21.5,0.5,6.729166666666667,1.2229166666666667,1.0388888888888888,288.99791666666664,19.29861111111111,-109.1875,103268.9375,14855004.0,-80.39583333333333,-3089059,61.49305555555556,64.61111111111111,60.34722222222222,38.916666666666664,41.4375,30.0,41.041666666666664,29.604166666666668,23.125,-3.3,84.0,-0.06180555555555557,0.4979166666666667,102.09027777777777,40.388888888888886,40.4375,38.479166666666664,37.8125,618.8659722222222,0.9361111111111112,50.0,398.63125,396.8951388888889,397.13750000000005,528.3986111111111,550.4055555555556,528.3472222222222,2093.1,-37.3,41.06944444444444,0.6631944444444444,6.740277777777778,168.67361111111111,-128.7173611111111,1000.5,-567.0,13.040972222222223,619.9152777777778,2000.0,0.0,169.01319444444445,-871.58125,0.0,-1000.0,32.91458333333333,867.8916666666667,1000.0,0.0,42.13402777777778,42.041666666666664,287.94444444444446,T06,2.5,12.9,7.146527777777777,0.7234027777777778,2.4,12.9,7.136805555555556,0.7215972222222222,15.0,21.0,18.21527777777778,1004.0,1009.0,1006.6180555555555,47.0,80.0,66.88888888888889,0.0,0.0,0.0,0.0,139.80555555555554,139.63888888888889,406.55555555555554,,0
2016-06-17 00:00:00+00:00,1688.5,0.0,736.4138888888889,105.15555555555555,38.416666666666664,45.326388888888886,45.88194444444444,45.798611111111114,35.25694444444444,44.93055555555556,46.59027777777778,30.32638888888889,15.0,0.0,6.294444444444444,19.0,0.4,3.6902777777777778,0.7673611111111112,6.424305555555556,283.6638888888889,21.458333333333332,-563.6111111111111,24812.027777777777,3491774.0,-290.74305555555554,-1222361,48.701388888888886,51.5,47.326388888888886,35.888888888888886,38.208333333333336,30.59722222222222,37.84027777777778,27.40277777777778,24.354166666666668,-3.1,89.7,11.610416666666667,2.497222222222222,69.20138888888889,36.47222222222222,36.486111111111114,34.625,35.125,145.4701388888889,0.8597222222222222,50.00069444444445,398.3527777777778,396.93888888888887,395.88958333333335,139.54861111111111,148.53680555555556,140.1048611111111,1716.8,-50.5,35.451388888888886,0.9520833333333333,3.697222222222222,59.81597222222222,-50.94236111111111,1000.7,-1000.3,24.539583333333333,153.85902777777778,1732.1,0.0,61.232638888888886,-363.525,0.0,-1000.0,69.69861111111112,363.4888888888889,1000.0,0.0,69.78819444444444,34.19444444444444,289.7444444444444,T06,0.2,11.3,4.240972222222222,0.49916666666666665,0.2,11.6,4.194444444444445,0.4925,16.0,25.0,20.11111111111111,1008.0,1011.0,1009.2361111111111,38.0,81.0,59.708333333333336,0.0,0.0,0.0,0.0,81.54166666666667,80.77083333333333,409.22222222222223,,0
2016-06-18 00:00:00+00:00,1739.0,0.0,665.0697183098591,82.75845070422535,41.45774647887324,45.73943661971831,46.70422535211268,46.971830985915496,38.225352112676056,45.58450704225352,47.37323943661972,31.908450704225352,15.4,0.0,5.678873239436619,25.4,0.4,4.045070422535211,0.8084507042253521,2.173943661971831,238.4112676056338,23.725352112676056,-690.887323943662,39940.84507042253,5573493.0,-365.5633802816901,-1197829,54.32394366197183,57.028169014084504,52.73943661971831,36.62676056338028,39.11267605633803,32.78169014084507,38.394366197183096,30.35211267605634,26.746478873239436,-3.2,90.0,15.038028169014085,2.1359154929577464,64.09154929577464,37.29577464788732,37.38732394366197,35.556338028169016,36.028169014084504,235.42042253521126,0.8873239436619719,50.0,398.6070422535211,397.2316901408451,395.7380281690141,210.83380281690143,221.0049295774648,213.72535211267606,2100.5,-50.1,36.29577464788732,0.8056338028169014,4.004929577464789,63.22464788732394,-50.657746478873236,1000.6,-999.7,20.25985915492958,245.3725352112676,2000.0,0.0,66.0612676056338,-306.88380281690144,0.0,-1000.0,48.609154929577464,300.6359154929578,1000.0,0.0,54.888732394366194,37.429577464788736,281.868309859155,T06,0.3,13.1,4.449999999999999,0.47583333333333333,0.2,13.2,4.411111111111111,0.46513888888888894,18.0,30.0,22.65972222222222,1010.0,1014.0,1012.0625,22.0,71.0,46.03472222222222,0.0,0.0,0.0,0.0,85.8125,85.01388888888889,412.0,,0
2016-06-19 00:00:00+00:00,1772.6,0.0,1247.2722222222224,61.079166666666666,53.416666666666664,66.1875,68.99305555555556,70.625,40.65972222222222,50.88194444444444,55.56944444444444,34.076388888888886,15.6,0.0,11.000694444444443,26.0,0.4,6.800694444444444,1.2034722222222223,0.43125,91.56458333333333,24.430555555555557,-411.40972222222223,124682.94444444444,17895100.0,-271.59027777777777,-2704160,65.01388888888889,68.38194444444444,64.92361111111111,40.361111111111114,43.80555555555556,33.61805555555556,42.36805555555556,35.77777777777778,27.354166666666668,-3.2,89.7,4.388888888888889,1.4020833333333333,97.15277777777777,41.701388888888886,41.736111111111114,39.72222222222222,39.076388888888886,745.5534722222222,0.8993055555555556,49.99930555555555,399.2729166666667,397.275,397.46180555555554,641.4895833333334,659.1798611111111,633.8104166666667,2104.0,-50.4,42.763888888888886,0.5645833333333333,6.756944444444445,142.25416666666666,-112.62777777777778,1001.1,-789.5,23.53125,750.3625,2000.0,0.0,143.25972222222222,-653.6090277777778,0.0,-1000.0,79.88125,606.4944444444444,1000.0,0.0,99.34652777777778,48.958333333333336,88.62847222222223,T06,1.0,15.2,6.709027777777778,0.6992361111111111,0.9,15.4,6.74375,0.7134027777777778,19.0,28.0,23.541666666666668,1013.0,1016.0,1014.5208333333334,36.0,69.0,50.520833333333336,0.0,0.0,0.0,0.0,130.99305555555554,131.75,414.5,,0
2016-06-20 00:00:00+00:00,1796.4,28.9,1359.392361111111,61.07013888888889,53.25,67.21527777777777,70.34722222222223,72.06944444444444,38.451388888888886,50.625,56.201388888888886,33.951388888888886,15.9,0.0,12.005555555555555,26.5,0.5,7.325694444444445,1.2354166666666666,0.7284722222222223,92.92500000000001,23.76388888888889,-186.97222222222223,137308.36805555556,19745481.0,-94.09027777777777,-2992299,64.4375,67.625,63.875,41.0,43.5625,33.25694444444444,42.3125,35.25694444444444,27.145833333333332,-3.3,47.3,2.3340277777777776,1.0541666666666667,99.23611111111111,42.479166666666664,42.52777777777778,40.520833333333336,39.68055555555556,822.73125,0.9375,50.0,399.19930555555555,397.4777777777778,397.64166666666665,696.4152777777778,715.1673611111112,692.8666666666667,2105.2,-49.5,42.8125,0.5375000000000001,7.2979166666666675,138.45416666666668,-124.68124999999999,678.6,-334.3,11.12361111111111,824.6458333333334,2000.0,0.0,138.71875,-767.0374999999999,0.0,-1000.0,40.3,725.8888888888889,1000.0,0.0,57.69166666666667,48.270833333333336,92.19722222222222,T06,0.9,16.3,7.410416666666666,0.6072916666666667,0.8,16.3,7.470138888888889,0.6245138888888889,18.0,28.0,22.84027777777778,1010.0,1014.0,1011.9930555555555,32.0,82.0,54.21527777777778,0.0,0.0,0.0,0.0,145.05555555555554,146.20138888888889,411.9236111111111,,0
2016-06-21 00:00:00+00:00,1858.6,1263.9,1663.8256944444445,29.510416666666668,73.29166666666667,97.04861111111111,105.30555555555556,109.30555555555556,42.104166666666664,53.97222222222222,62.36805555555556,37.923611111111114,16.3,11.2,14.741666666666667,35.1,1.0,12.655555555555557,2.267361111111111,-0.18333333333333335,104.07152777777777,24.006944444444443,0.0,283588.875,40836798.0,0.0,-4829637,82.27777777777777,87.3125,84.88194444444444,45.84027777777778,49.041666666666664,33.06944444444444,46.888888888888886,44.34027777777778,26.67361111111111,-3.1,23.8,4.697222222222222,1.807638888888889,125.65972222222223,47.986111111111114,48.15277777777778,45.923611111111114,42.979166666666664,1701.4812499999998,1.0,49.99930555555555,399.9840277777778,398.25416666666666,400.10347222222225,1432.6861111111111,1445.7895833333334,1406.802777777778,2104.4,273.5,50.513888888888886,0.2520833333333334,12.288194444444445,140.68333333333334,-201.2388888888889,-149.8,-228.4,3.3680555555555554,1700.1201388888887,2000.0,259.4,138.90694444444443,-775.2777777777778,-583.3,-1000.0,63.70277777777778,630.4493055555555,1000.0,406.1,88.49513888888889,62.354166666666664,104.24375,T06,3.2,25.0,12.898611111111112,2.1915277777777775,3.4,25.6,12.977083333333333,2.242986111111111,20.0,27.0,23.0625,1007.0,1012.0,1009.3402777777778,30.0,70.0,42.388888888888886,0.0,0.0,0.0,0.0,255.02777777777777,256.59722222222223,409.28472222222223,,0
2016-06-22 00:00:00+00:00,1843.7,1227.5,1663.8944444444444,30.102083333333333,72.57638888888889,100.72222222222223,109.50694444444444,113.73611111111111,43.09027777777778,54.19444444444444,62.583333333333336,38.333333333333336,16.1,10.9,14.744444444444444,33.4,0.7000000000000001,11.765972222222222,2.2180555555555554,-0.6069444444444445,103.3375,23.98611111111111,0.0,292407.4791666667,42106677.0,0.0,-4744918,84.61111111111111,90.1875,88.14583333333333,45.833333333333336,49.94444444444444,33.145833333333336,47.90277777777778,45.458333333333336,26.8125,-2.9,17.4,3.298611111111111,2.4027777777777777,128.11805555555554,48.076388888888886,48.201388888888886,45.9375,42.77777777777778,1754.4006944444445,0.9993055555555556,50.00069444444445,400.0756944444445,398.0909722222222,399.95000000000005,1474.2826388888889,1491.2958333333333,1450.31875,2112.2,151.2,51.78472222222222,0.25,11.552083333333334,125.7201388888889,-197.70138888888889,-102.7,-231.4,3.3916666666666666,1751.3729166666667,2000.0,147.8,124.40833333333333,-728.7249999999999,-583.3,-1000.0,93.52152777777778,570.0381944444445,1000.0,406.1,89.43055555555556,63.68055555555556,103.93333333333334,T06,2.0,19.9,10.783333333333333,2.0908333333333333,2.0,20.3,10.851388888888888,2.1154166666666665,20.0,28.0,23.15972222222222,1006.0,1009.0,1007.5763888888889,40.0,70.0,51.65277777777778,0.0,0.0,0.0,0.0,212.71527777777777,214.14583333333334,407.5208333333333,,0
2016-06-23 00:00:00+00:00,1723.1,1210.9,1480.8138888888889,58.98055555555556,52.27777777777778,64.00694444444444,65.90972222222223,67.45138888888889,36.673611111111114,52.645833333333336,58.173611111111114,34.375,15.2,10.7,13.113888888888889,21.4,0.8,7.045138888888889,1.1590277777777778,-1.5208333333333333,109.29652777777778,25.09722222222222,-2.2291666666666665,106409.86111111111,15322699.0,-1.3055555555555556,-3423002,65.71527777777777,68.57638888888889,65.11805555555556,40.458333333333336,44.361111111111114,33.604166666666664,43.31944444444444,35.875,27.180555555555557,-3.3,5.6,-1.8041666666666667,0.3416666666666667,107.29861111111111,41.93055555555556,41.958333333333336,40.00694444444444,39.645833333333336,638.4277777777778,0.9361111111111112,50.00069444444445,398.5159722222222,396.8798611111111,397.33680555555554,547.1027777777778,567.1416666666667,543.175,2101.2,-50.0,43.02777777777778,0.51875,6.947916666666667,141.62708333333333,-142.62152777777777,16.8,-217.5,6.295138888888889,638.4409722222222,2000.0,0.0,142.1576388888889,-930.7937499999999,0.0,-1000.0,51.954166666666666,925.4972222222223,1000.0,0.0,59.446527777777774,48.09722222222222,110.82083333333334,T06,1.6,15.0,7.039583333333334,1.379027777777778,1.6,15.0,7.090277777777778,1.3879166666666667,20.0,31.0,24.07638888888889,1009.0,1012.0,1010.4791666666666,30.0,79.0,57.576388888888886,0.0,0.0,0.0,0.0,137.66666666666666,138.77777777777777,410.43055555555554,,0
2016-06-24 00:00:00+00:00,1688.8,0.0,1251.7173611111111,105.19722222222222,49.013888888888886,58.395833333333336,59.46527777777778,60.423611111111114,38.375,51.888888888888886,55.52777777777778,34.88194444444444,15.0,0.0,11.063194444444443,17.8,0.4,5.515277777777778,0.9729166666666667,-1.3944444444444446,155.63958333333332,25.86111111111111,-327.125,57061.02777777778,8169679.0,-263.3611111111111,-2026245,60.06944444444444,62.75,58.59027777777778,39.958333333333336,44.81944444444444,35.56944444444444,44.13194444444444,34.673611111111114,29.15277777777778,-3.1,89.7,1.609722222222222,2.4659722222222222,101.75,40.97222222222222,40.99305555555556,39.09027777777778,39.65277777777778,340.3951388888889,0.8590277777777778,50.0,398.28472222222223,396.7652777777778,395.9347222222222,301.1326388888889,323.4638888888889,309.81319444444443,1727.1,-50.4,43.361111111111114,0.9555555555555555,5.512499999999999,83.84791666666666,-84.41527777777777,1000.9,-881.2,35.34791666666667,347.81111111111113,1764.8,0.0,84.75902777777777,-716.1729166666667,0.0,-1000.0,98.9986111111111,715.9701388888889,1000.0,0.0,99.80138888888888,43.99305555555556,154.53819444444446,T06,0.2,10.8,5.535416666666666,0.5636805555555555,0.2,10.9,5.531944444444445,0.5743055555555556,20.0,33.0,24.729166666666668,1008.0,1011.0,1009.5347222222222,28.0,78.0,56.80555555555556,0.0,0.0,0.0,0.0,107.48611111111111,107.48611111111111,409.4791666666667,,0
2016-06-25 00:00:00+00:00,1674.5,0.0,683.0201388888888,84.2201388888889,41.208333333333336,45.28472222222222,45.8125,45.65277777777778,39.423611111111114,46.361111111111114,47.236111111111114,32.3125,14.8,0.0,5.934027777777778,17.4,0.4,3.570138888888889,0.675,-6.959722222222222,227.7868055555556,24.03472222222222,-659.8333333333334,22570.215277777777,3155092.0,-333.0625,-978343,50.763888888888886,53.69444444444444,49.69444444444444,36.5625,39.9375,34.21527777777778,39.15972222222222,29.895833333333332,28.1875,-3.0,89.7,12.389583333333333,2.042361111111111,67.32638888888889,37.09027777777778,37.083333333333336,35.21527777777778,36.13194444444444,131.47430555555556,0.8805555555555555,49.99861111111111,398.4194444444445,397.20208333333335,395.40416666666664,120.67430555555555,131.85763888888889,125.29027777777777,1051.2,-50.2,37.25,0.7749999999999999,3.597916666666667,38.99236111111111,-40.74652777777778,998.1,-760.8,14.483333333333333,139.97222222222223,1061.2,0.0,40.61736111111111,-351.43541666666664,0.0,-1000.0,52.45069444444445,351.43541666666664,1000.0,0.0,52.45069444444445,35.208333333333336,262.2638888888889,T06,0.0,9.3,3.8125,0.2279861111111111,0.3,9.4,3.7819444444444446,0.23694444444444443,18.0,27.0,22.979166666666668,1006.0,1009.0,1007.3055555555555,35.0,96.0,64.48611111111111,0.0,0.0,0.0,0.0,72.89583333333333,72.34027777777777,407.2708333333333,,0
2016-06-26 00:00:00+00:00,1649.2,0.0,965.311111111111,109.27152777777778,42.979166666666664,50.15277777777778,50.72222222222222,51.0,36.59027777777778,45.80555555555556,48.798611111111114,31.256944444444443,14.6,0.0,8.493749999999999,20.2,0.4,4.042361111111111,0.875,1.9479166666666667,215.8125,21.25,-516.3472222222222,19216.04861111111,2692753.0,-336.3958333333333,-1281258,48.22222222222222,50.80555555555556,46.770833333333336,37.708333333333336,40.25694444444444,32.56944444444444,39.59722222222222,27.95138888888889,26.118055555555557,-3.1,85.2,6.49375,2.7340277777777775,85.20138888888889,38.395833333333336,38.423611111111114,36.50694444444444,37.19444444444444,112.20069444444444,0.8013888888888889,50.00138888888889,398.53819444444446,396.8826388888889,395.79583333333335,115.86041666666668,130.04444444444445,118.53611111111111,824.6,-50.3,38.201388888888886,0.9902777777777777,4.088888888888889,66.61250000000001,-53.35347222222222,1000.4,-790.1,36.78888888888889,120.49374999999999,846.7,0.0,67.38055555555555,-432.125,0.0,-1000.0,178.96875,432.125,1000.0,0.0,178.96875,36.31944444444444,213.85902777777778,T06,0.8,9.9,4.686111111111111,0.5103472222222222,0.8,10.1,4.659722222222222,0.6135416666666668,18.0,24.0,19.958333333333332,1006.0,1010.0,1008.1180555555555,57.0,95.0,79.46527777777777,0.0,0.0,0.0,0.0,90.44444444444444,89.9375,408.05555555555554,,0
2016-06-27 00:00:00+00:00,1825.9,0.0,1070.0375,35.84444444444445,55.798611111111114,73.52083333333333,78.77777777777777,81.09027777777777,39.166666666666664,48.31944444444444,52.59027777777778,34.49305555555556,16.0,0.0,9.379166666666668,27.6,0.4,8.443055555555555,1.5784722222222223,-1.3701388888888892,127.16597222222224,23.006944444444443,-306.6388888888889,183254.76388888888,26344529.0,-104.35416666666667,-3022556,68.57638888888889,73.125,69.34722222222223,40.979166666666664,43.236111111111114,32.201388888888886,42.541666666666664,37.34722222222222,25.895833333333332,-2.9,89.7,12.450694444444444,2.295138888888889,89.42361111111111,42.298611111111114,42.375,40.333333333333336,38.59027777777778,1097.7236111111113,0.9624999999999999,49.99861111111111,399.16319444444446,397.6826388888889,397.30555555555554,926.1541666666667,939.5402777777776,917.6368055555556,2107.3,-49.3,43.34722222222222,0.28958333333333336,8.234722222222222,74.19166666666666,-125.95138888888889,1000.0,-520.3,7.627777777777778,1099.0284722222223,2000.0,0.0,72.67430555555556,-428.4166666666667,0.0,-1000.0,60.70763888888889,328.8013888888889,1000.0,0.0,59.44027777777777,48.68055555555556,126.03958333333334,T06,0.0,20.8,8.522222222222222,1.4734027777777778,0.0,21.1,8.556944444444445,1.5105555555555557,17.0,26.0,22.02777777777778,1006.0,1011.0,1008.6875,59.0,94.0,77.36111111111111,0.0,0.0,0.0,0.0,167.33333333333334,167.94444444444446,408.625,,0
2016-06-28 00:00:00+00:00,1801.0,1208.8,1549.009722222222,57.704861111111114,60.986111111111114,78.86111111111111,83.04166666666667,85.78472222222223,42.09722222222222,53.833333333333336,60.291666666666664,36.22222222222222,15.9,10.7,13.71875,26.5,0.7000000000000001,8.603472222222223,1.5437500000000002,-0.9548611111111112,103.05763888888889,25.055555555555557,-0.5625,174203.22916666666,25085184.0,-0.3333333333333333,-3854490,72.77777777777777,77.0625,74.8125,42.013888888888886,46.55555555555556,32.5625,44.71527777777778,40.388888888888886,26.493055555555557,-3.2,18.3,-0.3965277777777778,1.0847222222222221,114.77777777777777,43.74305555555556,43.798611111111114,41.75,40.354166666666664,1045.275,0.9701388888888888,50.00208333333333,398.90486111111113,397.1784722222222,397.53194444444443,879.7611111111112,905.1048611111112,880.1875,2107.3,-43.0,45.8125,0.507638888888889,8.524305555555555,180.81736111111113,-160.60347222222222,14.9,-223.4,7.4125000000000005,1044.2312499999998,2000.0,0.0,180.22500000000002,-888.6166666666667,0.0,-1000.0,82.19999999999999,823.1868055555556,1000.0,0.0,97.20347222222222,56.083333333333336,104.01388888888889,T06,2.3,21.9,8.948611111111111,1.6515972222222224,2.2,22.1,9.0,1.666388888888889,22.0,28.0,24.17361111111111,1005.0,1009.0,1006.4652777777778,48.0,77.0,64.32638888888889,0.0,2.0,0.013888888888888888,0.0,176.01388888888889,176.96527777777777,406.44444444444446,,0
2016-06-29 00:00:00+00:00,1700.0,0.0,828.3354166666667,77.06319444444445,42.701388888888886,49.638888888888886,50.229166666666664,50.520833333333336,37.923611111111114,48.458333333333336,50.145833333333336,33.30555555555556,15.0,0.0,7.215972222222222,18.4,0.4,4.079861111111111,0.7236111111111111,4.341666666666667,205.75486111111113,24.583333333333332,-685.0208333333334,28015.354166666668,3935567.0,-434.84722222222223,-1317947,53.986111111111114,56.75,52.770833333333336,37.604166666666664,41.8125,34.09027777777778,40.80555555555556,31.23611111111111,27.9375,-2.9,89.7,9.786805555555555,1.5902777777777777,80.22916666666667,38.18055555555556,38.18055555555556,36.30555555555556,37.22222222222222,163.95,0.8611111111111112,50.0,398.17083333333335,397.0111111111111,395.4423611111111,151.125,164.8986111111111,157.14930555555554,2080.0,-49.5,39.520833333333336,0.6854166666666667,4.106944444444444,51.700694444444444,-54.90555555555555,1000.2,-753.5,16.329166666666666,171.49930555555557,2000.0,0.0,52.949305555555554,-452.11527777777775,0.0,-1000.0,69.6201388888889,451.3256944444445,1000.0,0.0,70.74861111111112,38.791666666666664,201.4090277777778,T06,0.0,12.8,4.436111111111111,0.34402777777777777,0.0,12.7,4.442361111111111,0.35618055555555556,20.0,26.0,23.34027777777778,1006.0,1009.0,1007.25,63.0,92.0,73.49305555555556,0.0,0.0,0.0,0.0,85.39583333333333,85.54166666666667,407.21527777777777,,0
2016-06-30 00:00:00+00:00,1574.4,0.0,821.5319444444444,51.30694444444444,40.56944444444444,47.888888888888886,48.375,48.47222222222222,37.6875,44.548611111111114,46.96527777777778,32.1875,14.0,0.0,7.162499999999999,15.4,0.4,3.640277777777778,0.6770833333333334,-4.918055555555556,244.04722222222225,23.479166666666668,-491.7986111111111,13517.208333333334,1875662.0,-246.47916666666666,-1036717,48.78472222222222,51.388888888888886,47.40972222222222,36.90277777777778,40.03472222222222,33.854166666666664,39.701388888888886,29.1875,27.95138888888889,-2.8,89.7,9.427777777777777,1.4305555555555556,75.10416666666667,37.458333333333336,37.486111111111114,35.61805555555556,36.458333333333336,78.13055555555555,0.8368055555555556,49.99791666666667,398.41041666666666,397.0597222222222,395.6048611111111,80.29027777777777,92.48124999999999,83.92916666666666,688.1,-50.6,37.791666666666664,0.4861111111111111,3.706944444444444,40.50138888888889,-43.18958333333333,1001.2,-652.2,19.333333333333332,84.82638888888889,698.9,0.0,41.234722222222224,-358.56666666666666,0.0,-1000.0,142.62569444444443,358.56666666666666,1000.0,0.0,142.62569444444443,36.44444444444444,248.97222222222223,T06,0.6000000000000001,8.5,3.9097222222222223,0.30118055555555556,0.6000000000000001,8.7,3.894444444444444,0.32208333333333333,20.0,26.0,22.17361111111111,1008.0,1011.0,1009.0277777777778,48.0,100.0,80.35416666666667,0.0,0.0,0.0,0.0,74.90277777777777,74.53472222222223,408.9861111111111,,0
2016-07-01 00:00:00+00:00,1673.9,0.0,808.0618055555556,96.8423611111111,40.451388888888886,47.00694444444444,47.59027777777778,47.68055555555556,37.8125,45.861111111111114,47.923611111111114,31.916666666666668,14.8,0.0,7.100694444444445,19.2,0.4,3.8125,0.7298611111111112,-4.849305555555556,231.28472222222223,24.041666666666668,-637.3472222222222,19559.222222222223,2724751.0,-359.9166666666667,-913096,49.81944444444444,52.458333333333336,48.61805555555556,36.611111111111114,39.798611111111114,33.916666666666664,39.291666666666664,29.82638888888889,27.82638888888889,-3.0,89.7,10.390972222222222,2.59375,72.27777777777777,37.201388888888886,37.229166666666664,35.326388888888886,36.104166666666664,113.5375,0.8131944444444446,49.99791666666667,398.4118055555556,397.1333333333333,396.0152777777778,122.08888888888889,131.11527777777778,126.03333333333333,954.4,-53.7,37.354166666666664,0.8847222222222223,3.8715277777777777,40.7,-38.00277777777777,1001.4,-824.9,45.91319444444444,122.00486111111111,988.2,0.0,42.39652777777778,-351.1826388888889,0.0,-1000.0,75.5875,351.1826388888889,1000.0,0.0,75.5875,36.09722222222222,238.64027777777775,T06,0.4,10.2,4.143055555555556,0.31548611111111113,0.4,9.9,4.048611111111111,0.36333333333333334,19.0,28.0,22.791666666666668,1008.0,1011.0,1009.3958333333334,40.0,100.0,73.26388888888889,0.0,0.0,0.0,0.0,79.61111111111111,77.75,409.28472222222223,,0
2016-07-02 00:00:00+00:00,1769.8,0.0,659.4145833333333,78.85,41.833333333333336,48.763888888888886,49.763888888888886,50.208333333333336,40.63194444444444,45.21527777777778,47.479166666666664,34.90972222222222,15.6,0.0,5.638194444444444,20.4,0.4,4.086805555555555,0.8118055555555556,-0.4736111111111114,185.1902777777778,26.583333333333332,-605.0208333333334,49362.354166666664,7021060.0,-279.8541666666667,-1223354,54.666666666666664,57.69444444444444,53.763888888888886,39.076388888888886,41.78472222222222,35.34027777777778,40.86805555555556,32.888888888888886,29.5,-3.3,67.2,14.114583333333334,1.5069444444444444,65.38888888888889,39.75,39.770833333333336,37.861111111111114,38.61805555555556,292.6041666666667,0.9034722222222222,49.99930555555555,398.15555555555557,397.15486111111113,395.68819444444443,259.18125,267.69375,260.3673611111111,2102.8,-50.1,39.173611111111114,0.71875,4.052083333333333,61.64513888888889,-50.97222222222222,1000.9,-937.8,22.44861111111111,301.1458333333333,2000.0,0.0,63.014583333333334,-296.32500000000005,0.0,-1000.0,53.27152777777778,276.25069444444443,1000.0,0.0,56.38055555555556,39.50694444444444,185.67777777777778,T06,0.0,15.1,4.354861111111111,0.5706944444444445,0.0,15.2,4.345833333333333,0.6054166666666667,19.0,34.0,25.3125,1005.0,1010.0,1008.2152777777778,32.0,99.0,66.40277777777777,0.0,0.0,0.0,0.0,83.77777777777777,83.59027777777777,408.1875,,0
2016-07-03 00:00:00+00:00,1804.9,0.0,1463.0597222222223,61.94027777777777,67.69444444444444,86.26388888888889,92.04166666666667,94.90972222222223,42.90277777777778,54.50694444444444,60.763888888888886,39.38194444444444,15.9,0.0,12.94513888888889,34.1,0.4,9.396527777777777,1.7694444444444446,-0.43958333333333316,115.96666666666667,27.194444444444443,-228.63888888888889,204268.29861111112,29381715.0,-156.69444444444446,-3999753,77.79861111111111,81.875,79.08333333333333,44.479166666666664,49.513888888888886,35.541666666666664,48.013888888888886,44.458333333333336,29.82638888888889,-3.3,89.7,3.6159722222222226,2.551388888888889,117.07638888888889,46.083333333333336,46.21527777777778,44.138888888888886,42.541666666666664,1224.2409722222224,0.9437500000000001,49.99930555555555,399.01874999999995,397.3465277777778,397.96666666666664,1035.8701388888887,1054.507638888889,1027.5180555555555,2106.8,-50.5,50.25694444444444,0.5416666666666666,9.155555555555557,144.1534722222222,-166.65277777777777,1000.3,-1000.4,12.971527777777778,1224.6243055555556,2000.0,0.0,142.51319444444445,-702.4006944444444,0.0,-1000.0,116.20902777777776,595.651388888889,1000.0,0.0,125.64305555555555,59.00694444444444,111.41319444444444,T06,0.2,22.9,9.621527777777779,1.8286805555555554,0.3,23.2,9.676388888888889,1.855,23.0,29.0,26.34027777777778,1004.0,1007.0,1006.0902777777778,34.0,74.0,51.02777777777778,0.0,0.0,0.0,0.0,189.27083333333334,190.47916666666666,406.0486111111111,,0
2016-07-04 00:00:00+00:00,1709.2,0.0,943.5006944444444,88.22986111111112,45.02777777777778,52.798611111111114,53.611111111111114,54.0625,39.854166666666664,47.90972222222222,50.38194444444444,33.03472222222222,15.1,0.0,8.288194444444445,19.8,0.4,4.275,0.8277777777777778,-0.24583333333333324,208.25,24.11111111111111,-655.3472222222222,27757.520833333332,3902711.0,-445.80555555555554,-1331271,53.90277777777778,56.81944444444444,54.048611111111114,37.75694444444444,42.104166666666664,34.111111111111114,40.81944444444444,31.59027777777778,28.0,-3.3,89.7,7.58263888888889,2.0555555555555554,85.5,38.479166666666664,38.47222222222222,36.625,37.416666666666664,162.5423611111111,0.8083333333333333,50.00208333333333,398.4423611111111,397.35833333333335,396.08194444444445,159.41527777777776,171.71249999999998,164.0909722222222,2102.8,-50.4,39.666666666666664,0.8166666666666668,4.285416666666666,61.16180555555555,-55.47152777777777,1000.2,-696.0,38.568749999999994,172.98541666666668,2000.0,0.0,63.44930555555556,-435.84236111111113,0.0,-1000.0,120.4048611111111,434.75138888888887,1000.0,0.0,121.47777777777777,41.020833333333336,208.49930555555557,T06,0.0,13.6,4.774305555555555,0.6436805555555556,0.0,13.9,4.730555555555556,0.6904861111111111,20.0,26.0,22.77777777777778,1007.0,1010.0,1008.5486111111111,65.0,93.0,77.79166666666667,0.0,0.0,0.0,0.0,92.35416666666667,91.34722222222223,408.4513888888889,,0
2016-07-05 00:00:00+00:00,1659.6,0.0,548.7805555555556,41.076388888888886,37.291666666666664,43.520833333333336,43.895833333333336,43.770833333333336,39.59722222222222,43.416666666666664,43.46527777777778,32.763888888888886,14.7,0.0,4.777777777777778,14.2,0.4,2.9048611111111113,0.55625,4.7555555555555555,251.2243055555556,24.375,-553.1944444444445,13328.541666666666,1839650.0,-219.95138888888889,-769772,49.43055555555556,52.31944444444444,48.333333333333336,36.11805555555556,39.65972222222222,34.645833333333336,39.15972222222222,29.270833333333332,28.541666666666668,-3.1,89.7,14.120138888888889,0.9569444444444445,62.69444444444444,36.548611111111114,36.56944444444444,34.74305555555556,35.673611111111114,76.66805555555555,0.8875,50.00069444444445,398.3513888888889,397.48333333333335,395.51666666666665,77.17638888888888,86.36180555555556,81.57291666666667,1009.9,-50.2,37.013888888888886,0.35208333333333336,2.948611111111111,33.53472222222222,-32.10069444444444,951.6,-824.7,17.472916666666666,81.74722222222222,1024.9,0.0,32.52847222222223,-276.58194444444445,0.0,-1000.0,66.25208333333333,276.58194444444445,1000.0,0.0,66.25208333333333,35.30555555555556,261.4625,T06,0.0,9.1,2.9402777777777778,0.26034722222222223,0.0,9.2,2.9388888888888887,0.26222222222222225,19.0,27.0,23.006944444444443,1008.0,1010.0,1009.2916666666666,61.0,98.0,79.23611111111111,0.0,0.0,0.0,0.0,55.36805555555556,55.458333333333336,409.2638888888889,,0
2016-07-06 00:00:00+00:00,1709.5,0.0,821.5743055555555,65.86944444444445,42.875,50.34722222222222,51.24305555555556,51.78472222222222,39.513888888888886,47.34722222222222,49.06944444444444,34.048611111111114,15.1,0.0,7.160416666666666,20.3,0.4,4.614583333333333,0.8361111111111111,19.450000000000003,144.30694444444444,25.9375,-450.3611111111111,52457.65972222222,7489052.0,-211.875,-1767221,57.11805555555556,59.84722222222222,55.6875,38.09722222222222,41.40972222222222,34.520833333333336,40.4375,33.166666666666664,28.8125,-3.1,86.2,11.020138888888889,0.9673611111111112,73.71527777777777,38.9375,38.958333333333336,37.083333333333336,37.576388888888886,312.01874999999995,0.9333333333333333,49.99930555555555,398.6902777777778,397.3388888888889,396.1694444444445,270.23819444444445,284.4118055555556,272.9715277777778,2101.2,-46.1,38.986111111111114,0.5729166666666666,4.566666666666666,107.11180555555556,-73.63888888888889,1000.8,-995.1,9.406944444444443,324.4006944444444,2000.0,0.0,109.42083333333333,-526.0347222222222,0.0,-1000.0,45.96388888888889,522.8930555555556,1000.0,0.0,50.4375,41.44444444444444,199.85625,T06,0.5,13.5,4.278472222222223,1.058263888888889,0.4,13.4,4.302777777777778,1.0866666666666667,20.0,30.0,24.72222222222222,1007.0,1010.0,1008.7083333333334,35.0,93.0,65.13194444444444,0.0,0.0,0.0,0.0,82.23611111111111,82.66666666666667,408.65972222222223,,0
2016-07-07 00:00:00+00:00,1663.2,0.0,683.4777777777778,101.73333333333333,40.270833333333336,47.34722222222222,47.90277777777778,47.90972222222222,39.576388888888886,46.63194444444444,47.763888888888886,32.75694444444444,14.7,0.0,5.843055555555555,16.4,0.4,3.384027777777778,0.6923611111111111,10.160416666666666,241.1305555555556,24.07638888888889,-758.5347222222222,14536.048611111111,1983961.0,-437.7013888888889,-781715,51.24305555555556,53.979166666666664,49.888888888888886,37.09027777777778,40.673611111111114,33.78472222222222,39.75694444444444,30.131944444444443,27.75,-2.9,89.7,12.544444444444444,2.895138888888889,71.35416666666667,37.583333333333336,37.59722222222222,35.736111111111114,36.80555555555556,82.65069444444445,0.8319444444444445,50.0,398.8097222222222,397.65763888888887,396.05555555555554,90.36458333333333,99.98819444444445,95.19999999999999,1052.2,-50.1,38.25694444444444,0.8736111111111111,3.425,38.368750000000006,-32.58125,1000.1,-744.7,35.420833333333334,91.95625000000001,1072.1,0.0,38.66180555555556,-304.6618055555556,0.0,-1000.0,90.84236111111112,304.6618055555556,1000.0,0.0,90.84236111111112,37.78472222222222,228.48402777777775,T06,0.0,9.6,3.513888888888889,0.41631944444444446,0.0,9.8,3.521527777777778,0.4277777777777778,20.0,26.0,22.729166666666668,1007.0,1012.0,1009.3819444444445,58.0,93.0,77.83333333333333,0.0,1.0,0.006944444444444444,0.0,67.03472222222223,67.11805555555556,409.3263888888889,,0
2016-07-08 00:00:00+00:00,1569.0,0.0,774.3256944444444,139.1847222222222,43.375,49.638888888888886,50.104166666666664,50.15277777777778,41.263888888888886,46.5625,48.93055555555556,35.09722222222222,13.9,0.0,6.731249999999999,15.1,0.4,3.464583333333333,0.7416666666666667,0.7423611111111109,183.54027777777776,27.51388888888889,-802.3472222222222,10044.909722222223,1330927.0,-530.7847222222222,-850628,52.166666666666664,54.673611111111114,50.75,39.270833333333336,42.736111111111114,37.145833333333336,42.05555555555556,32.875,31.0,-2.5,89.7,11.033333333333333,3.8486111111111114,75.23611111111111,39.763888888888886,39.763888888888886,37.923611111111114,39.30555555555556,55.43888888888889,0.745138888888889,50.00069444444445,398.80277777777775,397.57222222222225,396.4548611111111,85.77847222222222,92.25833333333334,88.53125,616.9,-50.5,40.611111111111114,1.3194444444444444,3.504166666666667,36.06458333333333,-35.46319444444444,1000.1,-999.1,72.99305555555556,67.8763888888889,623.8,0.0,38.770833333333336,-255.42013888888889,0.0,-1000.0,120.23124999999999,255.42013888888889,1000.0,0.0,120.23124999999999,39.458333333333336,202.78611111111113,T06,0.4,9.8,4.077777777777778,0.44909722222222226,0.3,9.6,4.061111111111111,0.45048611111111114,19.0,33.0,26.416666666666668,1008.0,1012.0,1010.1458333333334,37.0,96.0,62.916666666666664,0.0,0.0,0.0,0.0,78.22916666666667,77.91666666666667,410.1111111111111,,0
2016-07-09 00:00:00+00:00,1780.6,0.0,1186.0555555555557,46.60069444444444,60.15972222222222,73.45138888888889,77.38888888888889,78.63194444444444,43.138888888888886,53.833333333333336,58.4375,39.361111111111114,15.8,0.0,10.447222222222223,27.9,0.5,8.97013888888889,1.5416666666666667,-1.5715277777777779,98.81458333333333,29.444444444444443,-681.9236111111111,143574.09027777778,20576472.0,-492.5763888888889,-3041228,72.13888888888889,75.45833333333333,72.09027777777777,44.048611111111114,48.541666666666664,37.38194444444444,47.020833333333336,43.076388888888886,31.743055555555557,-3.2,89.7,16.665972222222223,1.5354166666666667,101.05555555555556,45.34027777777778,45.395833333333336,43.333333333333336,43.0,857.3763888888889,0.9069444444444444,50.00069444444445,399.49375,397.78819444444446,398.37847222222223,732.4541666666667,747.6895833333333,725.5743055555555,2106.4,-49.5,47.8125,0.38958333333333334,8.837499999999999,123.55000000000001,-126.72500000000001,729.2,-232.8,7.206250000000001,1187.4972222222223,2000.0,0.0,150.07777777777778,-612.825,0.0,-1000.0,83.79583333333333,541.9972222222223,1000.0,0.0,92.97083333333333,55.395833333333336,100.38402777777777,T06,1.2,18.0,9.522916666666667,1.0078472222222221,1.1,18.1,9.574305555555556,1.0292361111111112,25.0,32.0,28.76388888888889,1005.0,1010.0,1007.5277777777778,33.0,60.0,41.701388888888886,0.0,0.0,0.0,0.0,187.45138888888889,188.54166666666666,407.49305555555554,,0
2016-07-10 00:00:00+00:00,1782.0,1206.3,1618.7312,41.4904,74.768,92.048,98.336,101.608,43.288,53.944,62.184,41.16,15.7,10.8,14.3424,31.5,0.6000000000000001,10.0208,1.756,-0.5192,94.3472,29.136,-0.584,222924.32,27865466.0,-0.432,-3592830,80.2,84.496,82.424,46.312,51.232,37.304,49.208,47.232,31.8,-3.3,17.1,0.8423999999999999,1.1864000000000001,122.104,48.216,48.304,46.248,44.664,1337.5832,0.9927999999999999,50.0,399.2264,397.4968,398.592,1124.9888,1145.9743999999998,1113.4751999999999,2106.2,-43.1,51.36,0.364,9.8392,160.02079999999998,-172.4576,8.9,-233.7,5.4576,1336.4951999999998,2000.0,0.0,159.44879999999998,-854.2096,0.0,-1000.0,50.911199999999994,768.1488,1000.0,0.0,64.2168,70.296,94.87519999999999,T06,1.6,20.0,9.243055555555555,1.1503472222222222,1.7000000000000002,20.2,9.302083333333334,1.1784027777777777,25.0,33.0,28.25,1005.0,1007.0,1006.1111111111111,36.0,62.0,47.24305555555556,0.0,0.0,0.0,0.0,181.86805555555554,183.0,406.05555555555554,,0
2016-07-20 00:00:00+00:00,147.3,0.0,2.9160000000000004,3.6,91.16,91.08,91.28,91.08,31.04,28.16,28.36,30.68,0.0,0.0,0.0,37.5,0.4,5.252000000000001,1.1680000000000001,-7.715999999999999,232.136,30.44,-372.28,1122.68,18760.0,-183.24,-8778,51.48,55.16,50.56,33.56,33.6,30.0,37.44,92.4,29.24,0.0,90.0,89.804,0.352,29.72,33.72,33.04,30.76,32.76,-2.248,0.9359999999999999,50.0,399.264,398.624,397.01199999999994,2.408,2.396,2.6639999999999997,-1.0,-25.9,31.72,0.0,4.856,0.964,-1.1079999999999999,0.0,-25.3,1.016,410.02,2000.0,0.0,113.74,0.0,0.0,0.0,0.0,0.0,0.0,0.0,0.0,91.08,239.872,T06,0.0,21.3,5.090972222222223,1.0634722222222224,0.0,21.8,5.104166666666667,1.0758333333333332,24.0,35.0,28.07638888888889,1005.0,1009.0,1007.4861111111111,30.0,73.0,51.0,0.0,0.0,0.0,0.0,98.63888888888889,98.84722222222223,407.43055555555554,,0
2016-07-21 00:00:00+00:00,1417.5,0.0,7.090243902439024,11.807317073170733,49.170731707317074,48.8780487804878,48.8780487804878,48.8780487804878,35.24390243902439,31.365853658536587,31.390243902439025,33.170731707317074,12.2,0.0,0.01951219512195122,12.5,0.4,4.870731707317073,0.8170731707317073,-7.712195121951219,281.95609756097565,29.121951219512194,-366.8292682926829,-0.04878048780487805,-15041.0,-102.51219512195122,-4200,43.80487804878049,45.34146341463415,43.36585365853659,36.78048780487805,37.609756097560975,34.4390243902439,39.853658536585364,75.85365853658537,30.390243902439025,-1.6,90.0,88.94878048780488,1.4536585365853658,32.80487804878049,36.853658536585364,36.4390243902439,34.073170731707314,36.4390243902439,-2.1414634146341465,0.9170731707317074,50.0,399.190243902439,398.5560975609756,397.1585365853659,2.0926829268292684,2.285365853658537,2.675609756097561,-1.0,-47.6,34.8780487804878,0.06585365853658537,1.4170731707317072,0.9439024390243902,-0.5682926829268293,16.2,-22.9,0.948780487804878,116.24146341463414,1286.4,0.0,38.74146341463415,0.0,0.0,0.0,0.0,0.0,0.0,0.0,0.0,48.8780487804878,289.6878048780488,T06,0.0,11.0,4.004861111111111,0.2882638888888889,0.0,10.9,3.997916666666667,0.289375,22.0,32.0,27.17361111111111,1006.0,1009.0,1007.3888888888889,22.0,76.0,52.111111111111114,0.0,0.0,0.0,0.0,76.79861111111111,76.74305555555556,407.3541666666667,,0
2016-07-22 00:00:00+00:00,1698.1,0.0,363.31076923076927,31.00153846153846,39.207692307692305,41.47692307692308,41.54615384615385,40.36923076923077,34.99230769230769,37.9,38.92307692307692,33.45384615384615,15.0,0.0,3.176153846153846,17.0,0.4,3.786923076923077,0.6538461538461539,-12.856153846153846,250.02846153846156,24.092307692307692,-444.0769230769231,20031.076923076922,2546311.0,-287.44615384615383,422997,50.66153846153846,53.37692307692308,50.03076923076923,38.46153846153846,41.184615384615384,30.7,41.46153846153846,31.684615384615384,26.246153846153845,-3.3,90.0,59.51846153846154,0.9184615384615386,50.88461538461539,39.13846153846154,38.86923076923077,36.16923076923077,38.33076923076923,117.54461538461538,0.9307692307692308,50.0,399.69615384615383,398.8430769230769,397.0253846153846,117.57307692307693,123.57076923076923,120.74461538461537,1881.9,-50.0,37.13076923076923,0.26153846153846155,1.823846153846154,36.52307692307692,19.545384615384616,1002.6,-593.9,10.694615384615386,121.82615384615384,1917.7,0.0,37.84230769230769,-218.35230769230768,0.0,-1000.0,19.89923076923077,218.09692307692308,1000.0,0.0,21.14076923076923,36.223076923076924,282.2923076923077,T06,0.0,11.8,4.324999999999999,0.37701388888888887,0.0,11.9,4.3180555555555555,0.3811805555555556,20.0,27.0,23.17361111111111,1006.0,1008.0,1007.4305555555555,51.0,84.0,68.85416666666667,0.0,0.0,0.0,0.0,83.19444444444444,83.18055555555556,407.3611111111111,,0
2016-07-23 00:00:00+00:00,1763.9,0.0,1132.1033613445377,118.76806722689075,61.94117647058823,68.04201680672269,69.29411764705883,64.65546218487395,39.91596638655462,48.7563025210084,54.11764705882353,35.378151260504204,15.5,0.0,10.016806722689076,24.4,0.4,7.011764705882353,1.2739495798319327,-10.963025210084032,119.89411764705882,26.26050420168067,-547.5798319327731,123126.4705882353,14586888.0,-314.4117647058824,-1922661,63.680672268907564,66.89915966386555,63.64705882352941,41.319327731092436,43.05042016806723,34.21848739495798,41.94117647058823,40.0,28.277310924369747,-3.2,90.0,10.291596638655463,4.212605042016807,84.28571428571429,42.588235294117645,42.596638655462186,40.680672268907564,40.226890756302524,735.4403361344538,0.9235294117647059,49.98739495798319,394.7201680672269,393.46638655462186,392.96806722689075,627.8226890756303,642.7873949579832,627.5050420168068,2103.6,-50.2,41.87394957983193,1.0571428571428572,6.905042016806723,164.40924369747898,-96.95126050420168,1001.0,-694.6,23.18403361344538,814.4226890756303,2000.0,0.0,138.87563025210085,-568.3865546218487,0.0,-1000.0,60.56050420168067,532.5033613445378,1000.0,0.0,74.58151260504202,48.19327731092437,130.85882352941178,T06,0.0,15.4,6.299305555555556,0.6497916666666668,0.0,15.3,6.211805555555555,0.7011805555555556,20.0,31.0,24.881944444444443,1006.0,1008.0,1007.3402777777778,48.0,97.0,72.10416666666667,0.0,0.0,0.0,0.0,122.75694444444444,121.03472222222223,407.28472222222223,,0
2016-07-24 00:00:00+00:00,1806.2,0.0,1462.9608,45.615199999999994,88.72,121.448,124.056,110.888,43.368,55.728,63.064,41.08,15.9,0.0,12.9504,28.9,1.1,13.976799999999999,2.3584,0.26080000000000003,96.5368,26.392,-148.248,284265.08,35514603.0,-191.856,-3752007,85.28,90.28,87.912,47.28,51.488,33.504,50.824,62.52,28.112,-2.5,90.0,17.78,3.3664,121.424,49.24,49.376,47.16,44.456,1702.0192,0.9576,49.6,396.7648,394.8192,396.51759999999996,1430.1304,1447.8144,1414.3183999999999,2107.4,-77.4,54.392,0.39280000000000004,13.1808,76.2328,-179.8376,1000.6,-244.3,8.377600000000001,1912.4288000000001,2000.0,0.0,59.1192,-541.152,0.0,-1000.0,54.5136,383.60720000000003,1000.0,0.0,46.2288,67.176,96.2664,T06,6.3,21.5,13.838194444444445,1.609513888888889,6.4,21.6,13.913888888888888,1.6593749999999998,23.0,29.0,25.65277777777778,1006.0,1008.0,1006.875,44.0,80.0,61.65277777777778,0.0,0.0,0.0,0.0,273.9166666666667,275.4791666666667,406.7986111111111,,0
2016-07-25 00:00:00+00:00,1820.6,0.0,1450.016783216783,30.965034965034967,74.44755244755245,109.1118881118881,111.54545454545455,99.23076923076923,44.10489510489511,55.6993006993007,62.82517482517483,41.51048951048951,16.0,0.0,12.821678321678322,36.1,1.1,12.906293706293706,2.225874125874126,-0.20769230769230765,92.9986013986014,27.216783216783217,-483.3286713286713,257760.75524475524,36790670.0,-405.041958041958,-4112432,82.87412587412588,87.92307692307692,86.58041958041959,46.48251748251748,51.83916083916084,34.76923076923077,49.46853146853147,50.47552447552447,29.006993006993007,-2.9,90.0,15.558741258741259,2.183916083916084,120.44055944055944,48.41258741258741,48.50349650349651,46.35664335664335,44.05594405594405,1543.7412587412587,0.9615384615384616,50.0,400.08181818181816,398.37342657342657,399.6958041958042,1301.8671328671328,1317.7237762237762,1290.0587412587413,2107.2,-50.5,52.18881118881119,0.24615384615384617,12.674125874125874,78.43846153846154,-172.51678321678324,1002.6,-250.3,7.840559440559441,1807.0013986013987,2000.0,0.0,80.16713286713286,-615.6181818181818,0.0,-1000.0,49.71258741258741,479.872027972028,1000.0,0.0,56.5937062937063,62.49650349650349,93.20699300699302,T06,3.8,21.3,12.93888888888889,1.39625,3.6,21.2,13.027777777777779,1.437361111111111,24.0,30.0,26.430555555555557,1006.0,1008.0,1007.2638888888889,41.0,66.0,52.479166666666664,0.0,0.0,0.0,0.0,256.0208333333333,257.6041666666667,407.24305555555554,,0
2016-07-26 00:00:00+00:00,1771.1,0.0,1081.8270833333333,28.075694444444444,65.76388888888889,90.10416666666667,91.89583333333333,83.39583333333333,44.74305555555556,54.548611111111114,59.013888888888886,40.8125,15.7,0.0,9.539583333333333,27.3,0.4,8.875694444444443,1.4645833333333333,2.822916666666667,117.15416666666667,29.229166666666668,-920.9583333333334,173562.01388888888,24860311.0,-915.9513888888889,-2854397,73.29861111111111,77.78472222222223,76.65972222222223,45.0625,51.05555555555556,36.638888888888886,48.416666666666664,47.65277777777778,30.79861111111111,-2.7,89.7,27.981944444444444,1.3624999999999998,102.50694444444444,46.451388888888886,46.548611111111114,44.50694444444444,43.78472222222222,1035.7659722222222,0.8722222222222222,49.99930555555555,399.77777777777777,398.36527777777775,398.43888888888887,877.9131944444445,893.6624999999999,875.8062500000001,2104.2,-49.3,49.548611111111114,0.22083333333333333,8.81111111111111,114.40625,-118.9402777777778,549.1,-569.6,7.597222222222222,1239.6458333333333,2000.0,0.0,162.63333333333333,-533.2840277777777,0.0,-1000.0,64.00347222222223,434.15,1000.0,0.0,81.9375,57.5,114.32013888888888,T06,0.4,16.4,8.931944444444445,0.6768055555555557,0.4,16.5,8.990277777777777,0.6888194444444444,24.0,34.0,28.32638888888889,1007.0,1009.0,1007.9930555555555,31.0,65.0,44.30555555555556,0.0,0.0,0.0,0.0,175.59722222222223,176.85416666666666,407.94444444444446,,0
2016-07-27 00:00:00+00:00,1660.5,0.0,639.7979166666667,73.81666666666666,41.43055555555556,47.875,48.041666666666664,46.458333333333336,42.479166666666664,46.020833333333336,47.24305555555556,33.63194444444444,14.7,0.0,5.513888888888889,18.3,0.4,3.2694444444444444,0.6243055555555556,5.320138888888888,200.9173611111111,25.270833333333332,-888.0555555555555,10593.506944444445,1397585.0,-911.8472222222222,-785203,49.645833333333336,52.9375,49.68055555555556,37.38194444444444,41.125,35.24305555555556,39.80555555555556,31.09722222222222,28.916666666666668,-2.7,89.7,15.220833333333335,1.9243055555555557,67.30555555555556,37.833333333333336,37.854166666666664,36.013888888888886,37.145833333333336,58.239583333333336,0.713888888888889,49.99861111111111,398.5805555555555,397.6701388888889,395.5208333333333,73.76736111111111,83.91319444444444,79.60555555555555,958.5,-50.2,38.298611111111114,0.6638888888888889,3.308333333333333,32.82361111111111,-32.75416666666667,1000.2,-852.7,37.05138888888889,76.63958333333333,976.5,0.0,36.52708333333333,-244.2138888888889,0.0,-1000.0,90.97916666666667,244.2138888888889,1000.0,0.0,90.97916666666667,38.24305555555556,218.10347222222222,T06,0.0,8.9,3.6284722222222223,0.26694444444444443,0.0,9.1,3.5812500000000003,0.32534722222222223,20.0,28.0,24.354166666666668,1007.0,1010.0,1008.7777777777778,37.0,98.0,71.97916666666667,0.0,0.0,0.0,0.0,69.29166666666667,68.23611111111111,408.68055555555554,,0
2016-07-28 00:00:00+00:00,1695.4,0.0,706.8506944444445,57.34027777777778,42.736111111111114,47.09722222222222,47.298611111111114,45.791666666666664,41.0,45.65972222222222,47.81944444444444,34.645833333333336,15.0,0.0,6.095833333333333,19.9,0.4,4.134722222222222,0.7784722222222222,4.541666666666667,151.26597222222222,26.77777777777778,-483.46527777777777,40481.36111111111,5759697.0,-470.6111111111111,-1595381,53.451388888888886,56.84722222222222,53.291666666666664,37.9375,41.270833333333336,35.4375,40.513888888888886,32.99305555555556,29.444444444444443,-3.2,86.2,13.769444444444444,0.7277777777777777,64.29861111111111,38.59722222222222,38.61805555555556,36.729166666666664,37.59722222222222,239.9798611111111,0.8083333333333333,49.99930555555555,398.51874999999995,397.32708333333335,395.86805555555554,210.2472222222222,223.78958333333333,214.5965277777778,1850.7,-29.6,38.53472222222222,0.5194444444444444,4.124305555555555,74.26597222222222,-66.48263888888889,1000.3,-212.6,6.801388888888889,247.93680555555557,1870.3,0.0,77.57430555555555,-409.2423611111111,0.0,-1000.0,27.98472222222222,408.3930555555555,1000.0,0.0,30.585416666666667,38.68055555555556,146.72361111111113,T06,0.2,15.0,4.270833333333333,0.9242361111111111,0.2,15.0,4.223611111111111,0.9658333333333334,20.0,32.0,25.319444444444443,1006.0,1009.0,1007.7152777777778,34.0,98.0,68.61805555555556,0.0,0.0,0.0,0.0,82.0625,81.1875,407.6111111111111,,0
2016-07-29 00:00:00+00:00,1702.6,0.0,1297.3479166666666,65.01805555555556,53.93055555555556,65.4375,66.0,62.46527777777778,41.03472222222222,51.701388888888886,56.326388888888886,36.25694444444444,15.1,0.0,11.490277777777777,17.8,0.4,5.840277777777778,0.9881944444444445,0.020138888888888904,140.53472222222223,26.95138888888889,-226.5,67013.45833333333,9617324.0,-218.56944444444446,-2791262,60.916666666666664,64.38194444444444,61.13194444444444,39.94444444444444,45.479166666666664,35.395833333333336,44.048611111111114,37.59722222222222,29.694444444444443,-3.1,89.7,0.6472222222222221,0.9506944444444445,105.21527777777777,40.90972222222222,40.916666666666664,38.979166666666664,39.38194444444444,400.7055555555555,0.8680555555555556,50.0,398.72222222222223,397.0534722222222,397.1409722222222,352.99583333333334,372.97222222222223,354.2472222222222,1908.9,-50.4,43.104166666666664,0.575,5.826388888888889,112.63749999999999,-116.28194444444443,658.0,-687.1,15.556249999999999,403.8673611111111,1941.5,0.0,113.78472222222223,-786.7319444444444,0.0,-1000.0,91.68263888888889,783.3006944444445,1000.0,0.0,96.58611111111111,48.701388888888886,140.52083333333334,T06,1.3,14.0,6.264583333333333,1.198888888888889,1.2,14.3,6.311805555555555,1.2381944444444446,21.0,32.0,25.90972222222222,1005.0,1009.0,1006.4513888888889,41.0,89.0,68.02083333333333,0.0,0.0,0.0,0.0,122.125,123.1875,406.36805555555554,,0
2016-07-30 00:00:00+00:00,1674.9,0.0,643.4895833333334,92.07499999999999,39.03472222222222,44.208333333333336,44.47222222222222,43.013888888888886,40.083333333333336,44.125,46.263888888888886,32.770833333333336,14.8,0.0,5.554166666666666,13.9,0.4,3.351388888888889,0.6555555555555556,8.302083333333334,255.84444444444443,24.194444444444443,-791.7222222222222,13651.486111111111,1851809.0,-831.6805555555555,-807423,48.88194444444444,52.041666666666664,48.59722222222222,36.5625,39.923611111111114,33.458333333333336,38.875,30.13888888888889,27.57638888888889,-3.2,89.7,13.619444444444445,2.54375,64.89583333333333,36.979166666666664,36.99305555555556,35.111111111111114,36.125,77.17291666666667,0.7208333333333334,50.0,398.65833333333336,397.3409722222222,395.33680555555554,83.51527777777778,94.25763888888889,89.08194444444445,1356.1,-50.3,37.06944444444444,0.851388888888889,3.379861111111111,40.84722222222222,-33.69861111111111,999.6,-801.1,30.24513888888889,88.98888888888888,1391.6,0.0,42.579861111111114,-267.19375,0.0,-1000.0,89.89236111111111,267.19375,1000.0,0.0,89.89236111111111,35.61805555555556,255.04166666666666,T06,0.0,9.9,3.55,0.403125,0.0,10.0,3.5576388888888886,0.40423611111111113,20.0,27.0,22.770833333333332,1008.0,1011.0,1009.5555555555555,52.0,92.0,74.15972222222223,0.0,0.0,0.0,0.0,67.65277777777777,67.79166666666667,409.52777777777777,,0
2016-07-31 00:00:00+00:00,1667.1,0.0,753.6423611111111,135.9986111111111,42.09722222222222,49.05555555555556,49.236111111111114,47.541666666666664,40.458333333333336,46.19444444444444,48.81944444444444,33.5,14.8,0.0,6.534027777777777,14.3,0.4,3.675694444444444,0.7381944444444445,8.831944444444444,261.96458333333334,25.416666666666668,-702.8888888888889,19530.95138888889,2711242.0,-739.7916666666666,-1048254,49.43055555555556,52.59027777777778,49.236111111111114,37.75694444444444,40.90972222222222,33.99305555555556,39.666666666666664,31.493055555555557,27.71527777777778,-3.1,89.7,10.734027777777778,3.495833333333333,72.01388888888889,38.298611111111114,38.31944444444444,36.38194444444444,37.416666666666664,112.99097222222223,0.7625000000000001,50.0,398.4215277777778,396.90555555555557,395.1479166666667,110.60902777777778,126.63680555555555,120.07916666666668,1163.7,-50.2,38.270833333333336,1.25625,3.732638888888889,47.860416666666666,-43.68888888888889,1000.4,-727.2,35.46666666666667,123.86527777777776,1201.8,0.0,50.12430555555555,-370.1722222222222,0.0,-1000.0,99.32638888888889,370.1722222222222,1000.0,0.0,99.32638888888889,38.104166666666664,288.1388888888889,T06,0.0,10.2,3.9749999999999996,0.4484027777777778,0.0,10.3,3.9506944444444443,0.4481944444444445,20.0,30.0,24.256944444444443,1007.0,1011.0,1009.1041666666666,44.0,93.0,75.25,0.0,0.0,0.0,0.0,76.24305555555556,75.74305555555556,409.06944444444446,,0
2016-08-01 00:00:00+00:00,1665.8,0.0,473.05486111111105,42.84097222222223,40.770833333333336,45.388888888888886,45.52777777777778,44.27777777777778,41.770833333333336,46.416666666666664,45.93055555555556,35.166666666666664,14.8,0.0,4.009027777777778,13.8,0.4,2.726388888888889,0.5493055555555556,-8.158333333333335,225.01875,27.229166666666668,-950.4652777777778,13795.805555555555,1849728.0,-913.0069444444445,-723269,51.31944444444444,54.69444444444444,51.229166666666664,38.638888888888886,42.3125,36.0625,41.11805555555556,32.798611111111114,29.916666666666668,-3.1,52.0,15.778472222222222,0.7701388888888889,64.08333333333333,39.048611111111114,39.05555555555556,37.263888888888886,38.736111111111114,77.05763888888889,0.7479166666666667,50.00208333333333,398.53541666666666,397.6652777777778,395.26180555555555,83.61666666666666,92.8423611111111,90.01041666666667,1180.4,-50.0,39.52777777777778,0.3784722222222222,2.757638888888889,30.247222222222224,-30.13263888888889,1000.1,-1000.2,24.875,84.44097222222223,1196.7,0.0,28.50486111111111,-215.48611111111111,0.0,-1000.0,45.33472222222222,215.48611111111111,1000.0,0.0,45.33472222222222,38.09027777777778,270.6895833333333,T06,0.0,9.9,2.91875,0.2297916666666667,0.0,10.3,2.9256944444444444,0.23055555555555557,21.0,32.0,26.229166666666668,1008.0,1010.0,1008.7569444444445,28.0,91.0,61.270833333333336,0.0,0.0,0.0,0.0,54.986111111111114,55.09027777777778,408.69444444444446,,0
2016-08-02 00:00:00+00:00,1695.7,0.0,1185.6437500000002,80.04374999999999,52.333333333333336,62.361111111111114,63.00694444444444,59.923611111111114,41.93055555555556,50.40972222222222,54.69444444444444,36.84722222222222,15.0,0.0,10.450694444444444,21.6,0.4,5.372222222222223,0.9368055555555556,3.8881944444444443,99.34305555555555,28.104166666666668,-393.9166666666667,58728.819444444445,8400227.0,-375.69444444444446,-2243465,58.56944444444444,62.11805555555556,58.763888888888886,40.388888888888886,45.40277777777778,36.125,44.13194444444444,37.270833333333336,30.40277777777778,-3.2,89.7,2.959722222222222,1.3840277777777779,96.375,41.4375,41.44444444444444,39.52777777777778,40.125,349.98541666666665,0.8138888888888889,49.99930555555555,398.7048611111111,396.91875000000005,396.6173611111111,319.21527777777777,339.4951388888889,323.1486111111111,1873.6,-48.2,43.173611111111114,0.70625,5.384722222222222,108.51597222222222,-93.50486111111111,1000.7,-920.0,32.48888888888889,354.4,1887.7,0.0,108.56319444444445,-678.1319444444445,0.0,-1000.0,85.25902777777777,677.7444444444444,1000.0,0.0,87.27013888888888,46.354166666666664,112.95763888888888,T06,0.7000000000000001,12.7,5.640277777777778,0.9314583333333333,0.7000000000000001,12.8,5.679861111111111,0.9425,24.0,32.0,27.09722222222222,1007.0,1010.0,1009.125,45.0,83.0,65.33333333333333,0.0,0.0,0.0,0.0,109.63888888888889,110.38888888888889,409.0833333333333,,0
2016-08-03 00:00:00+00:00,1612.3,0.0,726.39375,82.54444444444444,43.74305555555556,49.69444444444444,49.958333333333336,48.19444444444444,42.833333333333336,46.701388888888886,48.68055555555556,35.19444444444444,14.3,0.0,6.347222222222222,13.0,0.4,3.3944444444444444,0.6458333333333334,-2.772222222222222,205.69097222222223,27.09722222222222,-855.6875,12128.298611111111,1623255.0,-947.7291666666666,-899123,51.78472222222222,55.0625,51.701388888888886,38.24305555555556,42.736111111111114,37.076388888888886,41.18055555555556,33.375,30.95138888888889,-3.0,89.7,11.536111111111111,2.2194444444444446,73.50694444444444,38.71527777777778,38.72222222222222,36.854166666666664,38.09027777777778,67.62777777777778,0.6833333333333333,49.99930555555555,398.4736111111111,397.1166666666667,395.3097222222222,86.62569444444445,99.38749999999999,94.11111111111111,828.2,-50.3,39.68055555555556,0.7604166666666666,3.428472222222222,34.96666666666667,-37.44513888888889,888.5,-1000.4,52.599999999999994,78.65555555555555,836.6,0.0,37.13194444444444,-282.15486111111113,0.0,-1000.0,97.72083333333333,282.15486111111113,1000.0,0.0,97.72083333333333,39.61805555555556,188.45486111111111,T06,0.0,10.2,3.582638888888889,0.3695833333333333,0.0,10.2,3.5687499999999996,0.37562500000000004,23.0,30.0,25.694444444444443,1006.0,1010.0,1008.0625,60.0,91.0,74.35416666666667,0.0,0.0,0.0,0.0,68.38194444444444,68.16666666666667,408.02777777777777,,0
2016-08-04 00:00:00+00:00,1660.3,0.0,607.4006944444444,68.65902777777778,40.229166666666664,45.86805555555556,46.19444444444444,44.80555555555556,41.88194444444444,45.645833333333336,46.78472222222222,33.52777777777778,14.7,0.0,5.227777777777778,14.1,0.4,3.392361111111111,0.6569444444444446,-9.802777777777779,243.0055555555556,25.958333333333332,-772.9236111111111,20018.930555555555,2771421.0,-753.3541666666666,-953025,50.28472222222222,53.6875,50.36805555555556,37.041666666666664,40.44444444444444,35.44444444444444,39.15972222222222,31.395833333333332,29.430555555555557,-3.2,89.7,13.882638888888888,1.5361111111111112,64.28472222222223,37.55555555555556,37.5625,35.666666666666664,36.708333333333336,115.45555555555555,0.7833333333333334,50.00069444444445,398.3486111111111,397.33124999999995,395.1430555555555,109.13888888888889,121.08472222222223,116.04097222222224,1142.7,-50.2,37.34027777777778,0.6229166666666667,3.4256944444444444,42.575,-39.699305555555554,838.4,-726.7,15.875694444444443,124.45972222222223,1154.5,0.0,44.144444444444446,-313.55833333333334,0.0,-1000.0,58.32430555555556,313.55833333333334,1000.0,0.0,58.32430555555556,37.125,257.80902777777777,T06,0.0,10.6,3.654166666666667,0.29631944444444447,0.0,10.4,3.65625,0.3047222222222222,20.0,30.0,24.881944444444443,1007.0,1009.0,1007.9375,44.0,100.0,75.60416666666667,0.0,0.0,0.0,0.0,69.73611111111111,69.78472222222223,407.8611111111111,,0
2016-08-05 00:00:00+00:00,1630.8,0.0,622.8062500000001,82.59027777777777,41.548611111111114,48.041666666666664,48.1875,46.770833333333336,42.06944444444444,46.0,47.40277777777778,34.888888888888886,14.5,0.0,5.354166666666667,12.1,0.4,3.2645833333333334,0.6430555555555556,8.632638888888888,237.9465277777778,26.76388888888889,-823.7986111111111,12548.395833333334,1688348.0,-845.8958333333334,-726908,50.65277777777778,53.895833333333336,50.52777777777778,37.59722222222222,41.90972222222222,35.86805555555556,40.69444444444444,32.40277777777778,30.04861111111111,-2.8,89.7,13.962499999999999,1.8958333333333333,64.91666666666667,38.02777777777778,38.03472222222222,36.19444444444444,37.43055555555556,70.36666666666666,0.7340277777777778,50.00069444444445,398.5965277777778,397.41805555555555,395.6138888888889,80.03125,89.80486111111111,84.89652777777778,857.0,-50.1,39.13194444444444,0.7986111111111112,3.2868055555555555,31.255555555555556,-30.306250000000002,1000.3,-867.0,31.994444444444444,79.92013888888889,872.4,0.0,32.45625,-253.96527777777777,0.0,-1000.0,63.57361111111111,253.96527777777777,1000.0,0.0,63.57361111111111,38.770833333333336,229.32777777777775,T06,0.3,8.9,3.6631944444444446,0.32319444444444445,0.0,9.1,3.6590277777777778,0.3260416666666667,23.0,29.0,25.70138888888889,1008.0,1011.0,1009.1458333333334,37.0,83.0,64.79166666666667,0.0,0.0,0.0,0.0,70.03472222222223,69.90277777777777,409.0625,,0
2016-08-06 00:00:00+00:00,1809.1,0.0,1398.2145833333334,35.25972222222222,73.65277777777777,105.59027777777777,107.97222222222223,96.11805555555556,43.11805555555556,55.576388888888886,62.21527777777778,41.15972222222222,16.0,0.0,12.363194444444444,29.9,1.5,12.676388888888889,2.1868055555555554,-1.3118055555555557,98.86597222222223,27.40277777777778,-541.2569444444445,249422.42361111112,35838889.0,-470.7916666666667,-4217050,82.47222222222223,87.4375,84.93055555555556,45.99305555555556,51.458333333333336,35.47222222222222,49.4375,50.0625,29.78472222222222,-3.2,89.7,17.672916666666666,2.370138888888889,118.04166666666667,47.826388888888886,47.979166666666664,45.763888888888886,43.59722222222222,1493.3874999999998,0.9513888888888888,50.0,399.6770833333333,397.5486111111111,399.1423611111111,1261.2972222222222,1279.6395833333333,1248.7666666666667,2109.6,-48.0,52.125,0.28402777777777777,12.319444444444445,71.9375,-175.7159722222222,12.3,-246.6,4.605555555555555,1786.8604166666667,2000.0,143.5,87.53888888888889,-578.6340277777778,0.0,-1000.0,50.90833333333333,444.5055555555556,1000.0,0.0,45.212500000000006,60.78472222222222,100.17916666666666,T06,3.3,22.2,12.899999999999999,1.7695138888888888,3.4,22.3,12.977777777777778,1.8028472222222223,25.0,30.0,26.680555555555557,1009.0,1012.0,1010.4583333333334,43.0,78.0,64.18055555555556,0.0,0.0,0.0,0.0,255.20833333333334,256.6388888888889,410.38194444444446,,0
2016-08-07 00:00:00+00:00,1818.1,1264.3,1675.7743055555557,23.220833333333335,80.34722222222223,124.21527777777777,127.59722222222223,111.94444444444444,44.00694444444444,56.46527777777778,64.74305555555556,42.97222222222222,16.0,11.2,14.851388888888888,33.4,1.6,13.25138888888889,2.277083333333333,-0.054166666666666745,92.79305555555555,26.805555555555557,0.0,315874.2916666667,45485898.0,0.0,-4813148,89.29861111111111,95.01388888888889,93.15277777777777,48.47222222222222,54.3125,34.888888888888886,52.020833333333336,53.861111111111114,29.430555555555557,-2.9,21.9,5.8381944444444445,2.3625,134.47916666666666,50.61805555555556,50.770833333333336,48.548611111111114,45.40277777777778,1895.2291666666667,1.0,49.99930555555555,399.9430555555556,397.84375,399.6784722222222,1589.6729166666667,1609.5826388888888,1571.7347222222222,2108.0,227.7,56.013888888888886,0.18611111111111112,12.81111111111111,90.38819444444444,-200.55208333333334,-124.5,-285.1,4.885416666666667,1893.2861111111113,2000.0,224.6,88.60208333333334,-670.83125,-583.3,-1000.0,72.3451388888889,493.11736111111105,1000.0,406.1,71.99513888888889,67.625,92.8423611111111,T06,3.4,23.2,12.760416666666666,1.7128472222222222,3.8,22.9,12.834027777777777,1.7482638888888888,24.0,29.0,25.96527777777778,1009.0,1012.0,1010.5416666666666,41.0,70.0,55.84027777777778,0.0,0.0,0.0,0.0,252.29166666666666,253.83333333333334,410.49305555555554,,0
2016-08-08 00:00:00+00:00,1824.5,1308.6,1676.0791666666667,26.21388888888889,79.61805555555556,124.32638888888889,128.09722222222223,111.98611111111111,43.875,56.388888888888886,64.69444444444444,42.8125,16.1,11.6,14.855555555555558,32.8,1.9,13.786111111111111,2.4756944444444446,-0.38125000000000003,95.13194444444444,26.1875,0.0,315492.3958333333,45430905.0,0.0,-5144309,89.0,94.92361111111111,93.54166666666667,48.00694444444444,53.875,34.041666666666664,51.49305555555556,53.21527777777778,28.65277777777778,-3.0,23.6,6.9430555555555555,2.754166666666667,134.5,50.18055555555556,50.270833333333336,48.09722222222222,44.8125,1892.9291666666666,1.0,49.99930555555555,399.48819444444445,397.6118055555555,399.36875,1591.6631944444443,1608.3333333333333,1572.94375,2111.9,293.4,55.25694444444444,0.22083333333333333,13.313194444444443,100.20416666666667,-214.3409722222222,-156.0,-241.7,3.7215277777777778,1890.7520833333333,2000.0,283.0,98.38819444444444,-673.2555555555556,-583.3,-1000.0,76.35972222222222,496.7034722222222,1000.0,406.1,79.58194444444445,67.13888888888889,95.51527777777778,T06,6.1,24.6,14.051388888888889,2.423541666666667,5.9,23.8,14.12638888888889,2.4747222222222223,23.0,29.0,25.40277777777778,1009.0,1011.0,1009.8472222222222,42.0,75.0,59.270833333333336,0.0,0.0,0.0,0.0,278.19444444444446,279.69444444444446,409.8125,,0
2016-08-09 00:00:00+00:00,1764.9,1225.5,1587.1569444444444,34.40416666666667,68.78472222222223,97.5625,100.02777777777777,90.20138888888889,43.34722222222222,54.34027777777778,61.9375,40.611111111111114,15.6,10.8,14.061805555555557,25.3,1.0,9.163888888888888,1.4763888888888888,-0.08194444444444443,98.98055555555555,27.98611111111111,0.0,209586.09027777778,30180397.0,0.0,-4274278,74.78472222222223,79.36111111111111,78.19444444444444,45.38194444444444,50.78472222222222,35.34027777777778,48.145833333333336,47.576388888888886,29.71527777777778,-3.1,14.5,-0.6972222222222223,0.8569444444444445,120.92361111111111,47.18055555555556,47.270833333333336,45.09722222222222,43.604166666666664,1257.5020833333333,0.9798611111111111,50.0,398.88125,397.06944444444446,397.67083333333335,1056.4222222222222,1082.0458333333333,1056.7631944444445,2104.3,29.1,49.5625,0.2965277777777778,9.03263888888889,181.6861111111111,-178.08749999999998,-89.6,-264.9,5.547916666666667,1256.0784722222222,2000.0,28.6,180.96319444444444,-892.2874999999999,-140.0,-1000.0,80.08055555555556,795.0902777777778,1000.0,140.0,109.58333333333333,60.513888888888886,99.06458333333333,T06,1.6,16.0,8.59236111111111,1.2624305555555555,1.3,16.2,8.652777777777779,1.2827777777777778,24.0,32.0,26.9375,1006.0,1010.0,1008.0902777777778,28.0,58.0,42.21527777777778,0.0,0.0,0.0,0.0,168.79166666666666,170.08333333333334,408.0416666666667,,0
2016-08-10 00:00:00+00:00,1806.6,0.0,1218.521527777778,77.07847222222222,60.979166666666664,82.70833333333333,84.4375,76.71527777777777,42.34722222222222,52.013888888888886,57.34722222222222,37.923611111111114,15.9,0.0,10.77986111111111,33.4,0.5,8.784722222222221,1.5034722222222223,1.7409722222222221,106.48472222222222,26.291666666666668,-786.1736111111111,155906.63888888888,22337348.0,-685.1527777777778,-3149249,70.02083333333333,74.10416666666667,71.54861111111111,43.02777777777778,47.43055555555556,34.013888888888886,45.673611111111114,42.38194444444444,28.20138888888889,-3.1,89.7,14.244444444444444,3.283333333333333,103.80555555555556,44.4375,44.520833333333336,42.4375,41.513888888888886,930.7777777777778,0.8277777777777778,50.0,399.6361111111111,397.61527777777775,398.17083333333335,804.4222222222222,819.7034722222222,797.9805555555555,2110.0,-52.3,46.576388888888886,0.6638888888888889,8.588888888888889,89.95555555555556,-131.19652777777776,935.5,-627.0,27.0875,1131.3777777777777,2000.0,0.0,123.25069444444443,-483.36041666666665,0.0,-1000.0,93.08958333333334,398.2055555555555,1000.0,0.0,92.01666666666667,52.34722222222222,104.73750000000001,T06,1.1,17.9,9.080555555555556,1.4025694444444445,1.3,18.2,9.152777777777779,1.4109027777777776,22.0,30.0,25.381944444444443,1005.0,1008.0,1006.3125,41.0,78.0,56.13194444444444,0.0,0.0,0.0,0.0,178.58333333333334,179.94444444444446,406.27777777777777,,0
2016-08-11 00:00:00+00:00,1825.9,1199.0,1671.709027777778,27.16111111111111,81.53472222222223,125.66666666666667,128.89583333333334,113.17361111111111,43.34722222222222,56.486111111111114,64.65277777777777,42.875,16.1,10.6,14.817361111111113,37.8,1.9,13.538888888888888,2.4069444444444446,-1.0493055555555555,95.71041666666666,26.291666666666668,0.0,316701.5763888889,45605027.0,0.0,-5137916,90.08333333333333,95.55555555555556,94.26388888888889,48.09722222222222,54.229166666666664,33.99305555555556,52.03472222222222,52.90277777777778,28.555555555555557,-2.5,20.7,6.643750000000001,2.8381944444444445,135.15972222222223,50.34722222222222,50.416666666666664,48.25,44.958333333333336,1900.1270833333333,0.9972222222222222,49.99930555555555,399.4284722222222,397.4659722222222,399.2395833333333,1597.1590277777777,1616.0131944444445,1579.086111111111,2112.1,-6.9,56.15277777777778,0.22916666666666666,13.047916666666667,84.44930555555555,-214.07847222222222,0.0,-286.7,4.047916666666667,1898.1715277777778,2000.0,0.0,82.78055555555555,-650.7152777777778,0.0,-1000.0,73.95763888888888,474.25694444444446,1000.0,0.0,69.02083333333333,68.06944444444444,96.76319444444444,T06,3.0,23.1,13.23125,2.3336805555555555,3.0,23.4,13.299305555555556,2.3665972222222225,23.0,29.0,25.395833333333332,1007.0,1010.0,1008.3333333333334,44.0,74.0,60.53472222222222,0.0,0.0,0.0,0.0,261.72222222222223,263.1666666666667,408.28472222222223,,0
2016-08-12 00:00:00+00:00,1901.4,1538.7,1679.9527777777778,28.484027777777776,81.23611111111111,128.875,132.31944444444446,115.59027777777777,43.138888888888886,57.013888888888886,64.97916666666667,43.375,16.5,13.7,14.890972222222224,34.5,1.1,15.640972222222224,2.7784722222222222,1.0798611111111112,98.25,25.75,0.0,328969.5416666667,47371614.0,0.0,-5195081,90.63888888888889,96.18055555555556,95.48611111111111,48.201388888888886,54.3125,33.63194444444444,52.048611111111114,52.69444444444444,28.0625,-2.5,25.0,10.450694444444444,2.9972222222222222,136.8125,50.451388888888886,50.59722222222222,48.27777777777778,44.895833333333336,1973.7798611111111,1.0,49.99930555555555,399.4486111111111,397.63750000000005,399.6097222222222,1660.9493055555556,1674.6048611111112,1638.013888888889,2110.3,704.7,56.333333333333336,0.2423611111111111,14.994444444444444,44.76458333333333,-216.45972222222224,-165.6,-245.7,3.3958333333333335,1972.4166666666667,2000.0,677.6,42.59583333333333,-612.6145833333334,-583.3,-1000.0,46.36736111111111,431.4006944444444,1000.0,406.1,39.12083333333333,68.64583333333333,97.16319444444444,T06,1.7000000000000002,26.2,14.413888888888888,3.802430555555555,1.7000000000000002,26.0,14.480555555555554,3.860347222222222,23.0,28.0,24.9375,1009.0,1012.0,1010.4166666666666,41.0,71.0,56.80555555555556,0.0,0.0,0.0,0.0,285.4513888888889,286.84722222222223,410.3888888888889,,0
2016-08-13 00:00:00+00:00,1848.3,1518.5,1678.5993055555555,25.408333333333335,79.79166666666667,126.59027777777777,130.125,113.72916666666667,43.611111111111114,56.25,64.48611111111111,42.46527777777778,16.4,13.5,14.877777777777778,33.5,1.6,14.155555555555557,2.527083333333333,-1.7798611111111111,95.52638888888889,25.34027777777778,0.0,323858.5138888889,46635626.0,0.0,-5054873,88.25,93.71527777777777,93.0625,47.729166666666664,53.55555555555556,33.166666666666664,51.270833333333336,51.80555555555556,27.71527777777778,-2.5,22.2,7.8583333333333325,2.9076388888888887,135.23611111111111,49.96527777777778,50.104166666666664,47.84722222222222,44.47222222222222,1943.15625,1.0,49.99861111111111,399.34513888888887,397.53472222222223,399.47569444444446,1635.146527777778,1648.6097222222222,1612.7756944444445,2110.8,675.2,55.458333333333336,0.2138888888888889,13.7,73.65208333333334,-210.61666666666667,-167.0,-239.3,3.5125,1941.2055555555553,2000.0,651.1,71.66805555555555,-636.7805555555556,-583.3,-1000.0,64.6548611111111,458.41319444444446,1000.0,406.1,61.87291666666667,67.8125,97.30763888888889,T06,2.6,23.5,13.40763888888889,2.583263888888889,2.6,23.4,13.466666666666667,2.6213194444444445,22.0,28.0,24.46527777777778,1008.0,1011.0,1009.7083333333334,46.0,73.0,58.833333333333336,0.0,0.0,0.0,0.0,265.2361111111111,266.47222222222223,409.7013888888889,,0
2016-08-14 00:00:00+00:00,1812.5,1330.8,1675.4638888888887,23.898611111111112,80.38888888888889,126.78472222222223,129.84027777777777,113.99305555555556,42.71527777777778,56.270833333333336,64.42361111111111,42.791666666666664,15.9,11.8,14.850694444444445,29.9,0.5,13.145833333333334,2.209722222222222,-0.44652777777777775,93.26111111111112,25.65277777777778,0.0,316152.84027777775,45526009.0,0.0,-5098097,90.34027777777777,95.49305555555556,95.04166666666667,47.666666666666664,54.111111111111114,33.30555555555556,51.625,52.90972222222222,27.78472222222222,-3.0,17.3,6.301388888888889,2.351388888888889,135.27777777777777,49.958333333333336,50.166666666666664,47.84027777777778,44.611111111111114,1896.8736111111111,1.0,49.99930555555555,399.40416666666664,397.54305555555555,399.49652777777777,1596.8395833333334,1610.8055555555557,1574.5965277777777,2106.2,421.1,55.53472222222222,0.2048611111111111,12.853472222222223,55.53888888888889,-212.42222222222222,-165.6,-232.8,2.9944444444444445,1895.7777777777778,2000.0,409.5,54.698611111111106,-648.8861111111112,-583.3,-1000.0,39.64722222222222,481.96527777777777,1000.0,406.1,37.06736111111111,68.39583333333333,93.71180555555556,T06,5.2,20.1,12.899305555555555,1.7787499999999998,5.5,20.5,12.962499999999999,1.8079166666666664,23.0,28.0,24.930555555555557,1007.0,1009.0,1007.9583333333334,53.0,71.0,62.09027777777778,0.0,0.0,0.0,0.0,255.09722222222223,256.36805555555554,407.88194444444446,,0
2016-08-15 00:00:00+00:00,2006.2,0.0,1531.5298611111111,61.860416666666666,62.395833333333336,88.55555555555556,90.98611111111111,82.10416666666667,42.875,53.645833333333336,60.5,37.486111111111114,16.6,0.0,13.5625,26.1,0.6000000000000001,8.711805555555555,1.4652777777777777,-1.7215277777777775,93.68541666666667,25.506944444444443,-50.173611111111114,179575.5,25851647.0,-39.666666666666664,-3751944,72.48611111111111,76.66666666666667,75.50694444444444,42.298611111111114,47.31944444444444,32.520833333333336,45.236111111111114,42.52777777777778,26.770833333333332,-3.0,89.7,0.41388888888888886,1.7694444444444446,115.5625,43.99305555555556,44.0625,42.0,40.49305555555556,1077.1513888888887,0.9500000000000001,50.00069444444445,399.0965277777778,397.16875000000005,397.9861111111111,909.8256944444444,933.2104166666666,906.4006944444444,2106.2,-50.4,46.201388888888886,0.5451388888888888,8.625694444444443,162.47291666666666,-156.31875000000002,399.8,-999.8,14.228472222222223,1082.2159722222223,2000.0,0.0,155.88680555555555,-833.2458333333333,0.0,-1000.0,92.12083333333334,756.89375,1000.0,0.0,102.45833333333333,56.09027777777778,95.40972222222223,T06,1.5,17.8,8.39375,1.2011111111111112,1.1,17.9,8.443750000000001,1.2070138888888888,23.0,28.0,24.70138888888889,1006.0,1010.0,1008.3333333333334,56.0,77.0,68.125,0.0,0.0,0.0,0.0,164.76388888888889,165.66666666666666,408.31944444444446,,0
2016-08-16 00:00:00+00:00,1674.2,0.0,885.838888888889,133.83055555555555,46.40277777777778,53.75694444444444,54.263888888888886,52.02777777777778,41.173611111111114,48.40972222222222,51.28472222222222,37.333333333333336,14.8,0.0,7.779166666666667,15.6,0.4,3.9756944444444446,0.7291666666666666,-1.0479166666666668,125.4659722222222,28.694444444444443,-907.5694444444445,18239.506944444445,2495799.0,-1064.701388888889,-1224605,54.22222222222222,57.270833333333336,54.458333333333336,40.06944444444444,45.84027777777778,36.69444444444444,44.74305555555556,36.388888888888886,30.59027777777778,-3.0,89.7,8.684722222222222,3.8159722222222223,85.92361111111111,40.645833333333336,40.625,38.74305555555556,40.270833333333336,103.99097222222223,0.6916666666666668,50.0,398.6486111111111,397.2006944444445,396.0881944444444,117.23750000000001,131.0,121.01805555555555,973.2,-50.7,43.416666666666664,1.2472222222222222,3.9854166666666666,40.71944444444445,-51.02222222222222,1000.7,-990.9,44.02222222222222,118.0201388888889,982.4,0.0,44.30347222222222,-370.4423611111111,0.0,-1000.0,98.22361111111111,370.4423611111111,1000.0,0.0,98.22361111111111,43.770833333333336,126.52291666666666,T06,0.2,10.0,4.238888888888889,0.49347222222222226,0.2,9.9,4.216666666666667,0.4964583333333333,23.0,34.0,27.65277777777778,1006.0,1009.0,1007.5486111111111,32.0,77.0,56.111111111111114,0.0,0.0,0.0,0.0,81.64583333333333,81.11805555555556,407.52777777777777,,0
2016-08-17 00:00:00+00:00,1689.9,0.0,795.4416666666667,65.65347222222222,43.791666666666664,51.0625,51.826388888888886,49.52777777777778,42.25,47.416666666666664,50.02777777777778,36.09722222222222,14.9,0.0,6.85,20.3,0.4,4.022222222222222,0.6743055555555556,1.0118055555555554,213.63680555555555,27.395833333333332,-690.8819444444445,29275.222222222223,4116145.0,-696.2291666666666,-1250080,54.486111111111114,57.548611111111114,54.520833333333336,38.93055555555556,43.576388888888886,35.68055555555556,42.270833333333336,34.763888888888886,29.72222222222222,-3.3,89.7,10.420833333333333,1.3472222222222223,75.32638888888889,39.59722222222222,39.625,37.791666666666664,38.88194444444444,171.51458333333332,0.7625000000000001,49.99861111111111,398.44097222222223,397.1020833333333,395.60833333333335,166.5701388888889,180.36111111111111,173.54583333333332,1535.0,-49.9,40.88194444444444,0.6048611111111111,4.065277777777777,50.32013888888889,-52.01111111111111,1000.1,-874.2,33.24930555555555,178.95138888888889,1572.3,0.0,50.951388888888886,-398.44097222222223,0.0,-1000.0,59.647222222222226,398.43541666666664,1000.0,0.0,59.71944444444445,41.47222222222222,212.61874999999998,T06,0.3,11.1,4.036111111111111,0.28402777777777777,0.2,11.7,4.0256944444444445,0.28444444444444444,23.0,32.0,26.34027777777778,1006.0,1008.0,1006.9583333333334,21.0,72.0,54.861111111111114,0.0,0.0,0.0,0.0,77.36111111111111,77.18055555555556,406.875,,0
2016-08-18 00:00:00+00:00,1666.5,0.0,616.7409722222222,47.693749999999994,39.49305555555556,45.5625,48.388888888888886,44.28472222222222,41.1875,46.826388888888886,46.854166666666664,33.84027777777778,14.8,0.0,5.338888888888889,17.9,0.4,3.411111111111111,0.6576388888888889,-21.649305555555557,215.05069444444445,25.479166666666668,-737.3680555555555,20280.215277777777,2814168.0,-784.7847222222222,-1023657,50.979166666666664,54.048611111111114,50.94444444444444,37.13194444444444,41.125,35.048611111111114,39.81944444444444,31.25,28.90277777777778,-2.9,89.7,15.197916666666666,1.1541666666666668,67.50694444444444,37.583333333333336,37.583333333333336,35.729166666666664,36.770833333333336,117.2513888888889,0.7652777777777778,50.0,398.3645833333333,397.31180555555557,395.7993055555555,115.71388888888889,126.0965277777778,121.88125000000001,970.2,-50.1,38.02777777777778,0.4041666666666667,3.45625,38.91319444444444,-42.669444444444444,1000.0,-615.4,22.450694444444444,123.29513888888889,988.8,0.0,37.890972222222224,-342.48819444444445,0.0,-1000.0,52.322916666666664,342.48819444444445,1000.0,0.0,52.322916666666664,36.666666666666664,241.70138888888889,T06,0.0,10.9,3.577777777777778,0.22722222222222221,0.0,10.3,3.577777777777778,0.22868055555555555,20.0,29.0,24.118055555555557,1004.0,1008.0,1005.5208333333334,22.0,98.0,71.63194444444444,0.0,0.0,0.0,0.0,68.1875,68.20833333333333,405.4861111111111,,0
2016-08-19 00:00:00+00:00,1675.4,0.0,661.0708333333333,54.46388888888889,38.666666666666664,44.673611111111114,47.020833333333336,43.38194444444444,39.40277777777778,45.770833333333336,47.38194444444444,32.96527777777778,14.9,0.0,5.672222222222222,13.8,0.4,3.7680555555555557,0.6194444444444445,-10.509722222222223,221.23194444444445,24.770833333333332,-738.2777777777778,24483.166666666668,3419267.0,-731.7222222222222,-1101666,49.93055555555556,52.99305555555556,49.8125,36.208333333333336,39.88194444444444,33.69444444444444,38.97222222222222,30.5625,27.6875,-2.9,89.7,13.208333333333334,0.9909722222222221,65.38888888888889,36.701388888888886,36.736111111111114,34.888888888888886,35.74305555555556,142.46666666666667,0.78125,50.0,398.0909722222222,397.2423611111111,395.5465277777778,129.4486111111111,141.34722222222223,136.05,1121.2,-50.1,36.708333333333336,0.5534722222222223,3.797222222222222,38.86736111111111,-45.90694444444445,830.1,-277.5,7.53125,149.4034722222222,1129.9,0.0,39.77847222222223,-366.6590277777778,0.0,-1000.0,32.767361111111114,366.6590277777778,1000.0,0.0,32.767361111111114,36.541666666666664,231.7444444444444,T06,0.3,9.9,3.9305555555555554,0.27631944444444445,0.3,9.6,3.884722222222222,0.29194444444444445,19.0,29.0,23.645833333333332,1004.0,1007.0,1005.9236111111111,35.0,100.0,74.65972222222223,0.0,1.0,0.006944444444444444,0.0,75.29861111111111,74.47222222222223,405.8541666666667,,0
2016-08-20 00:00:00+00:00,1699.7,0.0,657.73125,65.34305555555555,39.986111111111114,47.020833333333336,49.06944444444444,45.611111111111114,41.076388888888886,46.451388888888886,47.354166666666664,35.145833333333336,15.1,0.0,5.667361111111111,20.6,0.4,3.7562499999999996,0.7090277777777778,-1.8763888888888889,243.17777777777778,26.4375,-692.875,32553.11111111111,4587873.0,-687.4861111111111,-1262133,53.97222222222222,57.0,53.854166666666664,38.47222222222222,42.375,34.47222222222222,41.229166666666664,32.00694444444444,28.95138888888889,-3.1,89.7,12.932638888888889,1.386111111111111,68.06944444444444,39.076388888888886,39.104166666666664,37.21527777777778,38.333333333333336,191.14722222222224,0.8006944444444445,49.99930555555555,398.67777777777775,397.4215277777778,395.9006944444444,170.99166666666667,184.95486111111111,176.85972222222222,1676.5,-50.3,39.72222222222222,0.6361111111111112,3.771527777777778,54.83819444444444,-52.60069444444444,1000.8,-672.1,14.481250000000001,197.81875000000002,1703.7,0.0,54.27152777777778,-378.1722222222222,0.0,-1000.0,44.44444444444444,378.09027777777777,1000.0,0.0,45.10138888888889,38.97222222222222,245.05833333333334,T06,0.0,11.1,3.923611111111111,0.3222916666666667,0.0,11.7,3.9090277777777778,0.32104166666666667,21.0,31.0,25.32638888888889,1006.0,1010.0,1008.0138888888889,35.0,98.0,71.65277777777777,0.0,0.0,0.0,0.0,75.14583333333333,74.88194444444444,407.9583333333333,,0
2016-08-21 00:00:00+00:00,1769.2,0.0,702.8499999999999,31.265277777777776,50.125,61.833333333333336,66.15972222222223,58.423611111111114,40.63194444444444,49.03472222222222,51.333333333333336,35.09722222222222,15.6,0.0,6.081944444444444,26.0,0.4,6.534722222222222,1.151388888888889,-6.93125,123.2486111111111,25.92361111111111,-1198.25,91038.01388888889,12936924.0,-1082.6597222222222,-1762891,60.0625,63.291666666666664,60.361111111111114,40.38194444444444,43.4375,34.05555555555556,42.09722222222222,36.69444444444444,28.020833333333332,-3.1,89.7,24.079166666666666,1.2354166666666666,73.47916666666667,41.1875,41.263888888888886,39.326388888888886,39.486111111111114,539.0506944444445,0.807638888888889,50.0,399.2159722222222,397.71805555555557,397.2277777777778,469.28263888888887,478.5673611111111,466.1201388888889,2104.1,-49.3,41.375,0.3048611111111111,6.457638888888889,91.17430555555556,-73.45555555555556,904.1,-631.5,11.321527777777778,835.5798611111111,2000.0,0.0,114.48750000000001,-317.50138888888887,0.0,-1000.0,69.86736111111111,263.71180555555554,1000.0,0.0,77.51180555555555,44.0625,130.1875,T06,0.0,16.9,6.35,0.6793055555555555,0.0,16.9,6.388194444444444,0.686875,19.0,31.0,25.1875,1009.0,1011.0,1010.1736111111111,52.0,100.0,73.84722222222223,0.0,0.0,0.0,0.0,123.77083333333333,124.57638888888889,410.13194444444446,,0
2016-08-22 00:00:00+00:00,1819.4,1229.4,1642.5569444444445,31.510416666666668,76.07638888888889,113.49305555555556,116.04861111111111,103.24305555555556,44.423611111111114,55.86805555555556,63.701388888888886,41.958333333333336,16.1,10.9,14.554861111111112,33.3,1.5,12.92361111111111,2.1375,0.9722222222222222,99.63888888888889,26.895833333333332,0.0,273276.25,39351780.0,0.0,-4673764,82.82638888888889,87.24305555555556,86.16666666666667,47.166666666666664,52.22222222222222,34.4375,50.111111111111114,47.86805555555556,28.791666666666668,-3.2,23.0,5.804166666666666,1.8083333333333331,128.36111111111111,49.208333333333336,49.38194444444444,47.125,44.611111111111114,1639.646527777778,0.9895833333333334,49.99930555555555,399.17291666666665,397.42291666666665,399.10625000000005,1382.326388888889,1396.8527777777776,1363.4104166666666,2104.8,70.3,53.24305555555556,0.26180555555555557,12.430555555555555,101.20208333333333,-194.73958333333334,-90.9,-245.5,3.729861111111111,1638.6840277777778,2000.0,69.7,99.66805555555555,-753.0020833333333,-341.6,-1000.0,48.331944444444446,612.9430555555556,1000.0,341.6,63.18333333333333,65.04861111111111,98.67152777777778,T06,2.3,22.7,12.240277777777777,1.9384027777777777,2.4,23.0,12.315277777777778,1.9678472222222223,24.0,29.0,26.125,1009.0,1012.0,1010.4652777777778,55.0,82.0,68.63888888888889,0.0,0.0,0.0,0.0,241.92361111111111,243.40277777777777,410.375,,0
2016-08-23 00:00:00+00:00,1803.4,1301.7,1677.75,23.125694444444445,81.04861111111111,129.27777777777777,132.67361111111111,116.27083333333333,43.638888888888886,57.0625,65.04861111111111,44.09722222222222,15.8,11.5,14.870833333333334,34.1,2.3,14.055555555555555,2.2534722222222223,0.20486111111111108,94.38819444444444,26.52777777777778,0.0,322974.3263888889,46508303.0,0.0,-4975615,88.29861111111111,93.61111111111111,93.32638888888889,48.854166666666664,54.8125,34.229166666666664,52.645833333333336,51.55555555555556,28.47222222222222,-2.5,21.2,7.538194444444445,2.2055555555555557,136.48611111111111,51.13194444444444,51.36805555555556,48.958333333333336,45.826388888888886,1937.8305555555553,1.0,49.99930555555555,399.7048611111111,397.8694444444444,399.61875,1627.6694444444445,1643.4034722222223,1608.009722222222,2104.4,347.2,57.076388888888886,0.18680555555555556,13.591666666666667,59.986805555555556,-207.31458333333333,-121.5,-247.5,3.8034722222222226,1936.2229166666666,2000.0,336.1,58.10069444444444,-637.6493055555555,-583.3,-1000.0,52.547222222222224,457.54583333333335,1000.0,406.1,47.84583333333333,70.13888888888889,94.20138888888889,T06,2.1,23.0,12.965972222222222,1.5685416666666667,2.0,22.4,13.043055555555556,1.5917361111111112,24.0,29.0,25.92361111111111,1007.0,1011.0,1009.0902777777778,44.0,67.0,55.923611111111114,0.0,0.0,0.0,0.0,256.5138888888889,257.94444444444446,409.0486111111111,,0
2016-08-24 00:00:00+00:00,1831.8,1243.3,1676.5923611111111,23.372916666666665,80.48611111111111,128.44444444444446,131.77777777777777,115.47916666666667,43.541666666666664,56.604166666666664,64.84722222222223,43.53472222222222,16.0,11.0,14.863194444444446,34.2,1.4,13.629166666666666,2.2604166666666665,-0.9847222222222223,94.01527777777778,25.98611111111111,0.0,322439.84722222225,46431338.0,0.0,-5081527,87.60416666666667,92.88888888888889,92.83333333333333,48.55555555555556,54.291666666666664,33.63194444444444,52.145833333333336,50.826388888888886,28.07638888888889,-2.8,19.4,6.898611111111111,2.341666666666667,135.84027777777777,50.81944444444444,50.895833333333336,48.6875,45.354166666666664,1934.6548611111111,1.0,49.99930555555555,399.375,397.3305555555555,399.1986111111111,1626.4833333333333,1645.1020833333334,1607.1319444444443,2104.9,172.8,56.43055555555556,0.19375,13.211111111111112,51.587500000000006,-211.73055555555555,-133.2,-245.9,3.3541666666666665,1933.0361111111113,2000.0,163.8,49.91458333333333,-633.6597222222222,-583.3,-1000.0,49.58819444444444,454.22083333333336,1000.0,406.1,40.456944444444446,69.59722222222223,95.00694444444444,T06,2.4,20.9,12.90763888888889,1.766875,2.5,20.9,12.978472222222223,1.7984722222222222,23.0,36.0,25.28472222222222,1005.0,1008.0,1006.5,43.0,76.0,61.5625,0.0,0.0,0.0,0.0,255.33333333333334,256.6041666666667,406.4861111111111,,0
2016-08-25 00:00:00+00:00,1811.2,1333.1,1677.8743055555556,21.731250000000003,80.11805555555556,129.21527777777777,133.32638888888889,116.16666666666667,43.041666666666664,56.541666666666664,64.76388888888889,43.0625,15.8,11.8,14.874305555555557,28.6,0.7000000000000001,12.981944444444444,2.1805555555555554,-0.8430555555555554,94.9701388888889,25.868055555555557,0.0,323229.27777777775,46545016.0,0.0,-5051667,88.11111111111111,93.95833333333333,93.875,48.208333333333336,54.1875,33.53472222222222,51.81944444444444,49.53472222222222,28.104166666666668,-2.8,19.7,5.625,2.4034722222222222,136.125,50.4375,50.59722222222222,48.326388888888886,44.94444444444444,1939.346527777778,1.0,49.99930555555555,399.73819444444445,397.76874999999995,399.5569444444444,1628.71875,1647.0437499999998,1609.898611111111,2107.5,498.3,56.03472222222222,0.1888888888888889,12.670833333333333,63.54236111111111,-210.4798611111111,-126.6,-236.9,3.3180555555555555,1937.1319444444443,2000.0,481.6,62.013194444444444,-637.0833333333334,-583.3,-1000.0,66.57638888888889,456.12222222222226,1000.0,406.1,54.52361111111111,69.45138888888889,95.82013888888889,T06,6.1,21.1,12.406944444444443,1.735,6.2,20.9,12.479166666666666,1.760486111111111,23.0,29.0,25.166666666666668,1003.0,1006.0,1004.3333333333334,50.0,75.0,64.38194444444444,0.0,0.0,0.0,0.0,245.31944444444446,246.56944444444446,404.28472222222223,,0
2016-08-26 00:00:00+00:00,1789.5,0.0,1441.7194444444444,29.29513888888889,71.86111111111111,107.22916666666667,115.97222222222223,97.88888888888889,43.90277777777778,54.84722222222222,62.18055555555556,40.56944444444444,15.8,0.0,12.743055555555555,27.7,1.5,11.554166666666667,1.929861111111111,-0.08888888888888889,96.57638888888889,26.555555555555557,-569.7222222222222,251473.69444444444,36130172.0,-433.7916666666667,-4265241,78.53472222222223,83.51388888888889,83.04861111111111,45.94444444444444,51.11805555555556,34.020833333333336,48.645833333333336,47.076388888888886,28.354166666666668,-2.7,89.7,13.380555555555555,1.8784722222222223,119.08333333333333,47.763888888888886,47.84027777777778,45.69444444444444,43.53472222222222,1505.4041666666667,0.96875,49.99930555555555,399.6277777777778,397.68333333333334,399.2680555555555,1272.1888888888889,1288.3236111111112,1257.34375,2106.0,-49.6,51.201388888888886,0.23680555555555557,11.39236111111111,132.67361111111111,-177.71458333333334,0.0,-235.0,4.665972222222222,1762.4673611111111,2000.0,96.4,140.24791666666667,-655.7729166666667,0.0,-1000.0,83.64791666666666,515.7916666666666,1000.0,0.0,92.4673611111111,62.40972222222222,96.66527777777777,T06,3.1,21.7,11.238888888888889,1.3921527777777778,2.8,22.0,11.31388888888889,1.412638888888889,23.0,30.0,25.805555555555557,1004.0,1008.0,1005.0763888888889,44.0,76.0,60.861111111111114,0.0,0.0,0.0,0.0,221.83333333333334,223.3125,405.0486111111111,,0
2016-08-27 00:00:00+00:00,1706.8,83.3,1475.7763888888887,65.81944444444444,58.02777777777778,74.61805555555556,76.38888888888889,71.17361111111111,42.0,52.63194444444444,59.09722222222222,38.333333333333336,15.1,0.0,13.070138888888888,22.4,0.5,7.218055555555556,1.0569444444444445,-1.1791666666666667,94.7173611111111,28.02777777777778,-133.38888888888889,119020.375,17119727.0,-97.99305555555556,-3352567,69.68055555555556,72.21527777777777,70.48611111111111,42.048611111111114,47.22222222222222,35.0625,45.375,38.513888888888886,29.416666666666668,-3.2,62.3,-1.1784722222222224,0.7673611111111112,108.54166666666667,43.458333333333336,43.52777777777778,41.513888888888886,41.361111111111114,713.3097222222223,0.9513888888888888,50.0,398.5548611111111,396.64652777777775,397.3805555555556,607.1854166666667,628.4791666666666,604.3819444444445,2001.7,-48.7,45.020833333333336,0.5833333333333334,7.186805555555556,124.76736111111111,-139.68819444444443,677.2,-204.8,7.791666666666667,715.411111111111,2000.0,0.0,125.7486111111111,-924.936111111111,0.0,-1000.0,20.913888888888888,918.2284722222222,1000.0,0.0,32.84722222222222,52.9375,95.88611111111112,T06,1.2,12.5,7.3500000000000005,0.6267361111111112,1.4,12.3,7.415277777777778,0.6324305555555556,24.0,32.0,27.32638888888889,1007.0,1010.0,1008.2430555555555,42.0,77.0,57.791666666666664,0.0,0.0,0.0,0.0,143.88888888888889,145.13888888888889,408.1666666666667,,0
2016-08-28 00:00:00+00:00,1679.3,0.0,800.2791666666667,55.204861111111114,46.826388888888886,54.38194444444444,57.36805555555556,52.72222222222222,42.625,49.06944444444444,51.361111111111114,37.0,14.9,0.0,6.954861111111111,14.1,0.4,3.9479166666666665,0.6375000000000001,6.709722222222222,165.5513888888889,28.6875,-991.6111111111111,29675.708333333332,4130509.0,-1052.8333333333333,-1079479,57.541666666666664,60.416666666666664,57.53472222222222,39.520833333333336,44.826388888888886,37.25,43.013888888888886,36.34027777777778,31.15277777777778,-3.2,89.7,10.413194444444445,1.292361111111111,79.8125,40.145833333333336,40.11805555555556,38.31944444444444,39.53472222222222,172.08749999999998,0.7375,49.99930555555555,398.70624999999995,397.19930555555555,395.51458333333335,167.30833333333334,183.77291666666667,176.93402777777777,1284.8,-50.2,41.611111111111114,0.5347222222222222,3.96875,35.581944444444446,-45.00555555555556,1000.2,-853.8,31.170833333333334,181.78333333333333,1298.7,0.0,36.486805555555556,-390.98819444444445,0.0,-1000.0,66.23124999999999,390.98819444444445,1000.0,0.0,66.23124999999999,44.36805555555556,166.32847222222222,T06,0.0,9.4,3.997916666666667,0.23159722222222223,0.0,9.5,4.013194444444444,0.23416666666666666,23.0,33.0,27.71527777777778,1009.0,1012.0,1010.3333333333334,39.0,78.0,57.229166666666664,0.0,0.0,0.0,0.0,76.69444444444444,77.06944444444444,410.25,,0
2016-08-29 00:00:00+00:00,1546.6,0.0,566.0743055555555,37.13402777777778,42.40972222222222,47.326388888888886,52.31944444444444,46.13194444444444,44.125,47.3125,47.47222222222222,36.8125,13.7,0.0,4.879861111111111,11.4,0.4,2.9722222222222223,0.4965277777777778,13.474305555555556,229.13194444444446,28.805555555555557,-877.9861111111111,11962.1875,1596124.0,-1062.388888888889,-871761,53.47222222222222,56.65972222222222,52.833333333333336,39.99305555555556,44.3125,36.548611111111114,42.44444444444444,35.548611111111114,30.67361111111111,-2.5,89.7,14.182638888888889,0.9284722222222221,67.52777777777777,40.40277777777778,40.416666666666664,38.53472222222222,40.166666666666664,66.51319444444444,0.6770833333333335,50.00208333333333,398.08124999999995,397.0451388888889,394.5861111111111,77.93055555555556,89.56944444444444,86.375,667.8,-50.3,40.729166666666664,0.34652777777777777,3.072222222222222,28.243055555555557,-36.34861111111111,715.6,-971.7,31.44166666666667,73.55486111111111,688.3,0.0,26.773611111111112,-265.3381944444444,0.0,-1000.0,69.45069444444444,265.3381944444444,1000.0,0.0,69.45069444444444,41.02777777777778,288.1409722222222,T06,0.0,9.0,3.3499999999999996,0.1938888888888889,0.3,8.7,3.3375000000000004,0.19555555555555557,24.0,34.0,27.95138888888889,1008.0,1012.0,1010.3055555555555,22.0,71.0,48.104166666666664,0.0,0.0,0.0,0.0,63.61805555555556,63.451388888888886,410.28472222222223,,0
2016-08-30 00:00:00+00:00,1378.0,0.0,185.51388888888889,54.86805555555556,32.791666666666664,35.125,39.916666666666664,34.583333333333336,39.47222222222222,43.25,41.666666666666664,31.51388888888889,12.2,0.0,1.5041666666666667,9.0,0.4,2.2972222222222225,0.4138888888888889,-42.0,184.10833333333332,23.166666666666668,-1301.7777777777778,421.72222222222223,-63364.0,-1461.6527777777778,-105534,46.15277777777778,48.52777777777778,45.125,35.81944444444444,38.0,31.23611111111111,36.56944444444444,28.73611111111111,24.944444444444443,-2.3,90.0,25.677777777777777,1.9402777777777775,42.52777777777778,36.013888888888886,36.02777777777778,34.125,35.625,-5.355555555555556,0.6430555555555556,50.00277777777777,397.9861111111111,397.15416666666664,394.1388888888889,15.86111111111111,19.46388888888889,18.811111111111114,169.3,-44.0,34.27777777777778,0.5666666666666667,2.2958333333333334,6.769444444444444,-8.8625,832.8,-492.1,17.30972222222222,9.011111111111111,204.3,0.0,7.347222222222222,-12.604166666666666,0.0,-838.6,16.504166666666666,12.604166666666666,838.6,0.0,16.504166666666666,32.02777777777778,226.0986111111111,T06,0.0,9.5,4.179861111111111,0.265,0.0,9.7,3.9777777777777774,0.3348611111111111,20.0,29.0,23.90972222222222,1008.0,1011.0,1009.3333333333334,39.0,100.0,73.66666666666667,0.0,0.0,0.0,0.0,80.34722222222223,76.27083333333333,409.2638888888889,,0
2016-08-31 00:00:00+00:00,1585.1,0.0,558.9880597014925,72.2179104477612,36.04477611940298,42.865671641791046,47.17910447761194,41.80597014925373,36.83582089552239,40.17910447761194,42.134328358208954,30.253731343283583,14.1,0.0,4.755223880597015,10.3,0.4,3.094029850746269,0.5268656716417911,7.119402985074626,174.51641791044776,21.776119402985074,-705.179104477612,5334.701492537313,310181.0,-665.1343283582089,-314944,39.40298507462686,41.134328358208954,38.73134328358209,36.343283582089555,36.88059701492537,29.567164179104477,36.26865671641791,27.432835820895523,23.492537313432837,-2.4,90.0,17.992537313432837,2.4208955223880597,53.23880597014925,36.74626865671642,36.76119402985075,34.91044776119403,35.95522388059702,27.882089552238806,0.7134328358208956,49.9955223880597,398.17910447761193,396.9537313432836,395.15671641791045,40.82089552238806,48.755223880597015,42.5089552238806,664.8,-50.4,34.3134328358209,0.6582089552238806,3.1149253731343283,26.83283582089552,-28.067164179104477,999.9,-357.0,20.728358208955225,38.8134328358209,682.5,0.0,27.235820895522387,-143.04925373134327,0.0,-1000.0,94.72388059701493,143.04925373134327,1000.0,0.0,94.72388059701493,35.492537313432834,156.65970149253732,T06,0.9,10.6,4.188888888888889,0.47923611111111114,0.9,9.5,3.998611111111111,0.555625,19.0,27.0,22.166666666666668,1009.0,1012.0,1010.0416666666666,50.0,100.0,76.78472222222223,0.0,0.0,0.0,0.0,80.50694444444444,76.65972222222223,409.9861111111111,,0
2016-09-01 00:00:00+00:00,1801.2,0.0,1358.3381944444445,41.16388888888889,63.576388888888886,86.95833333333333,90.11111111111111,80.63888888888889,40.625,53.763888888888886,59.80555555555556,37.84722222222222,15.8,0.0,12.005555555555555,28.6,1.5,10.167361111111111,1.5569444444444445,-1.6194444444444445,94.84722222222223,26.59722222222222,-561.875,188439.52777777778,27054381.0,-434.7291666666667,-3514947,69.91666666666667,72.95833333333333,71.52083333333333,43.63194444444444,47.99305555555556,34.708333333333336,46.458333333333336,42.736111111111114,28.381944444444443,-3.3,86.2,13.797222222222222,1.6430555555555555,106.77777777777777,45.21527777777778,45.27777777777778,43.24305555555556,41.9375,1127.295138888889,0.9555555555555555,49.99930555555555,399.25138888888887,397.5173611111111,398.31111111111113,952.5173611111111,970.8270833333333,948.5590277777778,2107.4,-52.9,47.798611111111114,0.3458333333333334,9.95,96.10347222222222,-146.46041666666667,755.7,-337.7,6.359027777777778,1396.2472222222223,2000.0,0.0,126.5326388888889,-689.2465277777778,0.0,-1000.0,58.15625,604.4749999999999,1000.0,0.0,52.45902777777778,54.75694444444444,96.46458333333334,T06,3.2,18.8,10.064583333333333,0.8946527777777779,3.4,18.8,10.129861111111111,0.9195138888888889,23.0,29.0,25.604166666666668,1009.0,1012.0,1010.3472222222222,53.0,85.0,69.71527777777777,0.0,0.0,0.0,0.0,198.20833333333334,199.58333333333334,410.31944444444446,,0
2016-09-02 00:00:00+00:00,1773.1,76.8,1580.80625,41.482638888888886,66.43055555555556,92.80555555555556,95.65972222222223,86.4375,41.854166666666664,54.083333333333336,61.486111111111114,38.916666666666664,15.6,0.0,13.99861111111111,22.6,1.0,8.797916666666667,1.345138888888889,0.8527777777777779,98.25208333333333,27.20138888888889,-16.416666666666668,192031.58333333334,27650184.0,-10.743055555555555,-3893475,72.36805555555556,76.09722222222223,75.09027777777777,43.951388888888886,49.451388888888886,34.458333333333336,46.75,43.875,28.944444444444443,-3.2,76.8,-1.2180555555555557,0.8305555555555556,118.01388888888889,45.638888888888886,45.701388888888886,43.61805555555556,42.236111111111114,1152.0583333333334,0.9833333333333333,50.00069444444445,398.6298611111111,396.8986111111111,397.99375,972.845138888889,990.9006944444445,962.529861111111,2104.1,-46.6,47.861111111111114,0.3604166666666667,8.650694444444445,167.23055555555555,-162.22083333333333,8.6,-218.9,5.78125,1150.9569444444444,2000.0,0.0,166.15972222222223,-931.563888888889,0.0,-1000.0,68.58333333333333,851.5402777777778,1000.0,0.0,91.20833333333333,59.53472222222222,97.39513888888888,T06,1.5,15.3,8.280555555555557,1.0815972222222223,1.7000000000000002,15.2,8.34513888888889,1.0909722222222222,24.0,31.0,26.25,1009.0,1012.0,1010.3402777777778,47.0,78.0,65.49305555555556,0.0,0.0,0.0,0.0,162.50694444444446,163.88194444444446,410.3263888888889,,0
2016-09-03 00:00:00+00:00,1788.8,0.0,1225.5569444444445,39.97152777777777,59.6875,79.65277777777777,89.81944444444444,74.61111111111111,42.72222222222222,54.354166666666664,59.21527777777778,38.40277777777778,15.8,0.0,10.810416666666667,26.2,1.0,10.344444444444443,1.5541666666666667,-0.3555555555555555,94.83263888888888,27.805555555555557,-788.9444444444445,147000.24305555556,21054426.0,-619.3611111111111,-2935554,71.52083333333333,74.90277777777777,73.375,43.36805555555556,47.90972222222222,34.451388888888886,45.90972222222222,41.451388888888886,28.944444444444443,-3.1,89.7,19.074305555555554,1.2416666666666667,102.53472222222223,44.72222222222222,44.791666666666664,42.798611111111114,42.229166666666664,877.2486111111111,0.9159722222222223,50.0,399.4736111111111,397.45624999999995,398.2444444444444,747.1576388888889,766.0909722222223,743.2125000000001,2102.7,-50.7,46.458333333333336,0.33055555555555555,10.195138888888888,90.4375,-122.31597222222223,17.0,-233.9,6.425694444444444,1311.0666666666666,2000.0,0.0,88.32013888888889,-656.6902777777777,0.0,-1000.0,38.58680555555556,599.3444444444444,1000.0,0.0,45.00763888888889,53.708333333333336,95.19305555555555,T06,1.9,20.2,9.986805555555556,0.8997916666666667,2.0,20.4,10.070833333333333,0.9254861111111112,24.0,31.0,26.90277777777778,1007.0,1011.0,1009.2222222222222,37.0,77.0,56.84722222222222,0.0,0.0,0.0,0.0,196.875,198.38888888888889,409.1875,,0
2016-09-04 00:00:00+00:00,1746.9,0.0,1042.0465277777778,50.93958333333333,60.951388888888886,77.64583333333333,91.18055555555556,73.3125,44.298611111111114,54.49305555555556,58.208333333333336,40.03472222222222,15.4,0.0,9.189583333333333,22.9,1.4,8.479166666666666,1.2645833333333334,-0.8465277777777778,95.85138888888889,30.625,-1226.048611111111,119483.88194444444,17029130.0,-988.1944444444445,-2497415,68.96527777777777,72.38888888888889,71.02777777777777,44.03472222222222,49.388888888888886,37.59027777777778,46.986111111111114,44.02777777777778,31.96527777777778,-3.2,89.7,27.311111111111114,1.898611111111111,97.67361111111111,45.076388888888886,45.11805555555556,43.09722222222222,43.31944444444444,709.5319444444444,0.8993055555555556,49.99930555555555,399.48749999999995,397.59513888888887,398.05902777777777,609.5666666666667,627.4923611111111,608.182638888889,2104.8,-48.7,47.11805555555556,0.4305555555555556,8.389583333333333,111.21319444444445,-104.06319444444445,12.6,-210.4,6.859027777777778,1071.8395833333334,2000.0,23.8,178.29861111111111,-613.3534722222222,200.0,-1000.0,60.72291666666667,560.9027777777778,1000.0,-200.0,71.49027777777778,55.09027777777778,96.69861111111112,T06,1.6,14.2,8.265972222222222,0.8015277777777778,1.8,14.4,8.325,0.809375,25.0,36.0,29.90972222222222,1009.0,1011.0,1009.8819444444445,21.0,59.0,37.833333333333336,0.0,0.0,0.0,0.0,162.14583333333334,163.47916666666666,409.84027777777777,,0
2016-09-05 00:00:00+00:00,1697.0,0.0,1173.009722222222,51.47638888888889,59.076388888888886,69.38888888888889,71.79861111111111,66.875,44.541666666666664,53.041666666666664,58.013888888888886,42.40972222222222,15.0,0.0,10.369444444444445,18.2,0.5,6.444444444444445,0.9458333333333334,-0.36805555555555564,95.89236111111111,34.25694444444444,-800.6736111111111,71318.95138888889,10154634.0,-855.5833333333334,-2447101,68.86805555555556,71.41666666666667,69.01388888888889,44.326388888888886,50.47222222222222,40.75,48.5625,43.986111111111114,35.0625,-3.3,89.7,14.144444444444444,0.901388888888889,98.79861111111111,45.40972222222222,45.43055555555556,43.548611111111114,44.55555555555556,423.0736111111111,0.8541666666666666,49.99930555555555,397.88194444444446,396.3902777777778,395.7298611111111,376.75694444444446,399.36319444444445,385.5784722222222,1869.9,-50.2,47.673611111111114,0.4375,6.404166666666667,77.0638888888889,-101.95416666666667,824.4,-987.0,29.87569444444445,516.9888888888888,1892.5,0.0,110.78680555555555,-701.4395833333333,0.0,-1000.0,51.235416666666666,698.1500000000001,1000.0,0.0,55.15763888888889,54.388888888888886,96.2513888888889,T06,0.7000000000000001,12.2,6.676388888888889,0.5621527777777778,0.6000000000000001,12.5,6.719444444444445,0.5671527777777778,28.0,40.0,33.486111111111114,1008.0,1011.0,1009.8541666666666,13.0,31.0,20.555555555555557,0.0,0.0,0.0,0.0,130.40972222222223,131.09722222222223,409.78472222222223,,0
2016-09-06 00:00:00+00:00,1504.2,0.0,503.32380952380953,87.28412698412698,45.96031746031746,49.25396825396825,53.63492063492063,48.26984126984127,45.26984126984127,48.08730158730159,48.611111111111114,39.22222222222222,13.3,0.0,4.277777777777778,12.4,0.4,2.903174603174603,0.557936507936508,-12.453968253968254,198.34841269841272,31.793650793650794,-1556.563492063492,3116.6031746031745,196564.0,-1686.611111111111,-396019,56.42857142857143,59.06349206349206,55.65873015873016,41.84126984126984,46.96031746031746,40.13492063492063,44.992063492063494,38.682539682539684,34.57142857142857,-2.8,90.0,18.686507936507937,2.9023809523809523,66.57142857142857,42.23809523809524,42.22222222222222,40.34126984126984,42.61904761904762,9.29047619047619,0.6444444444444445,50.0015873015873,398.7547619047619,397.71190476190475,395.5261904761905,39.046031746031744,44.916666666666664,42.49920634920635,510.0,-50.5,43.32539682539682,0.838095238095238,2.86984126984127,19.333333333333332,-18.92063492063492,999.1,-763.8,33.18571428571428,26.819047619047616,515.6,0.0,21.543650793650794,-91.00396825396825,0.0,-1000.0,70.93968253968254,91.00396825396825,1000.0,0.0,70.93968253968254,43.6031746031746,205.0873015873016,T06,0.0,10.2,3.1618055555555555,0.24333333333333332,0.0,9.7,3.1187500000000004,0.26993055555555556,26.0,37.0,31.743055555555557,1007.0,1010.0,1008.3263888888889,17.0,49.0,30.15972222222222,0.0,0.0,0.0,0.0,59.826388888888886,59.041666666666664,408.24305555555554,,0
2016-09-07 00:00:00+00:00,1602.3,0.0,567.4118055555556,84.01736111111111,40.68055555555556,44.36805555555556,45.854166666666664,43.34027777777778,43.99305555555556,45.263888888888886,46.47222222222222,35.138888888888886,14.2,0.0,4.894444444444444,13.7,0.4,3.0520833333333335,0.55625,-8.384027777777778,217.61597222222224,26.9375,-1017.4722222222222,8346.645833333334,1055402.0,-1176.2916666666667,-607109,52.020833333333336,55.083333333333336,51.43055555555556,38.0625,42.97222222222222,36.861111111111114,41.111111111111114,34.048611111111114,30.930555555555557,-2.7,89.7,15.025694444444444,2.267361111111111,62.44444444444444,38.46527777777778,38.479166666666664,36.625,38.11805555555556,43.981944444444444,0.6569444444444446,49.99930555555555,398.46527777777777,397.4909722222222,395.4138888888889,62.18680555555555,70.0326388888889,67.54930555555556,756.9,-50.1,39.423611111111114,0.7993055555555555,3.064583333333333,25.191666666666666,-25.29513888888889,960.5,-702.1,36.90694444444445,56.672222222222224,773.1,0.0,27.48888888888889,-190.34166666666667,0.0,-1000.0,68.38055555555555,190.34166666666667,1000.0,0.0,68.38055555555555,38.65972222222222,243.5,T06,0.0,9.0,3.586111111111111,0.23055555555555557,0.0,9.1,3.542361111111111,0.2511111111111111,22.0,30.0,26.04861111111111,1007.0,1009.0,1007.5347222222222,31.0,96.0,62.5,0.0,0.0,0.0,0.0,68.31944444444444,67.46527777777777,407.4861111111111,,0
2016-09-08 00:00:00+00:00,1669.2,0.0,824.0291666666667,100.13749999999999,41.3125,48.229166666666664,49.40277777777778,46.75694444444444,39.59027777777778,45.90277777777778,48.763888888888886,32.1875,14.8,0.0,7.175694444444444,15.9,0.4,3.9625000000000004,0.6875,-1.3888888888888888,235.0090277777778,23.993055555555557,-726.9652777777778,21583.277777777777,3003306.0,-770.1458333333334,-1068680,49.0625,52.125,49.09027777777778,37.06944444444444,40.666666666666664,33.4375,39.520833333333336,30.82638888888889,27.395833333333332,-2.9,61.7,9.938194444444443,2.1569444444444446,74.15972222222223,37.666666666666664,37.68055555555556,35.80555555555556,36.68055555555556,125.13680555555555,0.7375,50.0,398.47569444444446,397.3284722222222,396.2076388888889,128.03541666666666,138.64027777777778,133.30624999999998,1126.5,-50.1,37.78472222222222,0.9340277777777778,3.9819444444444443,48.15138888888889,-44.543055555555554,1000.4,-716.0,40.93611111111111,134.96249999999998,1145.5,0.0,49.99305555555556,-381.4597222222222,0.0,-1000.0,72.40069444444444,381.4597222222222,1000.0,0.0,72.40069444444444,37.68055555555556,236.39930555555554,T06,0.9,9.4,4.245833333333334,0.32409722222222226,0.8,9.6,4.274305555555555,0.3359722222222222,20.0,26.0,22.680555555555557,1008.0,1010.0,1008.5694444444445,58.0,95.0,80.84027777777777,0.0,0.0,0.0,0.0,81.66666666666667,82.27777777777777,408.5486111111111,,0
2016-09-09 00:00:00+00:00,1631.8,0.0,705.5152777777778,46.29375,38.541666666666664,44.611111111111114,46.88194444444444,43.28472222222222,38.611111111111114,44.65277777777778,46.111111111111114,31.90972222222222,14.4,0.0,6.1090277777777775,15.3,0.4,3.3666666666666667,0.6166666666666667,-0.8013888888888892,238.5736111111111,23.805555555555557,-591.2986111111111,14151.638888888889,1952686.0,-615.0763888888889,-970525,48.104166666666664,51.145833333333336,47.888888888888886,36.56944444444444,40.013888888888886,32.548611111111114,38.986111111111114,29.993055555555557,26.57638888888889,-3.1,89.7,11.277083333333334,1.3458333333333334,69.08333333333333,37.05555555555556,37.041666666666664,35.138888888888886,36.0,81.36944444444445,0.7354166666666667,50.0,398.3069444444444,397.14166666666665,396.19722222222225,85.50902777777777,95.08680555555556,88.48333333333333,647.2,-50.9,36.888888888888886,0.4527777777777778,3.3993055555555554,38.46736111111111,-40.42916666666667,1000.2,-600.4,20.367361111111112,87.87222222222222,660.4,0.0,37.30138888888889,-337.7263888888889,0.0,-1000.0,104.19722222222222,337.7263888888889,1000.0,0.0,104.19722222222222,35.638888888888886,241.88888888888889,T06,0.3,8.4,3.504166666666667,0.2575,0.3,8.5,3.4965277777777777,0.25916666666666666,20.0,27.0,22.666666666666668,1008.0,1010.0,1008.9097222222222,26.0,96.0,62.6875,0.0,0.0,0.0,0.0,66.75,66.58333333333333,408.8888888888889,,0
2016-09-10 00:00:00+00:00,1655.4,0.0,628.9006944444444,64.69236111111111,38.479166666666664,44.40972222222222,46.708333333333336,43.111111111111114,38.3125,44.34027777777778,45.576388888888886,31.34027777777778,14.7,0.0,5.418055555555556,19.5,0.4,3.4388888888888887,0.6361111111111112,-12.838194444444444,220.29583333333332,23.256944444444443,-764.4305555555555,16220.083333333334,2225612.0,-814.0902777777778,-851164,47.736111111111114,50.90277777777778,47.65277777777778,35.96527777777778,39.673611111111114,32.645833333333336,38.56944444444444,29.47222222222222,26.65277777777778,-2.9,66.7,13.252083333333333,1.3305555555555555,67.04861111111111,36.47222222222222,36.47222222222222,34.61805555555556,35.486111111111114,92.70763888888888,0.7173611111111112,50.0,398.51458333333335,397.0965277777778,396.01180555555555,98.54097222222222,107.14305555555556,101.16666666666667,1125.8,-50.0,36.30555555555556,0.5694444444444444,3.476388888888889,35.28958333333333,-35.47777777777778,999.8,-788.4,27.12847222222222,101.4125,1139.0,0.0,35.425694444444446,-292.06944444444446,0.0,-1000.0,56.83472222222222,292.06944444444446,1000.0,0.0,56.83472222222222,35.40972222222222,230.63472222222222,T06,0.4,10.4,3.8659722222222226,0.21284722222222222,0.4,10.6,3.8659722222222226,0.2204861111111111,19.0,26.0,22.256944444444443,1007.0,1010.0,1008.5208333333334,48.0,99.0,75.27083333333333,0.0,0.0,0.0,0.0,74.09722222222223,73.97916666666667,408.40277777777777,,0
2016-09-11 00:00:00+00:00,1705.5,0.0,964.8215277777776,57.73055555555556,44.05555555555556,52.673611111111114,54.166666666666664,50.88194444444444,38.43055555555556,47.611111111111114,51.076388888888886,33.013888888888886,15.1,0.0,8.395833333333334,22.0,0.5,4.996527777777778,0.8013888888888889,-4.163194444444445,117.25347222222223,25.194444444444443,-464.75,56520.243055555555,8071990.0,-508.18055555555554,-1837926,53.90972222222222,57.041666666666664,53.770833333333336,37.6875,40.638888888888886,33.90972222222222,39.11805555555556,33.125,27.9375,-3.2,89.7,8.288888888888888,1.0104166666666667,75.72222222222223,38.59027777777778,38.611111111111114,36.71527777777778,36.958333333333336,336.38680555555555,0.8069444444444445,49.99930555555555,398.6097222222222,396.8694444444444,396.40833333333336,298.4430555555556,312.20624999999995,299.12152777777777,2098.2,-50.5,37.28472222222222,0.525,5.004166666666666,83.79097222222222,-76.51875000000001,1000.3,-704.9,20.622916666666665,341.90486111111113,2000.0,0.0,84.98194444444444,-540.0645833333333,0.0,-1000.0,49.88055555555556,535.3805555555556,1000.0,0.0,53.68472222222222,40.979166666666664,121.42083333333332,T06,0.7000000000000001,12.0,4.734722222222222,0.6710416666666666,0.7000000000000001,12.3,4.745138888888889,0.6909722222222222,19.0,30.0,24.47222222222222,1005.0,1009.0,1007.1458333333334,40.0,97.0,70.875,0.0,0.0,0.0,0.0,91.50694444444444,91.65277777777777,407.1111111111111,,0
2016-09-12 00:00:00+00:00,1710.7,167.2,1438.2652777777778,62.15625,54.78472222222222,70.63194444444444,71.86111111111111,67.07638888888889,40.145833333333336,52.645833333333336,58.145833333333336,36.0,15.1,1.7000000000000002,12.740972222222222,20.1,0.5,6.713888888888889,1.15625,0.6243055555555556,133.63194444444446,26.23611111111111,-66.61805555555556,100451.375,14455406.0,-51.97222222222222,-3137537,67.25,69.89583333333333,67.30555555555556,40.78472222222222,45.513888888888886,34.34722222222222,43.458333333333336,38.40972222222222,28.53472222222222,-3.3,58.9,-1.4465277777777779,0.68125,107.96527777777777,42.041666666666664,42.0625,40.083333333333336,39.875,602.3104166666667,0.9187500000000001,49.99930555555555,398.3930555555555,396.65763888888887,397.0854166666667,517.504861111111,536.9993055555556,514.9312500000001,2098.2,-50.3,42.875,0.54375,6.68125,162.32222222222222,-130.7201388888889,571.8,-783.6,13.069444444444445,603.4597222222222,2000.0,0.0,162.08194444444445,-886.0152777777778,0.0,-1000.0,93.21041666666666,873.0680555555556,1000.0,0.0,110.63611111111112,51.13194444444444,133.00555555555556,T06,0.8,13.3,6.877083333333333,1.1606944444444445,0.9,13.3,6.902777777777778,1.219513888888889,21.0,30.0,25.270833333333332,1004.0,1009.0,1005.6180555555555,54.0,94.0,73.55555555555556,0.0,0.0,0.0,0.0,134.375,134.91666666666666,405.5625,,0
2016-09-13 00:00:00+00:00,1764.0,0.0,1259.18125,72.68819444444445,48.65972222222222,63.47222222222222,65.0,60.111111111111114,38.291666666666664,48.666666666666664,53.40277777777778,32.77777777777778,15.6,0.0,11.156944444444443,29.5,0.5,5.641666666666667,1.0097222222222222,0.06180555555555556,236.04791666666668,22.5,-331.00694444444446,71990.47916666667,10318960.0,-327.31944444444446,-2445703,55.61805555555556,58.69444444444444,56.31944444444444,39.666666666666664,43.0625,31.243055555555557,41.645833333333336,32.80555555555556,24.270833333333332,-3.2,89.7,1.9173611111111108,2.15625,101.46527777777777,40.69444444444444,40.72222222222222,38.75,38.75,429.9513888888889,0.8159722222222222,50.00069444444445,398.70694444444445,396.8590277777778,396.72222222222223,378.15625,396.46805555555557,378.37430555555557,2104.4,-50.4,41.111111111111114,0.6479166666666667,5.665277777777778,105.66041666666666,-101.90416666666667,956.9,-730.4,19.4625,434.1763888888889,2000.0,0.0,105.43333333333334,-612.0541666666667,0.0,-1000.0,142.76319444444445,589.5965277777777,1000.0,0.0,150.74374999999998,44.833333333333336,235.97847222222222,T06,1.6,16.0,6.483333333333333,0.6876388888888889,1.6,16.5,6.530555555555555,0.69875,19.0,24.0,21.506944444444443,1007.0,1010.0,1008.2777777777778,70.0,97.0,80.59027777777777,0.0,12.0,0.2222222222222222,0.0,126.59027777777777,127.53472222222223,408.2083333333333,,0
2016-09-14 00:00:00+00:00,1744.1,0.0,1215.2159722222223,85.64097222222222,45.05555555555556,57.61805555555556,59.25694444444444,55.02777777777778,35.03472222222222,47.75,52.40277777777778,30.65972222222222,15.4,0.0,10.7625,19.7,0.4,5.340277777777778,0.9673611111111112,0.43611111111111106,304.92291666666665,20.26388888888889,-330.84722222222223,61916.180555555555,8868287.0,-369.71527777777777,-2352113,53.69444444444444,56.5625,53.15972222222222,38.84027777777778,41.451388888888886,29.868055555555557,40.3125,29.32638888888889,22.916666666666668,-3.2,89.7,2.7229166666666664,1.9604166666666667,95.76388888888889,39.833333333333336,39.854166666666664,37.90972222222222,37.986111111111114,369.5048611111111,0.8006944444444445,50.0,398.50694444444446,396.4923611111111,396.56666666666666,327.87916666666666,344.7763888888889,325.50694444444446,2102.8,-50.4,39.5625,0.7638888888888888,5.452083333333333,113.84166666666667,-97.99791666666667,1000.5,-323.0,16.811111111111114,375.0569444444444,2000.0,0.0,114.66250000000001,-620.1194444444444,0.0,-1000.0,92.66666666666667,614.026388888889,1000.0,0.0,102.21388888888889,41.666666666666664,304.4819444444445,T06,0.4,16.7,6.334027777777778,0.5891666666666667,0.5,17.4,6.280555555555555,0.5834027777777778,15.0,22.0,19.270833333333332,1009.0,1012.0,1010.3055555555555,37.0,78.0,62.020833333333336,0.0,0.0,0.0,0.0,123.5625,122.51388888888889,410.2291666666667,,0
2016-09-15 00:00:00+00:00,1698.2,0.0,713.182638888889,75.40069444444445,37.229166666666664,44.270833333333336,45.88194444444444,42.875,34.68055555555556,44.333333333333336,46.4375,29.25,15.1,0.0,6.220833333333333,19.0,0.4,3.9145833333333337,0.7618055555555556,4.731249999999999,268.4125,20.3125,-681.5486111111111,32396.756944444445,4566987.0,-694.8958333333334,-1308619,47.923611111111114,51.02777777777778,47.43055555555556,35.111111111111114,38.048611111111114,29.34722222222222,37.27777777777778,26.895833333333332,22.92361111111111,-3.2,89.7,12.932638888888889,1.3312499999999998,65.86111111111111,35.666666666666664,35.673611111111114,33.96527777777778,34.25,190.25555555555556,0.7631944444444445,50.00069444444445,398.49861111111113,397.1458333333333,396.15763888888887,173.59861111111113,183.61527777777778,175.52569444444444,1754.3,-50.2,34.791666666666664,0.6972222222222223,3.9749999999999996,69.59791666666666,-54.525000000000006,1000.3,-570.8,13.431944444444445,198.10208333333333,1811.6,0.0,70.9625,-352.57916666666665,0.0,-1000.0,52.53680555555556,352.4868055555555,1000.0,0.0,53.1125,34.986111111111114,301.18958333333336,T06,0.0,12.2,4.647222222222222,0.48972222222222217,0.3,11.9,4.610416666666667,0.48430555555555554,15.0,23.0,19.22222222222222,1009.0,1012.0,1010.6388888888889,39.0,75.0,59.3125,0.0,0.0,0.0,0.0,89.71527777777777,88.90972222222223,410.5486111111111,,0
2016-09-16 00:00:00+00:00,1669.0,0.0,515.4569444444445,92.85,35.75,41.236111111111114,42.208333333333336,40.25694444444444,37.69444444444444,43.201388888888886,43.52777777777778,31.15277777777778,14.8,0.0,4.402777777777778,17.7,0.4,2.9604166666666667,0.6222222222222222,-20.05763888888889,164.61944444444444,23.180555555555557,-778.8402777777778,10634.208333333334,1419174.0,-812.7916666666666,-700462,47.125,50.173611111111114,46.798611111111114,35.201388888888886,38.5625,31.54861111111111,37.604166666666664,27.92361111111111,25.13888888888889,-3.1,89.7,15.327777777777776,2.5131944444444443,56.86805555555556,35.576388888888886,35.59027777777778,33.770833333333336,34.604166666666664,59.118750000000006,0.6993055555555556,50.0,398.6145833333333,397.24583333333334,395.8618055555555,71.91805555555555,79.99305555555556,75.16527777777779,1405.1,-50.4,34.81944444444444,0.8263888888888888,2.997916666666667,32.41180555555556,-29.240972222222222,1000.8,-993.5,36.61388888888889,69.23263888888889,1418.9,0.0,32.70763888888889,-198.87152777777777,0.0,-1000.0,73.26319444444444,198.87152777777777,1000.0,0.0,73.26597222222222,33.986111111111114,187.19027777777777,T06,0.0,10.6,3.0791666666666666,0.4020138888888889,0.0,10.5,3.0458333333333334,0.3959722222222222,18.0,28.0,22.09027777777778,1010.0,1013.0,1011.4513888888889,31.0,79.0,59.46527777777778,0.0,0.0,0.0,0.0,58.22222222222222,57.513888888888886,411.3958333333333,,0
2016-09-17 00:00:00+00:00,1777.5,197.0,1502.884722222222,45.02986111111111,60.74305555555556,84.54166666666667,86.29861111111111,78.65972222222223,39.65972222222222,52.93055555555556,59.333333333333336,36.701388888888886,15.6,1.9,13.313194444444443,26.5,1.0,8.125694444444443,1.282638888888889,0.8159722222222221,95.1888888888889,24.76388888888889,-20.833333333333332,164499.59027777778,23684943.0,-13.194444444444445,-3612437,65.67361111111111,69.16666666666667,67.55555555555556,42.666666666666664,47.77777777777778,32.49305555555556,46.15972222222222,39.826388888888886,26.145833333333332,-3.1,48.3,-0.6166666666666667,1.0,115.41666666666667,44.236111111111114,44.27777777777778,42.236111111111114,41.06944444444444,986.8472222222222,0.96875,49.99930555555555,398.9770833333333,397.0763888888889,397.88958333333335,831.9833333333333,853.9729166666667,827.4458333333333,2105.8,-43.6,47.354166666666664,0.3965277777777778,8.131944444444445,142.26319444444445,-150.52222222222224,1000.0,-228.9,6.966666666666667,985.5152777777779,2000.0,0.0,141.41458333333333,-870.7854166666667,0.0,-1000.0,84.98958333333333,801.3527777777778,1000.0,0.0,95.4048611111111,54.479166666666664,94.37569444444445,T06,1.9,16.8,8.570138888888888,0.7360416666666666,2.0,16.9,8.630555555555555,0.7517361111111112,20.0,29.0,24.006944444444443,1007.0,1012.0,1009.8125,22.0,58.0,40.25694444444444,0.0,0.0,0.0,0.0,168.19444444444446,169.57638888888889,409.75694444444446,,0
2016-09-18 00:00:00+00:00,1661.5,0.0,1130.0361111111113,93.96041666666666,47.06944444444444,57.81944444444444,58.979166666666664,55.46527777777778,39.15972222222222,49.513888888888886,53.208333333333336,34.763888888888886,14.7,0.0,9.949305555555556,18.1,0.4,4.632638888888889,0.7937500000000001,-2.3979166666666667,140.1375,25.9375,-565.4375,31005.229166666668,4383332.0,-506.8125,-1755296,52.736111111111114,55.34722222222222,53.86805555555556,39.5,44.638888888888886,34.388888888888886,43.270833333333336,34.041666666666664,27.854166666666668,-2.9,89.7,3.040277777777778,2.3930555555555557,98.77083333333333,40.173611111111114,40.166666666666664,38.270833333333336,39.104166666666664,182.61319444444445,0.7979166666666667,50.00069444444445,398.9270833333333,397.0715277777778,396.68958333333336,177.60555555555555,195.92708333333334,180.63958333333332,998.9,-50.4,42.208333333333336,0.85625,4.716666666666667,60.174305555555556,-73.13402777777777,1000.3,-901.8,35.53472222222222,192.3201388888889,1325.6,0.0,60.862500000000004,-610.3291666666667,0.0,-1000.0,138.33680555555554,610.3291666666667,1000.0,0.0,138.33680555555554,45.09027777777778,140.03194444444443,T06,0.3,9.9,5.045138888888889,0.5090277777777777,0.2,9.8,5.05625,0.5166666666666667,21.0,31.0,24.979166666666668,1008.0,1011.0,1008.9236111111111,26.0,73.0,40.208333333333336,0.0,0.0,0.0,0.0,97.61111111111111,97.89583333333333,408.90277777777777,,0
2016-09-19 00:00:00+00:00,1648.2,0.0,851.1055555555555,119.7215277777778,40.854166666666664,47.27777777777778,49.166666666666664,45.77777777777778,39.61805555555556,44.736111111111114,47.86805555555556,31.583333333333332,14.6,0.0,7.481944444444445,12.6,0.4,3.7104166666666663,0.6541666666666667,4.197916666666667,154.66944444444445,22.9375,-871.5625,13480.263888888889,1815648.0,-1011.8263888888889,-1040118,47.80555555555556,50.611111111111114,47.326388888888886,37.833333333333336,40.770833333333336,31.65277777777778,39.263888888888886,30.166666666666668,25.52777777777778,-2.5,89.7,9.352777777777778,3.415277777777778,76.71527777777777,38.40277777777778,38.395833333333336,36.513888888888886,37.49305555555556,75.66319444444444,0.6694444444444445,50.0,398.7784722222222,397.2868055555556,396.1798611111111,95.22083333333333,105.58125000000001,98.51944444444445,990.8,-50.3,37.94444444444444,1.104861111111111,3.7805555555555554,37.799305555555556,-43.359027777777776,1000.8,-942.2,47.855555555555554,89.33472222222223,999.8,0.0,39.44652777777778,-307.03541666666666,0.0,-1000.0,112.23333333333333,307.03541666666666,1000.0,0.0,112.23333333333333,37.3125,152.96527777777777,T06,0.0,9.0,3.9618055555555554,0.51,0.4,9.4,3.9131944444444446,0.5464583333333333,19.0,25.0,22.13888888888889,1009.0,1012.0,1010.0,32.0,94.0,71.30555555555556,0.0,0.0,0.0,0.0,75.90277777777777,75.02083333333333,409.9861111111111,,0
2016-09-20 00:00:00+00:00,1665.9,0.0,696.1354166666666,109.29236111111112,40.020833333333336,46.69444444444444,48.701388888888886,45.24305555555556,37.75694444444444,44.65972222222222,47.02777777777778,31.54861111111111,14.7,0.0,5.999305555555555,16.0,0.4,3.445138888888889,0.6347222222222223,-4.561111111111111,214.9298611111111,23.17361111111111,-958.0486111111111,15271.472222222223,2061132.0,-1063.7430555555557,-853610,47.56944444444444,50.583333333333336,47.388888888888886,36.99305555555556,39.958333333333336,32.84722222222222,38.47222222222222,29.79861111111111,26.618055555555557,-3.2,89.7,12.615277777777777,2.675,68.6875,37.513888888888886,37.541666666666664,35.65277777777778,36.611111111111114,85.89444444444445,0.6875000000000001,49.99930555555555,398.46805555555557,397.2027777777778,395.63958333333335,98.30069444444445,106.48124999999999,101.35,1116.1,-50.1,36.923611111111114,0.9993055555555556,3.477777777777778,38.517361111111114,-35.55138888888889,1000.4,-827.3,37.733333333333334,97.32430555555555,1134.6,0.0,40.06736111111111,-257.1506944444444,0.0,-1000.0,84.1625,257.1506944444444,1000.0,0.0,84.1625,37.13194444444444,214.49027777777778,T06,0.0,9.6,3.6868055555555554,0.3109722222222222,0.0,9.6,3.642361111111111,0.33631944444444445,19.0,26.0,22.180555555555557,1007.0,1010.0,1008.4305555555555,42.0,99.0,74.22916666666667,0.0,0.0,0.0,0.0,70.46527777777777,69.52777777777777,408.40277777777777,,0
2016-09-21 00:00:00+00:00,1624.0,0.0,419.7291666666667,26.816666666666666,32.63194444444444,37.173611111111114,40.06944444444444,36.333333333333336,36.645833333333336,41.24305555555556,41.22222222222222,29.479166666666668,14.4,0.0,3.615277777777778,16.2,0.4,2.91875,0.5243055555555556,-3.747916666666667,222.04791666666668,21.53472222222222,-681.8680555555555,11905.423611111111,1616192.0,-681.6597222222222,-701089,45.34722222222222,48.708333333333336,44.861111111111114,34.46527777777778,37.0,31.15972222222222,36.458333333333336,26.055555555555557,24.875,-2.7,89.7,21.65277777777778,0.9027777777777778,51.604166666666664,34.75,34.74305555555556,32.93055555555556,33.708333333333336,67.32083333333333,0.7597222222222223,49.99791666666667,398.2125,397.0784722222222,395.4743055555556,68.00069444444445,75.22638888888889,70.64027777777778,875.5,-49.5,33.361111111111114,0.2263888888888889,2.966666666666667,24.978472222222223,-29.184722222222224,1000.4,-715.3,9.428472222222222,79.50347222222223,886.0,0.0,28.022222222222222,-226.70138888888889,0.0,-1000.0,37.99583333333333,226.70138888888889,1000.0,0.0,37.99583333333333,31.73611111111111,260.8229166666667,T06,0.0,10.0,3.1597222222222223,0.19215277777777778,0.0,10.3,3.177777777777778,0.1984027777777778,17.0,24.0,20.36111111111111,1008.0,1010.0,1008.7777777777778,62.0,100.0,84.19444444444444,0.0,1.0,0.006944444444444444,0.0,59.8125,60.22222222222222,408.75,,0
2016-09-22 00:00:00+00:00,1700.5,0.0,809.5930555555556,60.14861111111111,38.68055555555556,46.4375,48.34722222222222,44.826388888888886,35.083333333333336,46.25694444444444,48.52777777777778,30.020833333333332,15.1,0.0,7.061111111111111,19.7,0.4,4.300000000000001,0.7520833333333333,-1.947222222222222,210.70277777777778,21.0625,-584.0902777777778,40082.78472222222,5687814.0,-586.4513888888889,-1590152,49.34722222222222,52.63194444444444,49.388888888888886,36.22222222222222,39.11805555555556,31.03472222222222,38.520833333333336,28.48611111111111,24.47222222222222,-3.2,59.6,10.940972222222221,0.6555555555555556,70.40277777777777,36.9375,36.93055555555556,35.03472222222222,35.416666666666664,237.03055555555557,0.7826388888888889,50.0,398.63125,397.14374999999995,396.4013888888889,213.3465277777778,224.53472222222223,214.8,1993.9,-50.2,36.27777777777778,0.5659722222222222,4.348611111111111,85.83333333333333,-66.2826388888889,888.1,-577.5,13.890972222222222,243.08680555555554,2000.0,0.0,86.92638888888888,-437.44444444444446,0.0,-1000.0,49.61527777777778,436.9222222222222,1000.0,0.0,51.611111111111114,37.4375,212.64791666666667,T06,0.0,12.6,5.044444444444444,0.4652777777777778,0.0,12.8,5.0881944444444445,0.5017361111111112,19.0,22.0,20.04861111111111,1009.0,1014.0,1011.5763888888889,54.0,89.0,77.13888888888889,0.0,0.0,0.0,0.0,97.73611111111111,98.5625,411.5625,,0
2016-09-23 00:00:00+00:00,1481.4,0.0,422.0340277777778,30.865972222222222,33.18055555555556,38.46527777777778,40.388888888888886,37.576388888888886,36.423611111111114,41.03472222222222,40.548611111111114,29.65277777777778,13.0,0.0,3.570833333333333,17.0,0.4,2.4986111111111113,0.5159722222222222,7.976388888888888,189.57638888888889,21.708333333333332,-741.5347222222222,5002.743055555556,613614.0,-769.0486111111111,-534662,44.486111111111114,47.645833333333336,44.236111111111114,34.30555555555556,37.05555555555556,31.98611111111111,36.298611111111114,25.82638888888889,25.381944444444443,-2.3,89.7,17.071527777777778,1.0340277777777778,52.298611111111114,34.65277777777778,34.65277777777778,32.75694444444444,33.5625,25.550694444444446,0.6993055555555556,49.99791666666667,398.5159722222222,397.18541666666664,395.58958333333334,39.35138888888889,45.72986111111111,41.25,416.5,-50.0,33.111111111111114,0.27708333333333335,2.548611111111111,19.866666666666667,-22.285416666666666,710.3,-886.8,20.646527777777777,32.91458333333333,426.7,0.0,18.285416666666666,-141.81458333333333,0.0,-1000.0,73.38263888888889,141.81458333333333,1000.0,0.0,73.38263888888889,32.06944444444444,246.60069444444446,T06,0.0,7.5,2.6430555555555557,0.1832638888888889,0.0,7.7,2.6534722222222222,0.18381944444444442,17.0,25.0,20.645833333333332,1012.0,1015.0,1013.7777777777778,55.0,90.0,73.375,0.0,0.0,0.0,0.0,49.43055555555556,49.75694444444444,413.71527777777777,,0
2016-09-24 00:00:00+00:00,1728.5,0.0,1299.3868055555556,47.36944444444444,50.96527777777778,66.02777777777777,67.66666666666667,62.923611111111114,37.673611111111114,49.19444444444444,54.645833333333336,34.145833333333336,15.3,0.0,11.490277777777777,21.2,0.5,6.097916666666666,0.938888888888889,3.3645833333333335,93.00763888888889,23.993055555555557,-273.18055555555554,90439.97916666667,12984019.0,-203.45833333333334,-2707726,60.15972222222222,63.02777777777778,60.34027777777778,40.513888888888886,43.729166666666664,32.3125,42.083333333333336,33.75,25.979166666666668,-3.1,57.2,1.1965277777777776,0.7229166666666668,98.72222222222223,41.65277777777778,41.68055555555556,39.708333333333336,39.520833333333336,541.0486111111111,0.8854166666666666,49.99930555555555,398.87638888888887,397.00694444444446,397.21875,468.31388888888887,488.2034722222222,466.5708333333333,2101.0,-49.4,41.59722222222222,0.4388888888888889,6.190277777777777,120.11944444444445,-112.80902777777777,786.3,-995.1,17.013194444444444,543.875,2000.0,0.0,120.32638888888889,-761.7097222222222,0.0,-1000.0,69.67708333333333,749.0229166666667,1000.0,0.0,84.26736111111111,46.90972222222222,97.13680555555555,T06,0.3,13.5,6.5368055555555555,0.502013888888889,0.4,13.4,6.588888888888889,0.5152083333333333,19.0,28.0,23.104166666666668,1010.0,1014.0,1011.8333333333334,40.0,90.0,64.70138888888889,0.0,0.0,0.0,0.0,127.59722222222223,128.58333333333334,411.7083333333333,,0
2016-09-25 00:00:00+00:00,1682.6,0.0,611.6517482517482,64.05384615384615,41.66433566433567,52.16783216783217,53.95104895104895,50.6993006993007,39.44055944055944,47.27272727272727,48.0979020979021,33.38461538461539,14.9,0.0,5.335664335664336,17.0,0.4,4.748251748251748,0.8776223776223776,-3.806993006993007,127.05384615384615,24.412587412587413,-630.5384615384615,23737.398601398603,3304279.0,-751.2447552447552,-1168610,51.88811188811189,54.92307692307692,52.09090909090909,38.41258741258741,41.66433566433567,32.05594405594405,41.23776223776224,31.39160839160839,25.902097902097903,-3.1,90.0,36.98601398601399,3.0657342657342657,71.73426573426573,38.90909090909091,38.87412587412587,36.86013986013986,38.13286713286713,138.64615384615385,0.7482517482517482,50.0,399.2062937062937,397.4412587412587,397.05524475524476,133.86293706293708,145.51678321678324,135.40769230769232,1583.4,-50.1,38.55244755244755,0.5734265734265734,4.472727272727273,41.72167832167832,-48.97132867132867,1001.4,-917.8,21.71888111888112,217.8825174825175,1603.5,0.0,73.2013986013986,-333.59160839160836,0.0,-1000.0,57.993706293706296,333.5181818181818,1000.0,0.0,58.196503496503496,39.81118881118881,135.88951048951049,T06,0.8,10.4,5.336111111111111,0.4673611111111111,0.3,10.6,5.363888888888889,0.47923611111111114,20.0,29.0,23.333333333333332,1009.0,1012.0,1011.0763888888889,38.0,87.0,70.47916666666667,0.0,0.0,0.0,0.0,103.48611111111111,103.98611111111111,411.0208333333333,,0
2016-09-26 00:00:00+00:00,1726.5,0.0,1178.7659722222222,88.85902777777778,48.041666666666664,60.076388888888886,61.548611111111114,57.55555555555556,38.208333333333336,49.951388888888886,54.28472222222222,34.208333333333336,15.3,0.0,10.429166666666667,22.3,0.5,5.65,0.9083333333333334,-0.4590277777777778,93.87916666666666,24.67361111111111,-440.625,68505.375,9801325.0,-436.7291666666667,-2167436,58.44444444444444,61.020833333333336,58.479166666666664,38.708333333333336,42.94444444444444,32.861111111111114,41.15972222222222,32.583333333333336,26.54861111111111,-3.1,89.7,3.589583333333333,1.5868055555555556,91.0625,39.770833333333336,39.8125,37.84722222222222,37.90277777777778,408.39374999999995,0.8645833333333334,50.00069444444445,398.48819444444445,396.8048611111111,396.74027777777775,358.3326388888889,375.46458333333334,360.8861111111111,2101.7,-50.0,40.28472222222222,0.7930555555555556,5.718055555555555,104.59236111111112,-90.35277777777777,932.6,-955.5,25.77847222222222,414.99791666666664,2000.0,0.0,105.95972222222223,-708.567361111111,0.0,-1000.0,59.9048611111111,699.7874999999999,1000.0,0.0,65.15833333333333,44.333333333333336,94.33194444444445,T06,1.1,12.8,6.004861111111111,0.46541666666666665,1.0,12.9,6.052083333333333,0.4769444444444445,20.0,29.0,23.729166666666668,1009.0,1013.0,1010.2986111111111,35.0,83.0,63.986111111111114,0.0,0.0,0.0,0.0,116.95138888888889,117.76388888888889,410.25694444444446,,0
2016-09-27 00:00:00+00:00,2040.9,0.0,1446.242361111111,64.86527777777778,58.49305555555556,80.45138888888889,82.90277777777777,75.04861111111111,39.583333333333336,51.354166666666664,57.958333333333336,35.326388888888886,16.8,0.0,12.809722222222222,29.8,0.5,8.015972222222222,1.3305555555555555,-0.40486111111111117,98.68333333333334,24.59027777777778,-180.10416666666666,156412.50694444444,22497465.0,-143.27777777777777,-3402071,64.97222222222223,68.50694444444444,66.77083333333333,41.826388888888886,45.93055555555556,32.458333333333336,44.145833333333336,36.8125,26.29861111111111,-3.1,89.7,2.103472222222222,2.195138888888889,111.11805555555556,43.34027777777778,43.40277777777778,41.38194444444444,40.06944444444444,937.4395833333333,0.9243055555555555,50.0,398.92499999999995,397.0881944444444,397.9152777777778,797.7,816.6027777777778,792.3340277777778,2105.3,-50.3,45.09722222222222,0.5701388888888889,8.028472222222222,164.62708333333333,-141.75972222222222,869.3,-960.1,17.352777777777778,995.6465277777778,2000.0,0.0,155.37916666666666,-792.7444444444444,0.0,-1000.0,103.34861111111111,724.0583333333333,1000.0,0.0,116.08125000000001,50.958333333333336,99.09097222222222,T06,1.3,16.5,8.147916666666667,1.0024305555555555,1.2,16.4,8.218055555555557,1.016736111111111,21.0,28.0,23.70138888888889,1011.0,1014.0,1012.4583333333334,42.0,84.0,67.625,0.0,0.0,0.0,0.0,159.83333333333334,161.22222222222223,412.375,,0
2016-09-28 00:00:00+00:00,1819.0,1265.3,1671.5965277777777,26.311805555555555,73.375,115.60416666666667,118.55555555555556,104.53472222222223,42.99305555555556,53.6875,62.333333333333336,38.68055555555556,16.0,11.2,14.811805555555557,33.7,1.0,13.021527777777777,2.3097222222222222,0.14444444444444451,98.21875,24.01388888888889,0.0,304737.7361111111,43882234.0,0.0,-4883308,82.38888888888889,87.07638888888889,85.73611111111111,46.00694444444444,50.46527777777778,32.611111111111114,47.90972222222222,45.333333333333336,26.194444444444443,-3.1,21.0,5.661111111111111,2.426388888888889,128.65277777777777,48.236111111111114,48.333333333333336,46.138888888888886,42.666666666666664,1828.4750000000001,1.0,49.99861111111111,399.6763888888889,397.8076388888889,399.8527777777778,1538.5791666666667,1552.2701388888888,1514.2305555555556,2115.1,243.1,51.604166666666664,0.21944444444444444,12.720833333333333,114.32499999999999,-203.46666666666667,-119.6,-237.8,3.488888888888889,1829.636111111111,2000.0,233.8,111.63749999999999,-712.1111111111111,-583.3,-1000.0,75.41874999999999,544.2243055555556,1000.0,406.1,84.38125,63.9375,98.07569444444444,T06,3.3,24.4,13.184027777777779,2.282916666666667,3.2,24.5,13.258333333333333,2.321041666666667,21.0,26.0,23.055555555555557,1012.0,1014.0,1013.0,50.0,77.0,65.20833333333333,0.0,0.0,0.0,0.0,260.84027777777777,262.44444444444446,412.96527777777777,,0
2016-09-29 00:00:00+00:00,1858.5,1367.8,1678.0708333333334,26.213194444444444,76.4375,124.33333333333333,127.63194444444444,111.5625,43.916666666666664,54.270833333333336,62.96527777777778,40.604166666666664,16.4,12.1,14.874305555555557,34.9,1.6,15.132638888888888,2.538888888888889,0.4076388888888889,95.74930555555555,23.680555555555557,0.0,322723.5833333333,46472196.0,0.0,-5174101,84.375,89.95833333333333,89.88194444444444,46.65277777777778,52.048611111111114,32.520833333333336,49.13194444444444,45.354166666666664,26.01388888888889,-2.5,26.3,9.79375,2.413888888888889,133.46527777777777,48.90972222222222,49.104166666666664,46.80555555555556,43.11805555555556,1936.3583333333331,1.0,49.99930555555555,399.84513888888887,398.05277777777775,399.8902777777778,1627.5,1641.6,1606.3763888888889,2107.6,468.3,53.34027777777778,0.22361111111111112,14.618055555555555,44.07152777777778,-215.58680555555554,-151.9,-237.4,2.6020833333333333,1935.388888888889,2000.0,459.0,42.03263888888889,-631.442361111111,-583.3,-1000.0,31.783333333333335,458.0180555555556,1000.0,406.1,31.292361111111113,65.42361111111111,95.32847222222222,T06,3.1,26.3,15.20486111111111,2.5763194444444446,3.2,26.7,15.274999999999999,2.6297916666666667,21.0,25.0,22.958333333333332,1008.0,1014.0,1011.0,47.0,74.0,62.479166666666664,0.0,0.0,0.0,0.0,301.1875,302.71527777777777,410.9583333333333,,0
2016-09-30 00:00:00+00:00,1792.5,0.0,1539.7930555555556,24.37986111111111,69.52083333333333,105.17361111111111,117.29166666666667,95.88888888888889,44.68055555555556,52.59722222222222,60.666666666666664,38.291666666666664,15.8,0.0,13.636111111111113,28.1,1.2,10.290277777777778,1.7354166666666666,-0.10416666666666669,97.06597222222223,23.680555555555557,-285.1388888888889,256075.97916666666,36833881.0,-195.40277777777777,-4336696,73.4375,78.32638888888889,77.50694444444444,45.020833333333336,49.013888888888886,32.18055555555556,45.958333333333336,43.513888888888886,25.770833333333332,-3.1,89.7,6.7243055555555555,1.7000000000000002,122.15277777777777,46.951388888888886,47.05555555555556,44.861111111111114,42.298611111111114,1534.7430555555557,0.9826388888888888,50.0,399.44375,397.59444444444443,399.23541666666665,1294.8375,1309.775,1276.6743055555555,2106.8,-47.0,48.604166666666664,0.20694444444444446,10.17361111111111,177.45,-180.68958333333333,-3.4,-226.2,4.149305555555555,1554.9930555555557,2000.0,17.0,182.63472222222222,-749.2347222222222,0.0,-1000.0,106.1888888888889,608.8090277777778,1000.0,0.0,127.97083333333333,59.8125,97.16736111111112,T06,2.2,20.0,10.620138888888889,1.2518055555555554,2.2,20.2,10.682638888888889,1.2741666666666667,21.0,26.0,22.77777777777778,1006.0,1010.0,1007.4652777777778,52.0,77.0,68.625,0.0,0.0,0.0,0.0,209.40972222222223,210.76388888888889,407.4513888888889,,0
2016-10-01 00:00:00+00:00,1695.9,0.0,723.26875,188.0736111111111,42.25,47.520833333333336,110.64583333333333,46.05555555555556,38.69444444444444,47.46527777777778,49.69444444444444,30.944444444444443,15.0,0.0,6.352083333333334,16.0,0.4,4.509027777777778,0.75,6.5625,158.23819444444445,22.9375,-2026.7777777777778,24087.458333333332,3176739.0,-1352.8194444444443,-1178596,49.88194444444444,52.736111111111114,50.53472222222222,37.40972222222222,40.416666666666664,32.388888888888886,39.00694444444444,32.44444444444444,25.979166666666668,-3.1,89.7,30.484722222222224,9.615972222222222,73.43055555555556,38.020833333333336,38.048611111111114,36.236111111111114,37.03472222222222,132.36597222222224,0.8125,49.99930555555555,398.6076388888889,396.9326388888889,395.8201388888889,144.73611111111111,157.79097222222222,148.69166666666666,1924.5,-53.2,37.36805555555556,1.6888888888888889,4.533333333333333,78.40972222222223,-49.110416666666666,1000.8,-1000.0,38.82013888888889,235.88125000000002,2000.0,0.0,73.15208333333334,-332.78541666666666,0.0,-1000.0,123.29513888888889,332.48541666666665,1000.0,0.0,122.97569444444444,39.298611111111114,151.66805555555555,T06,0.0,12.1,4.684027777777778,0.39291666666666664,0.0,12.4,4.699305555555556,0.4007638888888889,19.0,27.0,21.8125,1006.0,1008.0,1006.6111111111111,51.0,85.0,75.29861111111111,0.0,0.0,0.0,0.0,90.43055555555556,90.79861111111111,406.56944444444446,,0
2016-10-02 00:00:00+00:00,1492.5,0.0,460.18402777777777,49.806250000000006,37.333333333333336,41.63194444444444,82.00694444444444,40.708333333333336,35.3125,40.40277777777778,40.5625,28.09722222222222,13.2,0.0,3.941666666666667,14.7,0.4,2.8902777777777775,0.5243055555555556,6.017361111111111,228.17291666666668,21.84027777777778,-2064.6180555555557,7436.611111111111,773568.0,-1392.5694444444443,-479425,45.43055555555556,48.27777777777778,44.458333333333336,34.40277777777778,36.333333333333336,30.555555555555557,36.15972222222222,28.881944444444443,24.243055555555557,-2.6,86.1,21.706944444444446,2.245138888888889,52.854166666666664,34.826388888888886,34.84722222222222,33.02777777777778,33.55555555555556,32.233333333333334,0.7854166666666668,50.0,398.59444444444443,396.96875,395.1645833333333,64.10069444444444,72.25555555555555,67.53333333333333,613.8,-50.2,32.99305555555556,0.4861111111111111,2.9291666666666667,20.69375,-20.043750000000003,1001.6,-969.2,29.108333333333334,57.47638888888889,679.5,0.0,23.913888888888888,-188.8048611111111,0.0,-1000.0,57.37430555555555,188.8048611111111,1000.0,0.0,57.37430555555555,34.90972222222222,234.65555555555557,T06,0.0,7.9,3.1125,0.23111111111111113,0.0,8.3,3.0458333333333334,0.24791666666666667,17.0,24.0,20.73611111111111,1006.0,1009.0,1007.5486111111111,47.0,97.0,76.29861111111111,0.0,0.0,0.0,0.0,59.013888888888886,57.645833333333336,407.5138888888889,,0
2016-10-03 00:00:00+00:00,1714.4,0.0,1005.2722222222224,69.10624999999999,45.625,55.75694444444444,56.291666666666664,53.451388888888886,36.326388888888886,46.701388888888886,50.61805555555556,32.18055555555556,15.2,0.0,8.840972222222222,20.6,0.4,5.209027777777778,0.8145833333333333,8.31111111111111,105.76597222222222,23.354166666666668,-431.4166666666667,71027.94444444444,10165901.0,-461.5,-1875331,56.46527777777778,59.583333333333336,56.013888888888886,37.583333333333336,40.208333333333336,31.583333333333332,38.69444444444444,32.104166666666664,25.381944444444443,-3.1,89.7,7.902777777777778,1.5395833333333333,77.6875,38.604166666666664,38.63194444444444,36.72222222222222,36.61805555555556,423.54305555555555,0.7958333333333334,50.00069444444445,399.01250000000005,397.40694444444443,397.07708333333335,371.48819444444445,381.88125,368.9118055555556,2036.0,-49.4,37.09722222222222,0.6472222222222223,5.263888888888889,92.94861111111112,-78.17638888888888,857.3,-344.1,17.922916666666666,429.52986111111113,2000.0,0.0,93.51388888888889,-522.6138888888888,0.0,-1000.0,32.87569444444445,515.8923611111111,1000.0,0.0,43.27430555555556,41.229166666666664,124.94791666666667,T06,0.8,12.1,5.418749999999999,0.5297222222222222,0.8,12.4,5.450694444444444,0.5352083333333333,19.0,29.0,22.76388888888889,1008.0,1010.0,1008.9861111111111,35.0,82.0,60.59722222222222,0.0,0.0,0.0,0.0,105.20833333333333,105.77777777777777,408.9583333333333,,0
2016-10-04 00:00:00+00:00,1746.6,44.6,1500.1569444444444,68.00833333333334,55.61805555555556,73.52777777777777,74.61805555555556,69.34722222222223,38.104166666666664,52.65277777777778,58.611111111111114,35.21527777777778,15.4,0.0,13.28125,20.3,0.6000000000000001,7.52013888888889,1.229861111111111,-1.5173611111111112,92.39027777777778,24.625,-98.39583333333333,139969.47916666666,20141437.0,-68.75,-3356927,66.84027777777777,70.09027777777777,67.61111111111111,40.4375,44.9375,32.666666666666664,43.083333333333336,37.583333333333336,26.03472222222222,-3.3,84.1,-1.3256944444444445,0.8347222222222223,108.45138888888889,42.0625,42.13194444444444,40.104166666666664,39.02777777777778,839.2104166666667,0.9611111111111111,50.00138888888889,398.78819444444446,397.0597222222222,397.68055555555554,710.2979166666667,731.2729166666667,708.5125,2102.8,-50.7,43.229166666666664,0.6041666666666666,7.572916666666667,161.95138888888889,-139.86805555555554,999.8,-558.6,10.709027777777777,840.5145833333333,2000.0,0.0,161.61527777777778,-919.5006944444444,0.0,-1000.0,56.229166666666664,887.8034722222222,1000.0,0.0,73.25972222222222,49.826388888888886,93.90555555555555,T06,1.5,13.8,7.728472222222223,0.6718055555555557,1.0,14.0,7.779166666666667,0.6838194444444444,21.0,28.0,23.6875,1008.0,1012.0,1009.8472222222222,48.0,80.0,68.70833333333333,0.0,0.0,0.0,0.0,151.41666666666666,152.48611111111111,409.7638888888889,,0
2016-10-05 00:00:00+00:00,1798.4,1233.0,1614.5124999999998,41.324305555555554,62.638888888888886,89.07638888888889,90.89583333333333,82.5625,40.36805555555556,53.673611111111114,60.916666666666664,36.423611111111114,15.9,10.9,14.302777777777777,29.1,1.4,9.284722222222221,1.5159722222222223,-0.33541666666666675,92.17152777777778,23.916666666666668,0.0,215271.625,30999114.0,0.0,-4145350,74.65972222222223,78.13888888888889,76.02777777777777,42.625,46.979166666666664,31.979166666666668,45.145833333333336,38.888888888888886,25.541666666666668,-3.3,13.5,-0.7777777777777779,0.8937500000000002,116.125,44.625,44.69444444444444,42.604166666666664,40.5625,1291.6437500000002,0.9986111111111112,49.99930555555555,399.4486111111111,397.7763888888889,399.16041666666666,1087.1569444444444,1103.4652777777778,1072.982638888889,2106.6,166.1,46.604166666666664,0.36180555555555555,9.28263888888889,181.2,-172.72361111111113,-80.2,-229.6,4.657638888888889,1290.1027777777776,2000.0,162.8,180.33541666666667,-915.0215277777778,-583.3,-1000.0,60.40902777777777,828.4534722222222,1000.0,406.1,82.29027777777777,55.041666666666664,92.51180555555555,T06,3.5,16.5,9.435416666666667,0.8676388888888888,3.3,16.7,9.504861111111111,0.8840972222222222,21.0,27.0,23.09027777777778,1005.0,1009.0,1007.1666666666666,54.0,84.0,71.61805555555556,0.0,0.0,0.0,0.0,185.57638888888889,187.14583333333334,407.1388888888889,,0
2016-10-06 00:00:00+00:00,1786.2,0.0,1107.3860655737706,53.10245901639344,50.32786885245902,66.01639344262296,66.69672131147541,62.24590163934426,39.31967213114754,49.35245901639344,53.221311475409834,33.81147540983606,15.8,0.0,9.71311475409836,23.3,0.5,5.657377049180329,0.9008196721311476,3.8491803278688526,159.26311475409835,22.868852459016395,-461.2049180327869,79421.7131147541,9633184.0,-504.6885245901639,-1859891,55.17213114754098,58.131147540983605,56.91803278688525,39.27049180327869,43.5,32.049180327868854,41.84426229508197,33.704918032786885,25.30327868852459,-2.9,90.0,6.826229508196721,1.5295081967213113,95.62295081967213,40.28688524590164,40.33606557377049,38.368852459016395,38.23770491803279,473.7483606557377,0.8139344262295082,49.99426229508197,398.6713114754098,397.1713114754098,396.9213114754098,421.67704918032786,437.2885245901639,422.4016393442623,2106.8,-49.5,41.34426229508197,0.4967213114754098,5.718852459016394,80.68688524590164,-91.41065573770491,1000.2,-999.9,40.30983606557377,480.1049180327869,2000.0,0.0,81.51393442622951,-613.1147540983607,0.0,-1000.0,67.53524590163934,584.5762295081968,1000.0,0.0,71.30819672131148,45.31147540983606,155.4106557377049,T06,0.0,15.9,5.65625,0.4516666666666667,0.2,16.0,5.704861111111111,0.4634722222222222,18.0,29.0,22.541666666666668,1003.0,1006.0,1004.3333333333334,49.0,99.0,76.15277777777777,0.0,0.0,0.0,0.0,109.97916666666667,110.79166666666667,404.28472222222223,,0
2016-10-07 00:00:00+00:00,1499.7,0.0,367.9,50.075,32.71527777777778,37.13194444444444,37.09027777777778,36.326388888888886,36.28472222222222,39.59722222222222,39.770833333333336,29.21527777777778,13.3,0.0,3.009027777777778,14.4,0.4,2.272222222222222,0.4479166666666667,7.923611111111111,208.45625,21.416666666666668,-729.6458333333334,3737.4513888888887,433125.0,-748.9444444444445,-356232,43.84722222222222,46.951388888888886,43.166666666666664,34.048611111111114,36.076388888888886,32.02777777777778,35.46527777777778,26.02777777777778,25.17361111111111,-2.4,89.7,18.05972222222222,1.3944444444444446,48.15972222222222,34.40972222222222,34.40972222222222,32.520833333333336,33.298611111111114,18.045833333333334,0.6541666666666667,49.99930555555555,398.1381944444445,397.0826388888889,395.3840277777778,40.96388888888889,46.00277777777777,43.93194444444444,533.4,-48.5,32.201388888888886,0.4201388888888889,2.3041666666666667,14.765277777777776,-14.865277777777777,1000.1,-729.3,41.87847222222222,25.144444444444446,544.3,0.0,12.860416666666667,-101.33055555555556,0.0,-1000.0,49.59791666666667,101.33055555555556,1000.0,0.0,49.59791666666667,31.083333333333332,220.53472222222223,T06,0.0,7.8,2.35625,0.17479166666666668,0.0,8.1,2.367361111111111,0.17708333333333334,16.0,25.0,20.0625,1004.0,1009.0,1006.3472222222222,66.0,100.0,89.61111111111111,0.0,1.0,0.020833333333333332,0.0,43.666666666666664,43.916666666666664,406.2291666666667,,0
2016-10-08 00:00:00+00:00,1455.5,0.0,415.68055555555554,29.77708333333333,34.729166666666664,39.97222222222222,39.90972222222222,39.076388888888886,36.958333333333336,40.673611111111114,40.111111111111114,30.583333333333332,12.9,0.0,3.5812499999999994,12.1,0.4,2.379166666666667,0.41458333333333336,6.879166666666666,243.5361111111111,22.458333333333332,-657.3472222222222,5436.409722222223,688183.0,-673.5208333333334,-491571,45.72222222222222,49.048611111111114,45.326388888888886,34.798611111111114,37.604166666666664,32.22222222222222,36.763888888888886,27.26388888888889,25.21527777777778,-2.6,89.7,17.068055555555556,0.9944444444444446,53.354166666666664,35.15277777777778,35.166666666666664,33.34722222222222,34.1875,28.676388888888887,0.6819444444444445,49.99930555555555,398.4486111111111,397.10833333333335,395.41319444444446,46.48888888888889,53.23888888888889,49.46319444444444,479.3,-50.1,33.895833333333336,0.2611111111111111,2.4243055555555557,17.214583333333334,-20.481944444444444,999.9,-989.5,33.11180555555555,34.074305555555554,486.5,0.0,15.75902777777778,-149.2611111111111,0.0,-1000.0,59.49166666666666,149.2611111111111,1000.0,0.0,59.49166666666666,32.84027777777778,271.6611111111111,T06,0.0,7.3,2.5756944444444443,0.13402777777777777,0.0,7.2,2.5791666666666666,0.13541666666666666,18.0,26.0,21.70138888888889,1008.0,1010.0,1009.0208333333334,38.0,97.0,70.63194444444444,0.0,1.0,0.006944444444444444,0.0,48.15972222222222,48.236111111111114,409.00694444444446,,0
2016-10-09 00:00:00+00:00,1603.5,0.0,551.6395833333333,43.481944444444444,36.041666666666664,41.65277777777778,41.68055555555556,40.541666666666664,36.111111111111114,42.34722222222222,43.75694444444444,29.666666666666668,14.2,0.0,4.727083333333334,17.6,0.4,3.158333333333333,0.5618055555555556,-1.3909722222222223,234.82638888888889,21.055555555555557,-623.0416666666666,11894.520833333334,1623094.0,-650.1875,-805466,45.125,48.395833333333336,44.666666666666664,35.19444444444444,37.59027777777778,31.125,36.888888888888886,27.07638888888889,24.916666666666668,-2.9,89.7,15.054861111111112,1.1652777777777779,58.50694444444444,35.548611111111114,35.5625,33.708333333333336,34.333333333333336,67.63333333333334,0.726388888888889,50.00138888888889,398.87430555555557,397.2902777777778,396.0826388888889,70.35416666666667,78.67430555555556,70.91041666666666,647.1,-48.6,34.0625,0.42500000000000004,3.2131944444444445,32.42638888888889,-33.55416666666667,1000.0,-642.5,11.48611111111111,74.12916666666666,657.0,0.0,33.2625,-269.22847222222225,0.0,-1000.0,74.47430555555555,269.22847222222225,1000.0,0.0,74.47430555555555,33.479166666666664,236.21805555555557,T06,0.4,8.2,3.6937499999999996,0.28958333333333336,0.5,8.6,3.7041666666666666,0.29465277777777776,18.0,23.0,20.006944444444443,1009.0,1012.0,1010.3472222222222,53.0,97.0,81.72916666666667,0.0,0.0,0.0,0.0,70.61111111111111,70.84027777777777,410.3263888888889,,0
2016-10-10 00:00:00+00:00,1644.9,0.0,582.0069444444445,60.82777777777778,34.916666666666664,41.333333333333336,41.28472222222222,40.18055555555556,34.65972222222222,41.94444444444444,42.979166666666664,28.604166666666668,14.6,0.0,4.988888888888889,13.9,0.4,3.1069444444444443,0.5666666666666668,-8.965972222222224,205.6173611111111,19.67361111111111,-623.3194444444445,9130.972222222223,1225105.0,-647.5555555555555,-733349,43.49305555555556,46.798611111111114,43.083333333333336,34.638888888888886,36.53472222222222,29.98611111111111,35.81944444444444,25.15972222222222,23.958333333333332,-2.5,62.5,14.577083333333333,1.426388888888889,58.43055555555556,35.048611111111114,35.076388888888886,33.201388888888886,33.791666666666664,51.05833333333334,0.6986111111111112,50.00069444444445,398.0854166666667,396.89374999999995,395.50069444444443,64.96597222222222,71.26875000000001,66.48958333333333,752.1,-50.3,32.75694444444444,0.5569444444444445,3.1444444444444444,33.86527777777778,-30.606250000000003,1000.6,-775.2,32.900000000000006,59.32361111111111,761.3,0.0,33.704861111111114,-214.37430555555557,0.0,-1000.0,100.44166666666666,214.37430555555557,1000.0,0.0,100.44166666666666,32.80555555555556,229.5826388888889,T06,0.0,8.6,3.3958333333333335,0.24284722222222221,0.0,8.8,3.3569444444444443,0.25486111111111115,16.0,22.0,18.916666666666668,1009.0,1012.0,1010.2916666666666,63.0,97.0,78.94444444444444,0.0,0.0,0.0,0.0,64.71527777777777,63.854166666666664,410.2083333333333,,0
2016-10-11 00:00:00+00:00,1678.4,0.0,834.54375,73.34722222222223,36.736111111111114,44.22222222222222,44.458333333333336,42.854166666666664,33.9375,43.25694444444444,46.208333333333336,28.53472222222222,14.9,0.0,7.242361111111112,15.6,0.4,4.074999999999999,0.7694444444444444,1.4729166666666667,224.73958333333334,19.92361111111111,-393.3958333333333,29022.26388888889,4122557.0,-380.0138888888889,-1487537,45.048611111111114,48.208333333333336,44.72222222222222,35.548611111111114,36.9375,29.631944444444443,36.50694444444444,26.291666666666668,23.07638888888889,-3.0,89.7,9.832638888888889,1.2847222222222223,67.58333333333333,36.18055555555556,36.208333333333336,34.291666666666664,34.541666666666664,171.79097222222222,0.7895833333333333,50.00138888888889,398.8277777777778,397.4423611111111,396.8902777777778,158.50833333333333,168.80416666666667,158.53125,1151.1,-50.4,33.96527777777778,0.6743055555555555,4.145833333333333,68.97916666666667,-62.010416666666664,1000.3,-729.7,15.992361111111112,176.56458333333333,1175.2,0.0,69.30347222222223,-464.6923611111111,0.0,-1000.0,80.52777777777777,464.6923611111111,1000.0,0.0,80.52777777777777,33.5,223.26388888888889,T06,0.8,10.4,4.659027777777777,0.40437500000000004,0.7000000000000001,10.5,4.711111111111111,0.4150694444444445,17.0,21.0,18.993055555555557,1006.0,1011.0,1008.0208333333334,61.0,80.0,71.1875,0.0,0.0,0.0,0.0,89.97222222222223,90.90277777777777,407.9166666666667,,0
2016-10-12 00:00:00+00:00,1805.5,0.0,1497.454861111111,60.40972222222222,56.31944444444444,82.16666666666667,83.63888888888889,75.71527777777777,38.34722222222222,51.729166666666664,57.8125,32.701388888888886,15.9,0.0,13.264583333333333,46.3,0.7000000000000001,8.742361111111112,1.6944444444444444,-1.2041666666666666,211.5965277777778,19.1875,-21.51388888888889,173716.375,25012060.0,-15.32638888888889,-3909509,63.479166666666664,67.125,65.50694444444444,41.40277777777778,44.02777777777778,28.34722222222222,42.354166666666664,33.888888888888886,21.069444444444443,-3.1,89.7,1.2833333333333334,1.8250000000000002,114.54166666666667,43.05555555555556,43.111111111111114,40.99305555555556,39.208333333333336,1042.1118055555555,0.9513888888888888,49.99930555555555,399.25,397.1875,398.59236111111113,883.8333333333334,902.4354166666667,869.4993055555556,2109.6,-45.9,43.74305555555556,0.5298611111111111,8.70625,157.22708333333333,-162.89166666666668,0.9,-251.7,6.540972222222222,1042.4881944444444,2000.0,0.0,157.00555555555556,-824.1618055555556,0.0,-1000.0,107.57013888888889,750.2625,1000.0,0.0,115.68402777777777,49.041666666666664,212.80069444444445,T06,2.8,21.2,9.84375,1.7080555555555557,2.7,21.7,9.895833333333334,1.8752083333333331,16.0,20.0,18.541666666666668,997.0,1007.0,1000.3958333333334,63.0,96.0,84.66666666666667,0.0,15.0,0.9930555555555556,0.0,193.86805555555554,194.93055555555554,400.375,,0
2016-10-13 00:00:00+00:00,1691.6,0.0,819.7387596899225,66.6217054263566,37.82945736434109,47.604651162790695,47.82945736434109,45.906976744186046,31.6046511627907,45.7906976744186,47.65891472868217,27.68217054263566,15.0,0.0,7.190697674418605,17.9,0.4,4.398449612403101,0.8031007751937985,-2.1682170542635664,238.01162790697674,18.441860465116278,-489.5813953488372,44651.007751937985,5696824.0,-500.3720930232558,-1543515,46.5968992248062,49.41860465116279,47.04651162790697,35.69767441860465,37.201550387596896,27.589147286821706,36.93798449612403,25.573643410852714,20.372093023255815,-3.1,90.0,13.313178294573644,1.3573643410852714,72.59689922480621,36.44186046511628,36.48837209302326,34.651162790697676,34.68217054263566,264.9813953488372,0.8147286821705427,49.99767441860465,398.96046511627907,397.34263565891473,397.1294573643411,235.21550387596898,246.29147286821706,233.06899224806202,1875.4,-43.5,34.6124031007752,0.5875968992248062,4.431782945736434,75.96046511627907,-71.75193798449612,1001.1,-410.4,9.96124031007752,277.1488372093023,1902.5,0.0,78.6325581395349,-493.4558139534884,0.0,-1000.0,42.41395348837209,492.67596899224804,1000.0,0.0,44.27441860465116,35.12403100775194,262.50930232558136,T06,0.0,11.0,4.745138888888889,0.39819444444444446,0.0,11.0,4.735416666666667,0.405625,15.0,20.0,17.625,995.0,1001.0,997.2777777777778,65.0,98.0,82.38888888888889,0.0,9.0,0.5555555555555556,0.0,91.70138888888889,91.45833333333333,397.2013888888889,,0
2016-10-14 00:00:00+00:00,1640.3,0.0,1050.7291666666667,53.12430555555555,42.416666666666664,52.875,53.27777777777778,50.638888888888886,31.6875,45.986111111111114,49.63194444444444,29.13888888888889,14.5,0.0,9.265972222222222,17.0,0.4,4.488194444444444,0.7368055555555556,0.6798611111111114,277.9138888888889,18.97222222222222,-344.84027777777777,33051.055555555555,4709694.0,-399.40972222222223,-1821716,45.791666666666664,48.38194444444444,46.041666666666664,37.80555555555556,39.875,28.729166666666668,38.86805555555556,26.90277777777778,21.875,-3.1,68.9,4.404166666666667,0.9743055555555556,93.46527777777777,38.576388888888886,38.576388888888886,36.65972222222222,36.923611111111114,196.24791666666667,0.8034722222222223,49.99861111111111,398.44722222222225,396.68611111111113,396.2652777777778,180.81041666666667,197.81458333333333,182.9138888888889,1014.4,-49.5,37.666666666666664,0.4701388888888889,4.645833333333333,57.295833333333334,-75.94444444444444,1000.4,-967.2,18.268055555555556,200.22569444444446,1035.1,0.0,57.88333333333334,-614.9208333333333,0.0,-1000.0,109.25208333333333,614.9208333333333,1000.0,0.0,109.25208333333333,36.80555555555556,282.23125000000005,T06,0.3,9.7,4.810416666666667,0.3002777777777778,0.3,9.4,4.791666666666667,0.3015277777777778,16.0,20.0,17.993055555555557,1000.0,1006.0,1002.6597222222222,48.0,95.0,71.04166666666667,0.0,14.0,0.18055555555555555,0.0,92.95833333333333,92.65277777777777,402.65277777777777,,0
2016-10-15 00:00:00+00:00,1581.0,0.0,370.3590277777778,80.67986111111111,29.53472222222222,33.791666666666664,33.68055555555556,33.076388888888886,33.1875,38.09722222222222,39.138888888888886,27.17361111111111,14.0,0.0,2.897222222222222,10.4,0.4,2.6888888888888887,0.5111111111111112,-3.8784722222222223,119.4402777777778,18.666666666666668,-685.2152777777778,5534.583333333333,698312.0,-703.9166666666666,-412342,41.5,44.604166666666664,40.888888888888886,32.6875,34.46527777777778,28.680555555555557,33.111111111111114,23.416666666666668,22.194444444444443,-2.5,89.7,19.515972222222224,2.0277777777777777,41.06944444444444,32.895833333333336,32.90972222222222,31.743055555555557,31.270833333333332,29.09375,0.6972222222222223,49.99861111111111,398.9972222222222,397.48125000000005,395.9,36.5,42.760416666666664,39.75069444444445,738.3,-50.0,29.368055555555557,0.7993055555555556,2.722916666666667,14.345833333333335,-17.197222222222223,1000.1,-675.3,16.79861111111111,37.518055555555556,750.6,0.0,15.970833333333335,-114.98124999999999,0.0,-1000.0,30.984027777777776,114.98124999999999,1000.0,0.0,30.984027777777776,28.618055555555557,118.31597222222223,T06,0.0,9.3,2.51875,0.2640972222222222,0.0,9.1,2.495833333333333,0.27416666666666667,14.0,23.0,18.17361111111111,1005.0,1008.0,1006.4236111111111,42.0,80.0,66.63888888888889,0.0,0.0,0.0,0.0,46.96527777777778,46.47222222222222,406.34027777777777,,0
2016-10-16 00:00:00+00:00,1626.9,55.8,1051.8548611111112,56.95763888888889,42.5625,52.40277777777778,52.65277777777778,50.40277777777778,33.78472222222222,45.166666666666664,49.020833333333336,30.84722222222222,14.4,0.0,9.285416666666666,13.9,0.5,4.178472222222222,0.7000000000000001,-1.2687499999999998,105.37986111111111,20.979166666666668,-347.6875,21579.652777777777,3057405.0,-384.59027777777777,-1593154,45.854166666666664,48.53472222222222,45.736111111111114,37.75694444444444,40.083333333333336,30.444444444444443,38.895833333333336,28.631944444444443,23.854166666666668,-3.1,76.7,4.534722222222222,1.4701388888888889,87.5625,38.49305555555556,38.486111111111114,36.59027777777778,36.99305555555556,127.3951388888889,0.713888888888889,49.99930555555555,398.8076388888889,396.56666666666666,396.35,138.14999999999998,154.24166666666667,137.49444444444444,905.8,-50.3,37.298611111111114,0.5263888888888889,4.316666666666666,52.55625,-66.33611111111111,855.1,-913.5,45.78541666666667,133.15555555555557,926.3,0.0,52.93472222222223,-489.3131944444445,0.0,-1000.0,136.72916666666666,489.3131944444445,1000.0,0.0,136.72916666666666,38.104166666666664,106.65277777777777,T06,1.0,9.3,4.106944444444444,0.5058333333333334,1.1,9.6,4.103472222222222,0.510625,17.0,25.0,20.131944444444443,1007.0,1011.0,1008.7361111111111,56.0,85.0,71.17361111111111,0.0,0.0,0.0,0.0,79.00694444444444,78.875,408.69444444444446,,0
2016-10-17 00:00:00+00:00,1481.5,0.0,622.7256944444445,88.76527777777778,38.104166666666664,44.291666666666664,44.395833333333336,42.986111111111114,35.1875,42.701388888888886,44.77777777777778,30.729166666666668,13.2,0.0,5.399305555555555,12.1,0.4,3.0708333333333333,0.5013888888888889,0.41250000000000003,161.14027777777778,22.0625,-857.6875,5186.791666666667,623390.0,-955.7569444444445,-694453,45.548611111111114,48.44444444444444,45.6875,36.15972222222222,38.791666666666664,31.82638888888889,37.24305555555556,28.270833333333332,25.29861111111111,-2.3,89.7,14.328472222222224,2.6236111111111113,66.76388888888889,36.6875,36.729166666666664,34.833333333333336,35.75694444444444,25.961805555555557,0.6243055555555556,49.99861111111111,398.88472222222225,397.09722222222223,395.75069444444443,55.03263888888889,63.94166666666667,57.431250000000006,390.3,-50.1,35.15277777777778,0.8083333333333333,3.142361111111111,16.20486111111111,-28.993750000000002,1001.1,-717.1,47.14375,38.53333333333333,400.5,0.0,18.350694444444443,-152.70555555555555,0.0,-1000.0,64.8375,152.70555555555555,1000.0,0.0,64.8375,34.97222222222222,163.23125,T06,0.2,8.1,3.3777777777777778,0.2926388888888889,0.2,8.2,3.3784722222222223,0.2888888888888889,18.0,26.0,21.17361111111111,1011.0,1015.0,1013.3125,47.0,91.0,70.15277777777777,0.0,0.0,0.0,0.0,64.29166666666667,64.3125,413.25,,0
2016-10-18 00:00:00+00:00,1715.3,0.0,729.192361111111,63.5923611111111,41.27777777777778,50.59027777777778,50.770833333333336,49.0,38.97222222222222,44.69444444444444,47.30555555555556,32.47222222222222,15.2,0.0,6.323611111111111,17.9,0.4,3.879166666666667,0.61875,-5.088888888888889,101.69444444444444,23.895833333333332,-518.8055555555555,32522.534722222223,4608533.0,-520.3888888888889,-1060660,50.958333333333336,54.09027777777778,51.041666666666664,36.90972222222222,39.99305555555556,32.84027777777778,38.763888888888886,30.854166666666668,26.59722222222222,-3.2,89.7,13.433333333333334,1.7736111111111112,65.97916666666667,37.47222222222222,37.479166666666664,35.59027777777778,36.25,192.07291666666666,0.7527777777777778,50.0,399.11249999999995,397.49583333333334,396.7125,182.78541666666666,193.08402777777778,185.44791666666666,2102.1,-50.2,37.25694444444444,0.5763888888888888,3.941666666666667,46.724999999999994,-44.21041666666667,1000.1,-879.6,37.018055555555556,199.62708333333333,2000.0,0.0,47.96944444444445,-364.6652777777778,0.0,-1000.0,52.41388888888889,357.36319444444445,1000.0,0.0,57.270833333333336,38.8125,84.28333333333333,T06,0.6000000000000001,11.7,3.9854166666666666,0.30520833333333336,0.5,12.0,3.9909722222222226,0.31201388888888887,20.0,29.0,23.479166666666668,1013.0,1015.0,1013.8333333333334,41.0,82.0,58.27777777777778,0.0,0.0,0.0,0.0,76.45138888888889,76.60416666666667,413.8125,,0
2016-10-19 00:00:00+00:00,1690.1,0.0,1204.1791666666666,71.58472222222223,47.25,60.15277777777778,60.729166666666664,57.854166666666664,34.548611111111114,51.59027777777778,55.09722222222222,32.361111111111114,15.0,0.0,10.663194444444445,16.3,0.8,6.075694444444444,0.9298611111111111,2.4319444444444445,99.05208333333333,22.625,-120.97916666666667,67248.125,9666308.0,-100.27083333333333,-2561530,55.388888888888886,58.125,55.638888888888886,38.979166666666664,42.52777777777778,30.680555555555557,41.80555555555556,32.625,24.20138888888889,-3.2,89.7,10.397916666666667,0.9770833333333333,97.60416666666667,40.06944444444444,40.03472222222222,38.111111111111114,38.361111111111114,402.74375,0.9069444444444444,50.00069444444445,398.8979166666667,396.96458333333334,397.625,353.1951388888889,369.9236111111111,349.6222222222222,1625.4,-47.9,40.666666666666664,0.6298611111111111,6.195138888888889,98.02291666666666,-106.68819444444445,817.3,-937.8,17.219444444444445,440.22013888888887,1636.0,0.0,107.58263888888888,-783.9465277777778,0.0,-1000.0,41.325694444444444,783.8534722222222,1000.0,0.0,41.72430555555556,41.56944444444444,96.6263888888889,T06,1.3,10.7,6.219444444444445,0.6184027777777777,1.2,10.8,6.28125,0.6354861111111112,19.0,26.0,21.84027777777778,1008.0,1014.0,1011.0625,55.0,84.0,72.95138888888889,0.0,0.0,0.0,0.0,121.27777777777777,122.51388888888889,411.02777777777777,,0
2016-10-20 00:00:00+00:00,1651.2,0.0,896.5298611111111,82.81597222222223,42.326388888888886,50.53472222222222,50.861111111111114,48.65972222222222,35.78472222222222,45.951388888888886,48.958333333333336,31.25,14.6,0.0,7.876388888888889,12.8,0.4,4.0368055555555555,0.6694444444444445,-8.820138888888888,114.4034722222222,22.569444444444443,-599.2847222222222,24324.694444444445,3416467.0,-680.4652777777778,-1325587,48.27777777777778,51.25694444444444,48.5625,38.03472222222222,41.13194444444444,31.34722222222222,39.798611111111114,29.92361111111111,24.756944444444443,-3.0,89.7,8.027083333333334,2.211111111111111,84.75694444444444,38.673611111111114,38.68055555555556,36.75,37.458333333333336,142.36111111111111,0.7319444444444445,50.00069444444445,399.0173611111111,397.3152777777778,396.4326388888889,145.85069444444446,160.24444444444444,149.32638888888889,1041.1,-50.4,38.548611111111114,0.7423611111111111,4.152083333333334,39.87847222222222,-55.22638888888889,1000.2,-935.5,42.425,149.85902777777778,1062.2,0.0,40.736805555555556,-442.82708333333335,0.0,-1000.0,75.75277777777778,442.82708333333335,1000.0,0.0,75.75277777777778,37.21527777777778,110.73819444444445,T06,0.0,10.1,4.356944444444444,0.24777777777777776,0.0,10.1,4.375694444444445,0.25493055555555555,19.0,25.0,21.541666666666668,1004.0,1009.0,1006.0277777777778,59.0,90.0,77.20138888888889,0.0,0.0,0.0,0.0,83.81944444444444,84.20138888888889,405.97222222222223,,0
2016-10-21 00:00:00+00:00,1600.7,0.0,528.8055555555555,42.513194444444444,35.541666666666664,41.4375,41.40972222222222,40.375,36.5,41.81944444444444,42.395833333333336,29.868055555555557,14.2,0.0,4.420833333333333,12.1,0.4,2.857638888888889,0.5270833333333333,-18.19861111111111,135.49374999999998,21.354166666666668,-605.0208333333334,10075.722222222223,1363780.0,-620.8541666666666,-846269,45.19444444444444,48.52777777777778,45.02777777777778,35.166666666666664,37.49305555555556,31.59722222222222,36.75,26.84027777777778,24.708333333333332,-2.5,86.1,14.759722222222223,1.0784722222222223,57.81944444444444,35.59722222222222,35.645833333333336,33.75694444444444,34.43055555555556,56.81180555555555,0.7215277777777778,49.99930555555555,398.7291666666667,397.3097222222222,395.93888888888887,63.59930555555555,72.48611111111111,65.9701388888889,765.4,-50.1,33.854166666666664,0.37222222222222223,2.9222222222222225,31.57013888888889,-35.256249999999994,948.9,-546.3,15.070138888888888,62.235416666666666,783.1,0.0,30.239583333333332,-242.91041666666666,0.0,-1000.0,88.78958333333334,242.91041666666666,1000.0,0.0,88.78958333333334,33.326388888888886,151.20277777777778,T06,0.0,9.5,3.2027777777777775,0.29750000000000004,0.3,9.8,3.097916666666667,0.37729166666666664,18.0,24.0,20.32638888888889,1003.0,1005.0,1004.25,56.0,93.0,81.93055555555556,0.0,0.0,0.0,0.0,60.638888888888886,58.520833333333336,404.15972222222223,,0
2016-10-22 00:00:00+00:00,1795.4,0.0,1380.6340277777776,92.38125,52.46527777777778,66.32638888888889,67.34027777777777,62.80555555555556,35.90972222222222,50.00694444444444,55.27777777777778,31.11111111111111,15.7,0.0,12.21736111111111,23.5,0.4,6.590277777777778,1.38125,1.3250000000000002,177.72361111111113,20.32638888888889,-85.15277777777777,108428.54166666667,15601447.0,-67.79166666666667,-3256722,58.923611111111114,61.93055555555556,58.93055555555556,39.8125,41.96527777777778,30.131944444444443,40.78472222222222,30.47222222222222,23.083333333333332,-3.1,89.7,0.22083333333333327,1.6229166666666668,101.85416666666667,41.104166666666664,41.125,39.11805555555556,38.416666666666664,650.0180555555556,0.9034722222222222,49.99930555555555,398.47291666666666,396.4625,397.2319444444445,560.4124999999999,578.2722222222222,553.5881944444444,2107.5,-49.6,40.6875,0.8180555555555555,6.741666666666666,194.63958333333332,-135.70277777777778,1001.3,-341.6,14.159722222222221,650.8840277777778,2000.0,0.0,194.44791666666666,-824.567361111111,0.0,-1000.0,114.57847222222222,796.2097222222222,1000.0,0.0,132.7736111111111,44.34027777777778,176.4034722222222,T06,1.7000000000000002,18.2,8.065972222222221,1.3624305555555556,1.4,18.5,7.704861111111111,1.7834722222222221,18.0,22.0,19.4375,1000.0,1005.0,1002.2916666666666,77.0,96.0,89.02777777777777,0.0,9.0,0.1527777777777778,0.0,158.34027777777777,151.08333333333334,402.2291666666667,,0
2016-10-23 00:00:00+00:00,1794.0,0.0,1045.6979166666667,56.608333333333334,53.78472222222222,71.63888888888889,72.74305555555556,66.53472222222223,38.208333333333336,48.395833333333336,52.458333333333336,31.25,15.8,0.0,9.186805555555557,26.2,0.4,6.4006944444444445,1.2625000000000002,4.445833333333334,181.3513888888889,18.65277777777778,-582.8263888888889,126214.65277777778,18090985.0,-605.6805555555555,-2618956,58.916666666666664,62.46527777777778,60.86805555555556,39.166666666666664,41.451388888888886,27.875,39.416666666666664,31.694444444444443,20.805555555555557,-2.7,89.7,8.496527777777779,2.220833333333333,92.26388888888889,40.40277777777778,40.451388888888886,38.47222222222222,37.375,753.7222222222222,0.8222222222222223,49.99930555555555,398.85833333333335,397.11041666666665,396.61319444444445,647.6020833333333,664.5506944444445,644.0486111111111,2109.6,-49.1,39.326388888888886,0.5069444444444444,6.384722222222222,126.3111111111111,-109.10069444444444,1000.9,-1000.1,21.454166666666666,758.5055555555556,2000.0,0.0,124.62291666666667,-485.7819444444445,0.0,-1000.0,109.91805555555555,419.9909722222222,1000.0,0.0,121.45972222222223,44.43055555555556,204.41597222222222,T06,0.0,20.2,6.718055555555555,1.2647222222222223,0.0,20.3,6.65625,1.4130555555555555,14.0,21.0,17.618055555555557,998.0,1002.0,1000.5347222222222,80.0,98.0,93.96527777777777,0.0,37.0,1.2916666666666667,0.0,131.11111111111111,129.97222222222223,400.43055555555554,,0
2016-10-24 00:00:00+00:00,1666.8,0.0,829.8805555555556,111.29861111111111,41.576388888888886,47.9375,48.236111111111114,46.28472222222222,32.71527777777778,43.548611111111114,46.729166666666664,29.04861111111111,14.8,0.0,7.245138888888889,12.4,0.4,3.6430555555555557,0.7083333333333334,-3.786805555555556,130.7215277777778,18.833333333333332,-626.7708333333334,16650.319444444445,2307392.0,-756.5486111111111,-1108997,43.09722222222222,46.166666666666664,42.84027777777778,37.145833333333336,37.90277777777778,28.40972222222222,36.71527777777778,26.270833333333332,21.618055555555557,-2.7,85.6,9.265972222222222,2.798611111111111,75.55555555555556,37.701388888888886,37.72222222222222,35.833333333333336,36.458333333333336,96.12152777777777,0.6798611111111111,50.0,398.4888888888889,397.06319444444443,396.1645833333333,111.64722222222223,121.56458333333333,114.48611111111111,1116.1,-50.1,34.36805555555556,1.0138888888888888,3.7645833333333334,45.10138888888889,-46.19583333333333,1000.8,-832.7,53.47013888888889,105.47152777777778,1139.7,0.0,45.68819444444445,-342.09166666666664,0.0,-1000.0,120.12152777777777,342.09166666666664,1000.0,0.0,120.12152777777777,35.513888888888886,137.01736111111111,T06,0.4,8.9,3.53125,0.47236111111111106,0.4,8.7,3.4847222222222225,0.4945138888888889,13.0,22.0,17.868055555555557,999.0,1003.0,1001.1805555555555,70.0,97.0,84.84722222222223,0.0,7.0,0.3125,0.0,67.30555555555556,66.39583333333333,401.1041666666667,,0
2016-10-25 00:00:00+00:00,1685.6,0.0,842.3263888888889,73.6861111111111,43.96527777777778,50.52777777777778,50.75,48.90277777777778,34.951388888888886,45.541666666666664,48.5625,31.520833333333332,14.9,0.0,7.372222222222222,14.5,0.4,3.827777777777778,0.6159722222222223,1.727083333333333,93.04027777777777,22.645833333333332,-714.4305555555555,22618.694444444445,3154215.0,-747.8958333333334,-1240347,47.61805555555556,50.604166666666664,47.71527777777778,37.75,40.40277777777778,30.9375,38.923611111111114,29.868055555555557,24.4375,-3.1,84.5,9.475000000000001,1.6729166666666666,76.83333333333333,38.375,38.416666666666664,36.479166666666664,37.22222222222222,131.44305555555556,0.713888888888889,50.00138888888889,398.3381944444444,396.83680555555554,395.92083333333335,137.54861111111111,149.90833333333333,140.4138888888889,1436.2,-50.2,37.645833333333336,0.6868055555555556,3.938888888888889,41.67777777777778,-51.668055555555554,1001.3,-838.7,37.09097222222223,138.60555555555555,1475.3,0.0,42.20763888888889,-376.36527777777775,0.0,-1000.0,78.90694444444445,376.3645833333333,1000.0,0.0,78.92430555555556,38.083333333333336,91.30208333333333,T06,0.0,9.5,4.115277777777778,0.38083333333333336,0.0,10.0,4.142361111111111,0.3877083333333333,19.0,26.0,22.15277777777778,1003.0,1010.0,1005.9930555555555,53.0,85.0,67.66666666666667,0.0,0.0,0.0,0.0,79.04166666666667,79.53472222222223,405.9513888888889,,0
2016-10-26 00:00:00+00:00,1738.2,0.0,1478.6750000000002,57.893750000000004,55.09027777777778,70.83333333333333,71.84027777777777,66.9375,36.75,53.34722222222222,58.826388888888886,34.638888888888886,15.4,0.0,13.09513888888889,21.7,0.8,7.270833333333333,1.1125,-0.15763888888888894,83.98541666666667,24.395833333333332,-51.90972222222222,128243.84722222222,18459640.0,-38.56944444444444,-3262391,65.74305555555556,68.47916666666667,66.42361111111111,40.076388888888886,44.55555555555556,31.875,42.979166666666664,36.979166666666664,25.416666666666668,-3.3,89.7,-0.7500000000000001,0.7680555555555556,107.89583333333333,41.59722222222222,41.65972222222222,39.63194444444444,38.75,769.213888888889,0.9645833333333333,50.00069444444445,398.87569444444443,397.15972222222223,397.75416666666666,651.4090277777777,671.1256944444444,648.7395833333334,2103.4,-46.4,43.020833333333336,0.5111111111111112,7.388888888888889,149.89236111111111,-135.93055555555554,5.8,-211.3,7.404861111111111,771.067361111111,2000.0,0.0,150.58749999999998,-936.9569444444444,0.0,-1000.0,49.65416666666667,913.1875,1000.0,0.0,64.89236111111111,48.9375,84.14166666666667,T06,1.7000000000000002,13.6,7.489583333333333,0.64875,1.5,13.5,7.5249999999999995,0.6561805555555555,21.0,27.0,23.631944444444443,1009.0,1014.0,1011.0486111111111,55.0,75.0,69.1875,0.0,0.0,0.0,0.0,146.56944444444446,147.43055555555554,411.0138888888889,,0
2016-10-27 00:00:00+00:00,1821.0,1233.9,1660.4009523809525,27.526666666666667,75.41904761904762,114.70476190476191,117.00952380952381,103.51428571428572,42.8,53.8,62.2952380952381,38.57142857142857,16.0,10.9,14.713333333333335,33.6,1.6,13.310476190476189,2.182857142857143,1.6866666666666665,100.09619047619049,23.952380952380953,0.0,302872.81904761906,31801646.0,0.0,-3526179,82.73333333333333,86.46666666666667,85.47619047619048,45.94285714285714,50.36190476190476,32.49523809523809,48.266666666666666,45.39047619047619,25.723809523809525,-2.8,21.9,6.5304761904761905,2.0514285714285716,129.0952380952381,48.114285714285714,48.19047619047619,45.99047619047619,42.6,1817.3333333333333,0.998095238095238,50.00190476190476,399.267619047619,397.5342857142857,399.47428571428577,1532.4161904761906,1542.2590476190478,1506.3819047619047,2106.9,191.5,51.94285714285714,0.22952380952380955,12.91047619047619,78.26285714285714,-201.4904761904762,-85.8,-232.7,3.799047619047619,1815.5990476190475,2000.0,190.0,76.21619047619048,-676.9466666666666,-583.3,-1000.0,52.96,513.9057142857142,1000.0,406.1,51.75333333333334,62.36190476190476,98.4095238095238,T06,2.5,23.5,11.933333333333334,1.7135416666666667,2.8,23.8,12.0125,1.7533333333333332,21.0,25.0,23.03472222222222,1011.0,1015.0,1013.1666666666666,55.0,83.0,69.00694444444444,0.0,0.0,0.0,0.0,235.73611111111111,237.38194444444446,413.1458333333333,,0
2016-10-28 00:00:00+00:00,124.4,0.0,26.81785714285714,13.08095238095238,34.083333333333336,42.642857142857146,42.20238095238095,42.095238095238095,37.083333333333336,38.476190476190474,34.714285714285715,30.285714285714285,0.0,0.0,0.0,27.4,0.8,11.880952380952381,2.2142857142857144,-0.06428571428571421,112.06547619047619,23.321428571428573,-352.3095238095238,3646.8690476190477,276744.0,-665.7738095238095,-88900,39.45238095238095,40.892857142857146,39.19047619047619,33.88095238095238,34.86904761904762,27.428571428571427,36.892857142857146,27.297619047619047,24.011904761904763,0.0,90.0,89.69642857142857,0.06071428571428571,28.071428571428573,34.07142857142857,33.30952380952381,31.107142857142858,33.01190476190476,-2.1357142857142857,0.4011904761904762,50.00238095238095,401.5797619047619,399.41190476190474,401.33571428571423,2.020238095238095,5.041666666666667,4.994047619047619,-1.2,-26.4,30.714285714285715,0.0,11.859523809523811,3.255952380952381,-4.029761904761905,-1.8,-28.9,2.9345238095238093,1698.984523809524,2000.0,0.0,243.48809523809524,0.0,0.0,0.0,0.0,0.0,0.0,0.0,0.0,35.285714285714285,112.12380952380951,T06,3.0,24.3,12.765972222222222,2.5368055555555555,2.9,24.1,12.841666666666667,2.567430555555555,20.0,24.0,22.09027777777778,1014.0,1018.0,1016.1805555555555,48.0,79.0,66.54861111111111,0.0,0.0,0.0,0.0,252.47916666666666,254.01388888888889,416.1111111111111,,0
2016-10-29 00:00:00+00:00,121.5,0.0,29.456944444444446,13.575,27.708333333333332,30.506944444444443,30.319444444444443,30.28472222222222,37.486111111111114,32.22222222222222,30.71527777777778,28.416666666666668,0.0,0.0,0.0,28.1,1.8,13.40625,2.339583333333333,-0.8402777777777777,105.90972222222223,21.631944444444443,-337.11805555555554,0.0,-48545.0,-637.5069444444445,-91801,44.895833333333336,47.479166666666664,44.263888888888886,33.0625,34.0,25.90972222222222,35.923611111111114,25.3125,22.15972222222222,89.7,89.7,89.7,0.0,26.53472222222222,33.34722222222222,32.88194444444444,30.46527777777778,32.11805555555556,-2.021527777777778,0.4,50.0,401.7875,399.62916666666666,401.52986111111113,1.8194444444444444,4.827083333333333,4.802777777777778,-1.3,-25.2,29.96527777777778,0.0,13.40625,3.1680555555555556,-3.823611111111111,-3.0,-28.4,2.647222222222222,1907.017361111111,2000.0,337.3,116.84166666666667,0.0,0.0,0.0,0.0,0.0,0.0,0.0,0.0,27.916666666666668,106.74652777777777,T06,5.3,22.0,13.219444444444443,1.8672916666666666,5.5,22.0,13.295833333333333,1.8987500000000002,19.0,23.0,20.71527777777778,1013.0,1016.0,1014.8680555555555,53.0,75.0,65.59027777777777,0.0,0.0,0.0,0.0,261.40277777777777,262.9791666666667,414.8333333333333,,0
2016-10-30 00:00:00+00:00,82.1,0.0,19.432666666666666,9.602,24.54,25.393333333333334,25.313333333333333,25.253333333333334,36.96,28.473333333333333,27.64,28.19333333333333,0.0,0.0,0.0,22.2,0.8,8.944666666666667,1.4906666666666666,-0.6333333333333333,103.63933333333333,20.626666666666665,-339.24666666666667,0.0,-50887.0,-641.86,-96279,44.413333333333334,47.833333333333336,44.0,32.67333333333333,33.60666666666667,25.12,35.346666666666664,24.173333333333332,21.1,89.6,89.7,89.7,0.0,25.666666666666668,32.82666666666667,32.32666666666667,29.866666666666667,31.586666666666666,-2.0340000000000003,0.4,49.99933333333333,401.02933333333334,398.944,400.07,1.864,4.868,4.832666666666666,-1.3,-26.1,29.22,0.0,8.946,3.1373333333333333,-3.8526666666666665,-2.9,-29.5,2.6826666666666665,1160.6313333333335,2000.0,47.8,245.938,0.0,0.0,0.0,0.0,0.0,0.0,0.0,0.0,24.906666666666666,104.27133333333335,T06,1.8,14.7,9.060416666666667,0.8703472222222222,1.6,15.0,9.13888888888889,0.8811805555555555,18.0,23.0,19.631944444444443,1010.0,1014.0,1011.2777777777778,44.0,78.0,66.86111111111111,0.0,0.0,0.0,0.0,178.14583333333334,179.70833333333334,411.1875,,0
2016-10-31 00:00:00+00:00,83.7,0.0,19.294444444444444,9.285416666666666,23.92361111111111,24.229166666666668,24.17361111111111,24.125,36.84027777777778,27.26388888888889,27.0,27.9375,0.0,0.0,0.0,21.5,1.8,9.287500000000001,1.4965277777777777,-1.1486111111111112,108.23194444444444,20.583333333333332,-349.2638888888889,0.0,-50294.0,-636.6805555555555,-91681,44.49305555555556,47.763888888888886,43.88194444444444,32.5,33.541666666666664,24.729166666666668,35.291666666666664,24.59722222222222,20.895833333333332,89.6,89.7,89.7,0.0,25.5,32.77777777777778,32.395833333333336,29.875,31.569444444444443,-2.0951388888888887,0.4173611111111111,50.00208333333333,401.10833333333335,398.75347222222223,401.06597222222223,1.8916666666666668,5.016666666666667,4.790277777777778,-1.3,-25.4,29.131944444444443,0.0,9.287500000000001,3.1180555555555554,-3.8215277777777774,-2.7,-29.9,2.557638888888889,1284.7201388888889,2000.0,159.1,261.03472222222223,0.0,0.0,0.0,0.0,0.0,0.0,0.0,0.0,24.40972222222222,109.36805555555556,T06,3.9,16.8,10.175,1.095902777777778,4.0,17.3,10.243055555555555,1.1094444444444445,18.0,23.0,19.583333333333332,1009.0,1012.0,1010.3819444444445,49.0,77.0,65.20833333333333,0.0,0.0,0.0,0.0,200.59722222222223,201.9375,410.30555555555554,,0
2016-11-01 00:00:00+00:00,80.1,0.0,17.50625,9.463888888888889,23.881944444444443,24.20138888888889,24.180555555555557,24.083333333333332,37.395833333333336,27.01388888888889,26.555555555555557,28.76388888888889,0.0,0.0,0.0,17.6,1.1,7.89513888888889,1.3215277777777779,0.2979166666666667,114.14722222222223,21.229166666666668,-343.3888888888889,0.0,-49447.0,-649.2569444444445,-93493,45.05555555555556,48.423611111111114,44.270833333333336,32.88194444444444,33.888888888888886,25.32638888888889,36.02777777777778,26.270833333333332,21.375,89.6,89.7,89.7,0.0,26.02777777777778,33.201388888888886,32.72222222222222,30.54861111111111,31.958333333333332,-2.058333333333333,0.4,50.00069444444445,400.8125,398.6340277777778,400.6513888888889,1.8861111111111113,4.893055555555556,4.863194444444444,-1.3,-25.7,29.84027777777778,0.0,7.893750000000001,3.1805555555555554,-3.900694444444445,-2.9,-29.2,2.7347222222222225,932.998611111111,2000.0,0.0,257.65277777777777,0.0,0.0,0.0,0.0,0.0,0.0,0.0,0.0,24.381944444444443,113.8409722222222,T06,1.9,15.9,8.521527777777777,1.7574305555555556,2.1,16.2,8.58125,1.751111111111111,18.0,24.0,20.21527777777778,1011.0,1014.0,1012.7222222222222,57.0,80.0,69.41666666666667,0.0,1.0,0.006944444444444444,0.0,167.36805555555554,168.68055555555554,412.625,,0
2016-11-02 00:00:00+00:00,48.6,0.0,4.5183908045977015,3.901149425287356,57.03448275862069,57.94252873563219,57.91954022988506,57.86206896551724,38.758620689655174,27.873563218390803,27.0,29.528735632183906,0.0,0.0,0.0,8.9,0.4,4.433333333333334,0.5482758620689655,-43.628735632183904,106.97471264367815,21.379310344827587,-399.0344827586207,0.0,-34716.0,-679.448275862069,-59112,45.7816091954023,48.804597701149426,44.747126436781606,33.67816091954023,34.839080459770116,25.126436781609197,36.3448275862069,26.402298850574713,21.310344827586206,0.0,90.0,89.4264367816092,0.08160919540229884,26.586206896551722,34.0,33.195402298850574,31.0,33.0,-2.3793103448275863,0.44942528735632187,50.0,399.7459770114943,397.7149425287356,398.27356321839085,2.2873563218390807,5.528735632183908,4.985057471264367,-1.3,-25.2,30.310344827586206,0.0,4.428735632183908,3.1586206896551725,-4.068965517241379,-1.9,-26.5,2.75632183908046,147.18045977011496,702.9,0.0,48.909195402298856,0.0,0.0,0.0,0.0,0.0,0.0,0.0,0.0,57.770114942528735,150.6057471264368,T06,0.4,7.8,4.029166666666667,0.2889583333333333,0.4,8.1,4.040277777777778,0.29583333333333334,18.0,26.0,21.09722222222222,1011.0,1014.0,1011.9930555555555,44.0,82.0,66.89583333333333,0.0,0.0,0.0,0.0,77.27777777777777,77.53472222222223,411.9375,,0
2016-11-03 00:00:00+00:00,0.0,0.0,0.0,0.0,205.0,205.0,205.0,205.0,25.0,25.818181818181817,25.0,24.318181818181817,0.0,0.0,0.0,0.4,0.4,0.4,0.0,0.0,282.1,22.681818181818183,-152.9090909090909,0.0,-3364.0,-283.5,-6237,28.863636363636363,29.181818181818183,28.181818181818183,29.318181818181817,28.181818181818183,23.59090909090909,31.59090909090909,26.0,20.772727272727273,0.0,90.0,89.98181818181818,0.2863636363636364,25.0,29.363636363636363,29.181818181818183,29.0,27.045454545454547,-0.9,0.5,49.99090909090909,399.34090909090907,397.62272727272733,397.17727272727274,1.0,2.0,2.0,-0.9,-0.9,25.045454545454547,0.0,0.0,0.0,-1.7000000000000002,-1.6,-1.8,0.0,0.0,0.0,0.0,0.0,0.0,0.0,0.0,0.0,0.0,0.0,0.0,0.0,205.0,282.1,T06,0.6000000000000001,8.8,4.404861111111111,0.34486111111111106,0.6000000000000001,8.6,4.446527777777778,0.3488888888888889,19.0,26.0,22.09722222222222,1007.0,1012.0,1009.0486111111111,44.0,67.0,54.99305555555556,0.0,1.0,0.013888888888888888,0.0,84.88888888888889,85.64583333333333,408.99305555555554,,0
2016-11-04 00:00:00+00:00,1639.8,0.0,267.3658914728682,35.788372093023256,103.95348837209302,102.4108527131783,102.6124031007752,102.66666666666667,27.286821705426355,28.728682170542637,29.387596899224807,26.03875968992248,14.5,0.0,2.3403100775193795,11.4,0.4,1.62015503875969,0.3054263565891473,-2.365891472868217,252.19922480620156,21.96124031007752,-299.3178294573643,3887.1162790697676,462827.0,-348.5736434108527,-258171,40.69767441860465,43.15503875968992,39.96124031007752,33.054263565891475,32.64341085271318,25.906976744186046,34.23255813953488,25.550387596899224,21.45736434108527,-2.4,90.0,65.03488372093024,1.6635658914728682,36.30232558139535,33.4031007751938,32.83720930232558,31.186046511627907,31.837209302325583,21.549612403100777,0.6178294573643411,49.999224806201546,398.9124031007752,397.3666666666667,396.5573643410853,27.09922480620155,31.227906976744187,27.843410852713177,1006.3,-50.2,29.488372093023255,0.3186046511627907,1.3922480620155038,17.388372093023253,-11.950387596899224,1001.9,-559.6,13.81937984496124,31.10387596899225,1272.9,0.0,22.069767441860463,-89.33178294573644,0.0,-1000.0,52.68449612403101,89.33178294573644,1000.0,0.0,52.68449612403101,104.81395348837209,254.56821705426358,T06,0.0,11.4,4.575694444444444,0.4160416666666667,0.0,11.2,4.529861111111111,0.4900694444444445,19.0,25.0,21.21527777777778,1008.0,1011.0,1008.5,44.0,76.0,60.02777777777778,0.0,1.0,0.020833333333333332,0.0,88.3125,87.40972222222223,408.47222222222223,,0
2016-11-05 00:00:00+00:00,1789.5,111.3,1358.3229166666667,98.39722222222223,45.604166666666664,61.458333333333336,62.31944444444444,62.333333333333336,32.979166666666664,50.145833333333336,54.638888888888886,29.493055555555557,15.8,0.0,12.027083333333334,22.0,0.4,6.090972222222223,1.1958333333333335,-0.9305555555555556,219.44375000000002,19.5,-173.5625,86706.05555555556,12460678.0,-142.68055555555554,-3053756,55.1875,58.30555555555556,55.0625,39.15277777777778,41.25,28.34027777777778,40.638888888888886,29.1875,20.78472222222222,-3.3,54.9,-0.24236111111111114,1.4097222222222223,101.91666666666667,40.479166666666664,40.50694444444444,38.55555555555556,38.076388888888886,519.1541666666667,0.8972222222222224,50.00069444444445,398.4826388888889,396.39374999999995,396.25208333333336,445.86527777777775,472.9694444444445,451.1923611111111,2106.6,-50.3,40.36805555555556,0.8784722222222222,6.315972222222222,165.4972222222222,-127.2298611111111,999.5,-559.4,15.549305555555556,521.3104166666667,2000.0,0.0,165.04583333333332,-813.7361111111111,0.0,-1000.0,101.08611111111111,803.4784722222222,1000.0,0.0,112.00486111111111,44.94444444444444,220.37986111111113,T06,2.6,16.5,7.746527777777778,0.9621527777777779,2.5,16.5,7.763194444444445,1.0381944444444444,15.0,21.0,18.569444444444443,1004.0,1009.0,1006.2638888888889,74.0,95.0,87.09027777777777,0.0,44.0,0.6666666666666666,0.0,151.84722222222223,152.1875,406.1736111111111,,0
2016-11-06 00:00:00+00:00,1647.4,0.0,860.0728571428572,87.11285714285714,35.97142857142857,48.542857142857144,49.65,49.72142857142857,30.392857142857142,44.82142857142857,47.635714285714286,27.15714285714286,14.6,0.0,7.540714285714286,12.9,0.4,4.087857142857143,0.7292857142857143,-0.7021428571428571,311.4264285714286,15.185714285714285,-528.25,22726.60714285714,3107769.0,-580.2428571428571,-1265811,43.75,46.72142857142857,43.22857142857143,35.864285714285714,36.98571428571429,24.557142857142857,35.77142857142857,23.62142857142857,17.571428571428573,-2.7,90.0,12.620714285714286,2.5507142857142857,80.11428571428571,36.357142857142854,35.614285714285714,34.607142857142854,34.72142857142857,133.12785714285715,0.7514285714285714,50.00071428571429,398.9835714285714,397.1221428571428,396.30642857142857,127.23571428571428,143.67857142857142,131.9592857142857,953.1,-50.0,33.94285714285714,0.8214285714285714,4.222142857142857,45.40785714285715,-54.29071428571429,1000.6,-813.8,22.042857142857144,147.62,975.3,0.0,49.864285714285714,-446.7264285714285,0.0,-1000.0,81.45928571428573,446.7264285714285,1000.0,0.0,81.45928571428573,34.542857142857144,317.275,T06,1.5,9.1,5.030555555555555,0.29041666666666666,1.5,9.0,4.961111111111111,0.288125,11.0,17.0,14.194444444444445,1005.0,1009.0,1006.7361111111111,46.0,93.0,67.4375,0.0,3.0,0.04861111111111111,0.0,97.32638888888889,95.97916666666667,406.6875,,0
2016-11-07 00:00:00+00:00,1696.6,0.0,890.5097222222222,96.5,35.05555555555556,48.19444444444444,48.861111111111114,49.25,28.180555555555557,44.541666666666664,47.90277777777778,24.6875,15.0,0.0,7.828472222222222,18.9,0.4,4.669444444444444,0.8590277777777778,0.8916666666666669,307.62083333333334,13.527777777777779,-403.5486111111111,40576.95138888889,5784969.0,-407.80555555555554,-1491217,42.9375,46.11805555555556,42.458333333333336,33.25,34.111111111111114,22.631944444444443,33.173611111111114,22.819444444444443,15.368055555555555,-3.1,89.7,15.189583333333335,2.439583333333333,69.63194444444444,34.11805555555556,32.458333333333336,32.52777777777778,31.625,241.09236111111113,0.7715277777777778,50.00069444444445,398.6506944444444,396.9423611111111,396.8361111111111,221.85694444444445,232.43402777777777,221.68402777777777,2037.1,-50.1,31.02777777777778,0.8833333333333333,4.791666666666667,61.416666666666664,-62.15833333333333,999.3,-983.8,29.040277777777778,278.41805555555555,2000.0,0.0,77.11180555555556,-416.06944444444446,0.0,-1000.0,52.58888888888889,414.4909722222222,1000.0,0.0,54.89791666666667,43.416666666666664,321.7326388888889,T06,0.4,11.6,5.6930555555555555,0.3958333333333333,0.4,11.4,5.628472222222222,0.39375000000000004,8.0,16.0,12.541666666666666,1005.0,1011.0,1007.4861111111111,37.0,78.0,56.84722222222222,0.0,0.0,0.0,0.0,110.70833333333333,109.19444444444444,407.4375,,0
2016-11-08 00:00:00+00:00,1516.6,0.0,669.4138888888889,55.53194444444445,31.118055555555557,41.34722222222222,42.19444444444444,42.451388888888886,27.32638888888889,41.43055555555556,43.583333333333336,24.04861111111111,13.4,0.0,5.709722222222222,17.8,0.4,3.254861111111111,0.625,-4.642361111111111,291.5284722222222,13.194444444444445,-503.1666666666667,12308.645833333334,1699994.0,-549.0347222222222,-951233,37.90972222222222,40.96527777777778,37.63194444444444,33.166666666666664,33.80555555555556,22.145833333333332,32.291666666666664,20.145833333333332,15.104166666666666,-2.5,89.7,14.067361111111111,2.173611111111111,65.74305555555556,33.59722222222222,32.3125,32.361111111111114,30.895833333333332,70.8375,0.7354166666666667,50.00069444444445,398.9548611111111,397.6486111111111,396.0520833333333,71.54791666666667,83.73888888888888,76.05416666666666,660.6,-50.2,29.604166666666668,0.5083333333333333,3.384027777777778,29.634027777777778,-39.63055555555556,1000.6,-781.9,13.051388888888889,79.7548611111111,673.3,0.0,29.84791666666667,-302.4916666666667,0.0,-1000.0,88.88402777777777,302.4916666666667,1000.0,0.0,88.88402777777777,33.666666666666664,308.6763888888889,T06,0.5,9.0,4.354861111111111,0.20409722222222224,0.4,9.1,4.285416666666666,0.2025,9.0,16.0,12.36111111111111,1011.0,1020.0,1016.2083333333334,37.0,63.0,53.78472222222222,0.0,0.0,0.0,0.0,83.90972222222223,82.52083333333333,416.125,,0
2016-11-09 00:00:00+00:00,1680.3,0.0,768.9513888888889,59.27013888888889,32.333333333333336,44.041666666666664,44.763888888888886,45.13194444444444,28.541666666666668,41.513888888888886,43.701388888888886,25.09027777777778,14.9,0.0,6.698611111111111,15.7,0.4,3.7958333333333334,0.6979166666666666,16.966666666666665,236.57638888888889,15.868055555555555,-372.05555555555554,29756.61111111111,4231378.0,-352.7986111111111,-1387650,40.166666666666664,43.3125,39.90972222222222,34.30555555555556,34.548611111111114,24.041666666666668,33.270833333333336,22.208333333333332,17.29861111111111,-3.1,86.1,10.759722222222223,1.0229166666666667,64.22222222222223,34.888888888888886,33.81944444444444,33.798611111111114,32.138888888888886,176.32777777777778,0.7722222222222223,49.99722222222223,398.3013888888889,396.86805555555554,395.4736111111111,161.01875,174.86319444444445,165.48055555555555,1537.1,-48.0,30.22222222222222,0.5194444444444444,3.959027777777778,60.41597222222222,-57.822916666666664,1000.2,-613.0,16.169444444444444,181.9347222222222,1572.5,0.0,60.4986111111111,-415.39652777777775,0.0,-1000.0,57.31944444444444,415.38680555555555,1000.0,0.0,57.395833333333336,35.479166666666664,259.6069444444445,T06,0.0,12.5,4.511111111111111,0.31527777777777777,0.0,12.3,4.509722222222222,0.3219444444444444,12.0,18.0,15.3125,1018.0,1021.0,1019.1875,50.0,89.0,67.65972222222223,0.0,0.0,0.0,0.0,86.99305555555556,87.04166666666667,419.125,,0
2016-11-10 00:00:00+00:00,1710.3,0.0,1102.6527777777778,65.13749999999999,38.611111111111114,53.75694444444444,55.25,55.09722222222222,29.305555555555557,45.97222222222222,50.00694444444444,27.15972222222222,15.2,0.0,9.758333333333333,19.3,0.4,4.757638888888889,0.7902777777777777,0.5708333333333333,310.8909722222222,16.34722222222222,-261.22222222222223,39343.805555555555,5627892.0,-285.625,-1871569,44.854166666666664,47.84027777777778,44.9375,38.02777777777778,38.36805555555556,25.520833333333332,37.395833333333336,24.770833333333332,18.125,-3.1,89.7,5.205555555555556,1.6194444444444445,93.30555555555556,38.826388888888886,36.888888888888886,36.895833333333336,37.0,234.4763888888889,0.8083333333333333,49.99791666666667,398.89652777777775,397.2083333333333,396.71180555555554,212.8777777777778,230.91875000000002,215.86458333333334,2100.7,-44.9,36.388888888888886,0.5847222222222223,4.947916666666667,69.36805555555556,-77.90416666666667,1001.6,-615.3,23.821527777777778,239.9263888888889,2000.0,0.0,70.2486111111111,-636.4055555555556,0.0,-1000.0,93.53333333333333,635.6965277777778,1000.0,0.0,94.23680555555556,37.111111111111114,312.8229166666667,T06,1.8,10.9,5.592361111111111,0.29270833333333335,1.8,11.0,5.520833333333333,0.2923611111111111,13.0,18.0,15.354166666666666,1016.0,1019.0,1017.5208333333334,52.0,96.0,70.45138888888889,0.0,10.0,0.11805555555555555,0.0,108.71527777777777,107.34027777777777,417.4166666666667,,0
2016-11-11 00:00:00+00:00,1589.1,0.0,634.1548611111111,73.30138888888888,30.11111111111111,39.201388888888886,39.833333333333336,40.15972222222222,29.006944444444443,40.15972222222222,42.63194444444444,25.09722222222222,14.1,0.0,5.5361111111111105,13.7,0.4,3.240972222222222,0.6111111111111112,1.4118055555555553,285.7895833333333,14.916666666666666,-574.9930555555555,10070.916666666666,1367412.0,-595.8541666666666,-731956,38.74305555555556,41.75694444444444,38.31944444444444,33.47222222222222,34.02777777777778,23.88888888888889,32.604166666666664,21.256944444444443,16.868055555555557,-2.6,89.7,17.56527777777778,2.240972222222222,57.11805555555556,33.84722222222222,32.63194444444444,32.69444444444444,31.868055555555557,56.97291666666667,0.7097222222222223,49.99861111111111,398.7861111111111,397.2652777777778,395.7583333333333,62.16180555555555,72.57152777777777,65.73263888888889,785.3,-51.2,28.791666666666668,0.6638888888888889,3.326388888888889,28.84027777777778,-30.48611111111111,1000.6,-504.2,19.928472222222222,64.97152777777778,793.5,0.0,30.528472222222224,-222.62291666666667,0.0,-1000.0,73.40902777777778,222.62291666666667,1000.0,0.0,73.40902777777778,30.868055555555557,311.87916666666666,T06,1.3,8.4,4.581944444444444,0.175,1.2,8.4,4.511111111111111,0.17541666666666667,11.0,17.0,14.54861111111111,1016.0,1018.0,1016.7986111111111,49.0,72.0,61.0625,0.0,0.0,0.0,0.0,88.48611111111111,86.875,416.7708333333333,,0
2016-11-12 00:00:00+00:00,1573.2,0.0,646.8736111111111,70.69444444444444,37.576388888888886,43.6875,44.27777777777778,44.77777777777778,29.20138888888889,40.77777777777778,43.40972222222222,25.97222222222222,13.9,0.0,5.645833333333333,13.3,0.4,3.3180555555555555,0.5548611111111111,-4.263194444444444,318.9090277777778,15.784722222222221,-566.6736111111111,8476.215277777777,1138978.0,-597.4513888888889,-701244,39.361111111111114,42.375,38.96527777777778,34.09027777777778,34.770833333333336,24.29861111111111,33.63194444444444,22.38888888888889,17.48611111111111,-2.7,86.2,14.596527777777778,1.947222222222222,61.50694444444444,34.53472222222222,32.9375,33.041666666666664,32.84722222222222,47.443749999999994,0.6833333333333333,49.99930555555555,398.85833333333335,397.5152777777778,395.57500000000005,55.55555555555556,66.45069444444444,60.53055555555555,703.2,-52.1,29.868055555555557,0.6722222222222222,3.4076388888888887,22.94027777777778,-29.21805555555555,1000.5,-832.9,20.87291666666667,57.639583333333334,736.9,0.0,25.688888888888886,-193.88819444444445,0.0,-1000.0,63.64444444444444,193.88819444444445,1000.0,0.0,63.64444444444444,33.31944444444444,328.1743055555555,T06,1.0,8.3,4.214583333333334,0.14944444444444444,0.9,8.3,4.141666666666667,0.1482638888888889,11.0,19.0,15.25,1013.0,1016.0,1014.7361111111111,47.0,76.0,64.09027777777777,0.0,0.0,0.0,0.0,81.0625,79.5625,414.7013888888889,,0
2016-11-13 00:00:00+00:00,1678.0,0.0,960.7881944444445,42.51875,38.36805555555556,48.09722222222222,49.22222222222222,49.270833333333336,29.125,43.791666666666664,46.94444444444444,26.02777777777778,14.8,0.0,8.483333333333333,16.6,0.4,4.574999999999999,0.7173611111111111,6.363888888888889,105.08611111111111,16.34722222222222,-239.76388888888889,41997.84722222222,6013164.0,-245.125,-1886059,42.61805555555556,45.951388888888886,42.78472222222222,35.53472222222222,36.0625,25.38888888888889,35.1875,23.52777777777778,18.125,-3.1,89.7,10.323611111111111,0.5791666666666667,76.96527777777777,36.236111111111114,34.80555555555556,34.763888888888886,33.90277777777778,250.55555555555554,0.8333333333333334,49.99930555555555,398.3215277777778,396.69444444444446,395.02986111111113,214.87569444444443,240.06041666666664,227.6673611111111,1357.6,-46.8,33.28472222222222,0.3777777777777778,4.729166666666667,67.66111111111111,-78.59097222222222,710.9,-371.2,8.8625,253.31944444444446,1403.8,0.0,67.61111111111111,-608.8638888888888,0.0,-1000.0,46.06111111111111,608.8638888888888,1000.0,0.0,46.06111111111111,36.61805555555556,101.225,T06,0.0,11.1,5.138194444444444,0.3447222222222222,0.0,10.9,5.157638888888889,0.35291666666666666,13.0,19.0,15.67361111111111,1012.0,1014.0,1012.6944444444445,53.0,81.0,67.9375,0.0,0.0,0.0,0.0,99.5,99.95833333333333,412.68055555555554,,0
2016-11-14 00:00:00+00:00,1772.3,78.1,1384.4305555555557,71.83888888888889,43.21527777777778,59.03472222222222,60.46527777777778,60.11805555555556,29.46527777777778,48.69444444444444,53.770833333333336,27.70138888888889,15.6,0.0,12.263194444444444,21.4,0.4,6.257638888888889,0.9819444444444445,0.47708333333333336,89.55069444444445,18.083333333333332,-84.64583333333333,88765.95138888889,12770108.0,-74.52777777777777,-2883791,51.229166666666664,54.36805555555556,51.93055555555556,39.416666666666664,39.416666666666664,26.88888888888889,38.97222222222222,25.77777777777778,19.291666666666668,-3.1,77.9,-0.9958333333333333,1.036111111111111,102.47916666666667,40.645833333333336,38.84722222222222,38.701388888888886,38.125,532.0979166666667,0.90625,50.0,398.23333333333335,396.5111111111111,396.16041666666666,455.58680555555554,481.1430555555556,464.99791666666664,2104.1,-46.4,38.71527777777778,0.632638888888889,6.450694444444444,115.17569444444445,-120.17916666666666,1000.0,-647.2,20.081249999999997,533.5069444444445,2000.0,0.0,114.92222222222222,-863.1645833333333,0.0,-1000.0,71.18472222222222,851.0076388888889,1000.0,0.0,76.23541666666667,42.701388888888886,89.07013888888889,T06,0.0,15.1,6.853846153846154,0.4513986013986014,0.0,15.1,6.909090909090909,0.46272727272727276,-40.0,22.0,17.09090909090909,1010.0,1014.0,1012.2937062937064,34.0,80.0,60.15492957746479,0.0,2.0,0.027972027972027972,1.0,133.95104895104896,135.03496503496504,412.27972027972027,,0
2016-11-15 00:00:00+00:00,1797.1,1227.7,1657.2513888888889,22.813888888888886,66.11805555555556,97.29861111111111,97.31944444444444,97.72222222222223,41.30555555555556,53.65277777777778,61.15277777777778,31.9375,15.8,10.9,14.681944444444444,29.6,0.6000000000000001,10.683333333333334,1.7145833333333333,-0.5062500000000001,92.09930555555555,17.305555555555557,0.0,281092.03472222225,40477253.0,0.0,-4815874,74.64583333333333,78.72916666666667,78.05555555555556,43.166666666666664,45.083333333333336,27.604166666666668,42.55555555555556,33.611111111111114,20.04861111111111,-3.1,14.9,1.2097222222222221,1.6388888888888888,121.84722222222223,45.40972222222222,44.19444444444444,43.263888888888886,39.77777777777778,1686.552777777778,0.9986111111111112,50.0,399.25347222222223,397.4770833333333,399.06388888888887,1420.3604166666667,1433.5465277777778,1403.1270833333333,2107.6,177.4,46.15277777777778,0.2027777777777778,10.783333333333333,136.40208333333334,-200.65694444444443,-99.8,-231.5,3.2805555555555554,1683.9152777777776,2000.0,175.0,134.6590277777778,-792.7381944444445,-583.3,-1000.0,89.59444444444445,633.4409722222222,1000.0,406.1,98.15347222222222,54.3125,92.59305555555555,T06,4.1,18.9,11.022222222222222,1.2322916666666666,4.0,18.8,11.079166666666667,1.2490277777777776,15.0,19.0,16.319444444444443,1012.0,1016.0,1014.5416666666666,50.0,79.0,66.39583333333333,0.0,0.0,0.0,0.0,217.47222222222223,218.63888888888889,414.47222222222223,,0
2016-11-16 00:00:00+00:00,1735.5,0.0,1507.1006944444443,64.73402777777778,46.541666666666664,67.00694444444444,67.70833333333333,67.70833333333333,30.52777777777778,52.09027777777778,57.333333333333336,27.916666666666668,15.3,0.0,13.34513888888889,20.0,0.6000000000000001,7.436805555555556,1.1479166666666667,-0.4048611111111111,89.07083333333334,17.07638888888889,-41.041666666666664,138217.39583333334,19897397.0,-26.944444444444443,-3542662,62.291666666666664,65.34722222222223,62.99305555555556,39.72222222222222,40.99305555555556,26.805555555555557,40.15972222222222,26.930555555555557,19.104166666666668,-3.1,89.7,-1.526388888888889,0.6791666666666667,106.51388888888889,41.326388888888886,39.638888888888886,39.388888888888886,38.201388888888886,829.057638888889,0.9784722222222223,49.99861111111111,398.8048611111111,397.06458333333336,397.7159722222222,701.0979166666667,720.1854166666667,698.4395833333333,2103.2,-49.7,40.708333333333336,0.5722222222222223,7.622222222222222,164.71319444444444,-147.6048611111111,237.4,-215.6,5.954861111111111,829.4236111111111,2000.0,0.0,165.01458333333332,-961.0902777777778,0.0,-1000.0,30.958333333333332,932.8555555555556,1000.0,0.0,50.46388888888889,42.86805555555556,89.47430555555555,T06,2.6,14.0,7.794444444444445,0.634375,2.4,13.9,7.83263888888889,0.6492361111111111,14.0,19.0,16.131944444444443,1014.0,1016.0,1014.7152777777778,47.0,78.0,64.49305555555556,0.0,0.0,0.0,0.0,152.70833333333334,153.63888888888889,414.6875,,0
2016-11-17 00:00:00+00:00,1679.2,0.0,1007.9541666666667,84.36111111111111,38.5,49.5,50.49305555555556,50.638888888888886,29.88888888888889,45.263888888888886,48.75694444444444,26.57638888888889,14.9,0.0,8.855555555555556,15.0,0.4,4.4125,0.7104166666666667,-5.49375,95.25833333333334,17.041666666666668,-440.5208333333333,36780.333333333336,5232938.0,-436.8611111111111,-1566695,46.22222222222222,49.28472222222222,46.083333333333336,37.854166666666664,37.354166666666664,26.45138888888889,36.49305555555556,24.708333333333332,19.25,-3.2,89.7,6.184027777777778,2.195138888888889,83.49305555555556,38.673611111111114,36.673611111111114,36.75694444444444,36.96527777777778,218.01388888888889,0.75,49.99791666666667,398.30902777777777,396.6618055555556,396.3590277777778,211.02291666666667,225.3125,213.37152777777777,1386.3,-50.0,35.125,0.7715277777777778,4.522916666666666,42.02708333333333,-65.20763888888888,1000.0,-893.5,44.83402777777778,224.8638888888889,1413.9,0.0,43.800694444444446,-473.0625,0.0,-1000.0,76.48750000000001,473.0625,1000.0,0.0,76.48819444444445,35.208333333333336,80.7513888888889,T06,0.0,11.2,4.824305555555556,0.2627083333333333,0.2,11.3,4.865277777777778,0.26993055555555556,13.0,21.0,16.15972222222222,1010.0,1014.0,1011.9583333333334,40.0,85.0,67.18055555555556,0.0,0.0,0.0,0.0,93.33333333333333,94.04166666666667,411.9236111111111,,0
2016-11-18 00:00:00+00:00,1437.8,0.0,684.4916666666667,62.39027777777778,33.854166666666664,43.25,44.06944444444444,44.31944444444444,30.631944444444443,41.173611111111114,43.5625,27.118055555555557,12.7,0.0,5.904166666666666,9.1,0.4,3.0395833333333333,0.46041666666666664,-4.3277777777777775,186.97083333333333,16.868055555555557,-570.1805555555555,7002.986111111111,926320.0,-649.0069444444445,-643055,40.798611111111114,43.763888888888886,40.55555555555556,35.34722222222222,35.96527777777778,27.256944444444443,35.013888888888886,23.430555555555557,20.15972222222222,-2.5,89.7,12.526388888888889,1.8416666666666666,69.83333333333333,35.916666666666664,34.0,34.15972222222222,34.486111111111114,38.599999999999994,0.6298611111111111,50.0,399.0875,397.74652777777777,396.52916666666664,61.46805555555555,70.15625,64.79722222222222,470.5,-49.8,32.138888888888886,0.5541666666666667,3.1534722222222222,16.87222222222222,-26.75486111111111,1000.1,-522.2,43.57083333333333,46.02222222222222,478.7,0.0,16.99652777777778,-196.1361111111111,0.0,-1000.0,63.610416666666666,196.1361111111111,1000.0,0.0,63.610416666666666,32.173611111111114,166.3,T06,0.0,7.2,3.4319444444444445,0.12958333333333333,0.0,7.2,3.4180555555555556,0.13041666666666668,13.0,21.0,16.28472222222222,1008.0,1011.0,1009.4305555555555,41.0,84.0,60.61805555555556,0.0,0.0,0.0,0.0,65.375,65.07638888888889,409.3888888888889,,0
2016-11-19 00:00:00+00:00,1662.6,0.0,486.09652777777774,53.81944444444444,29.180555555555557,36.15972222222222,36.5625,36.923611111111114,29.95138888888889,38.90972222222222,39.951388888888886,25.04861111111111,14.7,0.0,4.020138888888889,15.6,0.4,2.913888888888889,0.46041666666666664,-7.827777777777778,269.95416666666665,15.75,-555.1111111111111,14017.708333333334,1938615.0,-554.4236111111111,-664785,39.88194444444444,43.125,39.5625,32.49305555555556,33.604166666666664,25.430555555555557,32.40972222222222,21.3125,18.47222222222222,-3.2,58.4,16.40625,0.9388888888888888,50.013888888888886,32.854166666666664,31.868055555555557,31.881944444444443,30.65277777777778,80.76944444444445,0.7270833333333333,50.0,399.0576388888889,397.8388888888889,395.77916666666664,77.70277777777778,86.68819444444445,81.98541666666667,1168.0,-45.3,28.555555555555557,0.4993055555555556,2.9555555555555557,27.397916666666664,-27.711805555555557,1000.2,-844.4,12.603472222222223,86.86041666666667,1174.5,0.0,26.92013888888889,-210.51666666666668,0.0,-1000.0,31.75,210.51666666666668,1000.0,0.0,31.75,28.305555555555557,287.78819444444446,T06,0.4,8.9,3.761111111111111,0.14965277777777777,0.4,9.0,3.720138888888889,0.15083333333333332,12.0,18.0,15.215277777777779,1008.0,1011.0,1009.4097222222222,58.0,95.0,76.01388888888889,0.0,0.0,0.0,0.0,71.9375,71.125,409.375,,0
2016-11-20 00:00:00+00:00,1772.2,0.0,937.2993055555556,48.75069444444444,37.77777777777778,53.666666666666664,53.61805555555556,54.05555555555556,31.92361111111111,44.611111111111114,47.701388888888886,26.54861111111111,15.7,0.0,8.197916666666666,23.2,0.4,5.613888888888889,1.1006944444444444,-17.27638888888889,207.36597222222224,16.75,-320.36805555555554,115980.78472222222,16655100.0,-303.4583333333333,-2549628,54.263888888888886,57.86805555555556,54.30555555555556,35.513888888888886,36.604166666666664,25.04861111111111,35.236111111111114,25.5,18.02777777777778,-3.0,84.4,9.666666666666666,0.9381944444444444,70.06944444444444,36.65972222222222,35.80555555555556,35.520833333333336,33.13194444444444,694.0680555555556,0.8548611111111112,50.0,398.9423611111111,397.37708333333336,396.62083333333334,586.9493055555555,601.8861111111112,587.9416666666667,2104.6,-50.1,33.708333333333336,0.42291666666666666,5.738194444444444,159.03680555555556,-106.24513888888889,1000.2,-308.0,5.9125,695.8465277777777,2000.0,0.0,158.0298611111111,-515.0409722222222,0.0,-1000.0,55.10347222222222,469.7652777777778,1000.0,0.0,82.48958333333333,36.93055555555556,227.15,T06,0.0,16.5,7.077083333333333,0.9161805555555556,0.0,16.8,7.109722222222222,0.9287500000000001,13.0,18.0,16.430555555555557,1003.0,1010.0,1006.5694444444445,66.0,95.0,80.97222222222223,0.0,20.0,0.3125,0.0,138.45833333333334,139.10416666666666,406.4791666666667,,0
2016-11-21 00:00:00+00:00,1801.5,0.0,1246.5277777777778,64.83541666666666,53.958333333333336,71.11111111111111,71.45138888888889,71.8125,38.05555555555556,49.63194444444444,54.923611111111114,29.541666666666668,15.8,0.0,11.002777777777778,28.3,0.4,7.012499999999999,1.3458333333333334,-5.7652777777777775,221.57152777777776,17.90277777777778,-325.34027777777777,147133.71527777778,21140407.0,-352.69444444444446,-3182900,65.45833333333333,68.91666666666667,66.76388888888889,38.90277777777778,41.34027777777778,27.5625,39.55555555555556,29.916666666666668,20.083333333333332,-3.1,65.5,4.324999999999999,1.6534722222222222,98.89583333333333,40.4375,38.81944444444444,38.47222222222222,37.05555555555556,880.7055555555556,0.8916666666666667,50.00069444444445,399.15625,397.39930555555554,397.43819444444443,747.504861111111,765.8055555555555,743.1395833333333,2106.0,-50.0,39.75694444444444,0.5708333333333333,7.159027777777778,182.29583333333332,-132.6173611111111,994.1,-496.1,12.184027777777779,882.8625,2000.0,0.0,181.17152777777778,-681.6979166666666,0.0,-1000.0,95.41874999999999,621.8298611111111,1000.0,0.0,126.60069444444444,46.395833333333336,227.3361111111111,T06,0.6000000000000001,20.0,7.79236111111111,1.720902777777778,0.6000000000000001,20.3,7.779166666666667,1.740138888888889,14.0,20.0,17.03472222222222,998.0,1003.0,999.9930555555555,80.0,96.0,91.65277777777777,0.0,20.0,0.3958333333333333,0.0,152.72222222222223,152.43055555555554,399.9583333333333,,0
2016-11-22 00:00:00+00:00,1414.4,0.0,123.62847222222223,45.30694444444444,25.125,26.305555555555557,26.15277777777778,26.854166666666668,29.53472222222222,33.75694444444444,32.75694444444444,22.625,12.5,0.0,0.8145833333333333,10.7,0.4,1.9791666666666667,0.4118055555555556,9.947222222222223,169.85208333333333,14.5,-712.1111111111111,184.88194444444446,-75921.0,-687.1805555555555,-98760,37.041666666666664,40.40972222222222,36.44444444444444,29.21527777777778,30.791666666666668,23.833333333333332,28.958333333333332,18.42361111111111,16.729166666666668,-2.3,83.9,23.160416666666666,0.7479166666666667,27.59027777777778,29.26388888888889,29.03472222222222,29.04861111111111,26.631944444444443,-3.1624999999999996,0.6930555555555556,50.0,398.64930555555554,397.40416666666664,395.09444444444443,6.309027777777778,9.884027777777778,9.15625,267.3,-50.1,23.854166666666668,0.4159722222222222,1.9847222222222223,4.513194444444444,-4.104861111111111,978.4,-511.8,8.505555555555555,3.8465277777777778,269.2,0.0,4.582638888888889,-5.74375,0.0,-1000.0,7.492361111111112,5.74375,1000.0,0.0,7.492361111111112,23.98611111111111,172.40833333333333,T06,0.0,6.3,2.0590277777777777,0.15256944444444442,0.0,6.6,1.9874999999999998,0.16534722222222223,11.0,15.0,13.479166666666666,994.0,1000.0,996.3055555555555,70.0,97.0,87.61805555555556,0.0,9.0,0.5138888888888888,0.0,37.6875,36.333333333333336,396.25694444444446,,0
2016-11-23 00:00:00+00:00,1656.3,0.0,465.4583333333333,58.60138888888889,35.56944444444444,37.28472222222222,37.6875,38.173611111111114,27.729166666666668,39.15277777777778,40.1875,23.22222222222222,14.7,0.0,3.9124999999999996,14.2,0.4,2.814583333333333,0.5708333333333333,-18.793055555555554,206.91875,13.36111111111111,-614.4097222222222,10573.006944444445,1434039.0,-642.4027777777778,-686136,37.201388888888886,40.375,36.673611111111114,31.208333333333332,32.34027777777778,22.729166666666668,30.40277777777778,19.46527777777778,15.791666666666666,-3.0,84.8,16.499305555555555,1.3020833333333333,50.40972222222222,31.54861111111111,30.555555555555557,30.618055555555557,28.82638888888889,59.75277777777777,0.7083333333333335,49.99930555555555,398.7326388888889,397.26458333333335,396.1479166666667,65.64583333333333,73.20902777777778,66.85138888888889,1172.8,-49.7,27.09722222222222,0.5256944444444445,2.8819444444444446,26.64236111111111,-28.59375,1000.1,-835.5,17.40347222222222,66.6236111111111,1187.4,0.0,27.188194444444445,-194.85902777777778,0.0,-1000.0,42.916666666666664,194.85902777777778,1000.0,0.0,42.916666666666664,28.95138888888889,215.72916666666666,T06,0.0,9.6,3.2604166666666665,0.2361111111111111,0.0,9.5,3.223611111111111,0.24708333333333332,10.0,15.0,12.520833333333334,996.0,1002.0,998.6805555555555,55.0,92.0,74.36805555555556,0.0,1.0,0.006944444444444444,0.0,61.861111111111114,61.1875,398.6458333333333,,0
2016-11-24 00:00:00+00:00,1578.3,0.0,334.99375,77.02847222222222,25.40972222222222,31.48611111111111,31.631944444444443,32.395833333333336,28.104166666666668,36.458333333333336,36.583333333333336,22.53472222222222,14.0,0.0,2.747222222222222,11.7,0.4,2.323611111111111,0.4965277777777778,2.8284722222222225,184.44305555555556,12.333333333333334,-631.9305555555555,2162.4791666666665,220397.0,-660.0833333333334,-242370,35.84722222222222,39.201388888888886,35.361111111111114,30.291666666666668,31.29861111111111,22.368055555555557,28.833333333333332,18.03472222222222,15.0,-2.4,89.7,19.461805555555557,2.276388888888889,37.138888888888886,30.53472222222222,29.92361111111111,29.958333333333332,27.319444444444443,9.184722222222222,0.6340277777777779,49.99861111111111,398.5402777777778,397.5090277777778,395.2888888888889,28.770138888888887,33.256249999999994,32.18541666666667,988.3,-49.1,24.65972222222222,0.7006944444444445,2.3631944444444444,12.584722222222222,-10.0625,1000.0,-955.8,35.375,17.683333333333334,1015.8,0.0,13.671527777777778,-56.63055555555556,0.0,-1000.0,40.39375,56.63055555555556,1000.0,0.0,40.39375,26.63888888888889,196.62847222222223,T06,0.0,8.4,2.6534722222222222,0.20458333333333334,0.0,8.2,2.6125,0.20409722222222224,9.0,14.0,11.694444444444445,1002.0,1006.0,1004.0972222222222,54.0,88.0,70.56944444444444,0.0,6.0,0.1597222222222222,0.0,49.763888888888886,48.97222222222222,404.05555555555554,,0
2016-11-25 00:00:00+00:00,1782.8,36.1,1286.0395833333334,119.0326388888889,42.61805555555556,59.041666666666664,59.916666666666664,59.875,29.42361111111111,48.895833333333336,53.423611111111114,25.680555555555557,15.8,0.0,11.374305555555557,22.2,0.4,5.836805555555555,1.43125,2.292361111111111,164.18819444444443,14.270833333333334,-209.39583333333334,89970.28472222222,12925565.0,-205.71527777777777,-2841428,50.826388888888886,53.895833333333336,50.22222222222222,35.020833333333336,37.020833333333336,23.5,35.673611111111114,25.76388888888889,15.95138888888889,-3.0,84.3,1.7312500000000002,2.2798611111111113,93.44444444444444,36.298611111111114,34.513888888888886,34.395833333333336,33.03472222222222,538.5159722222222,0.8409722222222222,49.99930555555555,398.12152777777777,396.5055555555556,396.7993055555555,474.5090277777778,486.375,468.5527777777778,2106.6,-52.2,35.44444444444444,1.0680555555555555,6.194444444444445,203.6576388888889,-118.3763888888889,1000.2,-688.3,28.65694444444445,542.6409722222222,2000.0,0.0,203.32847222222222,-695.7972222222222,0.0,-1000.0,136.92777777777778,675.0645833333333,1000.0,0.0,153.7701388888889,39.263888888888886,161.90069444444444,T06,0.2,19.4,7.955555555555555,1.8485416666666667,0.3,19.5,7.435416666666667,2.5795138888888887,10.0,15.0,13.506944444444445,996.0,1006.0,1000.6944444444445,73.0,96.0,89.34722222222223,0.0,18.0,1.6319444444444444,0.0,156.03472222222223,145.66666666666666,400.68055555555554,,0
2016-11-26 00:00:00+00:00,1774.5,0.0,986.1243055555556,118.75208333333333,38.916666666666664,52.166666666666664,53.111111111111114,53.354166666666664,31.36111111111111,46.923611111111114,50.28472222222222,26.444444444444443,15.6,0.0,8.633333333333333,22.5,0.4,4.520138888888889,1.0944444444444443,-2.261111111111111,167.4138888888889,14.708333333333334,-456.1736111111111,43878.104166666664,6252760.0,-529.3472222222222,-1895102,47.583333333333336,50.826388888888886,47.31944444444444,34.291666666666664,36.416666666666664,23.70138888888889,34.88194444444444,24.98611111111111,16.40277777777778,-3.0,89.7,6.845138888888889,2.6444444444444444,81.50694444444444,35.104166666666664,33.173611111111114,33.22222222222222,32.708333333333336,260.5909722222222,0.775,50.00069444444445,398.1722222222222,396.6090277777778,395.72569444444446,239.11180555555555,254.89999999999998,241.59513888888887,2103.7,-50.3,34.083333333333336,1.0812499999999998,4.709027777777778,118.80347222222223,-78.98611111111111,1000.3,-750.5,31.58402777777778,267.5180555555555,2000.0,0.0,120.03194444444443,-511.1659722222222,0.0,-1000.0,137.89305555555555,504.51180555555555,1000.0,0.0,143.82916666666668,36.86805555555556,177.18263888888887,T06,0.3,17.2,5.964583333333334,1.2141666666666666,0.3,17.8,5.5881944444444445,1.5734027777777777,12.0,16.0,13.777777777777779,995.0,998.0,996.1041666666666,71.0,97.0,88.61805555555556,0.0,30.0,1.8194444444444444,0.0,116.125,108.52777777777777,396.03472222222223,,0
2016-11-27 00:00:00+00:00,1839.7,0.0,861.1090277777778,107.13888888888889,36.229166666666664,49.041666666666664,49.74305555555556,49.81944444444444,29.166666666666668,46.951388888888886,49.09027777777778,25.319444444444443,16.1,0.0,7.545138888888889,20.8,0.4,4.679861111111111,0.9451388888888889,-8.131944444444445,141.27638888888887,12.854166666666666,-602.6666666666666,54346.854166666664,7739164.0,-660.3888888888889,-1742118,46.763888888888886,50.201388888888886,46.21527777777778,33.34027777777778,35.38194444444444,21.708333333333332,33.798611111111114,22.541666666666668,14.243055555555555,-3.3,89.7,11.504861111111111,3.1166666666666667,75.64583333333333,34.22222222222222,32.666666666666664,32.63194444444444,31.54861111111111,322.46180555555554,0.7972222222222223,50.0,398.70416666666665,397.06180555555557,396.16041666666666,287.6965277777778,302.5256944444444,289.5076388888889,2108.2,-50.7,32.75,0.9826388888888888,4.8381944444444445,102.73472222222222,-72.5611111111111,1000.3,-985.3,32.57083333333333,342.63750000000005,2000.0,0.0,107.48541666666667,-476.8486111111111,0.0,-1000.0,88.07569444444444,468.3256944444444,1000.0,0.0,93.22569444444444,33.34027777777778,134.4048611111111,T06,0.0,17.0,4.737500000000001,1.246736111111111,0.0,16.2,4.698611111111111,1.3147916666666668,9.0,14.0,12.090277777777779,994.0,1001.0,997.0138888888889,67.0,94.0,86.6875,0.0,79.0,4.701388888888889,0.0,91.50694444444444,90.72916666666667,396.9375,,0
2016-11-28 00:00:00+00:00,1445.6,0.0,376.14652777777775,43.46805555555555,27.59027777777778,35.104166666666664,35.375,36.166666666666664,27.65972222222222,37.84722222222222,38.104166666666664,23.5,12.8,0.0,3.219444444444444,14.6,0.4,2.4375,0.44583333333333336,27.261805555555558,222.57222222222222,13.722222222222221,-595.2569444444445,4415.777777777777,550151.0,-614.4375,-418545,36.854166666666664,40.09722222222222,36.270833333333336,31.729166666666668,32.21527777777778,22.28472222222222,30.604166666666668,19.11111111111111,15.993055555555555,-2.3,89.7,18.445138888888888,1.2972222222222223,44.61805555555556,31.97222222222222,31.104166666666668,31.17361111111111,28.993055555555557,22.90902777777778,0.6847222222222222,49.99930555555555,398.9,397.5708333333333,396.01944444444445,36.31319444444445,42.27847222222223,38.618750000000006,537.2,-49.1,26.02777777777778,0.4076388888888889,2.509722222222222,13.456944444444444,-17.445138888888888,1000.2,-728.6,23.529861111111114,28.690277777777776,553.8,0.0,12.37638888888889,-122.43402777777777,0.0,-1000.0,45.43263888888889,122.43402777777777,1000.0,0.0,45.43263888888889,27.944444444444443,310.3152777777778,T06,0.0,7.6,2.6729166666666666,0.09465277777777778,0.0,7.4,2.6277777777777778,0.09722222222222222,10.0,17.0,12.9375,1000.0,1008.0,1004.4791666666666,68.0,95.0,82.54861111111111,0.0,1.0,0.006944444444444444,0.0,50.208333333333336,49.31944444444444,404.38194444444446,,0
2016-11-29 00:00:00+00:00,1769.2,62.6,1047.3319444444444,50.39375,37.513888888888886,53.75694444444444,54.06944444444444,54.40972222222222,28.694444444444443,44.520833333333336,48.791666666666664,25.479166666666668,15.6,0.0,9.218055555555557,29.9,0.4,5.691666666666666,0.8965277777777777,0.38541666666666674,95.76805555555556,14.791666666666666,-266.00694444444446,96301.54861111111,13829118.0,-261.88194444444446,-2190837,50.65972222222222,53.71527777777778,50.083333333333336,35.6875,36.111111111111114,24.72222222222222,34.84027777777778,24.09027777777778,17.38888888888889,-3.3,66.8,7.740277777777777,1.0493055555555555,75.56944444444444,36.826388888888886,35.65972222222222,35.416666666666664,33.3125,576.2437500000001,0.8118055555555556,49.99652777777778,398.41875000000005,397.03472222222223,397.00138888888887,503.3256944444444,510.95208333333335,497.09375,2104.4,-47.9,33.25694444444444,0.4520833333333334,5.879166666666666,99.15625,-91.30486111111111,953.6,-785.3,24.165277777777778,581.6618055555556,2000.0,0.0,100.13263888888889,-518.0847222222222,0.0,-1000.0,56.09583333333333,478.9993055555555,1000.0,0.0,66.35555555555555,36.63194444444444,95.37152777777777,T06,0.8,17.5,5.913194444444445,0.8795138888888889,0.7000000000000001,17.8,5.963888888888889,0.8854166666666666,11.0,18.0,14.527777777777779,1007.0,1011.0,1008.6736111111111,61.0,90.0,75.59027777777777,0.0,1.0,0.006944444444444444,0.0,115.13194444444444,116.08333333333333,408.61805555555554,,0
2016-11-30 00:00:00+00:00,1813.2,1547.8,1679.1548611111111,22.370833333333334,68.65972222222223,108.13888888888889,107.85416666666667,108.27083333333333,45.5,52.40972222222222,60.958333333333336,35.77777777777778,16.0,13.7,14.881944444444445,27.6,1.6,12.580555555555556,2.1847222222222222,0.1847222222222222,106.24652777777777,17.57638888888889,0.0,325335.5,46848312.0,0.0,-5129728,75.04861111111111,79.8125,79.79861111111111,44.59722222222222,46.11805555555556,27.069444444444443,43.15972222222222,36.99305555555556,19.875,-2.5,19.9,5.163194444444445,2.801388888888889,127.78472222222223,47.00694444444444,45.96527777777778,44.80555555555556,40.513888888888886,1952.0,1.0,49.99722222222223,399.9770833333333,397.9548611111111,400.0541666666667,1641.5229166666666,1654.1381944444445,1617.0819444444444,2108.1,920.2,47.763888888888886,0.1909722222222222,12.578472222222222,75.13472222222222,-213.7388888888889,-185.6,-224.4,2.442361111111111,1949.3534722222223,2000.0,895.0,73.33402777777778,-643.0895833333333,-583.3,-1000.0,82.32638888888889,454.7451388888889,1000.0,406.1,69.50555555555555,58.40972222222222,106.06527777777778,T06,3.6,21.8,12.434027777777779,2.9908333333333332,3.9,21.9,12.509027777777778,3.0096527777777777,15.0,18.0,16.65277777777778,1010.0,1014.0,1011.9375,64.0,81.0,74.45833333333333,0.0,0.0,0.0,0.0,245.75694444444446,247.25694444444446,411.875,,0
2016-12-01 00:00:00+00:00,1763.7,0.0,1287.0736111111112,78.15,44.736111111111114,62.34722222222222,63.5,63.361111111111114,32.30555555555556,48.625,53.27777777777778,28.45138888888889,15.6,0.0,11.400694444444445,19.1,0.4,5.902777777777778,0.8986111111111111,-1.4506944444444445,105.92361111111111,16.95138888888889,-287.9166666666667,85447.29166666667,12262950.0,-285.0,-2569694,52.88194444444444,55.72222222222222,54.298611111111114,38.99305555555556,40.15972222222222,26.04861111111111,38.72222222222222,26.36111111111111,18.72222222222222,-3.1,89.7,1.6680555555555554,1.7340277777777777,99.24305555555556,40.19444444444444,38.36805555555556,38.263888888888886,37.708333333333336,510.8666666666667,0.8340277777777778,49.99861111111111,398.4465277777778,396.8951388888889,397.4777777777778,458.61319444444445,470.03749999999997,452.62708333333336,2104.0,-50.1,38.576388888888886,0.6937500000000001,6.109027777777778,101.72291666666666,-107.17638888888888,1000.0,-978.4,45.825,515.2201388888889,2000.0,0.0,101.54097222222222,-718.8729166666667,0.0,-1000.0,88.16874999999999,698.7104166666667,1000.0,0.0,97.11805555555556,40.298611111111114,107.37222222222222,T06,1.0,16.8,4.963888888888889,1.0997916666666667,0.9,16.8,5.009027777777778,1.1230555555555555,15.0,18.0,15.98611111111111,1013.0,1016.0,1014.3888888888889,73.0,93.0,84.70138888888889,0.0,1.0,0.006944444444444444,0.0,96.02777777777777,96.97222222222223,414.3125,,0
2016-12-02 00:00:00+00:00,1691.8,0.0,1271.4034722222223,54.30555555555556,47.701388888888886,56.423611111111114,57.69444444444444,57.69444444444444,28.666666666666668,46.923611111111114,51.78472222222222,27.09722222222222,15.0,0.0,11.2625,19.3,0.5,5.421527777777778,0.7583333333333333,-1.4145833333333335,102.08680555555556,16.618055555555557,-133.72916666666666,57638.88888888889,8280745.0,-157.55555555555554,-2477015,46.4375,48.97222222222222,46.611111111111114,39.00694444444444,38.875,25.708333333333332,38.013888888888886,25.3125,18.40277777777778,-3.2,89.7,0.5402777777777777,1.0055555555555555,98.46527777777777,40.0,38.111111111111114,38.09722222222222,37.923611111111114,345.0180555555555,0.8381944444444445,50.0,398.4465277777778,396.6965277777778,397.31180555555557,313.06944444444446,326.78055555555557,308.1048611111111,1797.2,-48.7,37.298611111111114,0.47430555555555554,5.645833333333333,72.43680555555555,-103.23541666666667,1001.9,-986.9,24.6,347.7631944444445,1821.1,0.0,72.98333333333333,-770.7798611111111,0.0,-1000.0,55.68888888888889,770.0770833333333,1000.0,0.0,57.587500000000006,38.05555555555556,103.50555555555555,T06,1.1,11.9,4.895138888888889,0.6291666666666667,1.0,12.0,4.940972222222222,0.6326388888888889,14.0,18.0,15.784722222222221,1006.0,1014.0,1009.8333333333334,70.0,96.0,85.06944444444444,0.0,2.0,0.08333333333333333,0.0,94.73611111111111,95.57638888888889,409.75694444444446,,0
2016-12-03 00:00:00+00:00,1791.4,125.9,1547.0791666666667,52.484027777777776,54.736111111111114,77.96527777777777,78.40972222222223,78.47222222222223,34.020833333333336,52.208333333333336,58.36805555555556,29.67361111111111,15.9,0.0,13.702777777777778,26.7,0.4,8.570833333333333,1.4298611111111112,-0.3909722222222224,114.77708333333334,16.86111111111111,-32.65972222222222,192129.79861111112,27661988.0,-25.22222222222222,-4103086,65.77083333333333,68.90972222222223,67.28472222222223,41.083333333333336,41.77777777777778,25.86111111111111,40.61805555555556,29.243055555555557,18.38888888888889,-3.3,41.1,-0.4444444444444444,1.21875,112.25694444444444,42.90277777777778,41.333333333333336,40.861111111111114,38.75,1152.4916666666666,0.9777777777777779,50.0,398.97291666666666,396.98749999999995,398.3201388888889,975.2131944444445,992.3881944444444,963.4638888888888,2106.0,-42.3,42.263888888888886,0.46458333333333335,8.763194444444444,170.07847222222222,-170.95902777777778,1000.8,-223.9,7.540972222222223,1151.1861111111111,2000.0,0.0,168.89166666666668,-883.9041666666667,0.0,-1000.0,75.07013888888889,804.1631944444445,1000.0,0.0,91.46180555555556,46.576388888888886,115.1673611111111,T06,1.1,17.6,7.530555555555556,2.3902083333333333,1.1,17.0,7.565277777777778,2.3670833333333334,14.0,18.0,15.993055555555555,998.0,1006.0,1001.5625,74.0,97.0,88.05555555555556,0.0,3.0,0.3125,0.0,147.54861111111111,148.30555555555554,401.50694444444446,,0
2016-12-04 00:00:00+00:00,1776.3,0.0,1430.35,67.07013888888889,44.30555555555556,65.5625,66.54861111111111,66.5,31.59027777777778,50.34027777777778,55.65972222222222,27.770833333333332,15.7,0.0,12.665277777777778,24.2,0.4,6.986111111111111,1.2062499999999998,0.21597222222222215,127.52361111111112,16.979166666666668,-99.875,126975.86111111111,18270142.0,-81.26388888888889,-3217785,57.423611111111114,60.52777777777778,58.71527777777778,39.81944444444444,40.458333333333336,26.13888888888889,39.770833333333336,26.479166666666668,18.78472222222222,-3.1,89.7,-0.5840277777777778,1.2444444444444445,105.95138888888889,41.36805555555556,39.61805555555556,39.36805555555556,38.1875,761.2895833333333,0.9388888888888888,50.0,399.3201388888889,397.0805555555555,397.7083333333333,646.4583333333334,671.2368055555556,645.3631944444445,2104.6,-50.2,40.298611111111114,0.5923611111111111,7.2250000000000005,161.67847222222224,-134.04652777777778,1000.1,-859.2,17.615277777777777,762.067361111111,2000.0,0.0,161.2736111111111,-872.526388888889,0.0,-1000.0,85.23333333333333,834.0430555555555,1000.0,0.0,99.81319444444445,40.77777777777778,127.30486111111112,T06,0.7000000000000001,17.8,5.913194444444445,1.7684027777777778,0.5,17.9,5.792361111111111,1.7524305555555555,14.0,18.0,16.1875,998.0,1001.0,999.9027777777778,72.0,96.0,88.53472222222223,0.0,69.0,2.0694444444444446,0.0,115.03472222222223,112.65277777777777,399.80555555555554,,0
2016-12-05 00:00:00+00:00,1769.2,12.0,1451.5020833333333,53.57222222222222,46.604166666666664,70.22222222222223,70.80555555555556,71.02083333333333,32.173611111111114,51.673611111111114,56.93055555555556,28.53472222222222,15.6,0.0,12.835416666666667,22.3,0.4,7.317361111111111,1.1680555555555554,-1.9236111111111112,102.35486111111112,16.791666666666668,-105.40277777777777,144750.41666666666,20828882.0,-99.53472222222223,-3541086,65.79861111111111,68.49305555555556,66.58333333333333,39.861111111111114,41.72222222222222,26.006944444444443,40.763888888888886,27.125,18.555555555555557,-3.3,82.6,-0.3138888888888889,0.8541666666666666,108.38888888888889,41.548611111111114,39.888888888888886,39.611111111111114,38.19444444444444,867.8416666666667,0.9166666666666666,49.99930555555555,398.96180555555554,397.0826388888889,397.8923611111111,744.6583333333333,761.4854166666667,737.0798611111111,2104.4,-47.6,41.611111111111114,0.4701388888888889,7.518055555555555,148.2736111111111,-147.56458333333333,999.7,-984.1,22.089583333333334,868.4798611111112,2000.0,0.0,148.21319444444444,-844.0326388888889,0.0,-1000.0,64.44930555555555,799.4409722222222,1000.0,0.0,85.55486111111111,46.52777777777778,104.26944444444445,T06,1.0,15.2,7.4430555555555555,1.061736111111111,1.2,15.5,7.497916666666667,1.0745833333333334,14.0,18.0,15.972222222222221,1001.0,1012.0,1004.9027777777778,78.0,97.0,88.98611111111111,0.0,32.0,2.3958333333333335,0.0,145.72222222222223,146.88194444444446,404.84027777777777,,0
2016-12-06 00:00:00+00:00,1690.7,21.3,1007.6729166666667,78.26249999999999,37.548611111111114,49.875,51.05555555555556,51.00694444444444,30.368055555555557,45.236111111111114,49.18055555555556,27.65277777777778,15.0,0.0,8.914583333333333,14.7,0.4,4.609722222222222,0.6902777777777778,-0.4076388888888889,86.07638888888889,17.6875,-398.25,37508.29861111111,5343844.0,-447.74305555555554,-1601969,44.69444444444444,47.31944444444444,44.59722222222222,37.270833333333336,37.78472222222222,27.13888888888889,37.076388888888886,24.97222222222222,19.944444444444443,-3.2,86.6,6.420138888888889,1.4645833333333333,83.14583333333333,38.02777777777778,36.06944444444444,36.1875,36.333333333333336,222.6798611111111,0.757638888888889,50.0,398.5263888888889,396.8333333333333,396.4291666666667,207.33819444444444,221.0597222222222,209.76666666666668,1792.0,-49.4,34.576388888888886,0.6993055555555556,4.754166666666666,58.736111111111114,-66.74583333333334,969.8,-828.1,30.03888888888889,229.73819444444447,1815.3,0.0,60.181250000000006,-530.3902777777778,0.0,-1000.0,49.76111111111111,530.1416666666667,1000.0,0.0,50.58888888888889,35.3125,83.97638888888889,T06,1.0,10.6,5.088888888888889,0.3395138888888889,1.0,11.1,5.106249999999999,0.3475694444444445,15.0,20.0,16.96527777777778,1012.0,1019.0,1015.6736111111111,64.0,88.0,76.34027777777777,0.0,0.0,0.0,0.0,98.57638888888889,98.90277777777777,415.59722222222223,,0
2016-12-07 00:00:00+00:00,1754.0,1225.4,1543.5805555555555,47.13472222222222,46.854166666666664,70.89583333333333,71.60416666666667,71.375,30.84027777777778,51.854166666666664,57.888888888888886,28.104166666666668,15.5,10.9,13.670833333333333,22.6,1.2,8.010416666666666,1.1784722222222221,0.20069444444444443,95.01041666666667,16.92361111111111,0.0,169211.73611111112,24366490.0,0.0,-4053843,63.833333333333336,66.75,64.45833333333333,40.34722222222222,41.125,26.23611111111111,40.458333333333336,27.506944444444443,18.819444444444443,-3.2,6.7,-1.726388888888889,0.4590277777777778,109.28472222222223,42.048611111111114,40.40972222222222,40.020833333333336,38.31944444444444,1015.3243055555556,0.9819444444444445,50.0,399.0256944444444,397.0208333333333,398.03472222222223,857.75,878.7534722222222,851.2368055555556,2102.6,103.2,41.423611111111114,0.4118055555555556,8.25138888888889,163.67847222222224,-168.90555555555557,-76.7,-216.1,4.613888888888889,1014.7874999999999,2000.0,102.4,163.58680555555554,-969.0645833333333,-501.6,-1000.0,36.47361111111111,917.2493055555556,1000.0,406.1,60.352777777777774,43.020833333333336,94.81319444444445,T06,3.2,13.7,8.883333333333333,0.6626388888888889,3.3,14.5,8.938194444444443,0.6618055555555555,15.0,18.0,16.22222222222222,1017.0,1020.0,1018.7430555555555,63.0,85.0,76.8125,0.0,0.0,0.0,0.0,174.55555555555554,175.6875,418.6736111111111,,0
2016-12-08 00:00:00+00:00,1810.0,1485.1,1678.4340277777778,21.999305555555555,63.90277777777778,105.57638888888889,105.24305555555556,105.72916666666667,44.236111111111114,53.22222222222222,61.34722222222222,33.986111111111114,15.8,13.2,14.878472222222221,27.8,0.7000000000000001,12.296527777777778,2.154166666666667,1.2229166666666667,106.11250000000001,16.71527777777778,0.0,322909.53472222225,46498973.0,0.0,-5126423,75.44444444444444,79.875,79.63888888888889,44.361111111111114,45.666666666666664,26.506944444444443,42.75,36.513888888888886,19.395833333333332,-3.2,17.1,4.707638888888889,2.7006944444444443,126.53472222222223,46.666666666666664,45.645833333333336,44.49305555555556,40.354166666666664,1937.4284722222224,1.0,50.0,399.8798611111111,397.83194444444445,400.1930555555556,1631.5493055555555,1642.2652777777778,1602.8451388888889,2106.4,669.0,47.201388888888886,0.19166666666666668,12.416666666666666,82.30208333333333,-213.59930555555556,-147.7,-228.4,2.571527777777778,1934.778472222222,2000.0,660.2,80.30625,-654.4145833333333,-583.3,-1000.0,84.7826388888889,467.8618055555556,1000.0,406.1,75.25972222222222,56.49305555555556,104.8736111111111,T06,4.5,20.7,12.481944444444444,2.3472916666666666,4.9,20.5,12.534722222222221,2.371111111111111,15.0,17.0,15.875,1018.0,1021.0,1019.375,64.0,82.0,72.97916666666667,0.0,0.0,0.0,0.0,246.68055555555554,247.81944444444446,419.3541666666667,,0
2016-12-09 00:00:00+00:00,1794.0,1212.1,1648.7118055555557,33.519444444444446,61.61805555555556,93.86805555555556,93.88194444444444,94.39583333333333,41.56944444444444,53.673611111111114,60.875,32.94444444444444,15.8,10.7,14.606944444444444,28.8,0.6000000000000001,10.415277777777778,1.7986111111111112,-2.2680555555555557,107.89375000000001,17.493055555555557,0.0,266278.5208333333,38344107.0,0.0,-4719638,74.22916666666667,77.80555555555556,77.66666666666667,42.53472222222222,44.388888888888886,27.395833333333332,41.979166666666664,33.9375,20.208333333333332,-3.2,15.8,1.1805555555555556,1.6631944444444444,119.75,44.708333333333336,43.513888888888886,42.65972222222222,39.40972222222222,1597.711111111111,0.9993055555555556,49.99861111111111,399.5131944444445,397.7027777777778,399.85555555555555,1350.0875,1358.2020833333333,1322.9895833333333,2106.9,148.2,45.083333333333336,0.29305555555555557,10.583333333333334,177.52430555555554,-196.64930555555554,-116.5,-224.5,4.498611111111111,1595.5013888888889,2000.0,147.2,175.76805555555555,-809.2743055555555,-583.3,-1000.0,83.18680555555555,679.9583333333334,1000.0,406.1,105.94305555555555,53.4375,110.14861111111111,T06,1.6,19.5,9.947916666666666,2.5586805555555556,1.6,19.5,10.009027777777778,2.563472222222222,16.0,18.0,16.479166666666668,1019.0,1022.0,1019.9791666666666,70.0,85.0,79.45138888888889,0.0,0.0,0.0,0.0,196.00694444444446,197.22222222222223,419.9513888888889,,0
2016-12-10 00:00:00+00:00,1712.3,1224.5,1491.5263888888887,55.420138888888886,45.19444444444444,66.61111111111111,67.17361111111111,67.47916666666667,31.118055555555557,52.076388888888886,57.36805555555556,28.36111111111111,15.2,10.8,13.211111111111112,20.9,0.9,7.231944444444445,1.0104166666666667,-1.229861111111111,102.0923611111111,17.319444444444443,0.0,126239.34722222222,18178466.0,0.0,-3652071,63.145833333333336,65.43055555555556,63.28472222222222,39.583333333333336,41.61805555555556,26.70138888888889,40.74305555555556,26.694444444444443,19.354166666666668,-3.2,1.5,-1.9319444444444445,0.2673611111111111,107.4375,41.173611111111114,39.423611111111114,39.21527777777778,38.229166666666664,757.3319444444445,0.9722222222222222,49.99791666666667,398.875,396.9451388888889,397.9548611111111,644.4944444444444,663.6104166666667,636.9006944444444,2101.4,70.4,41.11805555555556,0.49236111111111114,7.427083333333333,134.3201388888889,-152.1673611111111,-90.6,-206.2,5.276388888888889,757.2743055555555,2000.0,69.5,134.85000000000002,-988.3472222222222,-340.3,-1000.0,17.447916666666668,972.9923611111111,1000.0,340.3,31.53194444444445,44.0,103.32430555555555,T06,2.2,14.4,7.522916666666666,1.2909027777777777,1.9,14.3,7.594444444444444,1.2940277777777778,15.0,19.0,16.458333333333332,1018.0,1020.0,1018.8541666666666,63.0,86.0,77.78472222222223,0.0,0.0,0.0,0.0,147.38888888888889,148.625,418.78472222222223,,0
2016-12-11 00:00:00+00:00,1665.8,46.4,1272.7347222222222,47.53819444444444,38.520833333333336,54.52777777777778,55.84722222222222,55.895833333333336,28.243055555555557,46.375,51.354166666666664,26.5625,14.7,0.0,11.274999999999999,13.9,0.5,5.336805555555555,0.7638888888888888,0.15069444444444446,86.59722222222223,16.694444444444443,-92.35416666666667,50404.645833333336,7244971.0,-98.24305555555556,-2301243,45.736111111111114,48.1875,46.25694444444444,39.0,38.520833333333336,25.42361111111111,38.020833333333336,24.305555555555557,17.895833333333332,-3.2,85.4,-0.19583333333333336,0.7034722222222222,100.63888888888889,39.93055555555556,38.0,38.013888888888886,37.88194444444444,301.8541666666667,0.8604166666666667,50.0,398.7708333333333,396.58402777777775,396.70694444444445,275.5513888888889,299.5131944444445,277.68333333333334,1106.1,-48.7,37.104166666666664,0.41875,5.557638888888889,65.09027777777777,-95.87222222222222,999.5,-999.1,41.264583333333334,304.03263888888887,1120.5,0.0,65.525,-816.98125,0.0,-1000.0,72.01597222222222,816.98125,1000.0,0.0,72.01597222222222,36.951388888888886,86.44375,T06,2.3,9.9,5.6930555555555555,0.21423611111111113,2.4,10.0,5.740277777777778,0.22208333333333333,14.0,19.0,15.82638888888889,1015.0,1018.0,1016.5972222222222,65.0,89.0,78.40972222222223,0.0,0.0,0.0,0.0,110.60416666666667,111.72916666666667,416.55555555555554,,0
2016-12-12 00:00:00+00:00,1385.5,0.0,245.20833333333334,43.712500000000006,26.458333333333332,31.48611111111111,31.54861111111111,32.13194444444444,30.04861111111111,36.354166666666664,36.84027777777778,24.944444444444443,12.2,0.0,1.9756944444444444,9.0,0.4,2.3097222222222222,0.37569444444444444,13.197916666666666,141.9972222222222,15.75,-741.8125,541.5347222222222,-28839.0,-755.9722222222222,-151028,38.50694444444444,41.47222222222222,37.666666666666664,31.25,32.75,25.88888888888889,31.72222222222222,20.27777777777778,18.944444444444443,-2.3,85.0,21.955555555555556,1.0354166666666667,38.65972222222222,31.40277777777778,30.229166666666668,30.368055555555557,29.895833333333332,-1.2048611111111112,0.6784722222222223,50.00069444444445,399.1645833333333,397.64374999999995,396.2423611111111,10.05,14.053472222222222,12.716666666666667,200.4,-51.3,26.90972222222222,0.4354166666666666,2.325,5.489583333333333,-6.293055555555556,877.2,-448.2,10.033333333333333,7.541666666666667,204.7,0.0,6.013888888888889,-16.179861111111112,0.0,-1000.0,12.867361111111112,16.179861111111112,1000.0,0.0,12.867361111111112,28.166666666666668,136.28333333333333,T06,0.0,6.4,2.6500000000000004,0.07444444444444445,0.0,6.4,2.6305555555555555,0.08097222222222222,13.0,19.0,14.875,1014.0,1017.0,1015.3541666666666,61.0,91.0,81.20833333333333,0.0,0.0,0.0,0.0,49.68055555555556,49.24305555555556,415.2916666666667,,0
2016-12-13 00:00:00+00:00,1395.7,60.2,559.7881944444445,69.97986111111112,36.15972222222222,36.736111111111114,37.22222222222222,37.604166666666664,29.118055555555557,37.513888888888886,40.173611111111114,24.70138888888889,12.4,0.0,4.898611111111111,9.5,0.4,3.1937499999999996,0.46319444444444446,-0.9777777777777776,100.12152777777777,15.319444444444445,-638.3888888888889,4197.4375,512502.0,-702.5555555555555,-510093,38.3125,41.22222222222222,37.28472222222222,33.354166666666664,33.43055555555556,25.09027777777778,32.19444444444444,21.5625,18.23611111111111,-2.3,80.2,16.376388888888886,1.7652777777777777,49.31944444444444,33.71527777777778,32.4375,32.56944444444444,31.694444444444443,21.351388888888888,0.6520833333333333,50.00069444444445,398.93541666666664,397.31944444444446,396.4458333333333,37.18958333333333,43.66180555555556,38.136805555555554,394.9,-49.8,27.583333333333332,0.6499999999999999,3.2618055555555556,12.759027777777778,-21.234722222222224,993.4,-928.9,21.90902777777778,35.87638888888889,397.9,0.0,15.386805555555554,-115.57152777777777,0.0,-1000.0,45.05416666666667,115.57152777777777,1000.0,0.0,45.05416666666667,31.5,101.10347222222222,T06,0.0,7.0,3.0729166666666665,0.1961111111111111,0.0,7.5,3.084722222222222,0.19972222222222225,13.0,18.0,14.715277777777779,1014.0,1017.0,1015.4444444444445,64.0,93.0,81.35416666666667,0.0,1.0,0.006944444444444444,0.0,58.1875,58.50694444444444,415.4236111111111,,0
2016-12-14 00:00:00+00:00,1690.9,0.0,800.7145833333333,86.81458333333333,38.50694444444444,45.96527777777778,46.9375,47.048611111111114,29.069444444444443,43.513888888888886,46.395833333333336,25.79861111111111,15.0,0.0,6.988194444444444,18.1,0.4,3.9069444444444446,0.726388888888889,1.1361111111111113,164.43958333333333,13.944444444444445,-538.5069444444445,18307.0,2558669.0,-610.8194444444445,-1238312,40.208333333333336,43.30555555555556,39.458333333333336,34.041666666666664,35.55555555555556,23.21527777777778,33.90972222222222,22.770833333333332,16.006944444444443,-3.1,89.7,13.557638888888889,2.3673611111111112,75.05555555555556,34.69444444444444,33.020833333333336,33.083333333333336,32.63194444444444,106.61736111111111,0.6687500000000001,49.99861111111111,399.09166666666664,397.3201388888889,396.46944444444443,113.44166666666666,126.27430555555556,113.08819444444445,1892.6,-49.7,32.27777777777778,0.7701388888888889,4.0375,46.68472222222222,-51.59166666666667,837.2,-523.0,27.27638888888889,180.22222222222223,2000.0,0.0,65.47638888888889,-306.8798611111111,0.0,-1000.0,79.36388888888888,306.7722222222222,1000.0,0.0,79.83888888888889,34.451388888888886,168.31458333333333,T06,0.6000000000000001,14.8,4.293055555555556,0.5301388888888889,0.6000000000000001,14.7,4.140972222222222,0.6471527777777778,11.0,16.0,13.291666666666666,1011.0,1016.0,1014.3541666666666,78.0,96.0,85.3125,0.0,31.0,0.5625,0.0,82.54861111111111,79.47916666666667,414.2638888888889,,0
2016-12-15 00:00:00+00:00,1654.4,0.0,680.0027777777777,87.32291666666667,30.694444444444443,39.78472222222222,40.541666666666664,40.861111111111114,26.791666666666668,40.958333333333336,43.05555555555556,23.395833333333332,14.7,0.0,5.878472222222222,14.2,0.4,3.2708333333333335,0.6020833333333333,-4.030555555555555,269.22847222222225,12.54861111111111,-555.6597222222222,11542.541666666666,1582110.0,-605.6944444444445,-797559,36.80555555555556,39.916666666666664,36.3125,32.166666666666664,32.90277777777778,22.055555555555557,30.895833333333332,19.5,14.73611111111111,-2.8,89.7,12.836111111111112,2.2381944444444444,60.25694444444444,32.71527777777778,31.32638888888889,31.395833333333332,30.180555555555557,65.91874999999999,0.6777777777777778,50.00069444444445,399.0152777777778,397.4715277777778,396.2236111111111,77.25277777777778,87.00069444444445,79.28472222222223,1072.0,-50.0,28.041666666666668,0.8090277777777778,3.370138888888889,29.104166666666668,-33.22152777777777,1000.1,-622.4,32.993750000000006,73.98750000000001,1076.8,0.0,30.55763888888889,-235.97222222222223,0.0,-1000.0,72.31319444444445,235.97222222222223,1000.0,0.0,72.31319444444445,30.8125,290.7555555555556,T06,0.0,9.3,3.9541666666666666,0.20520833333333333,0.0,9.2,3.8777777777777778,0.2101388888888889,9.0,15.0,11.6875,1013.0,1017.0,1014.8333333333334,62.0,94.0,78.0,0.0,1.0,0.006944444444444444,0.0,75.83333333333333,74.375,414.77777777777777,,0
2016-12-16 00:00:00+00:00,1835.5,0.0,961.0152777777779,86.54027777777777,38.673611111111114,50.951388888888886,51.513888888888886,51.611111111111114,28.17361111111111,47.55555555555556,50.11805555555556,24.67361111111111,16.1,0.0,8.398611111111112,27.7,0.4,5.019444444444444,0.9888888888888889,6.111805555555556,249.53541666666666,12.541666666666666,-483.1666666666667,68214.39583333333,9753300.0,-511.00694444444446,-1985125,48.625,51.90277777777778,48.020833333333336,33.65277777777778,34.93055555555556,21.930555555555557,33.52777777777778,22.270833333333332,14.520833333333334,-3.1,52.9,8.177777777777777,1.5493055555555555,77.5,34.61805555555556,33.13194444444444,33.041666666666664,31.6875,406.37847222222223,0.8055555555555556,50.0,398.86527777777775,397.3548611111111,396.5395833333333,354.8277777777778,369.2784722222222,355.53541666666666,2102.1,-48.0,32.673611111111114,0.7868055555555555,5.158333333333333,119.20069444444445,-82.72291666666666,1000.4,-911.0,21.550694444444446,412.21944444444443,2000.0,0.0,119.97291666666666,-507.9951388888889,0.0,-1000.0,64.98263888888889,494.84513888888887,1000.0,0.0,77.6576388888889,36.173611111111114,290.93958333333336,T06,1.0,22.6,6.007638888888889,0.8447916666666667,0.9,22.3,5.958333333333333,0.8386111111111112,9.0,16.0,11.645833333333334,1006.0,1013.0,1008.7361111111111,59.0,96.0,78.10416666666667,0.0,27.0,0.7013888888888888,0.0,116.9375,115.91666666666667,408.69444444444446,,0
2016-12-17 00:00:00+00:00,1751.3,0.0,1006.1312499999999,96.97291666666666,35.46527777777778,48.74305555555556,49.36805555555556,49.611111111111114,27.229166666666668,45.263888888888886,48.84027777777778,24.416666666666668,15.5,0.0,8.849305555555555,23.0,0.4,4.867361111111111,0.8833333333333333,-1.7895833333333333,79.44791666666667,13.8125,-400.1388888888889,54485.805555555555,7788334.0,-408.6736111111111,-1897826,43.298611111111114,46.52777777777778,42.97222222222222,35.236111111111114,35.05555555555556,22.993055555555557,33.78472222222222,22.70138888888889,15.930555555555555,-3.2,89.7,8.256944444444445,2.2777777777777777,75.95833333333333,36.03472222222222,34.520833333333336,34.458333333333336,33.354166666666664,324.5548611111111,0.7979166666666667,49.99930555555555,398.6277777777778,396.76180555555555,395.6430555555555,284.15833333333336,305.20416666666665,292.3958333333333,2103.7,-50.0,31.79861111111111,0.8722222222222222,4.999305555555555,95.1236111111111,-79.09027777777777,1000.9,-766.8,23.293750000000003,330.96180555555554,2000.0,0.0,96.62152777777777,-539.7888888888889,0.0,-1000.0,77.81458333333333,529.9909722222222,1000.0,0.0,83.47430555555555,42.15277777777778,81.24027777777778,T06,0.4,15.2,5.340277777777778,0.6333333333333333,0.3,15.1,5.346527777777777,0.6388194444444444,9.0,17.0,12.916666666666666,1009.0,1014.0,1012.4097222222222,49.0,92.0,69.02777777777777,0.0,0.0,0.0,0.0,103.67361111111111,103.65277777777777,412.34722222222223,,0
2016-12-18 00:00:00+00:00,1782.3,0.0,1289.7375000000002,67.55625,46.40972222222222,62.798611111111114,63.701388888888886,63.75,31.84722222222222,51.166666666666664,55.145833333333336,26.95138888888889,15.6,0.0,11.380555555555555,21.8,0.4,6.223611111111111,1.0534722222222224,-3.625,80.76249999999999,14.993055555555555,-210.29861111111111,99755.81944444444,14334556.0,-202.82638888888889,-2798359,56.701388888888886,60.125,57.09027777777778,36.388888888888886,38.763888888888886,24.40277777777778,37.40972222222222,26.708333333333332,17.041666666666668,-3.1,84.5,1.7027777777777777,1.2513888888888889,98.79166666666667,37.65972222222222,35.895833333333336,35.71527777777778,34.388888888888886,597.2756944444444,0.8798611111111111,49.99930555555555,398.7659722222222,396.74375,396.41319444444446,509.0111111111112,536.0152777777778,516.7736111111111,2102.1,-50.1,37.541666666666664,0.6000000000000001,6.422222222222222,124.84791666666666,-116.61180555555555,971.9,-974.1,17.11111111111111,599.1381944444444,2000.0,0.0,124.82986111111111,-756.3569444444444,0.0,-1000.0,83.09652777777778,729.3819444444445,1000.0,0.0,93.65277777777777,44.513888888888886,76.88680555555555,T06,0.3,16.7,6.578472222222222,0.8943749999999999,0.0,17.0,6.577083333333333,0.9070833333333334,12.0,15.0,14.0625,1008.0,1014.0,1010.8402777777778,62.0,80.0,67.75,0.0,1.0,0.006944444444444444,0.0,128.5,128.43055555555554,410.81944444444446,,0
2016-12-19 00:00:00+00:00,1647.6,0.0,859.2972222222222,82.29791666666667,35.40277777777778,47.69444444444444,48.833333333333336,49.06944444444444,28.65972222222222,43.28472222222222,46.361111111111114,25.416666666666668,14.6,0.0,7.538194444444445,18.5,0.4,3.6881944444444446,0.6680555555555556,-4.4215277777777775,270.80277777777775,13.006944444444445,-396.9236111111111,17655.340277777777,2485212.0,-411.8125,-1156576,39.173611111111114,42.43055555555556,38.81944444444444,33.104166666666664,35.11805555555556,22.458333333333332,33.59722222222222,21.76388888888889,15.305555555555555,-2.7,89.7,8.977777777777778,2.301388888888889,74.75,33.81944444444444,32.111111111111114,32.21527777777778,31.569444444444443,103.54722222222222,0.7152777777777778,50.00138888888889,398.79583333333335,397.17777777777775,395.7270833333333,107.02708333333334,122.55486111111112,113.84305555555557,1041.4,-50.0,31.54861111111111,0.7506944444444444,3.8152777777777778,38.68194444444444,-48.12222222222223,1000.1,-616.1,34.799305555555556,108.95555555555556,1056.1,0.0,38.91736111111111,-366.5513888888889,0.0,-1000.0,90.4986111111111,366.5513888888889,1000.0,0.0,90.4986111111111,38.15277777777778,292.72291666666666,T06,0.0,8.8,4.419444444444444,0.18902777777777777,0.0,8.5,4.373611111111111,0.19166666666666668,8.0,15.0,12.11111111111111,1006.0,1009.0,1007.0555555555555,58.0,87.0,71.27083333333333,0.0,0.0,0.0,0.0,85.13888888888889,84.27777777777777,407.0208333333333,,0
2016-12-20 00:00:00+00:00,1648.6,0.0,499.44374999999997,63.20972222222221,30.694444444444443,37.24305555555556,37.6875,38.104166666666664,27.5625,40.576388888888886,41.548611111111114,23.84027777777778,14.6,0.0,4.149305555555555,15.0,0.4,2.9361111111111113,0.5472222222222222,0.46111111111111114,272.82500000000005,13.027777777777779,-631.5208333333334,12546.138888888889,1715703.0,-667.9444444444445,-672376,37.326388888888886,40.701388888888886,36.951388888888886,31.34027777777778,32.6875,21.88888888888889,30.84027777777778,19.666666666666668,15.006944444444445,-3.0,73.5,16.197222222222223,1.2319444444444445,52.638888888888886,31.6875,30.618055555555557,30.680555555555557,28.95138888888889,71.475,0.7159722222222222,50.0,398.69444444444446,397.4534722222222,396.0284722222222,74.17777777777778,81.48750000000001,76.86111111111111,1061.0,-48.9,27.84722222222222,0.5631944444444444,3.0062499999999996,29.24027777777778,-27.970138888888886,993.8,-716.3,17.708333333333332,77.84305555555555,1071.6,0.0,29.288194444444443,-216.44375000000002,0.0,-1000.0,42.927083333333336,216.44375000000002,1000.0,0.0,42.927083333333336,30.20138888888889,299.85833333333335,T06,0.9,8.9,3.9326388888888886,0.16965277777777776,0.8,9.0,3.8756944444444446,0.17020833333333335,10.0,15.0,12.333333333333334,1009.0,1017.0,1013.0277777777778,56.0,77.0,67.74305555555556,0.0,0.0,0.0,0.0,75.38194444444444,74.19444444444444,412.94444444444446,,0
2016-12-21 00:00:00+00:00,1693.8,0.0,651.7625,57.53819444444444,32.020833333333336,40.84027777777778,41.229166666666664,41.583333333333336,27.868055555555557,41.229166666666664,42.69444444444444,24.09722222222222,15.0,0.0,5.600694444444445,18.5,0.4,3.5888888888888886,0.6861111111111111,11.228472222222223,118.2076388888889,13.694444444444445,-494.27777777777777,33839.493055555555,4801710.0,-492.46527777777777,-1103878,40.90972222222222,44.208333333333336,40.38194444444444,33.05555555555556,33.65972222222222,22.34027777777778,31.944444444444443,20.680555555555557,15.180555555555555,-3.1,89.7,13.535416666666666,1.1583333333333334,56.5625,33.625,32.65972222222222,32.65277777777778,30.444444444444443,200.07916666666668,0.7562500000000001,49.99861111111111,398.59305555555557,397.2576388888889,395.7277777777778,178.99513888888887,190.95,184.58680555555554,1958.4,-49.8,29.03472222222222,0.5263888888888889,3.716666666666667,51.35625,-46.00486111111111,722.4,-793.0,17.234027777777776,206.8875,1988.8,0.0,52.114583333333336,-335.2986111111111,0.0,-1000.0,42.175,333.4138888888889,1000.0,0.0,44.68958333333333,33.291666666666664,84.46875,T06,0.3,11.8,3.779166666666667,0.3736111111111111,0.0,11.6,3.7215277777777778,0.35986111111111113,11.0,16.0,12.92361111111111,1016.0,1021.0,1018.4305555555555,45.0,72.0,57.31944444444444,0.0,0.0,0.0,0.0,72.29166666666667,71.19444444444444,418.375,,0
2016-12-22 00:00:00+00:00,1642.3,144.7,1163.2180555555556,55.09236111111111,45.104166666666664,52.84027777777778,54.36805555555556,54.270833333333336,28.11111111111111,45.486111111111114,49.8125,26.125,14.5,0.0,10.305555555555555,14.7,0.4,4.78125,0.7215277777777778,-0.4986111111111111,82.57013888888889,14.75,-163.60416666666666,37592.92361111111,5389821.0,-187.01388888888889,-2020324,41.68055555555556,44.736111111111114,41.270833333333336,36.49305555555556,36.71527777777778,24.40277777777778,35.52777777777778,23.77777777777778,17.13888888888889,-3.1,45.6,2.1902777777777778,0.9486111111111111,90.07638888888889,37.263888888888886,35.395833333333336,35.423611111111114,35.09027777777778,224.60972222222222,0.8097222222222222,49.99791666666667,398.65694444444443,396.7951388888889,396.225,200.97569444444446,224.13680555555555,208.53125,961.0,-44.2,34.583333333333336,0.4902777777777778,4.986805555555556,52.609027777777776,-84.16805555555555,1000.0,-588.0,16.147916666666667,227.19166666666666,971.2,0.0,52.86388888888889,-670.8513888888889,0.0,-1000.0,69.11041666666667,670.8513888888889,1000.0,0.0,69.11041666666667,36.173611111111114,83.0638888888889,T06,1.9,11.0,4.966666666666667,0.6299305555555555,2.5,9.8,5.588888888888889,0.26333333333333336,12.0,18.0,14.25,1021.0,1026.0,1023.3402777777778,46.0,77.0,62.1875,0.0,0.0,0.0,0.0,96.14583333333333,108.61111111111111,423.2916666666667,,0
2016-12-23 00:00:00+00:00,1710.7,0.0,1391.8069444444445,65.74305555555556,45.326388888888886,59.076388888888886,60.22222222222222,60.125,28.17361111111111,50.03472222222222,55.15972222222222,26.180555555555557,15.1,0.0,12.324305555555556,21.2,0.6000000000000001,6.584722222222222,0.9375,-0.6673611111111111,87.1576388888889,16.04861111111111,-89.42361111111111,93730.85416666667,13484365.0,-62.888888888888886,-3136451,51.395833333333336,54.4375,51.75,39.416666666666664,39.15277777777778,25.305555555555557,38.513888888888886,25.618055555555557,17.979166666666668,-3.2,89.7,0.07083333333333325,1.1868055555555557,102.90277777777777,40.65277777777778,38.791666666666664,38.673611111111114,38.048611111111114,561.9034722222223,0.9486111111111111,50.0,398.475,396.4791666666667,396.52986111111113,477.14166666666665,505.24305555555554,484.3284722222222,2095.2,-47.2,38.541666666666664,0.5840277777777778,6.790972222222222,115.96458333333334,-130.66111111111113,595.6,-868.7,11.405555555555557,583.7541666666667,2000.0,0.0,114.59444444444443,-944.3048611111111,0.0,-1000.0,39.10486111111111,939.0277777777778,1000.0,0.0,47.94097222222222,39.46527777777778,87.82430555555555,T06,1.8,15.0,6.935416666666667,1.094861111111111,1.8,13.4,7.231249999999999,0.45819444444444446,13.0,18.0,15.3125,1025.0,1027.0,1025.7152777777778,44.0,73.0,53.24305555555556,0.0,0.0,0.0,0.0,135.59722222222223,141.5,425.69444444444446,,0
2016-12-24 00:00:00+00:00,1790.5,1224.0,1597.3284722222222,32.019444444444446,59.958333333333336,83.0625,83.40277777777777,83.36111111111111,35.50694444444444,53.40972222222222,59.72222222222222,29.243055555555557,15.7,10.8,14.149305555555555,26.1,1.1,9.354166666666666,1.4819444444444445,0.6409722222222222,87.2486111111111,15.854166666666666,0.0,229438.63194444444,33039163.0,0.0,-4401243,66.05555555555556,70.22222222222223,68.40277777777777,41.798611111111114,42.15277777777778,25.6875,40.59027777777778,31.305555555555557,18.1875,-3.3,14.6,0.07708333333333332,1.1694444444444445,114.53472222222223,43.763888888888886,42.416666666666664,41.736111111111114,38.979166666666664,1376.6215277777778,0.9847222222222223,50.00138888888889,399.6020833333333,397.1618055555556,398.15208333333334,1153.6722222222222,1183.1520833333334,1151.49375,2105.0,7.2,43.0625,0.2763888888888889,9.598611111111111,134.90625,-183.38194444444446,-33.6,-223.3,3.873611111111111,1375.0944444444444,2000.0,6.5,133.97361111111113,-840.0965277777777,-32.0,-1000.0,71.70277777777778,732.9069444444444,1000.0,32.0,81.49652777777777,49.041666666666664,86.61250000000001,T06,2.7,18.9,9.584027777777777,1.9913194444444444,3.7,16.7,9.906944444444443,0.7251388888888889,13.0,17.0,14.95138888888889,1024.0,1027.0,1025.4097222222222,65.0,81.0,74.375,0.0,0.0,0.0,0.0,188.68055555555554,195.11805555555554,425.3541666666667,,0
2016-12-25 00:00:00+00:00,1799.5,1231.1,1588.6138888888888,30.304166666666667,55.88194444444444,88.13888888888889,88.4375,88.82638888888889,40.5625,52.861111111111114,59.645833333333336,30.15277777777778,15.9,10.9,14.073611111111113,26.5,0.5,9.371527777777779,1.5097222222222222,-0.5791666666666666,100.75833333333334,16.305555555555557,0.0,230465.45833333334,33187026.0,0.0,-4535857,67.86805555555556,71.32638888888889,71.52083333333333,41.90277777777778,43.59722222222222,26.479166666666668,41.229166666666664,32.30555555555556,19.208333333333332,-3.1,13.1,0.008333333333333302,1.2798611111111111,117.46527777777777,43.791666666666664,42.43055555555556,41.72222222222222,39.041666666666664,1382.7222222222222,0.9784722222222223,50.0,399.61875,397.2555555555556,399.10347222222225,1166.9597222222224,1187.3972222222224,1148.413888888889,2106.8,54.1,43.78472222222222,0.2625,9.552083333333334,153.82222222222222,-188.99027777777778,-105.9,-222.3,3.9770833333333337,1380.851388888889,2000.0,52.1,152.5298611111111,-846.4597222222222,-255.3,-1000.0,86.69513888888889,728.0131944444444,1000.0,255.3,104.35694444444444,51.13194444444444,101.34583333333333,T06,2.0,19.4,10.290277777777778,1.9581250000000001,1.7000000000000002,18.7,9.652777777777779,1.3760416666666666,14.0,18.0,15.381944444444445,1021.0,1025.0,1022.3125,62.0,83.0,72.79166666666667,0.0,0.0,0.0,0.0,202.83333333333334,190.10416666666666,422.2708333333333,,0
2016-12-26 00:00:00+00:00,1664.0,0.0,1283.9048611111111,54.13333333333333,39.50694444444444,54.458333333333336,55.94444444444444,55.90972222222222,28.9375,46.72222222222222,51.583333333333336,25.895833333333332,14.7,0.0,11.371527777777779,16.3,0.4,5.238888888888889,0.7881944444444444,0.9270833333333334,96.23611111111111,15.430555555555555,-67.58333333333333,48010.09722222222,6903720.0,-65.75694444444444,-2283235,43.326388888888886,46.326388888888886,43.416666666666664,39.15277777777778,38.00694444444444,25.63888888888889,37.31944444444444,25.36111111111111,18.430555555555557,-2.9,89.7,-0.4340277777777778,1.261111111111111,100.44444444444444,39.986111111111114,38.06944444444444,38.076388888888886,37.979166666666664,287.66875000000005,0.8930555555555555,49.99861111111111,398.8638888888889,396.5798611111111,396.35833333333335,247.13958333333332,278.36041666666665,254.65555555555557,1191.0,-49.3,36.611111111111114,0.4798611111111112,5.496527777777778,63.37986111111112,-95.14583333333333,934.4,-788.9,12.795833333333333,289.4888888888889,1200.3,0.0,63.44861111111111,-825.90625,0.0,-1000.0,95.19791666666667,825.90625,1000.0,0.0,95.19791666666667,36.0,95.29583333333333,T06,1.1,11.8,5.808333333333334,0.6131944444444444,1.1,10.3,5.717361111111111,0.3115972222222222,13.0,18.0,14.597222222222221,1020.0,1023.0,1021.1597222222222,57.0,86.0,74.84027777777777,0.0,0.0,0.0,0.0,113.00694444444444,111.22222222222223,421.13194444444446,,0
2016-12-27 00:00:00+00:00,1769.2,194.9,1499.4256944444444,41.450694444444444,48.895833333333336,74.97916666666667,75.65277777777777,75.45833333333333,35.05555555555556,51.861111111111114,57.71527777777778,28.36111111111111,15.7,1.7000000000000002,13.288194444444445,26.8,0.6000000000000001,8.369444444444445,1.3111111111111111,0.0013888888888888779,90.94444444444444,15.284722222222221,-48.72222222222222,180264.39583333334,25951057.0,-55.076388888888886,-3753048,60.02777777777778,63.99305555555556,61.486111111111114,39.888888888888886,40.84722222222222,25.04861111111111,39.354166666666664,28.791666666666668,17.77777777777778,-3.1,46.0,0.6305555555555555,1.0222222222222221,109.0625,41.65277777777778,40.09722222222222,39.61805555555556,37.395833333333336,1081.361111111111,0.9576388888888889,49.99791666666667,399.15833333333336,396.88750000000005,397.5777777777778,908.7069444444445,935.8805555555555,908.3020833333334,2104.4,-36.3,40.90972222222222,0.3597222222222223,8.578472222222222,122.34583333333333,-156.37291666666667,960.7,-436.9,7.718055555555556,1081.478472222222,2000.0,0.0,122.31736111111111,-821.5875000000001,0.0,-1000.0,65.26875000000001,747.0451388888889,1000.0,0.0,73.38472222222222,44.513888888888886,90.94027777777778,T06,1.9,17.7,8.324305555555556,1.6341666666666665,2.8,15.9,8.702777777777778,0.6386805555555556,12.0,17.0,14.375,1020.0,1022.0,1020.6805555555555,63.0,85.0,75.47916666666667,0.0,0.0,0.0,0.0,163.45138888888889,170.875,420.65972222222223,,0
2016-12-28 00:00:00+00:00,1799.7,79.8,1618.71875,43.53819444444444,59.270833333333336,90.65972222222223,90.82638888888889,91.22222222222223,40.68055555555556,53.11805555555556,60.125,31.0625,15.9,0.0,14.343055555555557,26.5,0.4,10.202777777777778,1.7881944444444444,-0.3208333333333334,99.05069444444445,16.32638888888889,-36.72222222222222,255188.13888888888,36741805.0,-24.541666666666668,-4651348,72.40277777777777,76.53472222222223,75.52083333333333,42.24305555555556,43.583333333333336,26.194444444444443,41.541666666666664,32.916666666666664,18.95138888888889,-3.3,77.2,1.3923611111111112,1.9381944444444446,118.42361111111111,44.36805555555556,43.0625,42.291666666666664,39.18055555555556,1530.888888888889,0.9895833333333334,49.99930555555555,400.02777777777777,397.6,399.2986111111111,1287.2236111111113,1310.2062500000002,1273.0118055555556,2105.0,-49.2,44.611111111111114,0.37986111111111115,10.343055555555557,173.1236111111111,-193.80763888888887,1000.1,-685.7,7.031944444444445,1529.3333333333333,2000.0,0.0,171.60347222222222,-796.7625,0.0,-1000.0,90.92569444444445,666.7388888888888,1000.0,0.0,106.66805555555555,53.25694444444444,99.36944444444445,T06,1.9,23.3,11.832638888888889,2.9991666666666665,2.0,20.5,11.031944444444443,1.8038888888888889,14.0,17.0,15.479166666666666,1020.0,1023.0,1021.2222222222222,60.0,78.0,70.46527777777777,0.0,0.0,0.0,0.0,233.66666666666666,217.625,421.1666666666667,,0
2016-12-29 00:00:00+00:00,1788.3,0.0,1567.6069444444445,55.49583333333333,53.701388888888886,83.83333333333333,84.04166666666667,84.4375,41.041666666666664,53.0625,59.611111111111114,29.61111111111111,15.9,0.0,13.881250000000001,26.9,0.7000000000000001,9.358333333333333,1.59375,-0.9743055555555556,104.38055555555555,16.47222222222222,-76.41666666666667,218121.34027777778,31398469.0,-55.645833333333336,-4341555,70.20138888888889,73.61111111111111,73.14583333333333,41.333333333333336,43.083333333333336,26.79861111111111,41.083333333333336,30.97222222222222,19.555555555555557,-3.2,89.7,1.3944444444444446,1.8333333333333333,114.40972222222223,43.326388888888886,41.88194444444444,41.25694444444444,38.75694444444444,1308.1881944444444,0.9895833333333334,50.0,399.62916666666666,397.31666666666666,398.8659722222222,1102.1333333333334,1123.7340277777778,1089.3868055555556,2105.8,-47.3,43.395833333333336,0.48819444444444443,9.509027777777778,195.59861111111113,-180.89027777777778,11.0,-224.2,5.829166666666667,1341.0333333333333,2000.0,31.9,186.34166666666667,-843.870138888889,0.0,-1000.0,86.55763888888889,743.5618055555556,1000.0,0.0,104.11944444444445,49.875,105.35208333333334,T06,2.5,19.7,10.304861111111112,2.206875,2.5,18.6,9.95138888888889,1.7786111111111111,14.0,17.0,15.520833333333334,1020.0,1023.0,1021.4861111111111,61.0,80.0,72.00694444444444,0.0,0.0,0.0,0.0,203.05555555555554,196.05555555555554,421.4513888888889,,0
2016-12-30 00:00:00+00:00,1769.7,198.6,1557.579861111111,47.59861111111111,47.9375,73.22916666666667,73.77777777777777,73.93055555555556,33.25694444444444,52.80555555555556,58.638888888888886,27.791666666666668,15.7,1.9,13.797916666666667,24.4,0.6000000000000001,8.242361111111112,1.2770833333333333,1.7999999999999998,97.62222222222222,15.70138888888889,-33.236111111111114,180236.13194444444,25949217.0,-24.3125,-3908088,65.84722222222223,68.97222222222223,66.43055555555556,40.625,41.43055555555556,25.48611111111111,40.361111111111114,27.77777777777778,18.069444444444443,-3.2,46.7,-1.1333333333333335,0.8465277777777778,109.52083333333333,42.486111111111114,40.923611111111114,40.458333333333336,38.65972222222222,1081.2194444444444,0.9756944444444444,49.99791666666667,399.74930555555557,397.4451388888889,398.81666666666666,911.7055555555556,934.2583333333334,901.3270833333333,2106.7,-42.8,41.81944444444444,0.4173611111111111,8.465277777777779,165.05277777777778,-162.83680555555554,1000.2,-218.5,6.3381944444444445,1080.8555555555556,2000.0,0.0,164.9375,-906.9937500000001,0.0,-1000.0,61.043749999999996,849.8972222222222,1000.0,0.0,80.72916666666667,44.729166666666664,95.83680555555556,T06,2.2,16.0,9.086805555555555,1.6159722222222221,2.9,14.4,8.653472222222222,0.6990972222222223,13.0,17.0,14.868055555555555,1021.0,1024.0,1022.4930555555555,55.0,81.0,70.34027777777777,0.0,0.0,0.0,0.0,178.66666666666666,170.0,422.4236111111111,,0
2016-12-31 00:00:00+00:00,1765.8,1217.6,1554.4729166666666,37.833333333333336,50.71527777777778,71.31944444444444,71.75,72.07638888888889,31.180555555555557,53.09027777777778,58.59027777777778,26.77777777777778,15.6,10.8,13.76388888888889,24.7,0.8,8.102083333333333,1.2055555555555555,-1.4402777777777778,96.68680555555555,14.729166666666666,0.0,172978.04861111112,24908839.0,0.0,-4210786,66.52083333333333,69.30555555555556,66.71527777777777,40.36805555555556,40.979166666666664,24.319444444444443,39.94444444444444,26.71527777777778,16.743055555555557,-3.2,8.8,-1.5437500000000002,0.5569444444444445,109.15277777777777,42.145833333333336,40.5625,40.15972222222222,38.388888888888886,1037.7895833333334,0.9854166666666667,50.0,399.2097222222222,396.9347222222222,398.46527777777777,878.4451388888889,900.0569444444444,865.5416666666666,2107.2,84.9,41.25694444444444,0.3298611111111111,8.334027777777777,148.6263888888889,-175.44722222222222,-100.8,-222.2,3.630555555555555,1036.8451388888889,2000.0,83.6,148.32083333333333,-952.7236111111112,-409.6,-1000.0,43.081944444444446,902.6701388888889,1000.0,406.1,60.512499999999996,43.96527777777778,98.11805555555556,T06,3.0,17.3,9.550694444444444,1.510625,4.8,15.5,9.089583333333334,0.8927083333333334,13.0,16.0,13.9375,1019.0,1022.0,1020.3472222222222,50.0,74.0,63.50694444444444,0.0,0.0,0.0,0.0,187.94444444444446,178.83333333333334,420.31944444444446,,0
2017-01-01 00:00:00+00:00,1675.1,1215.8,1323.8486111111113,42.724999999999994,38.6875,53.770833333333336,55.59722222222222,55.36805555555556,27.180555555555557,46.75694444444444,51.75,24.0,14.8,10.8,11.729861111111111,14.7,0.6000000000000001,5.488888888888889,0.8381944444444445,-0.2034722222222223,109.00625,14.131944444444445,-2.2916666666666665,53333.4375,7679685.0,-2.1805555555555554,-2652696,42.625,45.72222222222222,42.638888888888886,36.25694444444444,36.65972222222222,24.444444444444443,35.833333333333336,23.145833333333332,17.27777777777778,-3.1,4.5,-1.323611111111111,0.36944444444444446,100.34722222222223,37.270833333333336,35.38194444444444,35.361111111111114,34.61805555555556,319.9819444444445,0.8833333333333333,49.99930555555555,399.07916666666665,396.87152777777777,397.0847222222222,278.6534722222222,306.26874999999995,279.1784722222222,1159.5,-31.8,35.270833333333336,0.37986111111111115,5.676388888888889,74.21111111111111,-110.53125,13.2,-183.2,5.784722222222222,320.0388888888889,1175.6,0.0,74.45555555555556,-861.6534722222223,0.0,-1000.0,74.7125,861.6534722222223,1000.0,0.0,74.7125,32.951388888888886,109.19861111111112,T06,1.4,12.1,5.778472222222223,1.0929861111111112,1.4,12.6,5.715972222222223,1.0554861111111111,11.0,16.0,13.256944444444445,1013.0,1020.0,1016.3958333333334,52.0,76.0,64.92361111111111,0.0,0.0,0.0,0.0,112.36111111111111,111.19444444444444,416.31944444444446,,0
2017-01-02 00:00:00+00:00,1771.7,59.7,1527.4486111111112,40.986111111111114,47.729166666666664,73.36111111111111,73.96527777777777,74.16666666666667,32.361111111111114,51.666666666666664,57.604166666666664,26.270833333333332,15.6,0.0,13.525694444444445,30.4,0.5,8.125,1.3375,1.3027777777777778,117.82499999999999,14.055555555555555,-60.13194444444444,181535.82638888888,26132500.0,-41.99305555555556,-4026310,63.46527777777778,66.75694444444444,64.25,38.298611111111114,39.236111111111114,24.333333333333332,37.8125,27.48611111111111,16.881944444444443,-3.1,85.2,-0.7819444444444446,1.0604166666666666,108.74305555555556,40.145833333333336,38.673611111111114,38.11805555555556,35.708333333333336,1088.8798611111113,0.9465277777777779,50.00069444444445,398.8548611111111,396.77986111111113,398.26458333333335,927.3944444444444,942.8291666666667,911.6875,2103.2,-50.0,39.375,0.3631944444444445,8.29861111111111,170.32708333333332,-167.76041666666666,999.9,-221.2,7.771527777777777,1088.1999999999998,2000.0,0.0,169.03819444444446,-858.3097222222223,0.0,-1000.0,100.8138888888889,778.6423611111111,1000.0,0.0,122.36319444444445,43.21527777777778,116.51041666666667,T06,1.1,15.2,6.814583333333333,2.577916666666667,1.2,15.6,6.828472222222222,2.542986111111111,11.0,16.0,13.229166666666666,1010.0,1014.0,1011.6319444444445,57.0,78.0,69.55555555555556,0.0,0.0,0.0,0.0,133.17361111111111,133.46527777777777,411.6041666666667,,0
2017-01-03 00:00:00+00:00,1680.3,0.0,628.1569444444444,34.37013888888889,33.458333333333336,42.02777777777778,42.80555555555556,43.15972222222222,30.430555555555557,41.55555555555556,42.68055555555556,26.145833333333332,14.9,0.0,5.511805555555555,15.4,0.4,3.0694444444444446,0.4673611111111111,13.686805555555555,109.29374999999999,15.895833333333334,-453.55555555555554,12865.756944444445,1787356.0,-470.31944444444446,-1184533,41.69444444444444,44.854166666666664,41.3125,32.90972222222222,34.90972222222222,24.77777777777778,34.05555555555556,22.444444444444443,17.65277777777778,-2.6,89.7,13.390277777777778,1.3805555555555555,65.47222222222223,33.43055555555556,31.458333333333332,31.75,31.59722222222222,74.47083333333333,0.6875000000000001,49.99722222222223,398.3972222222222,397.0861111111111,395.57500000000005,89.69166666666666,97.19999999999999,85.42638888888888,1412.5,-47.3,31.604166666666668,0.29305555555555557,3.176388888888889,23.71597222222222,-49.37569444444445,633.2,-794.7,25.053472222222222,80.475,1440.0,0.0,22.822916666666668,-276.4034722222222,0.0,-1000.0,61.170833333333334,276.40277777777777,1000.0,0.0,61.178472222222226,31.479166666666668,93.09583333333333,T06,1.1,9.8,5.048387096774194,0.9732258064516129,1.1,10.2,4.962903225806452,0.9446774193548387,11.0,15.0,12.612903225806452,1014.0,1017.0,1014.8870967741935,59.0,77.0,71.19354838709677,0.0,0.0,0.0,0.0,97.7258064516129,95.98387096774194,414.85483870967744,,0
2017-05-06 00:00:00+00:00,1458.4,0.0,554.01875,82.93263888888889,34.770833333333336,42.645833333333336,43.083333333333336,43.645833333333336,33.611111111111114,41.145833333333336,42.583333333333336,28.555555555555557,12.9,0.0,4.759027777777778,15.7,0.4,2.9569444444444444,0.5805555555555556,-9.806249999999999,212.00902777777776,19.1875,-613.3541666666666,7878.486111111111,1046179.0,-626.0972222222222,-633281,43.11805555555556,46.24305555555556,43.020833333333336,34.763888888888886,36.013888888888886,30.493055555555557,35.30555555555556,25.15277777777778,24.208333333333332,-2.3,89.7,14.910416666666666,2.2777777777777777,56.861111111111114,35.13194444444444,33.25,33.423611111111114,33.86805555555556,43.59652777777778,0.7125,50.0,398.74375,397.40416666666664,395.69166666666666,51.30416666666667,60.264583333333334,54.769444444444446,510.8,-50.2,31.78472222222222,0.7645833333333334,3.0208333333333335,21.986805555555556,-26.407638888888886,1000.4,-731.4,21.78402777777778,52.49791666666667,514.3,0.0,22.84861111111111,-205.4138888888889,0.0,-1000.0,73.02638888888889,205.4138888888889,1000.0,0.0,73.02638888888889,34.361111111111114,226.80763888888887,T06,0.2,7.8,4.224675324675325,0.36597402597402595,0.0,7.7,4.21038961038961,0.3793506493506494,16.0,22.0,19.68831168831169,1010.0,1012.0,1010.4935064935065,50.0,69.0,58.27272727272727,0.0,0.0,0.0,0.0,81.24675324675324,80.84415584415585,410.45454545454544,,0
2017-05-07 00:00:00+00:00,1731.6,0.0,1320.8569444444445,57.66041666666667,49.416666666666664,65.36805555555556,66.17361111111111,66.15972222222223,34.4375,49.99305555555556,55.15972222222222,32.451388888888886,15.3,0.0,11.680555555555555,20.6,0.4,6.352777777777778,0.9763888888888889,1.4090277777777778,104.06319444444445,21.38888888888889,-140.39583333333334,96386.61111111111,13859456.0,-158.95833333333334,-3112416,57.31944444444444,60.263888888888886,57.548611111111114,39.423611111111114,42.38194444444444,30.54861111111111,40.63194444444444,33.041666666666664,24.03472222222222,-3.2,89.7,1.0013888888888889,0.8645833333333335,99.13888888888889,40.69444444444444,38.923611111111114,38.75694444444444,38.22222222222222,577.5131944444444,0.8916666666666667,50.0,398.79305555555555,396.8069444444444,397.7736111111111,500.88958333333335,516.0395833333333,489.9819444444444,2103.3,-49.8,39.86805555555556,0.5173611111111112,6.4118055555555555,121.80902777777777,-129.68194444444444,852.2,-430.3,7.886805555555556,578.7694444444445,2000.0,0.0,122.07708333333332,-807.8708333333333,0.0,-1000.0,43.858333333333334,785.7368055555556,1000.0,0.0,55.927083333333336,52.375,117.65625,T06,0.7000000000000001,14.3,6.472916666666666,1.3313194444444445,0.5,14.0,6.647916666666666,1.1638888888888888,17.0,25.0,20.569444444444443,1008.0,1010.0,1008.875,28.0,69.0,47.22222222222222,0.0,0.0,0.0,0.0,126.38888888888889,129.79166666666666,408.8263888888889,,0
2017-05-08 00:00:00+00:00,1731.4,145.8,1472.7847222222222,61.81041666666667,52.145833333333336,68.125,68.66666666666667,69.02083333333333,34.111111111111114,53.388888888888886,58.61805555555556,33.701388888888886,15.4,0.0,13.044444444444444,21.2,0.7000000000000001,7.002083333333333,1.0354166666666667,0.11875000000000004,105.45694444444445,22.59027777777778,-14.618055555555555,108551.27777777778,15629279.0,-8.291666666666666,-3419757,62.63194444444444,65.03472222222223,62.548611111111114,39.61805555555556,43.791666666666664,30.958333333333332,42.03472222222222,34.826388888888886,24.319444444444443,-3.2,64.8,-1.7479166666666668,0.3840277777777778,106.31944444444444,41.076388888888886,39.354166666666664,39.15972222222222,38.43055555555556,651.2631944444444,0.9479166666666666,50.0,398.70208333333335,396.8125,398.0208333333333,562.175,578.6131944444445,549.5777777777778,2103.6,-49.1,41.451388888888886,0.5451388888888888,7.007638888888889,133.71249999999998,-142.49583333333334,581.8,-933.4,13.34513888888889,651.401388888889,2000.0,0.0,134.07847222222222,-938.6555555555556,0.0,-1000.0,32.35208333333333,929.1993055555556,1000.0,0.0,40.73125,50.15277777777778,105.3423611111111,T06,1.5,14.2,7.022222222222222,1.3205555555555555,1.2,14.1,6.778472222222223,1.0943055555555556,18.0,27.0,21.90972222222222,1005.0,1009.0,1007.1319444444445,16.0,43.0,30.02777777777778,0.0,0.0,0.0,0.0,137.38194444444446,132.47222222222223,407.06944444444446,,0
2017-05-09 00:00:00+00:00,1678.3,0.0,999.6527777777778,111.82291666666667,41.826388888888886,51.77777777777778,52.80555555555556,52.75,34.263888888888886,46.25694444444444,49.65277777777778,30.1875,14.9,0.0,8.809027777777779,17.8,0.4,4.413194444444445,0.8069444444444445,2.0708333333333333,203.44236111111113,19.916666666666668,-594.875,30088.402777777777,4247070.0,-649.8055555555555,-1690065,48.541666666666664,51.25,48.541666666666664,37.61805555555556,39.88194444444444,30.13888888888889,38.361111111111114,28.416666666666668,23.45138888888889,-3.2,89.7,6.491666666666666,2.7291666666666665,85.72916666666667,38.43055555555556,36.423611111111114,36.513888888888886,36.9375,176.97847222222222,0.7493055555555556,49.99861111111111,398.49791666666664,396.9138888888889,396.45902777777775,173.53958333333333,187.00416666666666,173.74930555555554,1341.1,-50.2,36.888888888888886,1.0236111111111112,4.479861111111111,64.28194444444445,-70.4,1000.6,-836.8,30.664583333333333,186.86180555555555,1358.0,0.0,67.60972222222222,-472.3611111111111,0.0,-1000.0,88.89097222222222,472.3611111111111,1000.0,0.0,88.89097222222222,39.361111111111114,201.37013888888887,T06,0.3,10.7,4.782608695652174,0.5171014492753623,0.0,10.8,4.703623188405797,0.514927536231884,17.0,21.0,18.804347826086957,1002.0,1005.0,1003.5217391304348,21.0,89.0,64.7536231884058,0.0,0.0,0.0,0.0,92.39855072463769,90.78260869565217,403.5,,0
2017-05-10 00:00:00+00:00,1776.1,0.0,1355.5729166666667,80.4048611111111,47.09722222222222,63.763888888888886,64.21527777777777,64.20833333333333,32.96527777777778,50.673611111111114,55.791666666666664,30.23611111111111,15.7,0.0,11.955555555555556,24.7,0.4,6.906944444444445,1.3312499999999998,-1.395138888888889,211.8201388888889,18.979166666666668,-132.66666666666666,124645.43055555556,17929836.0,-115.10416666666667,-3606237,62.923611111111114,66.51388888888889,62.486111111111114,38.986111111111114,40.923611111111114,28.82638888888889,40.30555555555556,31.11111111111111,21.680555555555557,-3.2,55.7,1.3340277777777778,0.8090277777777778,96.56944444444444,40.458333333333336,38.763888888888886,38.53472222222222,37.520833333333336,747.098611111111,0.9263888888888889,50.00069444444445,398.4895833333333,396.4770833333333,396.77777777777777,634.9256944444445,659.1048611111112,636.0333333333333,2103.9,-49.4,39.75,0.7097222222222223,7.036111111111111,208.38333333333333,-150.26319444444445,787.5,-316.2,8.288194444444445,748.3430555555556,2000.0,0.0,208.67777777777778,-838.4083333333333,0.0,-1000.0,53.256249999999994,814.8034722222222,1000.0,0.0,78.82986111111111,44.81944444444444,213.21527777777777,T06,1.0,18.2,8.199305555555556,1.3879166666666667,0.8,18.4,8.277083333333334,1.4697222222222224,16.0,20.0,17.97222222222222,997.0,1004.0,999.2222222222222,78.0,94.0,88.92361111111111,0.0,4.0,0.0763888888888889,0.0,160.97916666666666,162.52777777777777,399.18055555555554,,0
2017-05-11 00:00:00+00:00,1785.6,1211.4,1490.7493055555556,73.57777777777778,50.923611111111114,69.82638888888889,70.34027777777777,70.4375,33.951388888888886,52.451388888888886,58.104166666666664,30.944444444444443,15.7,10.7,13.202083333333333,23.6,0.6000000000000001,7.362500000000001,1.4048611111111111,-0.4847222222222223,230.52777777777777,18.9375,0.0,132311.01388888888,19052786.0,0.0,-3999834,65.27777777777777,68.95138888888889,66.0625,39.75694444444444,42.90972222222222,28.979166666666668,41.75,33.09722222222222,21.770833333333332,-3.2,12.6,-1.6868055555555557,0.5451388888888888,108.59027777777777,41.388888888888886,39.78472222222222,39.40972222222222,38.38194444444444,793.9006944444444,0.9652777777777778,49.99930555555555,398.5861111111111,396.5451388888889,397.03125,672.8541666666666,699.7916666666666,674.6972222222222,2107.3,3.3,41.958333333333336,0.6479166666666667,7.522222222222222,217.41458333333333,-166.6548611111111,-16.4,-221.8,5.164583333333334,793.495138888889,2000.0,3.0,217.38055555555556,-964.9340277777778,-14.6,-1000.0,51.205555555555556,940.3125,1000.0,14.6,74.82847222222222,48.05555555555556,231.01458333333332,T06,2.7,18.4,8.518055555555556,1.5072222222222222,2.9,18.4,8.599305555555555,1.5356944444444443,15.0,20.0,17.88888888888889,997.0,1001.0,998.625,65.0,96.0,82.4375,0.0,18.0,0.2916666666666667,0.0,167.29861111111111,168.95138888888889,398.52777777777777,,0
2017-05-12 00:00:00+00:00,1768.1,0.0,1442.6652777777776,77.93194444444445,49.84722222222222,67.70833333333333,68.1875,68.33333333333333,33.1875,51.611111111111114,57.11805555555556,30.680555555555557,15.6,0.0,12.77986111111111,24.2,0.4,7.038888888888889,1.3291666666666666,0.23611111111111116,230.23819444444447,19.125,-80.86111111111111,120846.47222222222,17390247.0,-62.09027777777778,-3537565,63.611111111111114,67.13194444444444,63.791666666666664,39.826388888888886,42.44444444444444,29.07638888888889,41.236111111111114,32.6875,22.09722222222222,-3.1,89.7,-0.9020833333333333,1.1013888888888888,107.41666666666667,41.3125,39.611111111111114,39.326388888888886,38.40972222222222,724.5645833333333,0.9444444444444444,50.00069444444445,398.8694444444444,396.6277777777778,397.31319444444443,616.1097222222222,642.1916666666667,614.0131944444444,2106.0,-49.5,41.25,0.6895833333333333,7.154861111111111,220.08819444444444,-147.38958333333332,614.8,-217.8,7.70763888888889,725.286111111111,2000.0,0.0,219.54861111111111,-898.870138888889,0.0,-1000.0,76.25555555555555,870.23125,1000.0,0.0,104.41944444444444,45.666666666666664,230.00416666666666,T06,2.9,15.6,7.964583333333334,1.197152777777778,2.6,16.2,8.072222222222223,1.21875,16.0,20.0,18.069444444444443,1000.0,1009.0,1004.0555555555555,68.0,95.0,83.47222222222223,0.0,19.0,0.18055555555555555,0.0,156.27777777777777,158.22916666666666,403.9583333333333,,0
2017-05-13 00:00:00+00:00,1653.2,0.0,716.5458333333333,44.78194444444445,37.09722222222222,45.236111111111114,46.02777777777778,46.166666666666664,33.013888888888886,43.5625,45.19444444444444,28.90277777777778,14.7,0.0,6.196527777777778,17.4,0.4,3.4972222222222222,0.6395833333333334,-10.372222222222222,238.9888888888889,19.354166666666668,-501.49305555555554,17918.92361111111,2508110.0,-511.8958333333333,-1125710,44.97222222222222,48.15972222222222,45.0625,35.361111111111114,37.27777777777778,29.52777777777778,36.53472222222222,26.40972222222222,23.020833333333332,-2.9,89.7,11.355555555555556,1.0375,69.13194444444444,35.888888888888886,34.06944444444444,34.125,34.333333333333336,104.52638888888889,0.7701388888888889,50.0,398.93888888888887,396.9326388888889,395.98819444444445,98.57013888888889,113.78958333333334,102.72152777777778,1002.7,-50.1,33.708333333333336,0.4548611111111111,3.579861111111111,44.71041666666667,-46.88611111111111,922.8,-543.5,11.3,108.64097222222222,1019.8,0.0,43.921527777777776,-391.5340277777778,0.0,-1000.0,96.86180555555556,391.5340277777778,1000.0,0.0,96.86180555555556,34.3125,249.37638888888887,T06,0.0,8.9,4.133333333333334,0.2847222222222222,0.0,9.0,4.167361111111111,0.29833333333333334,16.0,22.0,18.375,1009.0,1015.0,1011.1944444444445,56.0,95.0,79.20833333333333,0.0,0.0,0.0,0.0,79.42361111111111,79.98611111111111,411.15972222222223,,0
2017-05-14 00:00:00+00:00,1670.2,0.0,464.18541666666664,50.861111111111114,33.99305555555556,39.36805555555556,39.701388888888886,40.173611111111114,34.729166666666664,41.56944444444444,41.833333333333336,29.78472222222222,14.8,0.0,3.9055555555555554,15.3,0.4,2.870833333333333,0.6236111111111111,9.042361111111111,234.1819444444444,21.01388888888889,-596.3055555555555,19400.159722222223,2707753.0,-606.0138888888889,-805529,45.52777777777778,48.74305555555556,45.263888888888886,34.298611111111114,36.701388888888886,30.48611111111111,35.979166666666664,26.40972222222222,24.07638888888889,-3.0,63.2,16.234722222222224,0.788888888888889,54.00694444444444,34.75694444444444,32.875,33.048611111111114,33.43055555555556,112.84375,0.7562500000000001,50.0,399.1979166666667,397.3979166666667,396.1513888888889,102.85277777777779,113.08402777777778,106.41597222222222,1521.0,-50.0,32.78472222222222,0.4583333333333333,2.9208333333333334,38.36527777777778,-33.59097222222223,937.3,-603.0,9.283333333333333,118.37708333333333,1538.9,0.0,38.56111111111111,-265.57430555555555,0.0,-1000.0,32.02013888888889,265.56597222222223,1000.0,0.0,32.09583333333333,33.55555555555556,300.1638888888889,T06,0.0,10.0,3.2256944444444446,0.32756944444444447,0.0,9.7,3.1805555555555554,0.3334722222222222,15.0,25.0,19.631944444444443,1014.0,1017.0,1015.4027777777778,42.0,91.0,72.30555555555556,0.0,1.0,0.006944444444444444,0.0,61.3125,60.263888888888886,415.38194444444446,,0
2017-05-15 00:00:00+00:00,1811.8,0.0,1508.7611111111112,56.78958333333333,65.47222222222223,84.72222222222223,84.79861111111111,84.95138888888889,37.895833333333336,52.09027777777778,59.09027777777778,34.333333333333336,15.9,0.0,13.360416666666667,28.8,0.6000000000000001,9.302083333333334,1.5409722222222222,0.11944444444444441,92.63819444444444,22.493055555555557,-99.52083333333333,198903.43055555556,28627762.0,-113.65972222222223,-3809786,71.48611111111111,74.73611111111111,72.88888888888889,42.416666666666664,45.93055555555556,31.458333333333332,43.979166666666664,40.18055555555556,25.166666666666668,-3.2,89.7,2.7708333333333335,1.9909722222222221,111.48611111111111,44.24305555555556,42.791666666666664,42.201388888888886,40.25,1192.802777777778,0.9284722222222221,50.0,398.96805555555557,397.24375,398.5888888888889,1014.9124999999999,1025.4145833333334,997.8541666666666,2108.5,-49.0,45.59027777777778,0.5020833333333333,9.272222222222222,133.07986111111111,-158.73263888888889,931.6,-769.9,15.448611111111111,1193.1131944444444,2000.0,0.0,132.11458333333334,-745.4041666666667,0.0,-1000.0,64.98333333333333,663.0333333333333,1000.0,0.0,74.29236111111112,59.0625,95.01249999999999,T06,1.9,23.8,10.059722222222222,2.6172222222222223,2.2,20.9,9.868055555555555,1.1859722222222222,18.0,26.0,21.79861111111111,1014.0,1016.0,1015.0486111111111,30.0,70.0,47.25,0.0,0.0,0.0,0.0,198.29166666666666,194.30555555555554,414.99305555555554,,0
2017-05-16 00:00:00+00:00,1828.5,1240.0,1664.4958333333334,26.011805555555554,72.8125,107.90277777777777,107.34027777777777,107.70138888888889,43.458333333333336,53.763888888888886,62.8125,36.701388888888886,16.1,11.0,14.75138888888889,32.8,1.4,12.29513888888889,2.1493055555555554,0.09097222222222226,97.35347222222222,22.979166666666668,0.0,304002.6666666667,43776384.0,0.0,-4530368,84.25694444444444,88.21527777777777,88.65277777777777,46.21527777777778,49.61805555555556,31.819444444444443,46.916666666666664,46.81944444444444,25.38888888888889,-2.8,20.2,4.517361111111111,2.3499999999999996,128.11805555555554,48.458333333333336,47.361111111111114,46.388888888888886,42.84027777777778,1824.028472222222,0.9979166666666666,50.0,399.82916666666665,398.1451388888889,400.3069444444444,1536.3395833333334,1543.63125,1507.2243055555555,2107.8,137.2,50.611111111111114,0.22361111111111112,12.174305555555556,104.94513888888889,-188.76597222222222,-55.0,-228.1,3.967361111111111,1821.4847222222222,2000.0,136.3,103.05208333333333,-696.1569444444444,-583.3,-1000.0,84.01319444444444,524.7402777777778,1000.0,406.1,80.46111111111111,62.6875,97.27291666666666,T06,2.6,24.4,12.740972222222222,3.314513888888889,3.5,21.6,12.023611111111112,1.625486111111111,20.0,25.0,22.04861111111111,1011.0,1015.0,1012.9236111111111,35.0,52.0,43.40277777777778,0.0,0.0,0.0,0.0,251.88888888888889,237.54166666666666,412.8611111111111,,0
2017-05-17 00:00:00+00:00,1797.7,1228.9,1620.6958333333334,24.624305555555555,68.29861111111111,101.64583333333333,101.52777777777777,101.86111111111111,43.173611111111114,52.74305555555556,61.4375,35.99305555555556,15.9,10.9,14.359722222222224,28.9,1.4,10.395138888888889,1.7125,0.39652777777777776,95.13749999999999,22.729166666666668,0.0,259026.9375,37299879.0,0.0,-4317304,77.34722222222223,81.52777777777777,82.82638888888889,44.90277777777778,48.63194444444444,31.458333333333332,45.673611111111114,44.15277777777778,24.84722222222222,-3.1,13.8,1.3229166666666667,1.5965277777777778,124.29166666666667,46.916666666666664,45.6875,44.875,42.02777777777778,1554.1576388888889,0.9833333333333333,50.00208333333333,399.74791666666664,397.98541666666665,399.54583333333335,1307.5986111111113,1321.3694444444445,1289.06875,2108.9,2.8,48.354166666666664,0.2138888888888889,10.327083333333333,137.6861111111111,-179.88472222222222,-9.6,-221.0,4.376388888888889,1551.6722222222222,2000.0,1.7000000000000002,136.17361111111111,-774.3645833333334,-8.2,-1000.0,96.56944444444444,633.3340277777778,1000.0,8.2,105.02083333333333,61.03472222222222,94.75347222222223,T06,3.0,18.8,10.931249999999999,2.4099305555555555,3.3,17.0,10.449305555555556,0.9644444444444444,20.0,25.0,21.805555555555557,1008.0,1013.0,1009.4444444444445,32.0,52.0,43.361111111111114,0.0,0.0,0.0,0.0,215.63194444444446,206.0,409.4236111111111,,0
2017-05-18 00:00:00+00:00,1737.8,0.0,1161.7604166666667,59.775000000000006,46.25,59.520833333333336,60.34722222222222,60.38194444444444,34.625,49.02777777777778,53.09027777777778,31.40277777777778,15.3,0.0,10.245833333333334,23.0,0.4,5.523611111111111,0.9423611111111112,-3.8499999999999996,250.17569444444447,20.916666666666668,-353.09027777777777,69907.13888888889,10015783.0,-345.4583333333333,-2417194,56.645833333333336,59.81944444444444,57.076388888888886,38.38194444444444,41.5625,30.895833333333332,40.076388888888886,31.38888888888889,24.26388888888889,-3.3,89.7,4.057638888888889,1.1604166666666667,92.95138888888889,39.44444444444444,37.63194444444444,37.583333333333336,37.388888888888886,417.31666666666666,0.8500000000000001,50.00208333333333,398.7125,396.7659722222222,396.5597222222222,361.48749999999995,382.4,362.79375000000005,2100.0,-48.8,38.888888888888886,0.5340277777777778,5.591666666666667,115.2298611111111,-100.71458333333334,707.9,-341.6,9.274305555555555,421.3493055555556,2000.0,0.0,115.81458333333333,-666.6347222222222,0.0,-1000.0,57.59722222222222,659.6194444444444,1000.0,0.0,66.83958333333334,43.145833333333336,246.51944444444447,T06,0.5,13.2,5.890972222222222,0.5649305555555555,0.3,13.8,5.870833333333334,0.5500694444444445,16.0,23.0,19.97222222222222,1007.0,1010.0,1008.5833333333334,33.0,72.0,51.138888888888886,0.0,0.0,0.0,0.0,114.48611111111111,114.20833333333333,408.56944444444446,,0
2017-05-19 00:00:00+00:00,1668.6,0.0,870.2881944444445,97.13263888888889,41.61805555555556,48.71527777777778,49.71527777777778,49.729166666666664,35.3125,45.28472222222222,48.28472222222222,30.98611111111111,14.8,0.0,7.591666666666667,14.3,0.4,3.8229166666666665,0.8131944444444446,2.6020833333333333,164.45486111111111,21.5625,-525.0208333333334,21274.618055555555,2987942.0,-582.5416666666666,-1193929,47.729166666666664,50.583333333333336,47.56944444444444,36.673611111111114,39.701388888888886,30.375,38.298611111111114,29.02777777777778,23.881944444444443,-3.3,76.6,8.599305555555555,2.2868055555555555,76.70833333333333,37.395833333333336,35.40972222222222,35.50694444444444,36.020833333333336,124.48333333333332,0.7388888888888889,50.00138888888889,398.50208333333336,396.8381944444444,396.35625000000005,124.45138888888889,136.73125,127.44236111111111,1227.6,-50.7,36.09027777777778,0.90625,3.915972222222222,54.06805555555556,-49.77638888888889,1000.1,-999.9,35.53611111111111,132.00902777777776,1255.5,0.0,54.7,-402.20208333333335,0.0,-1000.0,116.11736111111112,402.20208333333335,1000.0,0.0,116.11736111111112,37.30555555555556,204.34305555555557,T06,0.4,10.7,4.586111111111111,0.6120138888888889,0.3,9.7,4.415972222222222,0.5373611111111111,15.0,26.0,20.51388888888889,1009.0,1011.0,1009.8680555555555,20.0,76.0,47.291666666666664,0.0,0.0,0.0,0.0,88.49305555555556,85.05555555555556,409.80555555555554,,0
2017-05-20 00:00:00+00:00,1827.8,1232.5,1668.4368055555556,28.60763888888889,73.52083333333333,105.00694444444444,104.42361111111111,104.77777777777777,43.4375,54.28472222222222,62.763888888888886,35.31944444444444,16.0,10.9,14.787500000000001,35.9,0.9,13.861805555555556,2.397222222222222,-0.2347222222222223,92.62430555555555,20.90277777777778,0.0,306175.90972222225,44089331.0,0.0,-4852383,82.34722222222223,86.46527777777777,85.71527777777777,45.826388888888886,47.986111111111114,30.90972222222222,45.361111111111114,44.048611111111114,23.583333333333332,-3.3,24.2,7.407638888888889,2.185416666666667,126.43055555555556,48.15277777777778,47.09027777777778,46.02777777777778,42.40972222222222,1837.0659722222222,1.0,50.0,400.0520833333333,398.25694444444446,400.44375,1546.107638888889,1555.9118055555555,1518.2979166666667,2106.5,210.6,49.18055555555556,0.24791666666666667,13.590972222222222,88.06597222222223,-202.18402777777777,-106.0,-227.7,2.9715277777777778,1835.6694444444447,2000.0,202.7,85.7798611111111,-693.2041666666667,-583.3,-1000.0,52.65972222222222,529.2930555555555,1000.0,406.1,59.727777777777774,60.333333333333336,92.85902777777778,T06,3.8,25.7,13.678472222222222,4.771597222222223,5.1,23.6,13.420833333333333,1.957986111111111,17.0,24.0,20.166666666666668,1007.0,1011.0,1008.9513888888889,46.0,81.0,64.1875,0.0,0.0,0.0,0.0,270.6458333333333,265.7083333333333,408.90277777777777,,0
2017-05-21 00:00:00+00:00,1857.1,1249.9,1666.3972222222224,35.04097222222222,72.65277777777777,108.57638888888889,108.26388888888889,108.58333333333333,42.77777777777778,54.27777777777778,63.020833333333336,37.27777777777778,16.2,11.1,14.768749999999999,35.9,2.0,15.011805555555554,2.582638888888889,-0.23402777777777783,108.54791666666667,22.541666666666668,0.0,298753.5625,43020513.0,0.0,-5116148,84.99305555555556,90.02777777777777,89.85416666666667,45.638888888888886,49.979166666666664,31.59722222222222,46.986111111111114,46.701388888888886,24.97222222222222,-3.1,26.5,9.506944444444445,2.1909722222222223,129.18055555555554,47.798611111111114,46.638888888888886,45.673611111111114,42.298611111111114,1792.490277777778,0.9993055555555556,49.99930555555555,400.0986111111111,397.75972222222225,399.77152777777775,1505.148611111111,1526.9173611111112,1486.0243055555557,2107.4,238.0,50.46527777777778,0.28958333333333336,14.479861111111111,69.46319444444445,-213.17430555555555,-162.8,-229.0,2.7750000000000004,1791.7847222222222,2000.0,232.8,67.83055555555556,-690.0451388888889,-583.3,-1000.0,30.61180555555556,541.348611111111,1000.0,406.1,35.96805555555555,62.05555555555556,108.76666666666667,T06,3.8,30.8,14.996527777777779,4.325972222222223,3.7,29.0,14.663194444444445,3.8205555555555555,19.0,25.0,21.78472222222222,1004.0,1008.0,1006.0763888888889,31.0,68.0,48.25694444444444,0.0,0.0,0.0,0.0,297.1388888888889,290.3958333333333,406.02777777777777,,0
2017-05-22 00:00:00+00:00,1748.3,0.0,884.2916666666666,111.83055555555556,45.145833333333336,54.833333333333336,55.611111111111114,55.80555555555556,38.03472222222222,46.638888888888886,49.55555555555556,31.708333333333332,15.4,0.0,7.709722222222222,20.5,0.4,4.205555555555556,0.8055555555555556,-5.426388888888889,159.26388888888889,22.243055555555557,-695.0138888888889,34650.20138888889,4889544.0,-701.3819444444445,-1366135,51.25694444444444,54.47222222222222,52.68055555555556,38.083333333333336,41.020833333333336,32.770833333333336,39.15277777777778,30.930555555555557,26.13888888888889,-2.8,89.7,8.8625,2.9743055555555555,79.46527777777777,38.861111111111114,36.86805555555556,36.90972222222222,37.47222222222222,203.68124999999998,0.7319444444444445,50.0,398.73055555555555,397.0965277777778,396.5048611111111,199.99513888888887,212.95416666666668,201.52291666666667,2102.5,-50.2,37.71527777777778,1.0395833333333333,4.24375,57.18472222222223,-56.94236111111112,1000.3,-949.5,49.65833333333333,214.35208333333333,2000.0,0.0,59.47222222222222,-386.14444444444445,0.0,-1000.0,113.46111111111111,376.8298611111111,1000.0,0.0,116.56180555555557,41.00694444444444,164.69236111111113,T06,0.3,16.5,3.800694444444444,0.7946527777777779,0.0,16.5,3.790972222222222,0.7553472222222222,18.0,25.0,20.979166666666668,1006.0,1009.0,1007.6527777777778,45.0,74.0,64.44444444444444,0.0,0.0,0.0,0.0,72.71527777777777,72.48611111111111,407.5486111111111,,0
2017-05-23 00:00:00+00:00,1821.2,1222.7,1583.0416666666667,42.71736111111111,69.39583333333333,92.375,92.43055555555556,92.47916666666667,39.041666666666664,53.40972222222222,60.770833333333336,35.388888888888886,16.0,10.8,14.027777777777779,33.6,1.2,11.877777777777778,1.9347222222222225,0.08888888888888881,92.42152777777778,21.979166666666668,0.0,230182.51388888888,33146282.0,0.0,-4388715,74.98611111111111,78.61111111111111,76.625,43.43055555555556,47.145833333333336,31.40972222222222,45.041666666666664,41.541666666666664,24.881944444444443,-3.2,23.8,5.265277777777778,1.5277777777777777,120.21527777777777,45.236111111111114,43.895833333333336,43.21527777777778,40.708333333333336,1381.0354166666666,0.9854166666666667,49.99930555555555,399.0138888888889,397.30555555555554,398.7951388888889,1166.6437500000002,1179.5194444444444,1148.875,2106.9,60.8,47.125,0.3715277777777778,11.600694444444445,83.63333333333334,-182.8638888888889,-82.1,-224.7,3.6319444444444446,1380.5944444444444,2000.0,60.3,82.20972222222223,-785.2118055555555,-295.4,-1000.0,28.9375,681.1319444444445,1000.0,295.4,32.41041666666667,58.06944444444444,92.32499999999999,T06,3.0,25.9,11.582638888888889,3.450625,3.7,23.8,11.870138888888889,1.534513888888889,19.0,24.0,21.17361111111111,1005.0,1008.0,1006.1111111111111,40.0,72.0,56.229166666666664,0.0,0.0,0.0,0.0,228.70833333333334,234.43055555555554,406.0763888888889,,0
2017-05-24 00:00:00+00:00,1820.5,1278.5,1671.603472222222,27.066666666666666,71.09027777777777,107.95138888888889,107.50694444444444,107.84722222222223,43.09027777777778,53.50694444444444,62.59027777777778,36.78472222222222,16.0,11.3,14.814583333333335,33.5,0.7000000000000001,13.135416666666666,2.3194444444444446,-0.0715277777777778,95.39236111111111,22.15277777777778,0.0,304707.40277777775,43877866.0,0.0,-4983782,81.86111111111111,86.18055555555556,86.46527777777777,46.0,49.076388888888886,31.256944444444443,45.986111111111114,45.74305555555556,24.6875,-2.9,21.5,5.878472222222222,2.3583333333333334,127.70833333333333,48.236111111111114,47.173611111111114,46.138888888888886,42.61805555555556,1828.2868055555555,0.9993055555555556,50.0,400.0375,398.1076388888889,400.3701388888889,1539.4131944444443,1551.3402777777778,1511.0659722222222,2112.6,292.7,49.576388888888886,0.22499999999999998,12.806249999999999,110.1263888888889,-207.64999999999998,-156.4,-223.8,3.3090277777777777,1826.363888888889,2000.0,283.2,108.46458333333334,-703.5840277777778,-583.3,-1000.0,70.2513888888889,538.6479166666667,1000.0,406.1,78.24722222222222,62.43055555555556,95.46666666666667,T06,4.3,24.7,12.60763888888889,3.8070833333333334,5.0,21.9,12.747916666666667,2.033263888888889,19.0,25.0,21.40972222222222,1004.0,1008.0,1006.1666666666666,43.0,73.0,55.40277777777778,0.0,0.0,0.0,0.0,249.25,252.06944444444446,406.11805555555554,,0
2017-05-25 00:00:00+00:00,1768.3,0.0,1310.4736111111113,85.7173611111111,54.375,72.77777777777777,73.27083333333333,73.35416666666667,39.22222222222222,51.729166666666664,57.0,34.02777777777778,15.6,0.0,11.53263888888889,21.2,0.4,6.797916666666667,1.188888888888889,-1.7006944444444445,128.09861111111113,23.27777777777778,-439.6111111111111,123055.61805555556,17656705.0,-386.0,-3116775,66.08333333333333,69.35416666666667,68.29861111111111,40.36805555555556,44.729166666666664,32.11805555555556,42.173611111111114,36.72222222222222,25.75,-3.3,89.7,2.6152777777777776,1.7131944444444445,103.1875,41.75,40.104166666666664,39.81944444444444,39.048611111111114,735.6125,0.901388888888889,49.99930555555555,398.41805555555555,396.9513888888889,397.26250000000005,632.2305555555555,646.08125,626.0374999999999,2106.0,-50.3,41.97222222222222,0.7611111111111112,6.792361111111111,177.8763888888889,-129.85763888888889,783.7,-269.1,13.211805555555555,739.7,2000.0,0.0,177.79930555555555,-731.3715277777778,0.0,-1000.0,71.83194444444445,692.1076388888889,1000.0,0.0,97.61527777777778,50.513888888888886,129.8,T06,0.8,17.1,7.028472222222223,1.7822222222222222,0.6000000000000001,16.5,6.850694444444445,1.5827777777777776,19.0,27.0,22.29861111111111,1003.0,1007.0,1005.4444444444445,31.0,73.0,53.84722222222222,0.0,0.0,0.0,0.0,137.42361111111111,133.77777777777777,405.375,,0
2017-05-26 00:00:00+00:00,1580.7,0.0,582.2680555555556,65.80555555555556,35.888888888888886,42.4375,42.979166666666664,43.15972222222222,35.951388888888886,43.00694444444444,44.479166666666664,29.72222222222222,14.0,0.0,5.004166666666666,15.0,0.4,3.1090277777777775,0.5736111111111112,-5.007638888888889,192.53680555555556,21.041666666666668,-714.7569444444445,7262.958333333333,942941.0,-706.4375,-652736,45.84027777777778,48.93055555555556,45.94444444444444,35.24305555555556,37.44444444444444,31.166666666666668,36.520833333333336,27.375,24.84027777777778,-2.4,89.7,14.872916666666665,1.7333333333333334,58.36805555555556,35.729166666666664,33.65972222222222,33.875,34.55555555555556,39.294444444444444,0.6909722222222223,50.00138888888889,398.0986111111111,396.9798611111111,395.3215277777778,52.47291666666667,60.9701388888889,56.420833333333334,592.9,-50.1,33.486111111111114,0.6291666666666667,3.1402777777777775,31.064583333333335,-27.19097222222222,1000.2,-819.6,29.377083333333335,49.25763888888889,598.2,0.0,31.927083333333332,-190.60208333333333,0.0,-1000.0,104.47986111111112,190.60208333333333,1000.0,0.0,104.47986111111112,36.24305555555556,197.54652777777778,T06,0.0,8.9,3.495138888888889,0.256875,0.0,8.5,3.34375,0.29208333333333336,17.0,23.0,19.979166666666668,1005.0,1007.0,1006.0416666666666,65.0,96.0,81.89583333333333,0.0,0.0,0.0,0.0,66.63888888888889,63.638888888888886,405.9791666666667,,0
2017-05-27 00:00:00+00:00,1717.5,0.0,753.5326388888889,74.44444444444444,39.72222222222222,46.888888888888886,47.125,47.34722222222222,36.31944444444444,44.24305555555556,46.61805555555556,30.90972222222222,15.2,0.0,6.388888888888889,21.3,0.4,4.315277777777777,0.757638888888889,-3.1826388888888886,127.48958333333333,22.40972222222222,-422.7638888888889,49409.67361111111,7054117.0,-410.7291666666667,-1392745,52.708333333333336,56.020833333333336,52.5,36.013888888888886,38.3125,31.729166666666668,37.583333333333336,29.96527777777778,25.555555555555557,-3.2,84.5,11.963888888888889,1.1243055555555557,62.145833333333336,36.75,34.80555555555556,34.916666666666664,35.06944444444444,294.00208333333336,0.8104166666666667,50.0,398.4243055555555,397.1159722222222,395.5472222222222,251.77083333333334,266.59791666666666,257.9951388888889,2101.9,-50.3,34.84027777777778,0.7131944444444445,4.321527777777778,87.60694444444444,-58.049305555555556,1000.3,-734.9,11.647916666666667,298.69930555555555,2000.0,0.0,87.81458333333333,-425.8972222222222,0.0,-1000.0,36.2625,420.4743055555556,1000.0,0.0,44.19166666666667,41.05555555555556,130.6638888888889,T06,0.2,14.4,4.093055555555555,0.8891666666666667,0.0,14.0,3.9444444444444446,0.7945138888888889,17.0,27.0,21.305555555555557,1005.0,1008.0,1006.5347222222222,44.0,98.0,76.15972222222223,0.0,0.0,0.0,0.0,78.53472222222223,75.65277777777777,406.49305555555554,,0
2017-05-28 00:00:00+00:00,1681.3,0.0,1046.8937500000002,67.52847222222222,42.72222222222222,53.416666666666664,54.40972222222222,54.50694444444444,35.208333333333336,47.479166666666664,50.833333333333336,31.180555555555557,14.9,0.0,9.182638888888889,15.7,0.4,4.654861111111111,0.7923611111111112,-0.7763888888888888,207.24930555555557,21.444444444444443,-371.99305555555554,36296.743055555555,5173162.0,-365.43055555555554,-1728969,50.06944444444444,53.0625,50.09027777777778,37.673611111111114,40.791666666666664,31.430555555555557,39.604166666666664,30.020833333333332,24.930555555555557,-3.1,89.7,5.050000000000001,1.495138888888889,86.81944444444444,38.40972222222222,36.423611111111114,36.548611111111114,36.763888888888886,215.5548611111111,0.8222222222222223,49.99930555555555,398.66875000000005,396.7680555555555,395.54791666666665,188.94930555555555,213.76388888888889,201.0201388888889,1253.0,-50.1,37.798611111111114,0.6354166666666666,4.71875,65.04097222222222,-72.03611111111111,1000.2,-940.8,20.139583333333334,220.26041666666666,1269.0,0.0,65.60486111111112,-607.0833333333334,0.0,-1000.0,108.00208333333333,607.0833333333334,1000.0,0.0,108.00208333333333,41.701388888888886,208.02777777777777,T06,0.8,10.7,4.668749999999999,0.4965277777777778,0.6000000000000001,10.0,4.621527777777778,0.5225694444444444,18.0,23.0,20.25,1008.0,1011.0,1009.2916666666666,48.0,92.0,75.22916666666667,0.0,0.0,0.0,0.0,90.15972222222223,89.23611111111111,409.22222222222223,,0
2017-05-29 00:00:00+00:00,1656.5,0.0,828.9458333333333,66.16805555555555,39.104166666666664,48.22222222222222,49.201388888888886,49.208333333333336,34.40972222222222,44.854166666666664,47.270833333333336,29.88888888888889,14.7,0.0,7.173611111111111,20.0,0.4,3.867361111111111,0.6937500000000001,-5.591666666666666,239.83124999999998,20.569444444444443,-472.97222222222223,22168.92361111111,3124223.0,-482.68055555555554,-1282074,46.354166666666664,49.479166666666664,46.38194444444444,36.49305555555556,38.791666666666664,30.84722222222222,37.763888888888886,27.82638888888889,24.354166666666668,-3.1,89.7,9.197222222222223,1.5166666666666666,75.25694444444444,37.06944444444444,35.020833333333336,35.125,35.576388888888886,130.14791666666667,0.78125,50.00138888888889,398.6590277777778,397.13125,395.9555555555555,122.48819444444445,136.5638888888889,126.95555555555555,1080.6,-51.8,35.326388888888886,0.5888888888888889,3.9465277777777774,54.337500000000006,-53.43541666666667,1000.5,-820.7,18.37986111111111,135.82638888888889,1104.7,0.0,54.22361111111111,-445.46180555555554,0.0,-1000.0,105.01458333333333,445.46180555555554,1000.0,0.0,105.01458333333333,37.21527777777778,245.4347222222222,T06,1.2,10.3,4.477777777777778,0.3222916666666667,1.0,10.4,4.526388888888889,0.3422222222222222,17.0,22.0,19.506944444444443,1009.0,1011.0,1009.5972222222222,55.0,96.0,81.57638888888889,0.0,3.0,0.034722222222222224,0.0,86.28472222222223,87.25,409.59027777777777,,0
2017-05-30 00:00:00+00:00,1666.4,0.0,695.5236111111111,47.22430555555556,38.59722222222222,46.25,47.06944444444444,47.15972222222222,34.354166666666664,43.361111111111114,45.513888888888886,30.305555555555557,14.8,0.0,6.032638888888888,18.7,0.4,3.563888888888889,0.6097222222222222,-5.940277777777777,235.00208333333336,21.666666666666668,-601.8194444444445,17923.222222222223,2494282.0,-641.3333333333334,-1015689,46.53472222222222,49.708333333333336,46.673611111111114,35.93055555555556,38.93055555555556,31.625,37.99305555555556,28.45138888888889,25.444444444444443,-3.1,89.7,12.143055555555556,0.9006944444444444,71.09027777777777,36.46527777777778,34.458333333333336,34.604166666666664,35.166666666666664,103.91736111111112,0.726388888888889,49.99861111111111,398.38958333333335,397.1666666666667,396.19444444444446,103.14791666666666,113.0326388888889,105.99722222222222,1267.8,-45.6,35.361111111111114,0.44583333333333336,3.609722222222222,40.484722222222224,-42.324305555555554,841.4,-593.8,14.778472222222222,109.70416666666667,1274.7,0.0,40.93194444444444,-338.5340277777778,0.0,-1000.0,61.06041666666667,338.5340277777778,1000.0,0.0,61.06041666666667,36.520833333333336,248.4597222222222,T06,0.0,10.0,3.9625000000000004,0.2639583333333333,0.0,10.1,3.997916666666667,0.2740972222222222,18.0,24.0,20.506944444444443,1006.0,1010.0,1007.7361111111111,59.0,97.0,80.375,0.0,0.0,0.0,0.0,76.01388888888889,76.70138888888889,407.6736111111111,,0
2017-05-31 00:00:00+00:00,1792.1,0.0,1525.5395833333334,36.22222222222222,64.33333333333333,87.17361111111111,87.40972222222223,87.44444444444444,40.041666666666664,51.604166666666664,58.888888888888886,35.138888888888886,15.8,0.0,13.510416666666666,30.0,0.8,9.01736111111111,1.4965277777777777,0.4680555555555554,98.53472222222223,22.666666666666668,-39.173611111111114,203552.90277777778,29305978.0,-49.923611111111114,-3914034,69.06944444444444,72.48611111111111,71.48611111111111,43.0,45.99305555555556,31.875,43.604166666666664,40.513888888888886,25.63888888888889,-3.3,86.2,1.8270833333333334,1.7166666666666666,112.72222222222223,44.86805555555556,43.375,42.833333333333336,40.645833333333336,1221.0729166666667,0.9645833333333333,50.0,399.0284722222222,397.40625,398.4798611111111,1032.2770833333334,1045.9833333333333,1019.6645833333334,2105.9,-29.0,45.111111111111114,0.31180555555555556,9.002777777777778,160.7736111111111,-163.0909722222222,1000.1,-221.7,6.066666666666666,1224.4625,2000.0,0.0,160.5388888888889,-807.4451388888889,0.0,-1000.0,104.47777777777777,707.5736111111112,1000.0,0.0,119.43055555555556,60.19444444444444,100.56805555555555,T06,1.4,20.0,9.609027777777778,2.408333333333333,1.4,17.5,9.414583333333333,1.0825694444444443,18.0,25.0,21.819444444444443,1006.0,1009.0,1007.8263888888889,48.0,85.0,63.229166666666664,0.0,0.0,0.0,0.0,189.07638888888889,185.36111111111111,407.7916666666667,,0
2017-06-01 00:00:00+00:00,1778.6,1214.7,1648.146527777778,32.97708333333333,65.75,94.92361111111111,94.875,95.02777777777777,43.270833333333336,52.673611111111114,61.416666666666664,36.513888888888886,15.7,10.8,14.600000000000001,23.8,1.3,9.827083333333333,1.7354166666666666,0.5361111111111112,92.97222222222223,23.944444444444443,0.0,249386.02083333334,35911587.0,0.0,-4352991,73.375,76.98611111111111,77.70833333333333,44.53472222222222,47.46527777777778,32.93055555555556,44.25694444444444,43.63194444444444,26.65277777777778,-3.2,10.2,-0.7895833333333333,1.2270833333333335,118.42361111111111,46.61805555555556,45.326388888888886,44.611111111111114,41.923611111111114,1496.275,0.9986111111111112,49.99930555555555,399.34513888888887,397.7555555555556,399.05833333333334,1259.1916666666666,1273.3430555555556,1244.6840277777778,2105.5,62.2,46.11805555555556,0.2875,9.796527777777778,257.5993055555556,-181.3722222222222,0.4,-217.2,5.978472222222222,1493.8666666666666,2000.0,61.6,255.38680555555553,-898.2229166666667,-301.7,-1000.0,108.2486111111111,774.8291666666667,1000.0,301.7,157.1013888888889,62.208333333333336,92.42986111111111,T06,1.7000000000000002,17.7,9.412500000000001,2.8372916666666668,1.5,15.4,9.807638888888889,1.1965972222222223,20.0,27.0,23.07638888888889,1007.0,1009.0,1007.9305555555555,52.0,76.0,62.43055555555556,0.0,0.0,0.0,0.0,185.19444444444446,193.21527777777777,407.8958333333333,,0
2017-06-02 00:00:00+00:00,1787.4,0.0,1477.0756944444445,58.21111111111111,60.75,83.36111111111111,83.59027777777777,83.77083333333333,41.388888888888886,52.90972222222222,59.701388888888886,35.826388888888886,15.7,0.0,13.056249999999999,23.9,0.4,8.02986111111111,1.3340277777777778,1.1395833333333334,92.79583333333333,24.875,-240.4375,172772.91666666666,24844677.0,-183.07638888888889,-3470638,71.25694444444444,74.52777777777777,74.45138888888889,42.25694444444444,46.65972222222222,33.50694444444444,44.0625,41.104166666666664,27.125,-3.1,89.7,0.398611111111111,1.4298611111111112,111.57638888888889,43.93055555555556,42.458333333333336,41.9375,40.5,1035.1145833333333,0.9270833333333334,49.99861111111111,399.2527777777778,397.7131944444444,398.3833333333333,885.8965277777778,899.7506944444444,878.1076388888889,2105.2,-49.8,44.625,0.5194444444444444,8.013194444444444,185.79513888888889,-144.6048611111111,792.3,-899.6,25.97222222222222,1036.0493055555555,2000.0,0.0,184.82708333333332,-828.2208333333333,0.0,-1000.0,88.41319444444444,750.0715277777778,1000.0,0.0,119.52430555555556,55.94444444444444,91.64583333333333,T06,0.9,16.6,7.439583333333333,2.070069444444444,0.8,15.6,8.258333333333333,0.7748611111111111,21.0,28.0,24.055555555555557,1006.0,1009.0,1007.3888888888889,45.0,72.0,57.56944444444444,0.0,0.0,0.0,0.0,145.69444444444446,162.15972222222223,407.3263888888889,,0
2017-06-03 00:00:00+00:00,1599.2,0.0,668.5319444444444,83.30000000000001,40.770833333333336,46.47222222222222,47.18055555555556,47.38194444444444,38.076388888888886,45.388888888888886,47.076388888888886,31.28472222222222,14.1,0.0,5.790972222222222,14.6,0.4,3.4124999999999996,0.6618055555555556,2.5375,213.66875,23.13888888888889,-728.0277777777778,15247.194444444445,2090758.0,-724.8125,-888747,48.38194444444444,51.4375,48.94444444444444,36.49305555555556,39.47222222222222,33.09027777777778,38.11805555555556,29.875,26.555555555555557,-3.0,89.7,12.573611111111111,1.9958333333333331,66.38194444444444,36.99305555555556,34.93055555555556,35.15972222222222,36.03472222222222,87.10902777777778,0.7479166666666667,50.0,398.9513888888889,397.3618055555555,396.5444444444445,90.2125,100.90625,93.28055555555555,845.1,-50.1,35.770833333333336,0.7826388888888889,3.459027777777778,37.31597222222222,-36.99861111111111,1000.2,-709.8,23.419444444444444,96.50208333333333,867.8,0.0,39.14861111111111,-304.96180555555554,0.0,-1000.0,73.70555555555556,304.96180555555554,1000.0,0.0,73.70555555555556,38.5,203.62569444444443,T06,0.0,9.5,3.582638888888889,0.33979166666666666,0.0,9.4,3.560416666666667,0.36423611111111115,19.0,25.0,21.92361111111111,1007.0,1010.0,1008.4583333333334,53.0,96.0,72.59722222222223,0.0,0.0,0.0,0.0,68.39583333333333,68.08333333333333,408.36805555555554,,0
2017-06-04 00:00:00+00:00,1703.1,0.0,784.9388888888889,53.37638888888889,40.06944444444444,47.99305555555556,48.38194444444444,48.763888888888886,35.59027777777778,45.80555555555556,46.986111111111114,30.78472222222222,15.1,0.0,6.875,22.4,0.4,3.931944444444445,0.8118055555555556,1.7451388888888892,237.24374999999998,21.166666666666668,-480.9166666666667,35619.90277777778,5060012.0,-464.2708333333333,-1474653,49.72222222222222,52.81944444444444,49.4375,36.34722222222222,39.229166666666664,31.38888888888889,38.3125,29.145833333333332,25.069444444444443,-3.2,89.7,10.301388888888889,0.9097222222222222,70.49305555555556,37.076388888888886,35.09027777777778,35.22222222222222,35.5625,210.78125,0.7909722222222223,50.0,398.77777777777777,396.98333333333335,396.4465277777778,191.65138888888887,202.47916666666666,190.71944444444443,2048.7,-50.4,35.96527777777778,0.49166666666666664,3.9756944444444446,78.84652777777778,-61.44583333333334,1001.7,-679.1,16.04513888888889,215.52222222222224,2000.0,0.0,78.13402777777777,-425.99305555555554,0.0,-1000.0,77.46944444444445,425.2944444444445,1000.0,0.0,79.41597222222222,39.291666666666664,230.49652777777777,T06,0.0,12.8,4.491666666666666,0.45944444444444443,0.0,12.8,4.515277777777778,0.48201388888888885,17.0,22.0,20.166666666666668,1007.0,1010.0,1008.9652777777778,48.0,91.0,69.07638888888889,0.0,0.0,0.0,0.0,86.72916666666667,87.20138888888889,408.90972222222223,,0
2017-06-05 00:00:00+00:00,1654.7,0.0,806.3583333333333,58.481944444444444,41.13194444444444,50.854166666666664,51.84027777777778,51.88194444444444,35.00694444444444,45.333333333333336,47.729166666666664,30.8125,14.7,0.0,7.017361111111111,18.8,0.4,3.8062500000000004,0.7277777777777777,-5.15625,249.1652777777778,21.52777777777778,-517.3680555555555,23715.791666666668,3340572.0,-530.8194444444445,-1302667,47.423611111111114,50.576388888888886,47.40277777777778,36.791666666666664,39.611111111111114,31.395833333333332,38.583333333333336,29.083333333333332,25.020833333333332,-2.9,61.0,9.314583333333333,1.0,77.82638888888889,37.40972222222222,35.333333333333336,35.5,36.09722222222222,139.18333333333334,0.7826388888888889,50.00138888888889,398.84513888888887,397.0388888888889,396.3041666666667,129.93541666666667,143.19236111111113,131.3986111111111,953.6,-51.8,36.173611111111114,0.5041666666666668,3.875,55.02361111111111,-54.25972222222222,1000.5,-758.6,13.159027777777778,143.84166666666667,967.2,0.0,54.24652777777778,-446.09513888888887,0.0,-1000.0,100.21597222222222,446.09513888888887,1000.0,0.0,100.21597222222222,38.583333333333336,254.32708333333332,T06,0.3,9.5,4.283333333333333,0.3902777777777778,0.0,9.5,4.309722222222223,0.4052777777777778,18.0,24.0,20.5,1008.0,1011.0,1009.6458333333334,55.0,86.0,68.28472222222223,0.0,0.0,0.0,0.0,82.40972222222223,82.86805555555556,409.625,,0
2017-06-06 00:00:00+00:00,1681.2,0.0,791.0847222222222,69.12152777777777,40.21527777777778,48.708333333333336,49.583333333333336,49.611111111111114,35.72222222222222,46.166666666666664,48.020833333333336,31.479166666666668,14.9,0.0,6.911111111111111,17.3,0.4,3.9145833333333337,0.7611111111111112,-4.53125,266.9819444444445,22.73611111111111,-519.5763888888889,26657.5625,3763873.0,-565.7430555555555,-1341717,48.458333333333336,51.61805555555556,48.5625,36.90972222222222,39.895833333333336,32.18055555555556,38.583333333333336,29.72222222222222,25.819444444444443,-3.2,89.7,11.715972222222222,1.5854166666666667,73.47222222222223,37.548611111111114,35.50694444444444,35.666666666666664,36.28472222222222,156.82847222222222,0.7604166666666666,50.00069444444445,398.87291666666664,397.13750000000005,396.6826388888889,146.63125000000002,159.64236111111111,148.7611111111111,1436.2,-50.1,36.50694444444444,0.6270833333333333,3.970138888888889,51.41319444444444,-55.90763888888889,1000.4,-578.7,15.81736111111111,164.76527777777778,1455.5,0.0,54.03958333333333,-426.92291666666665,0.0,-1000.0,49.74027777777778,426.9215277777778,1000.0,0.0,49.76111111111111,37.93055555555556,286.50972222222225,T06,0.0,10.4,4.316666666666666,0.3504861111111111,0.0,10.6,4.288194444444445,0.36506944444444445,17.0,26.0,21.729166666666668,1007.0,1010.0,1008.0416666666666,44.0,82.0,62.18055555555556,0.0,0.0,0.0,0.0,83.14583333333333,82.625,407.97222222222223,,0
2017-06-07 00:00:00+00:00,1810.8,0.0,1025.1916666666666,39.77430555555556,57.1875,72.625,72.29861111111111,72.56944444444444,39.111111111111114,48.72222222222222,53.388888888888886,34.61805555555556,16.0,0.0,8.969444444444445,27.1,0.4,7.543749999999999,1.2951388888888888,0.2465277777777778,128.91041666666666,24.32638888888889,-417.90277777777777,156830.1875,22523368.0,-425.2291666666667,-2602831,66.71527777777777,70.11805555555556,67.60416666666667,40.96527777777778,44.013888888888886,33.104166666666664,42.395833333333336,38.583333333333336,27.270833333333332,-3.1,47.0,11.756250000000001,1.6131944444444446,87.24305555555556,42.173611111111114,40.583333333333336,40.229166666666664,39.05555555555556,938.5104166666666,0.8527777777777779,50.0,399.62291666666664,397.9715277777778,398.50208333333336,795.9895833333334,802.5909722222223,782.6500000000001,2112.4,-49.5,42.604166666666664,0.37083333333333335,7.397222222222222,78.63263888888889,-108.45486111111111,1000.6,-735.3,7.386805555555556,942.3388888888888,2000.0,0.0,78.33194444444445,-418.85555555555555,0.0,-1000.0,59.19722222222222,335.6354166666667,1000.0,0.0,61.15555555555555,51.80555555555556,96.17638888888888,T06,0.0,21.4,8.26875,1.9023611111111112,0.0,19.2,7.965972222222222,0.9020833333333333,19.0,29.0,23.98611111111111,1005.0,1009.0,1007.0833333333334,37.0,82.0,55.50694444444444,0.0,0.0,0.0,0.0,162.36805555555554,156.20833333333334,407.03472222222223,,0
2017-06-08 00:00:00+00:00,1835.1,1230.3,1659.2368055555555,28.26388888888889,72.25,107.47916666666667,107.13888888888889,107.36111111111111,43.3125,54.46527777777778,63.333333333333336,38.43055555555556,16.1,10.9,14.699305555555554,29.2,0.9,11.31388888888889,1.9916666666666667,-0.3652777777777778,96.86458333333333,25.03472222222222,0.0,284692.4166666667,40995708.0,0.0,-4619043,81.9375,86.11805555555556,86.625,46.02777777777778,50.74305555555556,33.486111111111114,47.47222222222222,48.00694444444444,27.520833333333332,-3.1,18.2,2.182638888888889,2.1444444444444444,127.22916666666667,48.24305555555556,47.104166666666664,46.138888888888886,43.09722222222222,1708.1416666666667,0.9986111111111112,50.0,399.9659722222222,398.0888888888889,400.03472222222223,1436.9625,1449.7270833333334,1412.8395833333334,2109.7,101.1,50.59722222222222,0.23750000000000002,11.134027777777778,154.7423611111111,-192.45833333333334,-93.7,-229.4,3.9444444444444446,1704.7861111111113,2000.0,99.7,152.82916666666668,-771.4576388888888,-488.5,-1000.0,104.81527777777778,613.3944444444445,1000.0,406.1,111.08958333333334,62.71527777777778,97.22777777777777,T06,3.0,21.3,11.56111111111111,2.9752083333333332,2.6,19.5,11.013194444444444,1.9409722222222223,22.0,28.0,24.291666666666668,1004.0,1007.0,1004.8958333333334,43.0,64.0,52.90277777777778,0.0,0.0,0.0,0.0,228.33333333333334,217.32638888888889,404.84722222222223,,0
2017-06-09 00:00:00+00:00,1730.8,0.0,736.1527777777778,76.33611111111111,42.979166666666664,51.951388888888886,52.59722222222222,52.826388888888886,39.75694444444444,45.71527777777778,48.013888888888886,33.72222222222222,15.3,0.0,6.378472222222222,20.2,0.4,3.717361111111111,0.6402777777777778,-0.11944444444444431,180.9972222222222,24.97222222222222,-844.3333333333334,24769.868055555555,3445278.0,-845.7083333333334,-964536,51.88194444444444,55.05555555555556,53.69444444444444,37.50694444444444,42.263888888888886,34.451388888888886,39.97222222222222,32.826388888888886,28.13888888888889,-2.9,89.7,12.141666666666667,2.154166666666667,74.61805555555556,38.15972222222222,36.138888888888886,36.291666666666664,37.104166666666664,143.5125,0.7020833333333334,50.00069444444445,399.0472222222222,397.5,396.4326388888889,152.35833333333332,162.17708333333334,154.74930555555557,2100.8,-50.1,38.486111111111114,0.675,3.732638888888889,43.37708333333333,-40.172222222222224,1001.1,-927.2,53.56527777777777,155.5701388888889,2000.0,0.0,44.5125,-262.13680555555555,0.0,-1000.0,93.85694444444444,255.82500000000002,1000.0,0.0,98.75833333333334,43.979166666666664,181.1222222222222,T06,0.0,15.4,3.716666666666667,0.4857638888888889,0.0,13.7,3.8618055555555557,0.3518055555555556,19.0,28.0,24.020833333333332,1006.0,1009.0,1007.2361111111111,31.0,77.0,56.18055555555556,0.0,0.0,0.0,0.0,71.00694444444444,73.875,407.19444444444446,,0
2017-06-10 00:00:00+00:00,1780.2,0.0,1382.7645833333333,39.956944444444446,56.68055555555556,79.09722222222223,79.36805555555556,79.47222222222223,39.604166666666664,50.69444444444444,57.208333333333336,35.354166666666664,15.7,0.0,12.216666666666667,25.1,1.0,7.836111111111112,1.2395833333333333,4.375694444444445,93.54583333333333,24.208333333333332,-132.58333333333334,168173.54861111112,24197900.0,-123.73611111111111,-3222399,67.27083333333333,70.79861111111111,68.69444444444444,42.00694444444444,45.49305555555556,33.333333333333336,43.47222222222222,39.5625,27.46527777777778,-3.2,76.8,2.33125,1.0236111111111112,103.19444444444444,43.59027777777778,42.048611111111114,41.625,40.173611111111114,1008.3159722222222,0.9055555555555556,50.0,399.4555555555555,397.6715277777778,398.3388888888889,860.7034722222222,875.7715277777778,852.2104166666667,2106.5,-43.5,44.40277777777778,0.3416666666666667,7.824305555555556,138.92916666666667,-134.35069444444446,778.7,-972.1,26.1125,1008.8888888888889,2000.0,0.0,138.22083333333333,-730.3534722222222,0.0,-1000.0,85.68333333333334,648.04375,1000.0,0.0,98.09444444444445,57.576388888888886,101.67291666666667,T06,0.9,17.0,7.226388888888888,1.8409722222222225,0.7000000000000001,15.2,7.958333333333333,0.5829861111111111,20.0,27.0,23.395833333333332,1006.0,1008.0,1007.2638888888889,44.0,79.0,61.763888888888886,0.0,0.0,0.0,0.0,141.40972222222223,156.01388888888889,407.2083333333333,,0
2017-06-11 00:00:00+00:00,1823.6,1243.4,1666.420138888889,24.391666666666666,75.3125,112.125,111.65972222222223,111.91666666666667,43.541666666666664,54.854166666666664,63.736111111111114,39.63194444444444,16.0,11.0,14.768750000000002,30.7,1.3,11.919444444444444,1.990277777777778,-0.6027777777777776,85.97708333333334,25.194444444444443,0.0,303540.69444444444,43709860.0,0.0,-4695953,85.16666666666667,89.63194444444444,90.23611111111111,47.18055555555556,52.111111111111114,33.80555555555556,49.1875,49.513888888888886,27.73611111111111,-3.0,16.3,3.33125,2.183333333333333,130.75,49.423611111111114,48.333333333333336,47.333333333333336,44.013888888888886,1821.1944444444443,0.9986111111111112,50.00069444444445,400.1194444444444,398.12916666666666,399.9743055555556,1529.8166666666666,1545.052777777778,1508.0777777777778,2107.4,173.4,52.875,0.2138888888888889,11.641666666666667,114.99097222222223,-195.65972222222223,-124.4,-227.9,3.6527777777777777,1818.0201388888888,2000.0,170.3,113.25486111111111,-704.4722222222222,-583.3,-1000.0,93.97847222222222,532.7291666666666,1000.0,406.1,90.40347222222222,64.375,86.59305555555555,T06,2.4,18.4,10.153472222222222,3.0147916666666665,2.8,19.2,11.537500000000001,1.1506944444444445,20.0,29.0,24.319444444444443,1005.0,1008.0,1006.2708333333334,24.0,81.0,52.548611111111114,0.0,0.0,0.0,0.0,200.00694444444446,227.73611111111111,406.25694444444446,,0
2017-06-12 00:00:00+00:00,1796.9,0.0,1391.086111111111,42.62361111111111,66.09027777777777,88.38194444444444,88.40277777777777,88.59722222222223,42.27777777777778,54.46527777777778,61.263888888888886,38.53472222222222,15.8,0.0,12.3,32.9,1.4,9.866666666666667,1.5805555555555555,0.5493055555555555,97.76319444444444,26.375,-497.03472222222223,194855.95833333334,27987685.0,-414.5138888888889,-3274040,76.99305555555556,80.81944444444444,80.45138888888889,43.486111111111114,48.88194444444444,34.0,45.958333333333336,44.479166666666664,28.416666666666668,-3.3,89.7,13.010416666666666,1.3826388888888888,109.96527777777777,45.1875,43.75694444444444,43.229166666666664,41.71527777777778,1166.138888888889,0.9541666666666667,50.0,399.86249999999995,398.1027777777778,399.6361111111111,991.0986111111112,1003.53125,975.8180555555555,2106.9,-48.2,47.06944444444444,0.3597222222222223,9.730555555555556,137.91319444444446,-136.425,1000.3,-221.8,9.7375,1340.5180555555555,2000.0,4.8,175.9715277777778,-739.9548611111111,0.0,-1000.0,49.106944444444444,659.5784722222222,1000.0,0.0,62.61736111111111,56.25,97.20972222222223,T06,0.9,20.2,10.24861111111111,2.7002777777777776,0.9,18.7,9.959027777777777,1.5282638888888889,22.0,29.0,25.67361111111111,1002.0,1007.0,1004.5277777777778,24.0,61.0,39.895833333333336,0.0,0.0,0.0,0.0,202.09722222222223,196.27083333333334,404.49305555555554,,0
2017-06-13 00:00:00+00:00,1782.8,0.0,1349.6374999999998,92.35763888888889,60.729166666666664,76.50694444444444,76.90972222222223,77.16666666666667,41.270833333333336,52.048611111111114,57.99305555555556,36.21527777777778,15.8,0.0,11.945833333333333,26.3,0.4,7.252777777777778,1.2590277777777779,-1.3902777777777777,150.71388888888887,25.604166666666668,-427.8333333333333,132003.59722222222,18946908.0,-386.68055555555554,-3011617,69.00694444444444,72.48611111111111,71.18055555555556,41.395833333333336,46.09722222222222,34.104166666666664,43.34027777777778,39.729166666666664,28.368055555555557,-3.3,89.7,2.564583333333333,2.076388888888889,105.43055555555556,42.798611111111114,41.15972222222222,40.84722222222222,40.083333333333336,789.3722222222223,0.8930555555555555,49.99930555555555,399.38125,397.7680555555555,398.38958333333335,678.1624999999999,691.7020833333333,670.3826388888889,2106.2,-52.9,43.38194444444444,0.825,7.183333333333334,150.61805555555554,-125.48194444444445,999.9,-806.5,20.889583333333334,796.1354166666666,2000.0,0.0,150.54444444444445,-710.7055555555556,0.0,-1000.0,90.00069444444445,661.2416666666667,1000.0,0.0,105.44652777777777,52.111111111111114,152.11180555555555,T06,0.8,17.0,6.188888888888889,1.9103472222222224,0.4,17.0,6.105555555555556,1.8814583333333335,20.0,30.0,24.354166666666668,1002.0,1006.0,1003.6736111111111,35.0,87.0,58.625,0.0,0.0,0.0,0.0,120.72916666666667,118.95138888888889,403.625,,0
2017-06-14 00:00:00+00:00,1616.9,0.0,555.286111111111,31.78194444444445,36.24305555555556,43.375,43.97222222222222,44.173611111111114,39.236111111111114,43.354166666666664,43.763888888888886,31.86111111111111,14.3,0.0,4.809722222222223,12.6,0.4,3.0493055555555557,0.5520833333333334,-9.272222222222222,209.1236111111111,23.743055555555557,-505.59027777777777,12805.506944444445,1771187.0,-464.2083333333333,-825534,48.59027777777778,51.958333333333336,48.97222222222222,36.333333333333336,39.50694444444444,34.8125,38.451388888888886,29.25,27.979166666666668,-2.5,89.7,13.816666666666666,0.76875,61.854166666666664,36.81944444444444,34.708333333333336,34.951388888888886,35.86805555555556,73.80555555555556,0.7694444444444445,50.00069444444445,398.78055555555557,397.4166666666667,396.39166666666665,74.23124999999999,84.05972222222222,77.87291666666667,789.6,-50.1,35.74305555555556,0.26180555555555557,3.102777777777778,31.993750000000002,-34.394444444444446,1000.3,-756.0,14.422222222222224,78.73263888888889,799.0,0.0,30.698611111111113,-299.6430555555555,0.0,-1000.0,74.80000000000001,299.6430555555555,1000.0,0.0,74.80000000000001,39.111111111111114,210.90416666666667,T06,0.1,8.9,3.3743055555555554,0.2825,0.0,9.1,3.3368055555555554,0.2956944444444444,19.0,27.0,22.395833333333332,1005.0,1008.0,1006.4236111111111,53.0,96.0,79.04861111111111,0.0,0.0,0.0,0.0,64.05555555555556,63.47222222222222,406.375,,0
2017-06-15 00:00:00+00:00,1586.2,0.0,450.76944444444445,58.47638888888889,37.291666666666664,41.916666666666664,42.1875,42.5,39.9375,43.25694444444444,43.84027777777778,33.3125,14.1,0.0,3.857638888888889,12.9,0.4,2.957638888888889,0.538888888888889,24.946527777777778,268.34236111111113,25.72222222222222,-800.1875,8505.555555555555,1109574.0,-879.8333333333334,-573272,49.50694444444444,52.59027777777778,49.55555555555556,36.479166666666664,40.50694444444444,34.68055555555556,39.0,31.270833333333332,28.88888888888889,-2.8,89.7,18.03472222222222,1.4729166666666667,57.59027777777778,36.86805555555556,34.75694444444444,35.013888888888886,36.19444444444444,46.24513888888889,0.7118055555555557,49.99861111111111,398.26180555555555,397.01180555555555,395.70694444444445,53.22638888888889,60.1861111111111,56.642361111111114,785.0,-50.0,36.68055555555556,0.55,2.9944444444444445,24.463194444444444,-23.898611111111112,997.6,-980.4,14.728472222222223,57.10069444444444,844.8,0.0,25.539583333333333,-185.99305555555554,0.0,-1000.0,54.454166666666666,185.99305555555554,1000.0,0.0,54.454166666666666,37.375,260.8881944444445,T06,0.0,8.9,3.3291666666666666,0.2913888888888889,0.1,9.2,3.33125,0.2833333333333333,19.0,30.0,24.36111111111111,1006.0,1008.0,1007.3819444444445,41.0,93.0,72.84722222222223,0.0,0.0,0.0,0.0,63.333333333333336,63.31944444444444,407.34027777777777,,0
2017-06-16 00:00:00+00:00,1774.4,0.0,1082.2270833333334,57.731249999999996,60.548611111111114,73.31944444444444,73.27083333333333,73.48611111111111,43.75,53.513888888888886,57.84027777777778,39.041666666666664,15.8,0.0,9.522916666666667,34.5,0.4,9.708333333333334,1.7173611111111111,-0.9930555555555556,98.05069444444445,29.36111111111111,-867.6736111111111,131001.89583333333,18739327.0,-831.7013888888889,-2814929,68.50694444444444,71.875,70.27777777777777,43.208333333333336,48.076388888888886,36.854166666666664,45.46527777777778,43.173611111111114,31.22222222222222,-3.3,86.1,23.803472222222222,1.4652777777777777,93.46527777777777,44.40277777777778,42.74305555555556,42.416666666666664,42.208333333333336,780.8576388888889,0.8715277777777778,50.00069444444445,399.3673611111111,397.5465277777778,398.53472222222223,672.2076388888888,683.8444444444444,664.6458333333334,2107.5,-50.0,45.53472222222222,0.4861111111111111,9.601388888888888,142.83541666666667,-117.29374999999999,1001.4,-996.3,12.159027777777778,1300.3249999999998,2000.0,0.0,168.8409722222222,-574.7909722222222,0.0,-1000.0,80.59791666666666,513.6840277777778,1000.0,0.0,94.73611111111111,58.416666666666664,99.0375,T06,1.0,21.6,10.272916666666667,2.5825694444444443,1.4,19.5,10.040277777777778,1.6708333333333334,23.0,34.0,28.555555555555557,1006.0,1009.0,1007.9583333333334,18.0,61.0,39.8125,0.0,0.0,0.0,0.0,202.52083333333334,197.80555555555554,407.90277777777777,,0
2017-06-17 00:00:00+00:00,1783.3,0.0,1175.2916666666667,34.47013888888889,64.125,82.84027777777777,82.64583333333333,82.93055555555556,44.02777777777778,54.125,59.68055555555556,40.173611111111114,15.7,0.0,10.355555555555556,27.6,1.2,10.706944444444444,1.745138888888889,0.7784722222222222,96.72777777777777,29.444444444444443,-787.5763888888889,172946.89583333334,24790943.0,-737.3819444444445,-3346915,74.94444444444444,78.54861111111111,77.96527777777777,45.03472222222222,49.75694444444444,37.22222222222222,46.88194444444444,46.166666666666664,31.57638888888889,-3.1,89.7,25.47986111111111,1.2819444444444443,100.625,46.458333333333336,44.888888888888886,44.49305555555556,43.72222222222222,1032.9243055555555,0.9069444444444444,50.0,399.7888888888889,397.84375,399.2631944444445,879.411111111111,891.9923611111111,867.5520833333334,2106.0,-49.2,47.65972222222222,0.2729166666666667,10.505555555555555,130.58194444444445,-139.45694444444445,11.4,-227.1,5.690972222222222,1515.271527777778,2000.0,0.0,178.8111111111111,-607.5708333333333,0.0,-1000.0,48.73888888888889,532.3986111111111,1000.0,0.0,65.29236111111112,60.65277777777778,95.94513888888889,T06,2.3,19.1,10.324305555555556,2.7755555555555556,1.8,17.9,10.247222222222222,1.614513888888889,25.0,33.0,28.77777777777778,1004.0,1010.0,1006.4722222222222,25.0,46.0,35.43055555555556,0.0,0.0,0.0,0.0,203.45833333333334,201.93055555555554,406.4236111111111,,0
2017-06-18 00:00:00+00:00,1781.0,1217.2,1647.3916666666667,29.68402777777778,74.17361111111111,101.51388888888889,101.36111111111111,101.53472222222223,43.0,55.104166666666664,63.763888888888886,40.923611111111114,15.7,10.8,14.591666666666665,30.7,1.2,10.154166666666667,1.6638888888888888,0.004861111111111125,84.93680555555555,28.67361111111111,0.0,248549.43055555556,35791118.0,0.0,-4372004,79.40277777777777,83.13888888888889,83.01388888888889,46.74305555555556,52.06944444444444,36.55555555555556,49.11805555555556,49.74305555555556,30.979166666666668,-3.3,12.5,-0.19097222222222227,1.1479166666666667,123.42361111111111,48.791666666666664,47.513888888888886,46.75694444444444,44.673611111111114,1491.1451388888888,0.9993055555555556,49.99930555555555,399.9006944444444,397.95902777777775,399.3930555555555,1252.2937499999998,1270.9458333333334,1237.9722222222222,2104.8,98.7,51.3125,0.2569444444444444,9.913888888888888,191.98194444444445,-182.1673611111111,-94.0,-221.3,4.954166666666667,1489.2104166666666,2000.0,94.1,191.04027777777776,-876.0020833333333,-460.9,-1000.0,83.19444444444444,752.46875,1000.0,406.1,111.89722222222223,65.625,84.92569444444445,T06,1.7000000000000002,17.4,9.344444444444443,2.473125,1.7000000000000002,15.6,9.877083333333333,1.0901388888888888,24.0,33.0,27.958333333333332,1003.0,1006.0,1004.1597222222222,31.0,68.0,48.61805555555556,0.0,0.0,0.0,0.0,183.88888888888889,194.63888888888889,404.09027777777777,,0
2017-06-19 00:00:00+00:00,1825.4,0.0,1356.6145833333333,52.42847222222222,63.52777777777778,84.48611111111111,84.44444444444444,84.72222222222223,42.638888888888886,54.46527777777778,60.923611111111114,38.81944444444444,16.1,0.0,11.98263888888889,34.9,0.8,11.091666666666667,1.8166666666666669,1.0520833333333333,99.95208333333333,27.52777777777778,-519.7847222222222,178161.61111111112,25580424.0,-424.25694444444446,-3661895,74.27083333333333,77.9375,77.5,43.3125,48.638888888888886,35.1875,45.798611111111114,44.625,29.645833333333332,-3.3,89.6,14.009722222222223,1.6076388888888888,108.25694444444444,44.84722222222222,43.298611111111114,42.88194444444444,41.638888888888886,1065.8881944444445,0.9416666666666667,50.00069444444445,399.2416666666667,397.5861111111111,398.7527777777778,906.5305555555556,920.186111111111,896.4305555555555,2107.4,-50.4,46.541666666666664,0.4430555555555556,10.840972222222222,148.45902777777778,-152.57708333333332,579.6,-229.6,6.980555555555556,1365.4368055555556,2000.0,0.0,139.07708333333332,-730.0194444444445,0.0,-1000.0,53.27708333333333,660.8659722222222,1000.0,0.0,71.67083333333333,56.49305555555556,98.90694444444445,T06,0.5,22.9,10.845833333333333,3.1134027777777775,0.3,20.8,10.428472222222222,1.8439583333333336,24.0,30.0,26.645833333333332,1005.0,1007.0,1005.7916666666666,44.0,66.0,53.104166666666664,0.0,0.0,0.0,0.0,213.97222222222223,205.65277777777777,405.7638888888889,,0
2017-06-20 00:00:00+00:00,1848.9,0.0,1344.4506944444445,46.78611111111111,67.07638888888889,88.61111111111111,88.5625,88.73611111111111,43.0625,54.951388888888886,61.111111111111114,38.36805555555556,16.1,0.0,11.88263888888889,35.0,0.5,10.819444444444445,1.8756944444444446,0.6958333333333333,96.14791666666666,26.819444444444443,-528.1180555555555,188502.53472222222,27068317.0,-432.5625,-3704010,74.875,78.74305555555556,78.39583333333333,43.59722222222222,49.291666666666664,34.486111111111114,46.63194444444444,45.173611111111114,29.020833333333332,-3.1,89.7,15.039583333333333,1.836111111111111,111.32638888888889,45.201388888888886,43.71527777777778,43.18055555555556,41.78472222222222,1127.8215277777776,0.9284722222222221,49.99930555555555,399.2708333333333,397.6506944444444,398.81319444444443,960.9854166666667,972.6972222222222,949.1437500000001,2110.6,-47.9,47.9375,0.3923611111111111,10.483333333333333,122.84305555555557,-154.33541666666667,999.9,-244.8,8.105555555555556,1389.5749999999998,2000.0,0.0,150.51805555555555,-676.2819444444444,0.0,-1000.0,75.79722222222222,584.4993055555556,1000.0,0.0,85.19097222222223,56.90277777777778,95.45069444444444,T06,1.4,25.5,10.518055555555556,3.1117361111111115,1.3,23.0,10.508333333333333,1.3605555555555555,23.0,30.0,25.96527777777778,1005.0,1008.0,1006.9236111111111,44.0,77.0,60.833333333333336,0.0,0.0,0.0,0.0,207.35416666666666,207.19444444444446,406.8611111111111,,0
2017-06-21 00:00:00+00:00,1793.3,0.0,1044.7472222222223,69.84930555555555,49.576388888888886,60.43055555555556,61.34722222222222,61.38194444444444,39.854166666666664,48.65277777777778,52.166666666666664,34.423611111111114,15.8,0.0,9.204166666666667,26.6,0.4,4.866666666666666,0.8833333333333333,0.46041666666666686,199.1222222222222,24.98611111111111,-551.9791666666666,48651.03472222222,6926268.0,-534.2361111111111,-1615680,55.576388888888886,59.09722222222222,57.645833333333336,38.861111111111114,43.9375,34.74305555555556,41.97222222222222,34.645833333333336,28.756944444444443,-3.2,85.8,5.898611111111111,1.6444444444444446,91.00694444444444,39.770833333333336,37.861111111111114,37.826388888888886,38.19444444444444,288.52777777777777,0.7701388888888889,50.0,399.21180555555554,397.81041666666664,397.40625,264.8180555555556,277.57500000000005,266.2916666666667,2106.0,-50.3,40.71527777777778,0.6548611111111111,4.852083333333334,74.65833333333333,-67.36458333333333,1000.8,-828.4,31.96875,295.93541666666664,2000.0,0.0,75.59166666666667,-476.2722222222222,0.0,-1000.0,142.8861111111111,460.7013888888889,1000.0,0.0,143.18680555555557,44.138888888888886,198.6548611111111,T06,0.4,15.0,4.810416666666667,0.7834722222222222,0.2,14.8,4.665277777777778,0.8096527777777778,21.0,26.0,23.854166666666668,1007.0,1010.0,1008.3472222222222,49.0,85.0,73.8125,0.0,0.0,0.0,0.0,93.09722222222223,90.11111111111111,408.2986111111111,,0
2017-06-22 00:00:00+00:00,1651.8,0.0,605.3425196850394,75.8236220472441,37.77952755905512,43.724409448818896,44.24409448818898,44.503937007874015,37.90551181102362,43.41732283464567,44.826771653543304,31.669291338582678,14.6,0.0,5.210236220472441,12.4,0.4,3.074015748031496,0.5007874015748032,15.230708661417323,251.15590551181103,23.716535433070867,-798.1811023622047,11084.0,1306301.0,-824.8661417322835,-639206,47.031496062992126,49.99212598425197,47.37007874015748,36.05511811023622,39.30708661417323,33.54330708661417,38.125984251968504,29.818897637795274,27.330708661417322,-2.9,90.0,14.285826771653543,2.1188976377952757,62.188976377952756,36.54330708661417,34.44881889763779,34.645669291338585,35.59055118110236,61.741732283464565,0.6984251968503937,50.000787401574804,398.3047244094488,397.48425196850394,396.1015748031496,74.9755905511811,82.0259842519685,78.69606299212599,973.5,-50.1,35.511811023622045,0.6913385826771653,3.1125984251968504,29.44251968503937,-30.15748031496063,999.8,-974.3,34.36377952755905,72.45354330708662,1004.2,0.0,30.45905511811024,-223.38740157480316,0.0,-1000.0,65.44566929133859,223.38740157480316,1000.0,0.0,65.44566929133859,36.31496062992126,269.95669291338584,T06,0.0,9.5,3.276388888888889,0.238125,0.0,9.7,3.301388888888889,0.25048611111111113,19.0,26.0,22.38888888888889,1009.0,1013.0,1010.5833333333334,65.0,96.0,80.59027777777777,0.0,0.0,0.0,0.0,62.291666666666664,62.701388888888886,410.50694444444446,,0
2017-06-23 00:00:00+00:00,1658.1,0.0,600.5680555555556,92.54861111111111,39.888888888888886,46.09027777777778,46.451388888888886,46.80555555555556,40.076388888888886,44.44444444444444,45.96527777777778,33.44444444444444,14.7,0.0,5.1618055555555555,12.5,0.4,3.1618055555555555,0.5513888888888889,23.40277777777778,250.84027777777777,25.92361111111111,-719.1458333333334,13382.993055555555,1823594.0,-651.8194444444445,-752852,49.59027777777778,52.666666666666664,49.78472222222222,37.138888888888886,40.798611111111114,35.25,39.729166666666664,31.645833333333332,28.98611111111111,-3.1,89.7,13.703472222222222,2.472916666666667,63.94444444444444,37.604166666666664,35.541666666666664,35.75,36.84722222222222,75.9951388888889,0.7375,49.99930555555555,398.0777777777778,397.2763888888889,395.9375,81.68472222222222,89.76180555555555,85.67847222222223,941.1,-50.3,37.09027777777778,0.8194444444444444,3.1861111111111113,31.704166666666666,-31.37569444444445,999.9,-819.2,27.87986111111111,84.48541666666667,957.5,0.0,31.543750000000003,-264.14930555555554,0.0,-1000.0,73.78402777777778,264.14930555555554,1000.0,0.0,73.78402777777778,38.729166666666664,257.4291666666666,T06,0.0,8.6,3.240972222222222,0.24229166666666668,0.0,8.9,3.222916666666667,0.25222222222222224,19.0,33.0,24.86111111111111,1011.0,1014.0,1012.8402777777778,19.0,97.0,68.98611111111111,0.0,1.0,0.013888888888888888,0.0,61.479166666666664,61.138888888888886,412.75,,0
2017-06-24 00:00:00+00:00,1729.2,0.0,953.6201388888888,100.6888888888889,53.048611111111114,61.611111111111114,62.19444444444444,62.40277777777778,43.729166666666664,50.68055555555556,54.145833333333336,40.416666666666664,15.3,0.0,8.356944444444444,19.7,0.4,4.416666666666667,0.7826388888888889,3.004166666666667,123.88541666666667,32.34722222222222,-791.6111111111111,35939.0625,5061228.0,-854.7152777777778,-1498994,61.43055555555556,64.66666666666667,61.861111111111114,42.013888888888886,48.041666666666664,39.548611111111114,45.798611111111114,40.875,33.88194444444444,-3.3,86.2,8.729166666666666,2.323611111111111,88.36805555555556,42.763888888888886,40.833333333333336,40.916666666666664,42.1875,210.85763888888889,0.7243055555555556,50.0,398.5465277777778,397.2034722222222,396.40833333333336,204.61944444444444,218.0284722222222,209.05624999999998,2098.5,-50.1,44.291666666666664,0.9305555555555556,4.393750000000001,71.43263888888889,-62.483333333333334,1000.2,-848.1,45.00972222222222,220.49652777777777,2000.0,0.0,72.06458333333333,-434.0340277777778,0.0,-1000.0,103.35486111111112,431.0444444444445,1000.0,0.0,107.01458333333333,49.27777777777778,140.87708333333333,T06,0.5,15.9,4.840277777777778,0.8561111111111112,0.5,14.2,4.911111111111111,0.6528472222222222,26.0,38.0,32.05555555555556,1006.0,1013.0,1008.7083333333334,17.0,50.0,28.305555555555557,0.0,0.0,0.0,0.0,93.67361111111111,95.01388888888889,408.6736111111111,,0
2017-06-25 00:00:00+00:00,1750.2,0.0,968.7979166666667,180.7375,51.56944444444444,60.8125,61.44444444444444,61.53472222222222,45.19444444444444,51.986111111111114,55.083333333333336,39.61805555555556,15.4,0.0,8.504861111111111,20.4,0.4,4.574999999999999,1.0006944444444443,2.8944444444444444,169.66805555555555,31.46527777777778,-1095.3402777777778,38962.52777777778,5452883.0,-1083.111111111111,-1519061,62.479166666666664,65.67361111111111,63.0625,43.02777777777778,48.583333333333336,39.34027777777778,46.701388888888886,39.80555555555556,33.61805555555556,-3.1,89.7,9.240972222222222,5.15,88.70138888888889,43.84722222222222,41.90277777777778,41.9375,43.40972222222222,227.18541666666667,0.7631944444444445,49.99930555555555,398.6166666666667,397.1770833333333,396.7125,220.37708333333333,232.25138888888887,222.41875,2076.8,-50.4,45.43055555555556,1.6583333333333334,4.572222222222222,92.47291666666666,-63.263194444444444,1001.4,-1000.2,51.68194444444444,247.37638888888887,2000.0,0.0,96.79930555555556,-446.1958333333333,0.0,-1000.0,139.41944444444445,443.77777777777777,1000.0,0.0,142.1576388888889,48.15972222222222,166.76805555555555,T06,0.3,12.7,4.834722222222222,1.0327083333333333,0.0,13.0,4.892361111111111,0.9046527777777779,27.0,34.0,30.604166666666668,1002.0,1008.0,1004.2430555555555,23.0,41.0,31.229166666666668,0.0,0.0,0.0,0.0,93.47916666666667,94.55555555555556,404.2083333333333,,0
2017-06-26 00:00:00+00:00,1627.9,0.0,761.6965277777778,46.14375,42.451388888888886,50.53472222222222,51.40972222222222,51.56944444444444,41.736111111111114,47.125,48.5625,34.69444444444444,14.4,0.0,6.660416666666666,12.6,0.4,3.5659722222222223,0.6222222222222222,-0.36388888888888843,235.32777777777775,26.36111111111111,-546.9791666666666,15630.930555555555,2172090.0,-578.2430555555555,-1078890,52.638888888888886,55.854166666666664,53.104166666666664,37.72222222222222,42.71527777777778,36.25,40.611111111111114,33.076388888888886,30.041666666666668,-2.6,89.7,10.083333333333334,1.1784722222222224,74.29861111111111,38.31944444444444,36.27777777777778,36.44444444444444,37.40277777777778,90.49166666666666,0.7395833333333334,49.99930555555555,398.6979166666667,397.33958333333334,396.64374999999995,99.60416666666667,110.55763888888889,101.41666666666667,687.7,-50.2,38.75694444444444,0.4083333333333333,3.6083333333333334,38.85625,-44.93958333333333,1000.4,-848.7,33.29236111111111,96.62847222222223,755.0,0.0,39.296527777777776,-374.3673611111111,0.0,-1000.0,105.42222222222222,374.3673611111111,1000.0,0.0,105.42222222222222,39.75694444444444,235.69097222222223,T06,0.0,9.4,3.591666666666667,0.31805555555555554,0.0,9.2,3.6118055555555557,0.3255555555555556,21.0,30.0,25.0,1004.0,1006.0,1005.1805555555555,22.0,93.0,62.145833333333336,0.0,0.0,0.0,0.0,68.47916666666667,68.9375,405.1041666666667,,0
2017-06-27 00:00:00+00:00,1713.2,94.0,1294.492361111111,104.49444444444445,47.25694444444444,61.916666666666664,62.80555555555556,62.6875,36.24305555555556,49.80555555555556,54.673611111111114,32.80555555555556,15.2,0.0,11.46875,21.6,0.5,5.942361111111111,1.0034722222222223,0.009722222222222111,255.49374999999998,22.618055555555557,-282.24305555555554,77267.67361111111,11085901.0,-291.53472222222223,-2497949,58.25,61.361111111111114,58.61805555555556,38.833333333333336,42.80555555555556,32.291666666666664,41.236111111111114,32.65277777777778,25.895833333333332,-3.3,57.6,1.4395833333333332,1.5812499999999998,97.77777777777777,40.0625,38.27777777777778,38.15972222222222,37.96527777777778,461.9430555555556,0.8229166666666666,49.99930555555555,398.0152777777778,396.4611111111111,396.7423611111111,416.0576388888889,430.53263888888887,414.2916666666667,1900.3,-49.5,40.40277777777778,0.9180555555555556,5.971527777777777,139.9611111111111,-104.08680555555556,846.4,-765.2,42.200694444444444,466.8861111111112,1922.5,0.0,140.68402777777777,-708.7430555555555,0.0,-1000.0,52.236805555555556,705.5923611111111,1000.0,0.0,59.84097222222223,43.611111111111114,255.48749999999998,T06,1.4,12.2,6.345833333333333,0.5397222222222222,1.6,12.3,6.434027777777778,0.5524305555555555,19.0,24.0,21.54861111111111,1004.0,1009.0,1006.5069444444445,53.0,93.0,76.20833333333333,0.0,0.0,0.0,0.0,123.85416666666667,125.50694444444444,406.43055555555554,,0
2017-06-28 00:00:00+00:00,1730.8,0.0,1177.7479166666667,88.41874999999999,47.354166666666664,61.75,62.34027777777778,62.326388888888886,36.083333333333336,49.53472222222222,54.048611111111114,32.72222222222222,15.3,0.0,10.402083333333334,26.2,0.4,6.043055555555556,1.0909722222222222,0.3805555555555557,276.9006944444444,22.45138888888889,-500.15972222222223,91419.23611111111,13092348.0,-536.4444444444445,-2549466,58.96527777777778,62.11805555555556,59.673611111111114,39.06944444444444,42.19444444444444,31.95138888888889,40.30555555555556,33.048611111111114,25.569444444444443,-3.2,89.7,4.853472222222222,1.725,90.64583333333333,40.24305555555556,38.423611111111114,38.333333333333336,38.020833333333336,545.4437499999999,0.84375,50.0,399.01874999999995,397.34791666666666,397.33680555555554,471.20694444444445,488.26666666666665,471.4368055555555,2100.8,-49.9,39.49305555555556,0.8069444444444445,6.047222222222222,159.93541666666667,-106.24513888888889,810.0,-465.9,14.080555555555556,552.1958333333333,2000.0,0.0,161.2263888888889,-648.0756944444444,0.0,-1000.0,57.006249999999994,626.4027777777778,1000.0,0.0,77.89375000000001,43.986111111111114,276.52152777777775,T06,1.1,13.9,6.636111111111111,0.6425694444444444,1.4,14.0,6.686111111111111,0.6579861111111112,19.0,23.0,21.36111111111111,1008.0,1010.0,1008.9583333333334,59.0,88.0,73.79861111111111,0.0,0.0,0.0,0.0,129.52777777777777,130.47222222222223,408.93055555555554,,0
2017-06-29 00:00:00+00:00,1775.0,1200.4,1494.4430555555555,63.94722222222222,52.44444444444444,72.625,72.93055555555556,73.11111111111111,36.479166666666664,52.75694444444444,58.59027777777778,32.895833333333336,15.7,10.6,13.233333333333333,26.6,0.6000000000000001,7.629861111111111,1.363888888888889,0.4868055555555557,289.2131944444444,21.57638888888889,-3.5208333333333335,138726.47222222222,19976105.0,-2.326388888888889,-3652213,62.74305555555556,66.25694444444444,64.34027777777777,40.96527777777778,43.791666666666664,31.04861111111111,42.145833333333336,35.18055555555556,24.319444444444443,-3.2,9.9,-1.4506944444444445,0.7236111111111111,109.45138888888889,42.49305555555556,40.861111111111114,40.541666666666664,39.326388888888886,832.1909722222222,0.9673611111111112,50.00277777777777,398.78055555555557,396.9895833333333,397.69930555555555,704.325,726.1673611111112,701.0479166666667,2105.3,-50.0,42.3125,0.5638888888888889,7.625694444444444,195.0125,-152.17708333333334,11.7,-216.6,6.786111111111111,831.3763888888889,2000.0,0.0,194.3236111111111,-949.5791666666667,0.0,-1000.0,75.97222222222223,908.7986111111111,1000.0,0.0,94.81041666666667,50.94444444444444,288.73125000000005,T06,2.1,16.5,8.261805555555556,0.9852083333333334,2.4,16.8,8.286111111111111,0.9922916666666668,17.0,23.0,20.52777777777778,1007.0,1010.0,1008.2291666666666,38.0,87.0,59.05555555555556,0.0,0.0,0.0,0.0,162.22222222222223,162.71527777777777,408.19444444444446,,0
2017-06-30 00:00:00+00:00,1728.5,0.0,1412.7784722222223,75.60833333333333,49.423611111111114,67.09027777777777,67.60416666666667,67.82638888888889,34.4375,51.75694444444444,57.09027777777778,32.236111111111114,15.3,0.0,12.505555555555555,23.0,0.4,6.698611111111111,1.2548611111111112,-2.072222222222222,303.69166666666666,21.17361111111111,-134.70833333333334,103449.23611111111,14877291.0,-102.9375,-3165571,62.076388888888886,65.54166666666667,63.27777777777778,39.611111111111114,43.03472222222222,30.805555555555557,41.5625,33.27777777777778,24.04861111111111,-3.1,89.7,-0.6437500000000002,0.9125000000000001,106.01388888888889,40.979166666666664,39.298611111111114,39.048611111111114,38.40972222222222,619.8409722222223,0.9256944444444445,50.0,398.6,396.71944444444443,397.19930555555555,530.3118055555556,552.2645833333333,528.3444444444444,2100.0,-53.2,41.0625,0.6708333333333334,6.714583333333334,177.30763888888887,-131.89236111111111,538.5,-212.7,9.83125,621.2361111111111,2000.0,0.0,177.24166666666667,-871.6284722222222,0.0,-1000.0,89.32847222222222,857.0819444444445,1000.0,0.0,106.84861111111111,50.34722222222222,300.75972222222225,T06,0.6000000000000001,14.8,7.455555555555555,0.9119444444444444,0.5,15.0,7.415972222222223,0.9149999999999999,15.0,24.0,20.09027777777778,1009.0,1012.0,1010.8333333333334,34.0,71.0,50.951388888888886,0.0,0.0,0.0,0.0,145.94444444444446,145.28472222222223,410.7361111111111,,0
2017-07-01 00:00:00+00:00,1701.5,0.0,900.6048611111112,118.42083333333332,43.40277777777778,53.208333333333336,53.71527777777778,53.84722222222222,38.80555555555556,47.90972222222222,50.583333333333336,33.513888888888886,15.1,0.0,7.874305555555556,19.9,0.4,4.453472222222222,0.9229166666666667,-15.45486111111111,135.92013888888889,24.819444444444443,-636.5833333333334,46830.416666666664,6651919.0,-680.8472222222222,-1585734,54.09722222222222,57.236111111111114,54.3125,38.451388888888886,41.80555555555556,32.923611111111114,40.30555555555556,32.31944444444444,27.041666666666668,-3.2,69.9,8.516666666666667,2.454861111111111,77.0625,39.263888888888886,37.27777777777778,37.388888888888886,37.94444444444444,277.1701388888889,0.7881944444444444,50.0,398.84027777777777,397.25069444444443,396.8513888888889,250.12638888888887,262.15625,250.34166666666664,1945.0,-50.3,38.34722222222222,1.0798611111111112,4.5055555555555555,100.71180555555556,-66.07847222222222,1000.5,-999.8,30.077777777777776,286.28125,1975.4,0.0,100.21319444444445,-464.28263888888887,0.0,-1000.0,103.50069444444445,461.6881944444445,1000.0,0.0,108.02291666666666,46.72222222222222,143.82986111111111,T06,0.0,13.4,4.784722222222222,1.0318055555555556,0.0,12.4,4.789583333333334,0.8491666666666666,17.0,31.0,23.77777777777778,1009.0,1012.0,1009.9652777777778,19.0,76.0,44.78472222222222,0.0,0.0,0.0,0.0,92.375,92.54861111111111,409.9166666666667,,0
2017-07-02 00:00:00+00:00,1831.5,0.0,1649.8416666666667,31.93263888888889,73.14583333333333,107.18055555555556,106.45833333333333,106.44444444444444,42.56944444444444,54.99305555555556,63.4375,37.888888888888886,16.1,0.0,14.618749999999999,33.1,0.5,12.670833333333333,2.0902777777777777,-1.4645833333333333,88.88611111111112,24.444444444444443,-20.916666666666668,291051.43055555556,41908394.0,-14.291666666666666,-4816879,84.18055555555556,88.38194444444444,87.34027777777777,46.46527777777778,50.451388888888886,32.86805555555556,47.888888888888886,47.604166666666664,26.805555555555557,-3.2,89.7,5.360416666666667,2.365972222222222,127.74305555555556,48.638888888888886,47.548611111111114,46.548611111111114,43.458333333333336,1746.2166666666667,0.9937499999999999,50.00069444444445,399.9270833333333,397.9430555555556,399.93680555555557,1470.2902777777776,1484.3083333333334,1446.6784722222224,2112.0,-43.4,51.44444444444444,0.27222222222222225,12.175694444444444,96.79930555555556,-200.70138888888889,7.1,-231.0,3.8312500000000003,1745.6083333333333,2000.0,0.0,95.85069444444444,-705.6229166666667,0.0,-1000.0,65.14791666666666,550.067361111111,1000.0,0.0,68.23194444444444,67.84027777777777,90.35208333333333,T06,1.4,25.7,13.004861111111111,4.965972222222223,1.6,22.3,13.089583333333334,1.796388888888889,20.0,28.0,23.57638888888889,1009.0,1012.0,1010.9722222222222,23.0,75.0,46.55555555555556,0.0,0.0,0.0,0.0,257.2083333333333,258.97222222222223,410.8958333333333,,0
2017-07-03 00:00:00+00:00,1832.8,1222.8,1657.3618055555555,33.318749999999994,72.625,109.22916666666667,108.63888888888889,108.58333333333333,43.49305555555556,55.041666666666664,63.56944444444444,39.49305555555556,16.1,10.8,14.686111111111112,38.4,0.8,13.178472222222222,2.2249999999999996,-0.19583333333333336,91.67500000000001,24.61111111111111,0.0,285379.7291666667,41094681.0,0.0,-4704157,83.74305555555556,87.93055555555556,88.21527777777777,46.02777777777778,51.673611111111114,32.833333333333336,48.59027777777778,48.201388888888886,26.84027777777778,-3.1,24.1,5.555555555555555,2.0590277777777777,129.06944444444446,48.25694444444444,47.09722222222222,46.145833333333336,43.11805555555556,1712.2256944444443,0.9979166666666666,49.99930555555555,399.8798611111111,398.1361111111111,400.12430555555557,1442.7506944444444,1452.6944444444443,1416.9361111111111,2107.8,132.2,51.736111111111114,0.2826388888888889,12.578472222222222,119.73819444444445,-196.00902777777776,-56.8,-228.7,4.667361111111111,1710.6368055555556,2000.0,117.3,118.3326388888889,-747.4659722222223,-574.6,-1000.0,65.5298611111111,593.64375,1000.0,406.1,75.39791666666666,63.94444444444444,91.86805555555556,T06,3.0,28.5,13.352083333333333,3.648888888888889,3.2,25.5,12.560416666666667,2.1393055555555556,21.0,27.0,23.90972222222222,1007.0,1011.0,1008.5902777777778,30.0,67.0,49.076388888888886,0.0,0.0,0.0,0.0,264.1111111111111,248.35416666666666,408.5625,,0
2017-07-04 00:00:00+00:00,1810.2,1278.9,1664.8472222222222,24.547222222222224,70.11111111111111,103.59027777777777,103.25694444444444,103.41666666666667,44.083333333333336,53.895833333333336,63.013888888888886,38.38194444444444,15.9,11.3,14.749305555555557,30.9,0.5,10.866666666666667,1.8631944444444446,0.019444444444444518,100.04791666666667,25.40277777777778,0.0,278842.72222222225,40153352.0,0.0,-4841489,80.51388888888889,84.52777777777777,84.81944444444444,45.923611111111114,50.125,33.93055555555556,47.138888888888886,47.65277777777778,27.868055555555557,-3.2,15.1,0.6625000000000001,1.7069444444444446,124.95833333333333,48.0625,46.875,45.986111111111114,43.09027777777778,1673.1125000000002,1.0,50.0,399.6458333333333,397.89166666666665,399.80069444444445,1410.6513888888887,1422.0083333333334,1386.0826388888888,2105.7,307.3,49.86805555555556,0.21041666666666667,10.584027777777777,200.2625,-201.7263888888889,-151.8,-228.6,3.4972222222222222,1669.7152777777778,2000.0,293.2,197.8451388888889,-821.6902777777777,-583.3,-1000.0,121.63263888888888,661.8576388888889,1000.0,406.1,143.36805555555554,61.59722222222222,100.02222222222223,T06,2.6,20.2,11.14375,2.8816666666666664,2.5,18.3,10.73263888888889,2.2965277777777775,22.0,28.0,24.51388888888889,1005.0,1008.0,1006.4583333333334,45.0,78.0,56.208333333333336,0.0,0.0,0.0,0.0,219.90277777777777,211.71527777777777,406.40972222222223,,0
2017-07-05 00:00:00+00:00,1746.0,0.0,1123.6,91.72777777777777,48.708333333333336,63.55555555555556,64.52777777777777,64.75,37.361111111111114,49.5,53.625,32.986111111111114,15.4,0.0,9.883333333333333,20.0,0.4,5.436111111111111,0.8277777777777778,1.8305555555555553,151.11805555555554,22.73611111111111,-511.625,61884.34722222222,4418833.0,-526.875,-1086304,54.041666666666664,56.90277777777778,56.94444444444444,38.97222222222222,42.81944444444444,29.944444444444443,41.09722222222222,33.833333333333336,23.98611111111111,-3.1,90.0,6.986111111111111,2.8,93.5,40.013888888888886,38.09722222222222,38.06944444444444,38.291666666666664,368.16805555555555,0.8236111111111112,49.99583333333333,399.0513888888889,397.3833333333333,397.24027777777775,326.9972222222222,344.1166666666667,325.43055555555554,2101.9,-50.0,40.166666666666664,0.8347222222222223,5.4319444444444445,80.44027777777778,-90.44027777777778,1000.5,-860.3,25.961111111111112,381.2291666666667,2000.0,0.0,81.60555555555555,-625.8041666666667,0.0,-1000.0,98.23333333333333,615.401388888889,1000.0,0.0,101.93472222222222,46.416666666666664,149.28750000000002,T06,0.4,16.5,5.015277777777778,0.9143750000000002,0.0,16.6,4.953472222222222,0.9462499999999999,21.0,26.0,22.90972222222222,1006.0,1008.0,1007.1111111111111,65.0,84.0,75.83333333333333,0.0,0.0,0.0,0.0,97.10416666666667,95.86111111111111,407.00694444444446,,0
2017-07-06 00:00:00+00:00,1474.1,0.0,793.1197183098592,189.10422535211268,37.08450704225352,44.183098591549296,44.901408450704224,44.985915492957744,36.563380281690144,42.76056338028169,46.12676056338028,29.746478873239436,13.1,0.0,6.859154929577465,10.0,0.4,3.5971830985915494,0.6563380281690141,-0.3859154929577466,234.13661971830987,21.366197183098592,-814.5492957746479,12008.535211267606,794775.0,-905.2676056338029,-500245,40.070422535211264,41.732394366197184,39.774647887323944,37.309859154929576,37.57746478873239,30.098591549295776,36.66197183098591,28.549295774647888,23.43661971830986,-2.3,90.0,12.57887323943662,6.835211267605634,66.35211267605634,37.76056338028169,35.67605633802817,35.83098591549296,36.66197183098591,67.32535211267606,0.6732394366197184,49.99718309859155,398.55915492957746,396.8760563380282,395.8098591549296,90.44225352112676,102.69718309859155,95.60985915492958,401.9,-50.0,34.74647887323944,1.7760563380281689,3.642253521126761,31.691549295774646,-42.190140845070424,1000.3,-1000.3,69.6943661971831,82.13521126760564,423.7,0.0,34.319718309859155,-321.0859154929577,0.0,-1000.0,114.56056338028169,321.0859154929577,1000.0,0.0,114.56056338028169,39.36619718309859,234.51971830985917,T06,0.2,9.1,4.192361111111111,0.43895833333333334,0.0,9.2,4.236111111111111,0.4684027777777778,19.0,24.0,20.930555555555557,1007.0,1010.0,1008.2222222222222,47.0,88.0,75.23611111111111,0.0,0.0,0.0,0.0,80.66666666666667,81.59722222222223,408.19444444444446,,0
2017-07-07 00:00:00+00:00,1697.9,0.0,769.4840277777778,72.75902777777777,39.81944444444444,49.15277777777778,49.59722222222222,49.88194444444444,35.173611111111114,45.548611111111114,47.333333333333336,30.72222222222222,15.0,0.0,6.759722222222222,17.7,0.4,3.9499999999999997,0.7666666666666667,-9.274999999999999,219.5861111111111,21.743055555555557,-547.3125,32829.54861111111,4648640.0,-566.8472222222222,-1376451,46.05555555555556,48.625,46.06944444444444,36.25694444444444,39.326388888888886,31.52777777777778,38.38194444444444,29.305555555555557,25.02777777777778,-3.2,89.7,11.823611111111111,1.5541666666666667,72.81944444444444,36.90277777777778,34.951388888888886,35.076388888888886,35.520833333333336,193.70416666666668,0.7729166666666667,50.0,398.88680555555555,397.4166666666667,396.8840277777778,179.61319444444445,189.94236111111113,180.61527777777778,1605.8,-50.2,36.0625,0.6333333333333333,3.9833333333333334,74.06805555555555,-57.325694444444444,751.6,-977.4,20.413888888888888,200.06875000000002,1626.8,0.0,74.44444444444444,-430.86249999999995,0.0,-1000.0,51.73125,430.8229166666667,1000.0,0.0,52.09930555555556,46.74305555555556,228.8673611111111,T06,0.0,12.6,4.268055555555556,0.43006944444444445,0.0,12.9,4.263194444444444,0.45437500000000003,17.0,23.0,20.61111111111111,1008.0,1011.0,1009.2916666666666,56.0,93.0,76.09722222222223,0.0,0.0,0.0,0.0,82.06944444444444,82.10416666666667,409.25694444444446,,0
2017-07-08 00:00:00+00:00,1660.9,0.0,1119.232638888889,118.47777777777777,43.388888888888886,55.541666666666664,56.96527777777778,56.75694444444444,36.395833333333336,46.708333333333336,50.52777777777778,31.98611111111111,14.7,0.0,9.909027777777778,14.2,0.4,4.485416666666667,0.8402777777777778,-0.7493055555555556,218.05347222222224,22.02777777777778,-424.3888888888889,26100.26388888889,3697324.0,-467.0763888888889,-1607667,48.520833333333336,51.77777777777778,48.583333333333336,38.49305555555556,41.763888888888886,32.59027777777778,40.25694444444444,30.444444444444443,26.38888888888889,-3.1,89.7,3.463888888888889,3.3152777777777778,92.13194444444444,39.30555555555556,37.333333333333336,37.361111111111114,37.895833333333336,154.0701388888889,0.7652777777777778,50.00069444444445,398.9527777777778,397.20000000000005,396.8923611111111,153.73680555555555,169.125,155.66319444444446,1084.3,-50.4,38.88194444444444,1.05625,4.552777777777778,74.85624999999999,-66.97638888888889,1000.2,-957.0,40.8875,162.11319444444445,1115.4,0.0,74.97847222222222,-537.8479166666667,0.0,-1000.0,177.26944444444445,537.8479166666667,1000.0,0.0,177.26944444444445,44.72222222222222,218.80902777777777,T06,1.4,10.3,5.197916666666667,0.4756944444444444,1.4,10.1,5.267361111111111,0.5127777777777778,19.0,23.0,20.84027777777778,1009.0,1011.0,1010.1458333333334,67.0,93.0,81.97916666666667,0.0,0.0,0.0,0.0,100.84027777777777,102.16666666666667,410.1111111111111,,0
2017-07-09 00:00:00+00:00,1548.6,59.2,882.5902777777778,151.1534722222222,39.72222222222222,48.458333333333336,49.40972222222222,49.4375,38.21527777777778,44.59027777777778,48.00694444444444,31.270833333333332,13.7,0.0,7.780555555555556,17.1,0.4,3.810416666666667,0.6763888888888889,0.7520833333333333,238.34375,23.01388888888889,-666.5416666666666,12659.527777777777,1726996.0,-693.6458333333334,-928226,47.18055555555556,50.416666666666664,47.40277777777778,37.53472222222222,39.86805555555556,33.28472222222222,38.52777777777778,29.729166666666668,27.0,-3.0,67.7,8.79513888888889,4.19375,73.36111111111111,38.09722222222222,36.05555555555556,36.229166666666664,37.02777777777778,71.93819444444445,0.6930555555555556,50.00069444444445,398.93958333333336,397.1715277777778,396.2972222222222,89.87986111111111,100.59722222222223,93.32430555555555,747.7,-50.2,36.34027777777778,1.3722222222222222,3.853472222222222,35.83402777777778,-38.735416666666666,1000.2,-806.4,53.30486111111111,86.87777777777778,756.6,0.0,40.28472222222222,-311.6013888888889,0.0,-1000.0,107.95069444444444,311.6013888888889,1000.0,0.0,107.95069444444444,40.854166666666664,237.5993055555556,T06,0.5,8.6,4.034027777777777,0.3698611111111111,0.5,8.8,4.063194444444445,0.39798611111111115,19.0,27.0,21.76388888888889,1006.0,1011.0,1008.4166666666666,56.0,92.0,80.68055555555556,0.0,0.0,0.0,0.0,77.48611111111111,77.93055555555556,408.34722222222223,,0
2017-07-10 00:00:00+00:00,1659.0,0.0,641.5548611111111,54.30972222222223,39.576388888888886,46.8125,47.229166666666664,47.513888888888886,39.208333333333336,45.138888888888886,46.291666666666664,33.03472222222222,14.7,0.0,5.527083333333334,14.5,0.4,3.3763888888888887,0.59375,-17.938194444444445,229.58541666666667,24.8125,-609.4236111111111,18963.416666666668,2642976.0,-590.8194444444445,-997006,49.68055555555556,53.21527777777778,50.11805555555556,36.416666666666664,40.625,35.083333333333336,39.1875,31.395833333333332,28.541666666666668,-2.9,89.7,12.776388888888889,1.2041666666666666,68.25694444444444,36.895833333333336,34.888888888888886,35.048611111111114,35.97222222222222,110.12291666666667,0.7465277777777778,50.00069444444445,398.6819444444444,397.28472222222223,395.8208333333333,109.5326388888889,122.82430555555555,116.40694444444443,974.8,-50.5,36.833333333333336,0.48055555555555557,3.3930555555555557,35.12916666666667,-41.549305555555556,926.2,-991.1,25.946527777777778,116.4263888888889,1000.1,0.0,34.962500000000006,-325.0076388888889,0.0,-1000.0,48.329861111111114,325.0076388888889,1000.0,0.0,48.329861111111114,40.59027777777778,250.0201388888889,T06,0.1,9.5,3.6041666666666665,0.28861111111111115,0.0,9.6,3.5902777777777777,0.29256944444444444,19.0,29.0,23.819444444444443,1003.0,1007.0,1005.1527777777778,24.0,97.0,70.89583333333333,0.0,1.0,0.006944444444444444,0.0,68.74305555555556,68.45833333333333,405.125,,0
2017-07-11 00:00:00+00:00,1687.4,0.0,759.6090277777778,50.44722222222222,43.94444444444444,51.65277777777778,51.99305555555556,52.30555555555556,41.736111111111114,47.486111111111114,49.236111111111114,36.201388888888886,14.9,0.0,6.596527777777777,14.7,0.4,3.954861111111111,0.7486111111111111,-6.356249999999999,131.3048611111111,28.333333333333332,-477.625,30845.729166666668,4373009.0,-477.7708333333333,-1344737,53.645833333333336,57.24305555555556,54.13194444444444,39.458333333333336,43.770833333333336,36.111111111111114,42.104166666666664,35.15972222222222,30.5625,-3.2,45.5,10.453472222222222,0.4930555555555556,74.03472222222223,40.09027777777778,38.076388888888886,38.229166666666664,39.354166666666664,182.19722222222222,0.8263888888888888,50.00069444444445,398.29583333333335,397.00138888888887,396.0534722222222,161.47430555555556,175.1277777777778,166.06597222222223,1513.4,-50.2,40.55555555555556,0.4548611111111111,3.954861111111111,69.68819444444445,-56.03888888888889,999.9,-385.9,9.475000000000001,186.0736111111111,1563.7,0.0,69.06041666666667,-467.81944444444446,0.0,-1000.0,74.59166666666667,467.80902777777777,1000.0,0.0,74.69583333333334,47.416666666666664,160.16458333333333,T06,0.0,11.5,4.113888888888889,0.7206944444444444,0.0,10.6,4.088888888888889,0.4142361111111111,21.0,35.0,27.520833333333332,1005.0,1007.0,1005.5,25.0,86.0,48.63194444444444,0.0,0.0,0.0,0.0,79.01388888888889,78.52083333333333,405.47222222222223,,0
2017-07-12 00:00:00+00:00,1695.4,0.0,1230.052777777778,91.10486111111112,56.861111111111114,69.375,69.96527777777777,70.22222222222223,42.34722222222222,53.604166666666664,57.90972222222222,40.24305555555556,15.0,0.0,10.867361111111112,17.7,0.4,5.61875,0.9180555555555556,0.5680555555555554,108.23888888888888,31.63888888888889,-601.3680555555555,64056.895833333336,9137596.0,-522.1875,-2168515,65.47222222222223,69.0625,66.20833333333333,41.666666666666664,48.0625,38.94444444444444,45.5625,42.048611111111114,33.27777777777778,-3.2,85.5,2.3763888888888887,1.7104166666666667,100.79166666666667,42.78472222222222,40.875,40.86805555555556,41.40277777777778,380.7131944444444,0.851388888888889,50.00208333333333,398.41597222222225,396.98333333333335,396.3833333333333,342.6798611111111,359.95208333333335,347.38680555555555,1991.8,-50.8,44.173611111111114,0.8215277777777777,5.602777777777778,95.97638888888889,-90.40069444444445,1000.0,-911.8,33.75347222222222,387.8513888888889,2000.0,0.0,96.30138888888888,-697.7833333333333,0.0,-1000.0,78.58125000000001,695.2597222222222,1000.0,0.0,80.19652777777777,56.11805555555556,110.17083333333333,T06,0.5,12.5,5.203472222222222,0.9490277777777778,0.4,12.0,5.820138888888889,0.5594444444444444,26.0,39.0,30.819444444444443,1006.0,1009.0,1007.2847222222222,21.0,42.0,33.326388888888886,0.0,0.0,0.0,0.0,100.86111111111111,113.22916666666667,407.2291666666667,,0
2017-07-13 00:00:00+00:00,1678.3,0.0,918.5118055555556,93.04583333333333,51.93055555555556,59.71527777777778,60.333333333333336,60.5625,44.96527777777778,50.47222222222222,53.333333333333336,41.173611111111114,14.9,0.0,8.073611111111111,15.7,0.4,4.090972222222223,0.65625,-4.195833333333333,90.32638888888889,33.173611111111114,-636.4513888888889,24519.70138888889,3439190.0,-711.0069444444445,-1360757,60.104166666666664,63.645833333333336,60.27777777777778,43.458333333333336,48.71527777777778,40.638888888888886,46.416666666666664,41.34722222222222,35.0,-3.1,89.7,7.851388888888888,2.3631944444444444,85.52083333333333,44.22222222222222,42.22222222222222,42.326388888888886,43.99305555555556,143.28750000000002,0.6993055555555556,50.00069444444445,398.2944444444445,396.77152777777775,395.6722222222222,146.14375,160.95069444444445,150.04791666666668,1276.4,-50.0,45.076388888888886,0.825,4.09375,49.11944444444444,-56.677083333333336,999.4,-605.0,31.056250000000002,152.34930555555556,1301.4,0.0,48.81041666666667,-389.5597222222222,0.0,-1000.0,84.98888888888888,389.5597222222222,1000.0,0.0,84.98888888888888,49.19444444444444,89.52430555555556,T06,0.0,11.9,4.076388888888889,0.6822222222222222,0.0,11.0,4.279166666666667,0.4726388888888889,29.0,38.0,32.736111111111114,1006.0,1008.0,1007.0902777777778,28.0,43.0,34.416666666666664,0.0,0.0,0.0,0.0,78.34722222222223,82.3125,407.0486111111111,,0
2017-07-14 00:00:00+00:00,1510.7,0.0,770.3618055555556,74.01319444444444,46.763888888888886,53.888888888888886,54.541666666666664,54.88194444444444,44.3125,49.104166666666664,50.576388888888886,37.979166666666664,13.4,0.0,6.720833333333333,12.9,0.4,3.495833333333333,0.6006944444444444,9.77986111111111,105.80902777777777,30.305555555555557,-888.7013888888889,11770.770833333334,1567016.0,-833.5763888888889,-985690,56.138888888888886,59.68055555555556,56.5625,40.958333333333336,46.416666666666664,38.875,44.34722222222222,37.798611111111114,33.0625,-2.7,73.9,10.088194444444445,2.020138888888889,80.06944444444444,41.548611111111114,39.513888888888886,39.68055555555556,41.24305555555556,65.29791666666667,0.713888888888889,50.0,399.05833333333334,397.6076388888889,396.1625,84.48541666666667,97.83472222222223,90.30694444444445,578.2,-50.4,42.645833333333336,0.6715277777777778,3.488888888888889,34.516666666666666,-41.12152777777778,1000.0,-993.7,49.107638888888886,75.46597222222222,585.9,0.0,34.138888888888886,-295.0875,0.0,-1000.0,116.62083333333334,295.0875,1000.0,0.0,116.62083333333334,46.36805555555556,108.53541666666666,T06,0.0,9.7,3.4604166666666667,0.49486111111111114,0.0,8.7,3.577777777777778,0.4020138888888889,23.0,35.0,29.604166666666668,1005.0,1008.0,1006.7152777777778,34.0,73.0,51.270833333333336,0.0,0.0,0.0,0.0,65.88194444444444,68.27083333333333,406.6111111111111,,0
2017-07-15 00:00:00+00:00,1717.3,167.2,1410.4569444444444,59.54305555555556,55.5625,69.95138888888889,70.96527777777777,70.90277777777777,40.791666666666664,52.68055555555556,58.201388888888886,37.013888888888886,15.2,1.6,12.490972222222222,22.1,1.0,6.452777777777778,1.0104166666666667,1.145138888888889,86.11319444444445,28.09027777777778,-11.42361111111111,85803.45138888889,12354052.0,-8.395833333333334,-2873332,61.34722222222222,65.27083333333333,62.75694444444444,40.68055555555556,46.53472222222222,35.833333333333336,44.701388888888886,38.895833333333336,30.194444444444443,-3.2,61.0,-1.5916666666666668,0.4173611111111111,107.00694444444444,41.93055555555556,40.22222222222222,40.041666666666664,40.083333333333336,514.7659722222222,0.9430555555555556,50.00138888888889,399.10833333333335,396.9090277777778,397.02152777777775,433.59027777777777,465.54999999999995,441.60347222222225,2099.2,-49.5,43.763888888888886,0.525,6.479166666666667,121.0,-119.72847222222224,974.3,-658.8,9.429861111111112,514.925,2000.0,0.0,121.47222222222223,-924.0381944444445,0.0,-1000.0,56.16875,916.5520833333334,1000.0,0.0,61.96388888888888,58.375,84.95972222222223,T06,0.8,16.9,6.971527777777777,1.2181944444444444,0.8,14.7,6.933333333333334,0.665138888888889,23.0,33.0,27.368055555555557,1006.0,1009.0,1007.3611111111111,45.0,91.0,66.96527777777777,0.0,0.0,0.0,0.0,136.24305555555554,135.52083333333334,407.31944444444446,,0
2017-07-16 00:00:00+00:00,1787.5,0.0,1382.3944444444444,28.300694444444446,66.20833333333333,90.65277777777777,90.50694444444444,90.72222222222223,43.486111111111114,54.24305555555556,61.520833333333336,38.4375,15.8,0.0,12.214583333333334,29.5,1.7000000000000002,10.931944444444445,1.807638888888889,-0.9243055555555555,85.43402777777777,27.506944444444443,-543.2777777777778,219039.625,31463474.0,-464.8125,-3540197,76.70138888888889,81.125,79.83333333333333,45.36805555555556,49.458333333333336,35.145833333333336,46.611111111111114,46.645833333333336,29.71527777777778,-3.1,89.7,14.736805555555556,1.4458333333333333,111.23611111111111,47.145833333333336,45.826388888888886,45.104166666666664,43.388888888888886,1310.9576388888888,0.9520833333333333,50.0,400.96180555555554,398.54097222222225,399.97222222222223,1100.4326388888887,1124.3090277777778,1092.2138888888887,2108.4,-48.0,48.22222222222222,0.2243055555555556,10.715277777777779,164.49027777777778,-147.5125,11.6,-222.2,4.860416666666667,1645.384722222222,2000.0,162.0,171.90208333333334,-715.5152777777778,0.0,-1000.0,80.18819444444445,601.2965277777778,1000.0,0.0,104.2513888888889,67.82638888888889,86.35208333333334,T06,4.1,18.3,10.325694444444444,2.6339583333333336,5.4,17.2,10.875,0.7943055555555555,24.0,31.0,26.6875,1007.0,1009.0,1007.8819444444445,34.0,83.0,61.49305555555556,0.0,0.0,0.0,0.0,203.5625,214.59722222222223,407.86805555555554,,0
2017-07-17 00:00:00+00:00,1822.4,1229.1,1668.7618055555556,25.449305555555554,80.08333333333333,116.07638888888889,115.63888888888889,115.84027777777777,43.75694444444444,56.520833333333336,65.27777777777777,40.1875,16.0,10.9,14.79027777777778,31.9,2.1,13.031944444444443,2.1930555555555555,-0.46041666666666664,84.32777777777778,26.805555555555557,0.0,312181.97222222225,44954204.0,0.0,-4731402,89.29166666666667,94.34027777777777,94.04861111111111,47.854166666666664,53.951388888888886,34.27777777777778,51.375,52.923611111111114,28.92361111111111,-3.1,18.2,5.339583333333334,2.3916666666666666,133.64583333333334,50.145833333333336,49.166666666666664,48.0625,44.729166666666664,1873.107638888889,0.9965277777777778,50.0,400.13680555555555,397.9631944444444,399.71527777777777,1570.4888888888888,1591.4375,1552.8208333333334,2106.7,146.5,55.40972222222222,0.21666666666666667,12.445138888888888,84.29722222222222,-197.14027777777778,-69.3,-230.6,4.515277777777778,1870.8597222222222,2000.0,143.9,82.89930555555556,-666.3534722222222,-583.3,-1000.0,72.52222222222223,491.0152777777778,1000.0,406.1,65.66180555555555,68.39583333333333,84.78125,T06,4.1,21.7,11.425,3.4688194444444442,4.5,19.7,12.3625,1.3000694444444445,24.0,29.0,26.208333333333332,1004.0,1008.0,1005.8125,48.0,74.0,58.44444444444444,0.0,0.0,0.0,0.0,225.61111111111111,244.375,405.7638888888889,,0
2017-07-18 00:00:00+00:00,1797.8,0.0,1409.0305555555556,83.17430555555556,62.638888888888886,83.65277777777777,83.98611111111111,84.26388888888889,43.416666666666664,52.826388888888886,59.77777777777778,38.97222222222222,15.9,0.0,12.45138888888889,28.3,0.4,8.028472222222222,1.3263888888888888,1.7756944444444445,127.68333333333334,28.625,-464.93055555555554,150983.79861111112,21674719.0,-372.1736111111111,-3483044,71.59722222222223,75.75694444444444,74.84027777777777,43.55555555555556,49.24305555555556,36.104166666666664,46.30555555555556,44.22222222222222,30.53472222222222,-3.2,86.7,2.6375,2.058333333333333,110.59722222222223,45.145833333333336,43.49305555555556,43.208333333333336,42.458333333333336,903.0881944444444,0.9173611111111111,50.0,399.0729166666667,397.18958333333336,397.6409722222222,774.9041666666667,794.1791666666667,768.8791666666667,2104.6,-50.2,46.708333333333336,0.7506944444444444,7.8291666666666675,140.91875,-145.12569444444443,865.2,-959.8,22.143055555555556,907.9395833333333,2000.0,0.0,140.87708333333333,-736.9201388888889,0.0,-1000.0,52.00069444444445,691.01875,1000.0,0.0,64.23958333333333,56.97222222222222,125.89791666666666,T06,0.7000000000000001,21.6,8.050694444444444,1.9706249999999998,0.8,18.8,7.739583333333333,1.2629861111111111,24.0,33.0,27.868055555555557,1003.0,1007.0,1004.2569444444445,30.0,83.0,51.84722222222222,0.0,0.0,0.0,0.0,157.97222222222223,151.65972222222223,404.19444444444446,,0
2017-07-19 00:00:00+00:00,1619.1,0.0,191.3236111111111,51.830555555555556,36.229166666666664,37.875,37.75,38.34722222222222,40.541666666666664,40.375,39.861111111111114,32.0625,14.3,0.0,1.6555555555555557,17.3,0.4,4.546527777777778,0.8125,-47.06944444444444,231.28194444444443,24.506944444444443,-1114.0277777777778,1606.8055555555557,70958.0,-971.8333333333334,-254490,48.86805555555556,52.25694444444444,49.09027777777778,36.99305555555556,39.479166666666664,33.59722222222222,37.63194444444444,28.680555555555557,27.4375,-2.8,89.7,59.4076388888889,1.7145833333333333,44.4375,37.263888888888886,35.11805555555556,35.46527777777778,37.0,2.952083333333333,0.7666666666666667,50.0,399.43055555555554,397.99930555555557,396.7784722222222,16.4375,21.339583333333334,18.56111111111111,767.6,-50.3,35.673611111111114,0.4708333333333333,4.55625,10.470833333333333,-10.602777777777778,899.4,-284.7,8.433333333333334,232.60625000000002,1817.3,0.0,94.2486111111111,-35.418055555555554,0.0,-1000.0,21.790277777777778,35.418055555555554,1000.0,0.0,21.790277777777778,34.3125,130.83888888888887,T06,0.7000000000000001,10.6,4.859027777777778,0.43833333333333335,0.5,10.9,4.854166666666667,0.4707638888888889,20.0,26.0,22.881944444444443,1006.0,1009.0,1007.4097222222222,60.0,98.0,80.95138888888889,0.0,0.0,0.0,0.0,93.99305555555556,93.89583333333333,407.3263888888889,,0
2017-07-20 00:00:00+00:00,1683.4,0.0,483.56041666666664,58.44027777777777,36.22222222222222,39.611111111111114,39.96527777777778,40.201388888888886,39.25694444444444,40.673611111111114,41.833333333333336,31.631944444444443,14.9,0.0,4.213888888888889,18.4,0.4,4.615277777777778,0.9180555555555556,-19.540277777777778,221.44583333333333,23.0625,-703.6458333333334,16592.944444444445,2288060.0,-593.6597222222222,-783793,49.03472222222222,52.34027777777778,48.80555555555556,36.548611111111114,38.75694444444444,32.97222222222222,37.520833333333336,29.069444444444443,26.208333333333332,-3.1,89.7,40.00833333333333,1.4597222222222221,53.138888888888886,37.02777777777778,34.958333333333336,35.263888888888886,36.21527777777778,95.37569444444445,0.7854166666666668,50.00069444444445,398.49652777777777,397.3597222222222,396.8597222222222,94.47569444444444,101.55555555555556,96.17430555555556,1316.5,-49.6,35.4375,0.5326388888888889,4.620833333333334,35.12222222222223,-32.68888888888889,1000.6,-544.7,15.57986111111111,248.75138888888887,1965.8,0.0,105.38749999999999,-201.38402777777776,0.0,-1000.0,31.490972222222222,201.38402777777776,1000.0,0.0,31.490972222222222,35.020833333333336,240.98750000000004,T06,1.2,11.7,4.960416666666666,0.4388194444444445,1.1,12.6,5.011805555555556,0.4675694444444444,20.0,25.0,21.82638888888889,1005.0,1009.0,1007.0555555555555,48.0,96.0,76.5625,0.0,0.0,0.0,0.0,96.01388888888889,97.11111111111111,406.9861111111111,,0
2017-07-21 00:00:00+00:00,1681.7,0.0,1065.1694444444445,83.36944444444445,43.645833333333336,54.69444444444444,56.03472222222222,55.854166666666664,35.8125,47.06944444444444,50.63194444444444,31.555555555555557,14.9,0.0,9.431944444444445,17.0,0.4,4.715277777777778,0.8333333333333334,0.03055555555555552,239.3201388888889,22.083333333333332,-450.6388888888889,32243.159722222223,4578124.0,-436.47222222222223,-1830226,49.21527777777778,52.53472222222222,49.458333333333336,38.06944444444444,41.36805555555556,32.56944444444444,40.083333333333336,30.26388888888889,25.88888888888889,-3.1,89.7,4.934722222222223,1.896527777777778,89.83333333333333,38.888888888888886,36.88194444444444,36.951388888888886,37.40277777777778,190.77638888888887,0.788888888888889,50.0,398.7736111111111,397.29097222222225,397.2423611111111,183.09722222222223,195.89305555555555,183.41805555555555,1295.1,-50.1,38.625,0.74375,4.754166666666666,79.69305555555555,-76.27638888888889,1000.2,-929.0,27.814583333333335,199.4048611111111,1312.4,0.0,81.0326388888889,-573.4930555555555,0.0,-1000.0,135.02222222222224,573.4930555555555,1000.0,0.0,135.02222222222224,40.770833333333336,239.28472222222223,T06,1.2,10.5,5.265277777777778,0.524375,1.0,10.5,5.340277777777778,0.5426388888888889,19.0,23.0,20.84027777777778,1005.0,1008.0,1006.4027777777778,54.0,86.0,70.56944444444444,0.0,0.0,0.0,0.0,102.06944444444444,103.61805555555556,406.3333333333333,,0
2017-07-22 00:00:00+00:00,1675.0,35.4,864.8,68.61944444444445,40.84722222222222,49.173611111111114,49.888888888888886,49.986111111111114,36.236111111111114,45.625,48.47222222222222,31.430555555555557,14.8,0.0,7.626388888888889,15.7,0.4,4.169444444444444,0.7041666666666667,-1.6270833333333332,219.59027777777777,22.78472222222222,-600.9791666666666,25254.76388888889,3550145.0,-557.6597222222222,-1255365,48.30555555555556,51.763888888888886,48.708333333333336,36.28472222222222,39.93055555555556,32.611111111111114,39.013888888888886,30.270833333333332,26.395833333333332,-3.1,84.7,9.447916666666666,1.4402777777777778,74.16666666666667,36.90277777777778,34.90277777777778,35.020833333333336,35.583333333333336,147.9388888888889,0.8,50.00069444444445,398.78263888888887,397.3173611111111,396.5881944444444,138.38819444444445,152.97708333333333,143.18055555555554,1141.0,-50.4,36.5625,0.6312500000000001,4.202083333333333,51.26875,-52.30277777777778,1000.1,-679.5,19.30625,157.07708333333332,1152.9,0.0,53.91319444444444,-422.47569444444446,0.0,-1000.0,80.13333333333334,422.47569444444446,1000.0,0.0,80.13333333333334,39.44444444444444,221.2173611111111,T06,1.3,9.6,4.835416666666666,0.3288888888888889,1.3,9.7,4.847222222222222,0.38125,18.0,27.0,21.71527777777778,1006.0,1009.0,1007.0138888888889,42.0,93.0,73.27083333333333,0.0,0.0,0.0,0.0,93.45833333333333,93.63888888888889,406.97222222222223,,0
2017-07-23 00:00:00+00:00,1674.3,0.0,649.1590277777777,59.111805555555556,39.65277777777778,46.041666666666664,46.40277777777778,46.68055555555556,39.90277777777778,45.72222222222222,46.90972222222222,33.041666666666664,14.8,0.0,5.516666666666667,15.6,0.4,3.527083333333333,0.5923611111111111,-3.0666666666666664,220.8951388888889,24.92361111111111,-654.7916666666666,23471.333333333332,3285581.0,-578.7569444444445,-1045753,50.46527777777778,53.80555555555556,50.701388888888886,36.28472222222222,40.05555555555556,34.50694444444444,38.701388888888886,31.6875,28.40277777777778,-2.9,89.7,13.065277777777778,1.2312500000000002,63.763888888888886,36.833333333333336,34.854166666666664,35.00694444444444,35.763888888888886,136.89375,0.8,50.0,398.62361111111113,397.3701388888889,396.41805555555555,127.65069444444445,138.65416666666667,130.99444444444444,1121.2,-50.1,36.13194444444444,0.54375,3.5340277777777778,36.925694444444446,-43.56666666666667,1000.3,-826.2,15.132638888888888,142.92013888888889,1140.5,0.0,36.09375,-333.1652777777778,0.0,-1000.0,39.77638888888889,333.1652777777778,1000.0,0.0,39.77638888888889,38.895833333333336,223.96388888888887,T06,0.2,9.7,3.638888888888889,0.29625,0.0,9.9,3.607638888888889,0.31625,19.0,30.0,23.979166666666668,1008.0,1011.0,1009.4791666666666,40.0,96.0,69.65972222222223,0.0,0.0,0.0,0.0,69.38194444444444,68.88888888888889,409.44444444444446,,0
2017-07-24 00:00:00+00:00,1681.9,0.0,564.8687500000001,37.7375,40.076388888888886,46.09722222222222,46.30555555555556,46.65972222222222,40.520833333333336,46.40972222222222,46.94444444444444,33.84027777777778,14.9,0.0,4.771527777777778,16.5,0.4,3.429861111111111,0.6263888888888889,-17.180555555555557,207.07986111111111,26.27777777777778,-813.7361111111111,25803.354166666668,3598505.0,-723.5069444444445,-1093941,52.00694444444444,55.520833333333336,52.34722222222222,37.638888888888886,41.40972222222222,36.166666666666664,40.125,32.50694444444444,30.166666666666668,-3.2,89.6,14.530555555555557,0.6527777777777778,64.22916666666667,38.15972222222222,36.11805555555556,36.326388888888886,37.375,149.93819444444443,0.8256944444444445,50.00069444444445,398.3777777777778,397.1958333333333,395.78125,135.05833333333334,148.60208333333333,142.14444444444445,1393.2,-50.0,37.826388888888886,0.3513888888888889,3.432638888888889,39.97986111111111,-45.59305555555555,934.1,-781.2,7.214583333333334,156.00625000000002,1419.6,0.0,39.443749999999994,-337.5826388888889,0.0,-1000.0,19.515277777777776,337.5826388888889,1000.0,0.0,19.516666666666666,39.78472222222222,226.77569444444444,T06,0.0,11.6,3.561111111111111,0.2813888888888889,0.0,11.7,3.5465277777777775,0.29888888888888887,19.0,31.0,25.21527777777778,1007.0,1011.0,1009.3055555555555,37.0,97.0,65.72222222222223,0.0,0.0,0.0,0.0,67.91666666666667,67.78472222222223,409.2638888888889,,0
2017-07-25 00:00:00+00:00,1554.0,0.0,625.8972222222222,79.67916666666666,40.145833333333336,45.86805555555556,46.458333333333336,46.541666666666664,41.44444444444444,46.104166666666664,47.361111111111114,33.395833333333336,13.8,0.0,5.363194444444444,12.6,0.4,3.232638888888889,0.5743055555555556,-3.2694444444444444,185.04652777777778,25.79861111111111,-1003.3055555555555,7764.215277777777,973566.0,-973.0208333333334,-636865,50.298611111111114,53.61805555555556,50.5,37.03472222222222,41.354166666666664,36.06944444444444,39.611111111111114,32.3125,29.930555555555557,-2.5,86.6,13.973611111111111,1.9756944444444444,64.75,37.458333333333336,35.388888888888886,35.65972222222222,36.833333333333336,40.56805555555556,0.732638888888889,50.00069444444445,398.7361111111111,397.5208333333333,395.7298611111111,54.49513888888889,64.32569444444444,59.10069444444444,581.9,-50.2,37.43055555555556,0.7861111111111111,3.242361111111111,24.34652777777778,-26.519444444444446,904.7,-666.0,27.881944444444443,52.863888888888894,620.4,0.0,26.224305555555556,-193.9875,0.0,-1000.0,75.68819444444445,193.9875,1000.0,0.0,75.68819444444445,39.11805555555556,188.30833333333334,T06,0.4,8.3,3.470833333333333,0.2521527777777778,0.5,8.2,3.4006944444444445,0.27847222222222223,20.0,30.0,24.82638888888889,1004.0,1008.0,1005.9930555555555,46.0,100.0,70.59027777777777,0.0,1.0,0.006944444444444444,0.0,66.13888888888889,64.80555555555556,405.9375,,0
2017-07-26 00:00:00+00:00,1590.1,0.0,621.0402777777778,137.31458333333333,40.00694444444444,45.59027777777778,46.0625,46.24305555555556,41.25694444444444,44.88194444444444,46.80555555555556,34.61805555555556,14.1,0.0,5.335416666666666,13.7,0.4,3.1812500000000004,0.6555555555555556,0.9201388888888891,185.98263888888889,26.03472222222222,-948.1875,7647.173611111111,964655.0,-958.0902777777778,-671216,50.47222222222222,53.71527777777778,50.46527777777778,38.78472222222222,42.326388888888886,36.173611111111114,40.44444444444444,32.486111111111114,30.02777777777778,-2.4,89.6,14.246527777777779,4.036111111111111,64.57638888888889,39.236111111111114,37.11805555555556,37.416666666666664,38.791666666666664,40.17638888888889,0.7076388888888889,50.0,398.62916666666666,397.3576388888889,396.2861111111111,57.2201388888889,65.38402777777777,59.669444444444444,794.9,-50.4,38.708333333333336,1.2944444444444445,3.2201388888888887,26.353472222222223,-27.97361111111111,1000.4,-958.5,33.56944444444444,55.455555555555556,814.4,0.0,31.460416666666667,-192.57986111111111,0.0,-1000.0,81.96388888888889,192.57986111111111,1000.0,0.0,81.96388888888889,39.604166666666664,182.56180555555557,T06,0.2,8.8,3.595138888888889,0.43451388888888887,0.0,8.9,3.4409722222222223,0.46090277777777783,19.0,33.0,24.79861111111111,1005.0,1007.0,1005.9930555555555,44.0,99.0,74.06944444444444,0.0,0.0,0.0,0.0,68.61111111111111,65.52777777777777,405.94444444444446,,0
2017-07-27 00:00:00+00:00,1614.9,0.0,797.9034722222223,106.82638888888889,45.25,52.416666666666664,53.09027777777778,53.27777777777778,42.604166666666664,47.65972222222222,50.03472222222222,36.84722222222222,14.3,0.0,7.003472222222222,12.5,0.4,3.7722222222222226,0.6194444444444445,7.928472222222222,158.91597222222222,28.71527777777778,-887.7152777777778,15615.111111111111,2120748.0,-978.4930555555555,-1051691,53.40277777777778,56.77777777777778,53.701388888888886,40.05555555555556,45.11805555555556,38.291666666666664,43.208333333333336,35.986111111111114,32.15277777777778,-2.7,84.3,10.037500000000001,2.6312499999999996,78.14583333333333,40.52777777777778,38.53472222222222,38.701388888888886,40.13194444444444,88.36250000000001,0.7152777777777779,49.99930555555555,398.4013888888889,397.1097222222222,396.24027777777775,99.50416666666666,110.44999999999999,103.51527777777778,740.6,-50.1,41.611111111111114,0.9854166666666667,3.777083333333333,32.18819444444445,-43.859027777777776,999.4,-974.8,35.3125,100.15694444444445,774.4,0.0,34.54027777777778,-359.91041666666666,0.0,-1000.0,74.9986111111111,359.91041666666666,1000.0,0.0,74.9986111111111,43.65972222222222,178.49166666666667,T06,0.2,9.4,3.834027777777778,0.37388888888888894,0.2,9.2,3.9756944444444446,0.3288888888888889,23.0,35.0,27.84027777777778,1005.0,1008.0,1006.2013888888889,40.0,76.0,57.375,0.0,0.0,0.0,0.0,73.45833333333333,76.15972222222223,406.13194444444446,,0
2017-07-28 00:00:00+00:00,1575.7,0.0,573.5930555555556,38.5625,41.96527777777778,47.77777777777778,48.208333333333336,48.548611111111114,43.888888888888886,46.604166666666664,46.74305555555556,36.423611111111114,14.0,0.0,4.986805555555556,16.4,0.4,2.9965277777777777,0.5131944444444445,-6.709027777777777,223.3451388888889,28.29861111111111,-773.3819444444445,11263.034722222223,1510508.0,-744.6944444444445,-881857,53.18055555555556,56.74305555555556,53.333333333333336,39.75,44.15277777777778,37.645833333333336,42.326388888888886,34.71527777777778,31.84027777777778,-2.7,78.6,13.606944444444444,0.825,68.0625,40.145833333333336,38.13194444444444,38.263888888888886,39.791666666666664,62.922916666666666,0.7423611111111111,50.0,398.8152777777778,397.5798611111111,396.3013888888889,70.30138888888888,80.90902777777778,74.21111111111111,634.3,-48.9,40.611111111111114,0.3590277777777778,3.0125,26.081944444444446,-36.736805555555556,1000.3,-636.9,18.22361111111111,69.55138888888888,652.7,0.0,25.655555555555555,-283.67291666666665,0.0,-1000.0,69.74652777777777,283.67291666666665,1000.0,0.0,69.74652777777777,40.97222222222222,277.5715277777778,T06,0.0,8.6,3.2506944444444446,0.25062500000000004,0.0,8.4,3.2381944444444444,0.2536111111111111,23.0,33.0,27.319444444444443,1006.0,1008.0,1007.1597222222222,19.0,79.0,49.611111111111114,0.0,0.0,0.0,0.0,61.763888888888886,61.5625,407.11805555555554,,0
2017-07-29 00:00:00+00:00,1510.8,0.0,585.7034722222222,89.74166666666666,39.75,45.43055555555556,45.951388888888886,46.1875,41.916666666666664,45.298611111111114,46.270833333333336,33.951388888888886,13.4,0.0,5.017361111111111,13.6,0.4,2.9215277777777775,0.557638888888889,-4.076388888888889,220.24930555555557,26.319444444444443,-912.2847222222222,6277.451388888889,772586.0,-880.5694444444445,-514552,50.548611111111114,53.90972222222222,50.72222222222222,37.888888888888886,41.71527777777778,36.24305555555556,40.13194444444444,32.416666666666664,30.09722222222222,-2.5,89.6,14.421527777777776,2.4701388888888887,63.1875,38.34722222222222,36.30555555555556,36.486111111111114,37.75694444444444,32.19513888888889,0.6868055555555556,50.0,398.76180555555555,397.3069444444444,395.68680555555557,59.52291666666666,68.10624999999999,64.54305555555555,592.8,-50.3,37.958333333333336,0.8416666666666667,2.9437499999999996,24.554166666666667,-21.509027777777778,1000.4,-876.2,60.25694444444444,44.077777777777776,708.6,0.0,26.012500000000003,-167.25069444444443,0.0,-1000.0,84.18472222222222,167.25069444444443,1000.0,0.0,84.18472222222222,38.625,226.825,T06,0.6000000000000001,8.6,3.2472222222222222,0.26256944444444447,0.4,8.7,3.2020833333333334,0.2790972222222222,19.0,31.0,25.3125,1006.0,1009.0,1007.7916666666666,38.0,99.0,67.75694444444444,0.0,0.0,0.0,0.0,61.6875,60.75694444444444,407.74305555555554,,0
2017-07-30 00:00:00+00:00,1582.9,0.0,612.9208333333333,124.08402777777776,39.94444444444444,45.854166666666664,46.38194444444444,46.541666666666664,42.173611111111114,45.18055555555556,46.388888888888886,33.604166666666664,14.0,0.0,5.282638888888888,12.0,0.4,3.0805555555555557,0.5805555555555556,-1.6062500000000002,209.6222222222222,26.006944444444443,-1090.486111111111,7554.708333333333,930848.0,-1117.2847222222222,-612247,50.30555555555556,53.68055555555556,50.44444444444444,37.986111111111114,41.65277777777778,35.854166666666664,39.770833333333336,32.36805555555556,29.881944444444443,-2.9,89.7,13.947222222222223,3.615277777777778,64.75,38.458333333333336,36.375,36.611111111111114,37.923611111111114,38.79097222222222,0.6902777777777778,49.99861111111111,399.1423611111111,397.68055555555554,396.00208333333336,61.44305555555555,69.96875,65.41388888888889,671.0,-50.3,37.86805555555556,1.1027777777777779,3.0972222222222223,26.07361111111111,-25.572916666666668,1000.1,-812.7,44.53263888888889,54.08611111111111,676.9,0.0,27.70486111111111,-173.09027777777777,0.0,-1000.0,81.88958333333333,173.09027777777777,1000.0,0.0,81.88958333333333,39.083333333333336,233.73402777777775,T06,0.0,8.4,3.5618055555555554,0.26166666666666666,0.0,8.6,3.5631944444444446,0.31020833333333336,21.0,31.0,24.993055555555557,1003.0,1008.0,1005.1388888888889,48.0,98.0,69.65277777777777,0.0,0.0,0.0,0.0,67.95138888888889,67.99305555555556,405.09722222222223,,0
2017-07-31 00:00:00+00:00,1676.9,7.7,985.6055555555556,85.41180555555555,42.9375,52.9375,53.979166666666664,53.99305555555556,39.145833333333336,46.93055555555556,50.048611111111114,32.77777777777778,14.9,0.0,8.662500000000001,16.4,0.4,4.248611111111111,0.7902777777777777,-3.488888888888889,212.85208333333333,24.375,-664.5,24385.6875,3415856.0,-602.8333333333334,-1387841,50.166666666666664,53.548611111111114,50.74305555555556,37.80555555555556,41.88194444444444,33.833333333333336,40.298611111111114,32.041666666666664,27.98611111111111,-3.1,89.6,6.413194444444445,2.0881944444444445,83.08333333333333,38.52777777777778,36.541666666666664,36.59722222222222,37.333333333333336,142.3138888888889,0.7958333333333334,49.99861111111111,398.79305555555555,397.28472222222223,396.41041666666666,137.44930555555555,152.16527777777776,142.42847222222224,1110.7,-50.4,38.6875,0.7833333333333333,4.266666666666667,61.90694444444445,-57.82847222222222,1000.3,-705.3,27.864583333333332,151.5597222222222,1127.1,0.0,62.56527777777777,-453.74027777777775,0.0,-1000.0,146.00069444444443,453.74027777777775,1000.0,0.0,146.00069444444443,41.06944444444444,216.34583333333333,T06,1.1,9.7,4.822222222222222,0.4349305555555556,1.1,9.9,4.851388888888889,0.49124999999999996,21.0,28.0,23.180555555555557,1002.0,1005.0,1003.6666666666666,35.0,96.0,75.83333333333333,0.0,0.0,0.0,0.0,93.18055555555556,93.84027777777777,403.6388888888889,,0
2017-08-01 00:00:00+00:00,1554.7,0.0,661.1125,93.41319444444444,38.611111111111114,45.951388888888886,46.611111111111114,46.71527777777778,38.951388888888886,44.81944444444444,46.84027777777778,31.98611111111111,13.8,0.0,5.739583333333333,13.3,0.4,3.4305555555555554,0.6527777777777778,-7.496527777777778,222.50833333333333,23.875,-843.0486111111111,11715.506944444445,1565636.0,-805.2361111111111,-817506,48.25,51.52777777777778,48.479166666666664,36.72222222222222,39.93055555555556,33.34722222222222,38.55555555555556,30.3125,27.22222222222222,-2.7,89.6,13.46736111111111,2.5638888888888887,65.71527777777777,37.13194444444444,35.111111111111114,35.291666666666664,36.31944444444444,65.25347222222223,0.7645833333333334,49.99861111111111,398.4465277777778,397.1701388888889,395.95694444444445,72.60694444444444,82.71458333333334,76.69166666666666,666.2,-50.8,36.34027777777778,0.9201388888888888,3.4604166666666667,33.671527777777776,-34.05555555555556,1000.2,-869.3,26.373611111111114,77.04027777777777,680.3,0.0,36.74583333333333,-279.0055555555556,0.0,-1000.0,96.26666666666667,279.0055555555556,1000.0,0.0,96.26666666666667,37.90277777777778,230.00416666666666,T06,0.0,8.5,3.836111111111111,0.3943055555555556,0.0,8.6,3.877083333333333,0.4239583333333334,20.0,27.0,22.76388888888889,1004.0,1010.0,1006.5972222222222,40.0,91.0,69.22916666666667,0.0,0.0,0.0,0.0,73.5625,74.28472222222223,406.50694444444446,,0
2017-08-02 00:00:00+00:00,1668.5,0.0,587.2819444444444,67.25902777777777,39.96527777777778,44.201388888888886,44.36805555555556,44.6875,39.59027777777778,45.40972222222222,46.47222222222222,33.68055555555556,14.8,0.0,4.923611111111111,14.8,0.4,3.479861111111111,0.6513888888888889,-14.823611111111111,198.96944444444443,25.65277777777778,-700.3125,26104.104166666668,3658150.0,-608.4930555555555,-1046197,51.020833333333336,54.47222222222222,51.13194444444444,37.24305555555556,40.729166666666664,36.0625,39.611111111111114,32.09722222222222,29.71527777777778,-3.2,89.6,14.498611111111112,1.3895833333333334,59.9375,37.78472222222222,35.763888888888886,35.94444444444444,36.90972222222222,152.4173611111111,0.8263888888888888,49.99930555555555,398.67291666666665,397.34166666666664,395.99375,137.35277777777776,149.02430555555554,142.40069444444444,1300.0,-50.1,37.173611111111114,0.6291666666666668,3.4694444444444446,44.25902777777778,-43.58611111111111,1000.8,-633.5,12.587499999999999,159.45138888888889,1330.9,0.0,44.181250000000006,-326.75972222222225,0.0,-1000.0,28.92013888888889,326.75972222222225,1000.0,0.0,28.92013888888889,38.65972222222222,203.79861111111111,T06,0.0,10.2,3.4722222222222223,0.32430555555555557,0.0,10.2,3.4090277777777778,0.3464583333333333,19.0,32.0,24.65277777777778,1008.0,1010.0,1008.4791666666666,30.0,92.0,61.40972222222222,0.0,0.0,0.0,0.0,66.02777777777777,64.90277777777777,408.4583333333333,,0
2017-08-03 00:00:00+00:00,1590.0,0.0,503.06041666666664,55.703472222222224,39.90972222222222,44.729166666666664,45.06944444444444,45.388888888888886,41.520833333333336,47.00694444444444,46.458333333333336,35.25,14.1,0.0,4.326388888888889,13.0,0.4,2.8736111111111113,0.5756944444444445,-11.664583333333333,221.0340277777778,27.708333333333332,-864.4861111111111,11399.368055555555,1517025.0,-738.6388888888889,-747429,51.486111111111114,54.9375,51.6875,38.645833333333336,42.423611111111114,37.548611111111114,40.888888888888886,33.22222222222222,31.368055555555557,-2.8,89.6,15.229861111111111,1.4805555555555554,63.083333333333336,39.020833333333336,36.94444444444444,37.19444444444444,38.59722222222222,63.199999999999996,0.7854166666666668,49.99930555555555,398.8152777777778,397.4347222222222,396.0388888888889,66.58055555555556,77.25069444444445,71.14027777777778,696.8,-50.2,38.81944444444444,0.49513888888888885,2.888888888888889,23.952083333333334,-31.158333333333335,1000.1,-667.9,13.102777777777778,70.55277777777778,716.8,0.0,23.181944444444444,-259.4006944444444,0.0,-1000.0,49.47152777777777,259.4006944444444,1000.0,0.0,49.47152777777777,39.270833333333336,255.19930555555553,T06,0.0,8.2,2.9986111111111113,0.2495138888888889,0.0,8.5,2.9868055555555557,0.2689583333333333,21.0,33.0,26.76388888888889,1006.0,1010.0,1008.5416666666666,23.0,91.0,55.99305555555556,0.0,0.0,0.0,0.0,56.65972222222222,56.513888888888886,408.49305555555554,,0
2017-08-04 00:00:00+00:00,1454.2,0.0,451.8972222222222,76.53472222222223,43.375,46.81944444444444,47.09027777777778,47.375,45.00694444444444,47.020833333333336,46.53472222222222,38.84027777777778,12.9,0.0,3.873611111111111,18.1,0.4,2.5250000000000004,0.5062500000000001,15.208333333333334,199.6951388888889,31.131944444444443,-1138.4027777777778,4321.9375,458428.0,-1102.1041666666667,-455169,55.326388888888886,58.861111111111114,55.111111111111114,40.798611111111114,45.77777777777778,39.61805555555556,43.56944444444444,37.47222222222222,34.06944444444444,-2.3,66.4,16.156944444444445,2.027083333333333,63.076388888888886,41.201388888888886,39.138888888888886,39.34722222222222,41.31944444444444,19.102777777777778,0.6805555555555557,49.99861111111111,398.64652777777775,397.40486111111113,395.5625,42.607638888888886,49.824305555555554,46.41458333333333,426.5,-50.3,41.791666666666664,0.6722222222222222,2.529166666666667,17.174999999999997,-18.945833333333333,1000.1,-736.4,36.37916666666667,30.573611111111113,434.0,0.0,16.422222222222224,-124.83749999999999,0.0,-1000.0,60.4388888888889,124.83749999999999,1000.0,0.0,60.4388888888889,42.27777777777778,299.49375,T06,0.0,7.4,2.8069444444444445,0.18381944444444442,0.0,7.5,2.7784722222222222,0.19215277777777778,22.0,38.0,30.29861111111111,1005.0,1008.0,1006.1944444444445,17.0,77.0,41.1875,0.0,0.0,0.0,0.0,52.701388888888886,52.15972222222222,406.13194444444446,,0
2017-08-05 00:00:00+00:00,1545.5,0.0,457.4381944444445,77.89027777777778,44.19444444444444,47.458333333333336,47.72222222222222,47.93055555555556,45.875,46.96527777777778,47.5,39.138888888888886,13.7,0.0,3.9000000000000004,15.4,0.4,2.8180555555555555,0.5048611111111111,11.772916666666667,199.2388888888889,31.96527777777778,-1247.611111111111,6452.520833333333,749507.0,-1477.388888888889,-557052,56.65972222222222,59.96527777777778,56.3125,41.3125,46.8125,40.65972222222222,44.49305555555556,38.298611111111114,34.798611111111114,-2.5,89.6,18.539583333333333,2.607638888888889,62.708333333333336,41.75694444444444,39.63194444444444,39.895833333333336,41.861111111111114,31.239583333333332,0.6270833333333334,49.99861111111111,398.21666666666664,396.92083333333335,395.02986111111113,57.768750000000004,65.36736111111111,62.800000000000004,732.2,-50.3,42.729166666666664,0.7034722222222222,2.8270833333333334,19.394444444444446,-23.234027777777776,1000.1,-918.9,40.954166666666666,45.391666666666666,777.6,0.0,20.731944444444444,-151.54166666666666,0.0,-1000.0,47.55277777777778,151.54166666666666,1000.0,0.0,47.55277777777778,42.80555555555556,189.9576388888889,T06,0.0,8.9,3.004861111111111,0.28125,0.0,8.5,2.9972222222222222,0.2808333333333333,27.0,38.0,31.34027777777778,1004.0,1007.0,1005.6944444444445,21.0,50.0,35.041666666666664,0.0,0.0,0.0,0.0,56.833333333333336,56.673611111111114,405.6458333333333,,0
2017-08-06 00:00:00+00:00,1494.2,0.0,436.91041666666666,78.36805555555556,44.9375,47.729166666666664,47.833333333333336,48.270833333333336,45.50694444444444,47.03472222222222,47.326388888888886,38.30555555555556,13.2,0.0,3.7312499999999997,16.4,0.4,2.7152777777777777,0.5381944444444444,-1.9006944444444445,191.71875,30.71527777777778,-1133.0833333333333,7644.895833333333,937701.0,-1114.6180555555557,-552336,55.576388888888886,58.916666666666664,55.31944444444444,40.72222222222222,45.479166666666664,40.673611111111114,43.30555555555556,37.03472222222222,34.520833333333336,-2.9,89.6,17.254166666666666,2.3625,62.22222222222222,41.048611111111114,38.979166666666664,39.19444444444444,41.09722222222222,39.07361111111111,0.7298611111111112,50.0,398.61249999999995,397.2527777777778,394.8861111111111,53.827777777777776,63.23472222222222,59.01597222222222,570.2,-49.4,41.44444444444444,0.71875,2.7340277777777775,20.490972222222222,-23.002083333333335,1000.5,-991.7,27.706944444444446,52.28541666666667,866.6,0.0,21.85763888888889,-180.34583333333333,0.0,-1000.0,50.68263888888889,180.34583333333333,1000.0,0.0,50.68263888888889,42.55555555555556,221.12152777777777,T06,0.0,8.6,3.0006944444444446,0.30180555555555555,0.0,8.4,3.0083333333333333,0.2888888888888889,23.0,36.0,30.09027777777778,1005.0,1007.0,1005.8958333333334,26.0,79.0,43.3125,0.0,0.0,0.0,0.0,56.61805555555556,56.88194444444444,405.88194444444446,,0
2017-08-07 00:00:00+00:00,1775.9,0.0,986.8409722222223,128.51041666666666,52.638888888888886,60.09027777777778,60.763888888888886,60.923611111111114,44.02777777777778,51.583333333333336,54.416666666666664,38.47222222222222,15.6,0.0,8.620833333333334,19.6,0.4,4.501388888888889,0.820138888888889,2.297916666666667,182.49444444444444,30.52777777777778,-1000.4930555555555,32019.45138888889,4466727.0,-901.5138888888889,-1384216,59.291666666666664,62.61805555555556,59.701388888888886,41.020833333333336,47.458333333333336,39.548611111111114,45.638888888888886,39.395833333333336,33.763888888888886,-3.0,89.6,6.751388888888889,3.570138888888889,89.09722222222223,41.833333333333336,39.854166666666664,39.90972222222222,41.076388888888886,186.13402777777776,0.7597222222222223,49.99930555555555,398.7263888888889,397.12430555555557,396.2138888888889,189.09583333333333,203.09722222222223,194.3986111111111,2103.3,-51.0,44.298611111111114,1.18125,4.477777777777778,67.37847222222223,-57.69861111111111,1000.7,-993.4,58.41597222222222,203.21388888888887,2000.0,0.0,72.07847222222222,-472.72638888888895,0.0,-1000.0,122.27222222222223,469.3263888888889,1000.0,0.0,122.23750000000001,48.229166666666664,192.69375000000002,T06,0.5,14.1,4.522916666666666,0.731875,0.2,13.0,4.643750000000001,0.6250694444444445,25.0,37.0,29.729166666666668,1004.0,1008.0,1005.7708333333334,16.0,75.0,45.18055555555556,0.0,0.0,0.0,0.0,87.24305555555556,89.625,405.71527777777777,,0
2017-08-08 00:00:00+00:00,1700.6,35.8,1074.3013888888888,96.24236111111111,51.90972222222222,59.96527777777778,60.71527777777778,60.888888888888886,44.145833333333336,49.49305555555556,53.34722222222222,37.0,15.0,0.0,9.42013888888889,27.8,0.4,4.729166666666667,0.7423611111111111,-0.08541666666666672,299.49583333333334,27.881944444444443,-528.5972222222222,43610.354166666664,6203774.0,-582.875,-1788035,58.71527777777778,62.21527777777778,59.00694444444444,40.24305555555556,45.888888888888886,36.263888888888886,43.84027777777778,37.125,30.52777777777778,-3.2,70.6,5.2444444444444445,2.136111111111111,89.20138888888889,41.09027777777778,39.18055555555556,39.201388888888886,40.020833333333336,258.50208333333336,0.7569444444444444,49.99930555555555,398.7611111111111,396.97291666666666,396.3979166666667,239.1875,255.99305555555554,242.50833333333333,1709.9,-50.3,42.38194444444444,0.8479166666666667,4.715972222222223,72.98958333333333,-74.50486111111111,1000.1,-473.0,32.574305555555554,265.28194444444443,1729.2,0.0,72.38194444444444,-497.5215277777778,0.0,-1000.0,84.73333333333333,496.72499999999997,1000.0,0.0,86.52083333333333,47.763888888888886,299.57708333333335,T06,1.0,13.1,5.304861111111111,0.429375,1.0,12.9,5.289583333333334,0.43083333333333335,22.0,32.0,26.833333333333332,1005.0,1008.0,1006.4097222222222,14.0,67.0,39.326388888888886,0.0,0.0,0.0,0.0,102.91666666666667,102.67361111111111,406.30555555555554,,0
2017-08-09 00:00:00+00:00,1674.0,0.0,788.7305555555555,88.48888888888888,40.875,50.09027777777778,50.94444444444444,50.986111111111114,38.125,46.708333333333336,48.65277777777778,31.680555555555557,14.8,0.0,6.915972222222222,17.6,0.4,3.913888888888889,0.6840277777777778,-6.520138888888889,237.34444444444443,22.875,-820.2291666666666,25137.652777777777,3501707.0,-779.6736111111111,-1229680,50.0,53.30555555555556,50.145833333333336,37.416666666666664,40.861111111111114,33.00694444444444,39.3125,30.055555555555557,26.78472222222222,-3.2,89.6,10.449305555555556,2.054861111111111,76.75,38.09027777777778,36.048611111111114,36.18055555555556,36.97222222222222,145.90625,0.7958333333333334,50.00069444444445,398.8513888888889,397.2916666666667,396.4215277777778,138.07777777777778,151.89999999999998,142.71527777777777,1198.5,-50.1,37.5,0.8034722222222223,3.9520833333333334,57.09097222222223,-51.22708333333333,1000.0,-938.9,17.39513888888889,156.74444444444444,1217.6,0.0,58.080555555555556,-420.97083333333336,0.0,-1000.0,65.25694444444444,420.97083333333336,1000.0,0.0,65.25694444444444,39.09027777777778,243.8548611111111,T06,0.6000000000000001,10.0,4.409027777777777,0.3385416666666667,0.0,10.2,4.442361111111111,0.35270833333333335,20.0,24.0,21.82638888888889,1007.0,1009.0,1008.0347222222222,47.0,78.0,63.93055555555556,0.0,0.0,0.0,0.0,84.97916666666667,85.54166666666667,407.9791666666667,,0
2017-08-10 00:00:00+00:00,1788.2,0.0,1069.1666666666667,125.95833333333333,54.145833333333336,68.28472222222223,68.3125,68.60416666666667,40.63194444444444,47.6875,52.90972222222222,33.94444444444444,15.8,0.0,9.422916666666667,28.3,0.4,6.545833333333333,1.2090277777777778,0.24652777777777768,137.5923611111111,24.305555555555557,-647.5277777777778,125061.54166666667,17915622.0,-598.9097222222222,-2293232,61.31944444444444,64.97222222222223,62.25694444444444,41.15972222222222,43.479166666666664,33.208333333333336,41.52777777777778,37.49305555555556,27.15277777777778,-3.2,89.6,9.145138888888889,4.024305555555555,83.61805555555556,42.298611111111114,40.59722222222222,40.333333333333336,39.763888888888886,746.5097222222222,0.8319444444444445,50.0,399.1736111111111,397.3888888888889,397.28333333333336,639.3333333333334,652.5222222222222,635.3722222222223,2106.2,-50.3,41.90277777777778,1.1631944444444444,6.390972222222222,100.03194444444445,-95.53819444444444,1000.1,-985.0,22.325000000000003,756.9305555555555,2000.0,0.0,103.04722222222222,-379.90208333333334,0.0,-1000.0,106.01805555555556,306.05555555555554,1000.0,0.0,112.29097222222222,48.93055555555556,137.35347222222222,T06,0.3,20.8,7.605555555555556,1.636111111111111,0.2,18.3,7.374305555555556,0.9563194444444445,20.0,29.0,23.28472222222222,1008.0,1011.0,1009.2291666666666,54.0,93.0,77.05555555555556,0.0,0.0,0.0,0.0,149.02083333333334,144.3125,409.18055555555554,,0
2017-08-11 00:00:00+00:00,1843.0,1227.5,1667.392361111111,24.32638888888889,76.54861111111111,112.08333333333333,111.99305555555556,112.34722222222223,44.34027777777778,56.36805555555556,64.99305555555556,37.958333333333336,16.2,10.9,14.775694444444447,31.5,1.1,12.509027777777778,2.070138888888889,-0.6777777777777777,88.44097222222223,26.020833333333332,0.0,301953.5208333333,43481307.0,0.0,-4878572,85.47222222222223,90.75694444444444,89.48611111111111,47.354166666666664,51.55555555555556,33.701388888888886,48.46527777777778,51.0,28.25,-2.6,17.3,3.933333333333333,2.29375,131.27777777777777,49.55555555555556,48.47222222222222,47.44444444444444,44.22222222222222,1811.7333333333333,0.9972222222222222,50.0,400.14166666666665,397.97013888888887,399.6784722222222,1519.5708333333334,1540.413888888889,1504.4090277777777,2109.1,187.8,52.548611111111114,0.20625000000000002,11.899305555555555,118.02916666666667,-203.27152777777778,-138.4,-243.9,3.4124999999999996,1808.554861111111,2000.0,187.7,116.09375,-718.3576388888889,-583.3,-1000.0,99.84305555555555,541.2819444444444,1000.0,406.1,94.85763888888889,69.15972222222223,89.10347222222222,T06,3.7,22.7,12.083333333333334,4.192986111111111,3.8,20.3,12.604166666666666,1.3972222222222221,23.0,29.0,25.15277777777778,1007.0,1011.0,1008.7638888888889,44.0,85.0,67.1875,0.0,0.0,0.0,0.0,238.6875,249.09722222222223,408.71527777777777,,0
2017-08-12 00:00:00+00:00,1817.4,1223.3,1667.9284722222224,24.985416666666666,73.79861111111111,110.86805555555556,110.56944444444444,110.94444444444444,43.77777777777778,56.65972222222222,65.16666666666667,37.9375,16.0,10.8,14.78125,44.3,1.5,13.233333333333333,2.147222222222222,0.5263888888888888,87.46111111111111,25.90277777777778,0.0,305988.6458333333,44062365.0,0.0,-4770444,86.47916666666667,91.78472222222223,89.94444444444444,47.21527777777778,51.354166666666664,33.19444444444444,48.55555555555556,50.59722222222222,27.868055555555557,-3.2,18.8,5.603472222222222,2.201388888888889,130.85416666666666,49.47222222222222,48.451388888888886,47.354166666666664,44.041666666666664,1835.9624999999999,0.9986111111111112,50.0,400.3076388888889,398.2319444444445,400.12152777777777,1540.5208333333333,1557.5090277777776,1521.1861111111111,2110.8,132.7,52.75,0.2076388888888889,12.520833333333334,81.4625,-198.76597222222222,-107.7,-226.7,3.522222222222222,1834.136111111111,2000.0,131.6,80.09652777777778,-681.9743055555556,-583.3,-1000.0,64.46527777777777,512.3972222222222,1000.0,406.1,60.30486111111111,63.84722222222222,86.92986111111111,T06,2.7,23.5,12.522222222222222,4.042083333333334,2.3,21.0,12.950694444444444,1.4827083333333333,22.0,29.0,25.11111111111111,1007.0,1009.0,1008.4236111111111,41.0,74.0,59.84027777777778,0.0,0.0,0.0,0.0,247.43055555555554,256.1736111111111,408.36805555555554,,0
2017-08-13 00:00:00+00:00,1820.1,1559.0,1679.9777777777776,20.877083333333335,77.13194444444444,117.25694444444444,116.9375,117.41666666666667,44.09027777777778,57.27777777777778,65.9375,38.354166666666664,16.0,13.9,14.890972222222224,32.0,0.7000000000000001,13.422916666666667,2.238888888888889,0.06736111111111114,85.83333333333333,25.875,0.0,324894.2986111111,46784779.0,0.0,-4876666,88.94444444444444,94.46527777777777,92.95138888888889,47.71527777777778,52.541666666666664,33.625,49.458333333333336,52.5,28.1875,-2.5,18.3,5.442361111111111,2.6312499999999996,134.53472222222223,50.048611111111114,49.13194444444444,47.88194444444444,44.27777777777778,1949.4819444444447,1.0,50.00069444444445,400.7055555555555,398.5986111111111,400.46875,1632.7548611111113,1650.490277777778,1613.7409722222224,2107.8,924.6,54.076388888888886,0.17777777777777778,12.651388888888889,87.48888888888888,-203.19722222222222,-143.8,-230.6,3.4479166666666665,1946.1930555555555,2000.0,891.9,85.69722222222222,-646.8819444444445,-583.3,-1000.0,96.29236111111112,457.79305555555555,1000.0,406.1,81.52847222222222,65.29861111111111,85.7375,T06,4.8,22.7,12.586805555555555,4.295555555555556,6.4,20.3,12.929166666666667,1.5138194444444446,23.0,29.0,25.006944444444443,1004.0,1009.0,1006.1319444444445,51.0,77.0,66.47222222222223,0.0,0.0,0.0,0.0,248.8125,255.73611111111111,406.09722222222223,,0
2017-08-14 00:00:00+00:00,1786.4,1262.7,1669.8493055555555,21.61875,74.14583333333333,110.01388888888889,109.94444444444444,110.29861111111111,43.65277777777778,56.361111111111114,65.05555555555556,38.0,15.7,11.2,14.795833333333333,31.8,1.1,11.529166666666667,1.9020833333333331,0.5416666666666666,88.46180555555556,26.40972222222222,0.0,296009.5833333333,42625380.0,0.0,-4800099,84.54166666666667,89.74305555555556,88.55555555555556,46.916666666666664,51.55555555555556,34.125,48.375,51.013888888888886,28.631944444444443,-3.2,13.6,1.6680555555555554,1.9826388888888888,130.125,49.083333333333336,48.048611111111114,46.986111111111114,43.895833333333336,1776.1006944444443,1.0,50.0,399.90486111111113,397.9347222222222,399.3347222222222,1489.0868055555557,1508.945138888889,1477.5972222222222,2107.5,284.6,52.21527777777778,0.17777777777777778,11.04513888888889,161.2375,-200.00416666666666,-138.7,-230.5,3.806944444444445,1771.7659722222222,2000.0,272.0,158.4375,-766.2701388888888,-583.3,-1000.0,133.55694444444444,583.2458333333333,1000.0,406.1,131.44444444444446,63.736111111111114,87.89930555555556,T06,4.0,19.6,11.575182481751824,3.258102189781022,5.0,17.1,11.428467153284672,1.2232846715328467,10.0,29.0,25.54014598540146,1004.0,1008.0,1005.2481751824818,0.0,78.0,65.84057971014492,0.0,0.0,0.0,1.0,228.2246376811594,225.78985507246378,405.1811594202899,,0
2017-08-15 00:00:00+00:00,1720.9,0.0,1246.44375,76.94375,52.53472222222222,67.33333333333333,68.44444444444444,68.61805555555556,41.03472222222222,52.3125,56.69444444444444,35.638888888888886,15.2,0.0,11.01875,21.6,0.4,5.640972222222222,0.9451388888888889,-1.4145833333333333,153.69791666666666,27.104166666666668,-386.38194444444446,63621.104166666664,9105801.0,-348.4861111111111,-2258664,59.81944444444444,63.75,61.75,40.30555555555556,46.21527777777778,35.729166666666664,44.00694444444444,37.63194444444444,29.84722222222222,-3.2,89.6,1.8472222222222223,1.46875,104.22916666666667,41.333333333333336,39.541666666666664,39.49305555555556,39.895833333333336,379.3854166666667,0.8458333333333333,49.99930555555555,398.9555555555555,397.1326388888889,396.52777777777777,336.3201388888889,360.6791666666667,346.5173611111111,2101.1,-50.3,43.61805555555556,0.6937500000000001,5.624305555555555,104.97291666666666,-94.09722222222223,1000.8,-996.8,41.28333333333333,385.9972222222222,2000.0,0.0,106.22222222222223,-717.5583333333333,0.0,-1000.0,104.21111111111111,710.6118055555556,1000.0,0.0,110.27430555555556,48.78472222222222,155.09166666666667,T06,0.3,15.3,5.715277777777778,1.0247222222222223,0.4,14.1,6.095138888888889,0.5044444444444445,23.0,31.0,26.04861111111111,1007.0,1010.0,1008.6041666666666,52.0,86.0,71.25,0.0,0.0,0.0,0.0,111.07638888888889,118.70833333333333,408.5138888888889,,0
2017-08-16 00:00:00+00:00,1632.1,0.0,518.9576388888888,43.78125,42.56944444444444,46.416666666666664,46.645833333333336,47.166666666666664,42.90277777777778,45.986111111111114,46.25694444444444,36.65277777777778,14.4,0.0,4.46875,11.4,0.4,2.9444444444444446,0.4847222222222222,-0.04652777777777733,227.03611111111113,28.694444444444443,-845.9722222222222,13558.972222222223,1830670.0,-739.0208333333334,-777857,52.888888888888886,56.44444444444444,53.05555555555556,39.40972222222222,43.763888888888886,38.125,41.798611111111114,34.77777777777778,32.548611111111114,-3.0,85.4,14.918055555555554,1.0034722222222223,64.84722222222223,39.798611111111114,37.701388888888886,37.93055555555556,39.46527777777778,76.29097222222222,0.7784722222222222,50.00069444444445,398.47847222222225,397.1875,395.7555555555556,80.95347222222222,91.17291666666667,86.05625,731.9,-49.9,40.083333333333336,0.38958333333333334,2.957638888888889,26.788194444444443,-32.40486111111111,1000.0,-813.9,21.206249999999997,83.44444444444444,765.1,0.0,25.362499999999997,-279.51458333333335,0.0,-1000.0,41.40069444444444,279.51458333333335,1000.0,0.0,41.40069444444444,45.111111111111114,202.08472222222224,T06,0.0,9.0,3.0777777777777775,0.1971527777777778,0.0,9.2,3.0506944444444444,0.20791666666666667,23.0,34.0,27.881944444444443,1008.0,1011.0,1009.6388888888889,16.0,80.0,48.4375,0.0,0.0,0.0,0.0,58.06944444444444,57.65277777777778,409.56944444444446,,0
2017-08-17 00:00:00+00:00,1746.5,0.0,1151.6978571428572,67.37928571428571,52.89928057553957,62.92142857142857,63.635714285714286,63.864285714285714,41.66428571428571,49.542857142857144,54.05714285714286,36.42142857142857,15.4,0.0,10.182857142857141,20.9,0.4,5.548571428571428,0.8914285714285715,10.725,94.075,27.87142857142857,-403.02142857142854,70412.24285714286,9801291.0,-479.0357142857143,-2254351,59.76428571428571,63.357142857142854,59.90714285714286,41.207142857142856,45.292857142857144,35.67857142857143,43.107142857142854,37.878571428571426,30.0,-3.3,90.0,5.788571428571428,1.4785714285714286,91.15,42.16428571428571,40.30714285714286,40.22142857142857,40.607142857142854,419.1657142857143,0.7712230215827338,49.99928571428571,398.82214285714286,397.12571428571425,396.7092857142857,383.29857142857145,399.7907142857143,387.38928571428573,2101.0,-49.7,42.32142857142857,0.5871428571428572,5.4992857142857146,108.83214285714286,-95.76357142857142,1000.2,-999.9,53.037142857142854,424.885,2000.0,0.0,109.975,-606.4728571428572,0.0,-1000.0,74.81785714285714,594.4478571428572,1000.0,0.0,81.25928571428571,54.23571428571429,111.63285714285715,T06,0.5,17.5,5.778472222222223,1.1872222222222222,0.6000000000000001,16.0,5.748611111111111,0.6811805555555556,22.0,33.0,27.3125,1007.0,1010.0,1008.3611111111111,32.0,84.0,61.104166666666664,0.0,0.0,0.0,0.0,112.42361111111111,111.78472222222223,408.31944444444446,,0
2017-08-18 00:00:00+00:00,1726.7,0.0,1331.1840277777778,75.26388888888889,56.90972222222222,72.02777777777777,72.70138888888889,73.04861111111111,41.895833333333336,53.298611111111114,58.84722222222222,37.354166666666664,15.3,0.0,11.743749999999999,23.6,0.4,6.535416666666666,1.0750000000000002,-2.665277777777778,120.45069444444445,28.770833333333332,-362.74305555555554,100628.34722222222,14438246.0,-343.90277777777777,-2846690,66.85416666666667,70.63888888888889,67.63194444444444,42.06944444444444,47.09027777777778,36.59722222222222,44.5625,41.06944444444444,30.9375,-3.2,59.7,1.4180555555555554,0.7840277777777778,105.29166666666667,43.13194444444444,41.43055555555556,41.18055555555556,41.270833333333336,601.5826388888888,0.9118055555555556,50.0,398.8722222222222,397.2451388888889,396.94166666666666,513.0097222222222,535.7326388888889,519.245138888889,2085.7,-49.9,44.354166666666664,0.6736111111111112,6.461111111111111,143.34305555555557,-118.60555555555555,767.1,-764.1,15.050694444444446,604.901388888889,2000.0,0.0,144.43402777777777,-802.8805555555556,0.0,-1000.0,60.59722222222222,793.3569444444444,1000.0,0.0,72.48402777777778,54.24305555555556,125.62013888888889,T06,0.2,15.6,5.883333333333334,1.3979861111111112,0.0,13.5,6.5875,0.6299305555555557,24.0,34.0,27.833333333333332,1005.0,1009.0,1007.3402777777778,40.0,81.0,65.08333333333333,0.0,0.0,0.0,0.0,114.52777777777777,128.59722222222223,407.28472222222223,,0
2017-08-19 00:00:00+00:00,1783.0,0.0,848.8314685314685,94.52797202797203,49.06293706293706,58.71328671328671,58.91608391608391,59.25174825174825,42.48251748251748,48.54545454545455,51.72027972027972,37.67832167832168,15.7,0.0,7.485314685314686,28.6,0.4,5.2027972027972025,0.9363636363636364,19.451748251748253,116.85034965034964,29.13986013986014,-581.1188811188811,79324.58741258741,11260317.0,-649.4195804195804,-1754069,60.74125874125874,64.43356643356644,60.80419580419581,41.86013986013986,45.6993006993007,35.97202797202797,43.68531468531469,39.18181818181818,30.81118881118881,-3.2,90.0,30.32867132867133,3.041258741258741,77.58041958041959,42.83916083916084,40.95804195804196,40.95104895104895,41.46853146853147,472.52867132867135,0.8027972027972029,50.0006993006993,399.03986013986014,397.4755244755245,396.2951048951049,408.993006993007,423.3629370629371,411.64055944055946,2102.7,-50.0,43.02097902097902,0.848951048951049,5.0867132867132865,86.71888111888111,-73.55664335664336,1000.0,-771.1,22.94125874125874,481.94055944055947,2000.0,0.0,89.3881118881119,-400.59930069930067,0.0,-1000.0,61.41398601398602,368.3230769230769,1000.0,0.0,66.75804195804196,46.59440559440559,162.85944055944054,T06,0.0,17.6,4.666666666666667,1.2755555555555556,0.0,18.3,5.043749999999999,0.7219444444444444,24.0,34.0,28.34027777777778,1005.0,1007.0,1006.4305555555555,34.0,74.0,54.24305555555556,0.0,0.0,0.0,0.0,90.0,97.69444444444444,406.3611111111111,,0
2017-08-20 00:00:00+00:00,1805.9,0.0,1639.6180555555557,37.072916666666664,74.65277777777777,103.20138888888889,103.39583333333333,103.81944444444444,44.361111111111114,55.708333333333336,64.47222222222223,38.854166666666664,15.9,0.0,14.525694444444444,29.0,1.4,10.685416666666667,1.7083333333333333,-0.058333333333333334,89.82430555555555,27.979166666666668,-63.52777777777778,256018.35416666666,36857495.0,-54.96527777777778,-4790877,80.38194444444444,85.15972222222223,83.3125,47.02777777777778,51.4375,35.520833333333336,48.11805555555556,50.270833333333336,30.04861111111111,-3.3,89.6,1.7229166666666667,1.9236111111111112,126.45138888888889,48.81944444444444,47.53472222222222,46.763888888888886,44.451388888888886,1535.7298611111112,0.995138888888889,50.0,399.5208333333333,397.2215277777778,398.8333333333333,1292.6756944444444,1315.3805555555555,1279.2729166666666,2102.3,-48.8,50.923611111111114,0.3229166666666667,10.269444444444444,166.65208333333334,-199.61527777777778,-14.9,-243.8,4.748611111111111,1557.0479166666667,2000.0,209.9,159.48611111111111,-824.8152777777777,0.0,-1000.0,93.7826388888889,691.3722222222223,1000.0,0.0,102.93125,64.92361111111111,89.875,T06,4.3,20.3,11.690972222222221,2.2735416666666666,5.0,17.6,10.98125,1.3211111111111111,25.0,31.0,27.15972222222222,1006.0,1008.0,1007.125,49.0,80.0,65.8125,0.0,0.0,0.0,0.0,230.84722222222223,216.67361111111111,407.0625,,0
2017-08-21 00:00:00+00:00,1788.1,1219.1,1653.2409722222224,30.74930555555555,67.96527777777777,95.78472222222223,95.91666666666667,96.30555555555556,43.77777777777778,54.541666666666664,63.4375,37.86805555555556,15.7,10.8,14.649999999999999,31.8,0.6000000000000001,9.938194444444443,1.625,-0.3729166666666667,93.74791666666667,27.666666666666668,0.0,238652.36805555556,34365941.0,0.0,-4714197,76.60416666666667,81.04861111111111,79.04861111111111,46.40277777777778,49.638888888888886,35.048611111111114,46.611111111111114,47.638888888888886,29.6875,-3.3,9.8,-0.6034722222222223,1.1277777777777778,122.20833333333333,48.1875,46.861111111111114,46.111111111111114,44.05555555555556,1431.9840277777778,0.9965277777777778,49.99861111111111,399.4034722222222,397.1701388888889,398.78055555555557,1206.5812500000002,1228.4069444444444,1191.8527777777776,2102.4,180.0,48.6875,0.2638888888888889,9.63888888888889,204.35208333333333,-196.42013888888889,-131.8,-234.1,4.008333333333334,1429.7159722222223,2000.0,171.8,204.05833333333334,-898.3263888888889,-583.3,-1000.0,88.91874999999999,780.3687500000001,1000.0,406.1,119.84166666666667,61.166666666666664,94.13125,T06,2.9,17.5,10.382638888888888,2.0331944444444443,3.4,16.3,9.96736111111111,1.4778472222222223,24.0,31.0,26.770833333333332,1006.0,1008.0,1007.3888888888889,46.0,78.0,64.29861111111111,0.0,0.0,0.0,0.0,204.66666666666666,196.34027777777777,407.3333333333333,,0
2017-08-22 00:00:00+00:00,1753.9,0.0,1609.6534722222223,41.900000000000006,63.826388888888886,87.65277777777777,88.03472222222223,88.32638888888889,42.645833333333336,53.888888888888886,62.25,37.208333333333336,15.5,0.0,14.265277777777776,27.0,1.2,8.947222222222223,1.3993055555555556,0.010416666666666685,84.82430555555555,27.61111111111111,-32.138888888888886,195758.18055555556,28184550.0,-25.9375,-4008368,71.55555555555556,75.86111111111111,73.88194444444444,44.74305555555556,48.24305555555556,34.71527777777778,45.47222222222222,44.63194444444444,29.40277777777778,-3.3,89.6,-0.9659722222222222,1.1506944444444445,117.63194444444444,46.291666666666664,44.84722222222222,44.270833333333336,42.8125,1174.4326388888887,0.9916666666666667,50.0,399.3215277777778,397.23541666666665,398.03263888888887,985.2638888888889,1011.1652777777776,983.6284722222222,2100.8,-46.6,46.72222222222222,0.375,8.755555555555555,199.4034722222222,-167.0125,-8.0,-259.1,6.88125,1181.6743055555555,2000.0,51.4,194.71041666666667,-954.5034722222222,0.0,-1000.0,61.93680555555555,881.7215277777777,1000.0,0.0,101.37916666666666,57.979166666666664,84.81180555555555,T06,3.0,16.0,8.635416666666666,1.9599305555555557,3.7,14.1,8.933333333333334,0.6060416666666666,23.0,32.0,26.708333333333332,1005.0,1009.0,1007.5277777777778,31.0,78.0,56.18055555555556,0.0,0.0,0.0,0.0,169.61111111111111,175.80555555555554,407.47222222222223,,0
2017-08-23 00:00:00+00:00,1704.2,0.0,1263.9416666666666,94.22152777777778,53.548611111111114,67.1875,67.875,68.23611111111111,41.388888888888886,52.86805555555556,57.77777777777778,37.166666666666664,15.1,0.0,11.177777777777777,17.5,0.6000000000000001,5.879861111111111,0.9027777777777778,4.2861111111111105,103.04027777777777,28.5,-428.5,64353.28472222222,9205168.0,-358.9861111111111,-2511475,60.81944444444444,64.59027777777777,61.90972222222222,40.36805555555556,46.72222222222222,35.55555555555556,44.798611111111114,39.361111111111114,29.92361111111111,-3.1,89.6,2.272222222222222,1.7125,104.81944444444444,41.458333333333336,39.63194444444444,39.53472222222222,40.02777777777778,383.52708333333334,0.8861111111111112,50.0,398.65694444444443,396.8520833333333,396.53333333333336,338.13125,361.22847222222225,346.13194444444446,1608.1,-50.1,44.24305555555556,0.8368055555555556,5.8381944444444445,100.94097222222223,-104.63611111111112,758.7,-1000.2,24.300694444444446,403.9868055555555,1684.0,0.0,103.95138888888889,-784.6131944444445,0.0,-1000.0,62.849999999999994,784.48125,1000.0,0.0,63.41736111111111,50.826388888888886,111.25972222222222,T06,0.2,12.3,5.785416666666666,1.2124305555555557,0.0,11.1,6.330555555555556,0.4697916666666667,24.0,34.0,27.59722222222222,1006.0,1008.0,1006.9513888888889,27.0,70.0,46.354166666666664,0.0,0.0,0.0,0.0,112.56944444444444,123.46527777777777,406.8888888888889,,0
2017-08-24 00:00:00+00:00,1665.8,0.0,990.3326388888888,77.90277777777777,48.125,57.986111111111114,59.048611111111114,59.201388888888886,41.986111111111114,49.19444444444444,52.125,36.84722222222222,14.8,0.0,8.7375,16.0,0.4,4.047222222222222,0.7027777777777778,-3.309722222222222,90.32847222222222,28.930555555555557,-764.2638888888889,17654.215277777777,2432150.0,-759.6805555555555,-1439839,53.93055555555556,57.263888888888886,54.44444444444444,40.1875,45.63194444444444,36.458333333333336,43.78472222222222,36.84027777777778,30.729166666666668,-2.8,73.1,5.30625,2.1236111111111113,90.0,40.861111111111114,38.88194444444444,38.96527777777778,40.09722222222222,101.34375,0.7125,49.99861111111111,399.20208333333335,397.33124999999995,396.4743055555556,127.55000000000001,143.38333333333333,132.57708333333332,684.4,-50.1,42.298611111111114,0.6986111111111112,4.047222222222222,50.41597222222222,-60.00555555555555,999.9,-1000.0,73.19791666666667,110.99444444444445,698.1,0.0,49.392361111111114,-435.79999999999995,0.0,-1000.0,165.08472222222224,435.79999999999995,1000.0,0.0,165.08472222222224,45.083333333333336,88.63888888888889,T06,0.4,12.5,4.000694444444445,0.6217361111111112,0.4,11.3,4.110416666666667,0.44416666666666665,23.0,35.0,27.9375,1006.0,1008.0,1007.2361111111111,18.0,75.0,45.84027777777778,0.0,0.0,0.0,0.0,76.70833333333333,79.03472222222223,407.2083333333333,,0
2017-08-25 00:00:00+00:00,1703.8,0.0,1124.5416666666667,140.04166666666666,49.53472222222222,60.451388888888886,61.34027777777778,61.53472222222222,42.34027777777778,51.3125,54.90277777777778,36.729166666666664,15.1,0.0,9.914583333333333,16.6,0.4,4.934722222222223,0.8423611111111112,-0.14722222222222206,96.03055555555555,28.430555555555557,-705.6111111111111,43356.90277777778,6141789.0,-659.0416666666666,-1784895,57.44444444444444,60.875,57.90972222222222,40.395833333333336,45.951388888888886,35.77777777777778,44.15277777777778,37.416666666666664,30.0,-3.2,89.6,3.8784722222222223,3.2395833333333335,92.25,41.24305555555556,39.354166666666664,39.361111111111114,40.145833333333336,255.88819444444445,0.7770833333333333,50.0,398.98055555555555,396.94722222222225,396.58958333333334,247.95416666666668,266.84305555555557,253.06875000000002,1746.8,-50.1,42.94444444444444,1.2618055555555556,4.918055555555556,85.97847222222222,-74.37916666666666,1000.4,-969.3,66.63541666666667,265.6736111111111,1775.4,0.0,85.0013888888889,-563.9534722222222,0.0,-1000.0,128.99444444444444,563.6847222222223,1000.0,0.0,129.79444444444445,46.541666666666664,93.66805555555555,T06,0.4,13.7,4.987500000000001,0.9321527777777777,0.3,12.6,5.029861111111111,0.6866666666666666,23.0,34.0,27.75,1005.0,1008.0,1006.4166666666666,27.0,72.0,50.65972222222222,0.0,0.0,0.0,0.0,96.54166666666667,97.40277777777777,406.3611111111111,,0
2017-08-26 00:00:00+00:00,1769.4,0.0,1368.9972222222223,90.95972222222223,55.31944444444444,70.375,71.0,71.25,42.076388888888886,53.145833333333336,58.97222222222222,37.40277777777778,15.5,0.0,12.097222222222221,24.2,0.4,6.6819444444444445,1.0625,2.63125,90.01319444444444,28.73611111111111,-287.1736111111111,98735.04861111111,14176494.0,-263.9375,-3034128,65.84027777777777,69.5625,65.90277777777777,41.88194444444444,46.84722222222222,35.770833333333336,44.673611111111114,40.19444444444444,30.194444444444443,-3.3,86.1,0.5458333333333332,1.1180555555555556,104.52777777777777,42.97222222222222,41.201388888888886,41.02777777777778,41.125,590.7111111111111,0.9256944444444445,50.00138888888889,398.89166666666665,396.7111111111111,397.0861111111111,506.96527777777777,531.911111111111,509.8923611111111,2102.0,-50.0,44.354166666666664,0.8076388888888889,6.610416666666667,143.16527777777776,-126.4388888888889,1000.5,-1000.0,24.104166666666668,595.8868055555555,2000.0,0.0,143.9715277777778,-857.3298611111111,0.0,-1000.0,50.806250000000006,847.6770833333334,1000.0,0.0,59.861805555555556,51.53472222222222,89.87569444444445,T06,0.0,15.8,6.483333333333333,1.3486805555555557,0.0,13.7,6.711111111111111,0.63875,24.0,34.0,27.979166666666668,1002.0,1006.0,1004.3888888888889,38.0,75.0,55.69444444444444,0.0,0.0,0.0,0.0,126.49305555555556,131.08333333333334,404.3611111111111,,0
2017-08-27 00:00:00+00:00,1749.4,0.0,1360.5055555555555,64.67430555555556,53.729166666666664,69.86111111111111,70.57638888888889,70.97916666666667,40.6875,52.354166666666664,57.791666666666664,35.020833333333336,15.5,0.0,12.05,25.8,0.4,6.345833333333333,1.01875,-1.725,161.87013888888887,26.15277777777778,-248.5,89857.93055555556,12903759.0,-179.88888888888889,-3406879,64.70833333333333,68.31944444444444,64.99305555555556,40.354166666666664,45.013888888888886,33.638888888888886,42.701388888888886,38.361111111111114,27.770833333333332,-3.2,89.6,0.23055555555555549,1.0520833333333333,106.13194444444444,41.458333333333336,39.708333333333336,39.5,39.298611111111114,537.6006944444445,0.8430555555555556,50.00069444444445,398.6472222222222,396.47847222222225,396.85625000000005,483.5715277777778,504.20208333333335,482.18888888888887,2100.4,-45.7,42.49305555555556,0.575,6.279166666666667,126.51249999999999,-141.95416666666668,865.1,-828.2,41.170833333333334,539.8243055555555,2000.0,0.0,126.9402777777778,-765.1951388888889,0.0,-1000.0,90.54444444444444,748.6548611111111,1000.0,0.0,101.95138888888889,50.048611111111114,158.59722222222223,T06,0.4,18.1,6.300000000000001,1.5735416666666666,0.3,17.9,6.245138888888889,1.4211111111111112,22.0,29.0,25.26388888888889,1002.0,1007.0,1004.875,60.0,85.0,75.40972222222223,0.0,6.0,0.09027777777777778,0.0,122.79861111111111,121.79166666666667,404.84027777777777,,0
2017-08-28 00:00:00+00:00,1677.8,0.0,663.6570422535211,72.10774647887324,37.91549295774648,45.70422535211268,46.352112676056336,46.71830985915493,36.37323943661972,44.33098591549296,45.71830985915493,31.218309859154928,14.8,0.0,5.830281690140845,17.7,0.4,3.7718309859154933,0.7619718309859155,-10.737323943661972,251.7598591549296,23.133802816901408,-652.5774647887324,18467.161971830985,2529674.0,-673.7535211267606,-1020650,48.33802816901409,51.732394366197184,48.38732394366197,36.74647887323944,39.21830985915493,32.147887323943664,38.54929577464789,29.711267605633804,25.795774647887324,-3.0,90.0,28.907042253521126,2.286619718309859,68.15492957746478,37.352112676056336,35.20422535211268,35.267605633802816,36.23943661971831,106.88521126760564,0.7323943661971831,50.000704225352116,398.98450704225354,397.2,396.5239436619718,109.61901408450704,120.87535211267605,112.01549295774649,1198.7,-50.0,36.03521126760563,0.6492957746478873,3.7697183098591545,47.01971830985916,-43.13943661971831,1000.3,-606.0,24.919718309859153,132.42605633802816,1266.9,0.0,61.58450704225352,-326.39718309859154,0.0,-1000.0,73.16478873239437,326.39718309859154,1000.0,0.0,73.16478873239437,36.929577464788736,270.11971830985914,T06,0.0,10.4,4.329861111111111,0.33708333333333335,0.0,10.4,4.344444444444445,0.355,20.0,25.0,21.86111111111111,1006.0,1008.0,1007.1805555555555,52.0,88.0,74.88194444444444,0.0,0.0,0.0,0.0,83.36111111111111,83.77083333333333,407.125,,0
2017-08-29 00:00:00+00:00,1695.6,0.0,557.1333333333333,58.573049645390064,36.56737588652482,44.843971631205676,45.41843971631206,45.744680851063826,35.39716312056738,43.53191489361702,44.652482269503544,29.836879432624112,15.0,0.0,4.802127659574468,47.7,0.4,3.6475177304964537,0.6794326241134752,-7.81631205673759,194.45106382978722,21.680851063829788,-763.4113475177305,18038.64539007092,2435808.0,-751.6170212765958,-983163,46.4468085106383,49.815602836879435,46.53900709219858,35.97872340425532,38.4468085106383,31.390070921985817,37.4822695035461,28.0,25.25531914893617,-3.0,90.0,24.78510638297872,1.5049645390070923,64.51063829787235,36.40425531914894,34.297872340425535,34.42553191489362,35.226950354609926,103.69432624113475,0.7978723404255319,49.99787234042553,399.1212765957447,397.49929078014185,396.8290780141844,100.33333333333333,110.0950354609929,101.98014184397164,1135.3,-50.1,34.652482269503544,0.5078014184397164,3.608510638297872,41.690070921985814,-41.814184397163125,999.9,-374.8,9.684397163120567,126.50212765957447,2000.0,0.0,52.706382978723404,-321.88085106382977,0.0,-1000.0,58.6,321.88085106382977,1000.0,0.0,58.6,35.97872340425532,209.92269503546098,T06,0.0,12.4,3.997916666666667,0.3031944444444445,0.0,12.2,3.9930555555555554,0.30854166666666666,17.0,23.0,20.541666666666668,1006.0,1008.0,1006.6180555555555,68.0,96.0,81.66666666666667,0.0,39.0,1.8125,0.0,76.65972222222223,76.63888888888889,406.59027777777777,,0
2017-08-30 00:00:00+00:00,1678.9,0.0,372.3659722222222,61.647222222222226,33.78472222222222,38.236111111111114,38.416666666666664,39.00694444444444,39.041666666666664,41.0625,41.11805555555556,32.05555555555556,14.9,0.0,3.117361111111111,14.2,0.4,2.459027777777778,0.5423611111111112,-14.749305555555557,116.15277777777777,23.583333333333332,-660.7569444444445,6848.298611111111,891005.0,-679.4583333333334,-454466,47.43055555555556,50.701388888888886,47.27777777777778,35.94444444444444,38.56944444444444,33.84722222222222,37.576388888888886,28.79861111111111,27.40277777777778,-3.0,89.6,17.920833333333334,1.3826388888888888,49.71527777777778,36.25694444444444,34.15972222222222,34.40972222222222,35.513888888888886,37.12152777777778,0.7256944444444445,50.0,398.92569444444445,397.42499999999995,396.3888888888889,44.992361111111116,51.50069444444445,47.700694444444444,764.9,-50.1,34.65277777777778,0.5104166666666666,2.48125,22.791666666666668,-18.9625,1000.3,-602.1,20.296527777777776,44.58888888888889,786.4,0.0,21.997916666666665,-142.16319444444446,0.0,-1000.0,54.98541666666667,142.16319444444446,1000.0,0.0,54.98541666666667,33.986111111111114,138.40416666666667,T06,0.0,10.5,2.6368055555555556,0.3481944444444445,0.0,9.3,2.584027777777778,0.31243055555555554,19.0,28.0,22.3125,1006.0,1008.0,1007.3263888888889,48.0,91.0,74.3125,0.0,0.0,0.0,0.0,49.34027777777778,48.375,407.27777777777777,,0
2017-08-31 00:00:00+00:00,1688.1,0.0,807.7847222222222,94.25069444444445,42.71527777777778,51.173611111111114,51.86805555555556,52.11805555555556,38.486111111111114,46.6875,49.291666666666664,33.611111111111114,15.0,0.0,7.031944444444445,14.6,0.4,3.9756944444444446,0.7236111111111111,-0.49236111111111114,105.14652777777778,25.583333333333332,-670.9861111111111,22934.61111111111,3205967.0,-677.6736111111111,-1270607,50.6875,53.90277777777778,50.916666666666664,38.111111111111114,41.65972222222222,34.03472222222222,40.020833333333336,32.68055555555556,27.97222222222222,-3.2,89.6,10.26875,2.097916666666667,73.625,38.701388888888886,36.68055555555556,36.791666666666664,37.6875,133.58888888888887,0.7472222222222222,50.00069444444445,398.71666666666664,396.9215277777778,396.36875,134.98125,147.17361111111111,136.92361111111111,1143.4,-50.1,38.18055555555556,0.8777777777777778,4.0055555555555555,60.79097222222222,-52.92847222222222,1000.0,-934.5,35.423611111111114,142.99097222222224,1149.6,0.0,61.98055555555556,-395.41319444444446,0.0,-1000.0,99.64097222222222,395.41319444444446,1000.0,0.0,99.64097222222222,41.09722222222222,113.13402777777777,T06,0.5,11.3,4.090972222222223,0.7663888888888889,0.5,10.0,4.156944444444445,0.49118055555555556,20.0,30.0,24.805555555555557,1005.0,1008.0,1006.6527777777778,40.0,83.0,61.270833333333336,0.0,0.0,0.0,0.0,78.55555555555556,80.04166666666667,406.5416666666667,,0
2017-09-01 00:00:00+00:00,1782.2,0.0,1203.863829787234,51.11418439716312,56.8936170212766,75.39007092198581,75.64539007092199,76.38297872340425,41.39716312056738,51.851063829787236,57.40425531914894,35.794326241134755,15.7,0.0,10.656028368794326,30.3,0.8,8.474468085106384,1.2907801418439717,3.054609929078014,91.97304964539008,26.673758865248228,-252.2127659574468,137641.46808510637,19371885.0,-300.64539007092196,-3189272,68.09929078014184,72.11347517730496,68.60992907801419,42.1063829787234,45.40425531914894,33.58156028368794,43.822695035460995,39.829787234042556,28.21985815602837,-3.1,90.0,19.19503546099291,1.7141843971631205,97.70212765957447,43.262411347517734,41.53191489361702,41.205673758865245,40.744680851063826,824.3099290780142,0.8886524822695036,49.99787234042553,399.75106382978726,397.54893617021276,398.3624113475177,697.5581560283688,718.9106382978723,694.9021276595745,2101.0,-46.1,43.48936170212766,0.44539007092198585,8.40354609929078,152.6872340425532,-135.69574468085105,1000.7,-357.2,10.348226950354611,1074.181560283688,2000.0,0.0,222.39148936170213,-710.6687943262411,0.0,-1000.0,45.747517730496455,666.6687943262411,1000.0,0.0,67.2709219858156,53.702127659574465,91.47234042553191,T06,1.3,17.7,8.739583333333334,1.9765972222222221,1.4,15.1,8.860416666666667,0.8220138888888889,23.0,29.0,25.743055555555557,1006.0,1008.0,1006.8194444444445,51.0,81.0,67.04166666666667,0.0,0.0,0.0,0.0,171.71527777777777,174.16666666666666,406.75694444444446,,0
2017-09-02 00:00:00+00:00,1792.8,1205.5,1639.2256944444443,38.68888888888889,69.67361111111111,98.4375,98.56944444444444,98.81944444444444,41.94444444444444,55.47222222222222,63.52777777777778,37.451388888888886,15.9,10.7,14.524305555555555,27.8,2.2,10.352083333333333,1.6819444444444445,0.006944444444444449,86.30972222222222,26.875,0.0,247677.53472222222,35665564.0,0.0,-4455025,81.78472222222223,86.52777777777777,83.63888888888889,45.61805555555556,49.736111111111114,33.916666666666664,46.791666666666664,46.611111111111114,28.29861111111111,-3.1,13.2,0.8159722222222222,1.5104166666666667,123.95138888888889,47.520833333333336,46.21527777777778,45.4375,42.97222222222222,1486.0694444444443,0.9958333333333333,50.0,400.2868055555556,397.7993055555555,399.34444444444443,1244.3895833333333,1271.8152777777777,1233.5902777777778,2102.6,185.0,49.5,0.3340277777777778,10.129166666666666,171.46875,-185.62708333333333,-91.9,-221.5,4.059722222222223,1483.711111111111,2000.0,177.6,171.3013888888889,-830.3291666666667,-583.3,-1000.0,81.08541666666666,710.4923611111111,1000.0,406.1,94.37986111111111,61.71527777777778,86.29374999999999,T06,2.9,19.3,10.485416666666667,2.7758333333333334,3.4,17.2,10.736805555555556,1.1774305555555555,24.0,29.0,25.993055555555557,1008.0,1010.0,1008.7708333333334,53.0,81.0,70.22222222222223,0.0,0.0,0.0,0.0,206.625,211.70833333333334,408.6736111111111,,0
2017-09-03 00:00:00+00:00,1739.4,0.0,1336.9499999999998,92.15138888888889,54.520833333333336,71.16666666666667,72.03472222222223,72.25,40.6875,52.736111111111114,58.03472222222222,35.59027777777778,15.4,0.0,11.82986111111111,22.5,0.4,6.433333333333334,1.0187499999999998,0.1090277777777778,137.1590277777778,26.77777777777778,-387.97222222222223,99798.71527777778,14315148.0,-358.4236111111111,-2648443,64.33333333333333,68.38888888888889,65.78472222222223,40.93055555555556,45.951388888888886,34.81944444444444,43.21527777777778,38.38194444444444,29.15277777777778,-3.1,89.6,1.2875,2.192361111111111,105.20138888888889,42.0,40.236111111111114,40.013888888888886,39.88194444444444,596.3715277777778,0.9048611111111112,50.0,399.3201388888889,397.225,397.1305555555556,507.93125000000003,534.1847222222223,512.5305555555556,2098.8,-50.2,43.11805555555556,0.8291666666666667,6.459722222222222,117.22361111111111,-110.34583333333333,1000.1,-1000.0,20.366666666666667,602.2354166666667,2000.0,0.0,118.3951388888889,-780.1930555555556,0.0,-1000.0,71.06458333333333,769.1208333333333,1000.0,0.0,86.33402777777778,51.18055555555556,134.53194444444443,T06,0.7000000000000001,13.5,6.239583333333333,1.176388888888889,0.6000000000000001,12.7,6.836111111111111,0.5591666666666666,23.0,32.0,25.75,1006.0,1010.0,1007.8333333333334,47.0,94.0,66.5,0.0,0.0,0.0,0.0,121.65972222222223,133.59722222222223,407.75,,0
2017-09-04 00:00:00+00:00,1682.0,0.0,778.4618055555555,59.986805555555556,41.18055555555556,49.791666666666664,50.666666666666664,50.763888888888886,38.354166666666664,46.888888888888886,48.451388888888886,32.513888888888886,14.9,0.0,6.757638888888889,14.5,0.4,3.761111111111111,0.6520833333333333,-11.586111111111112,232.35555555555553,24.291666666666668,-623.5138888888889,23132.88888888889,3241347.0,-656.0763888888889,-1313404,49.541666666666664,52.9375,49.81944444444444,37.31944444444444,41.173611111111114,33.673611111111114,39.40277777777778,31.15277777777778,27.416666666666668,-3.1,89.6,10.17361111111111,1.4104166666666667,75.38194444444444,37.84027777777778,35.81944444444444,35.958333333333336,36.78472222222222,135.05555555555554,0.7756944444444445,50.0,398.5909722222222,397.0201388888889,396.1159722222222,129.34444444444443,141.21805555555557,131.1763888888889,982.9,-50.0,37.77777777777778,0.5458333333333333,3.8256944444444443,51.53888888888889,-54.72847222222222,798.0,-716.9,16.199305555555554,141.09166666666667,1004.3,0.0,51.361805555555556,-417.775,0.0,-1000.0,86.95625000000001,417.775,1000.0,0.0,86.95625000000001,39.02777777777778,243.9423611111111,T06,0.0,9.8,4.264583333333333,0.3284722222222223,0.0,10.2,4.272916666666666,0.35638888888888887,21.0,27.0,23.15972222222222,1007.0,1011.0,1008.3402777777778,48.0,97.0,80.27083333333333,0.0,1.0,0.006944444444444444,0.0,82.04166666666667,82.34027777777777,408.28472222222223,,0
2017-09-05 00:00:00+00:00,1723.5,0.0,983.1631944444445,93.81875,45.34722222222222,55.65277777777778,56.291666666666664,56.5625,38.583333333333336,48.326388888888886,51.27777777777778,34.0,15.2,0.0,8.624305555555557,18.7,0.4,4.564583333333333,0.8395833333333333,-9.110416666666667,130.83680555555554,25.791666666666668,-556.5138888888889,42735.618055555555,6073786.0,-510.3958333333333,-1656971,54.25,57.49305555555556,54.13194444444444,38.625,42.18055555555556,34.083333333333336,39.951388888888886,34.041666666666664,28.125,-3.1,62.8,6.802083333333333,1.848611111111111,80.99305555555556,39.423611111111114,37.44444444444444,37.513888888888886,38.02777777777778,253.04722222222225,0.8055555555555556,49.99930555555555,398.72222222222223,396.88472222222225,396.525,231.10416666666666,246.48263888888889,232.60416666666666,1976.4,-50.2,38.645833333333336,0.8347222222222223,4.598611111111111,87.70138888888889,-69.02013888888888,1000.9,-1000.1,32.893055555555556,260.3256944444445,2000.0,0.0,87.19930555555555,-488.3965277777778,0.0,-1000.0,109.14861111111111,487.58194444444445,1000.0,0.0,111.94097222222223,44.541666666666664,139.94930555555555,T06,0.3,14.1,4.633333333333334,0.9563888888888888,0.0,12.7,4.470138888888889,0.5942361111111112,21.0,30.0,24.854166666666668,1010.0,1013.0,1011.1180555555555,51.0,97.0,76.38194444444444,0.0,0.0,0.0,0.0,89.47222222222223,86.23611111111111,411.03472222222223,,0
2017-09-06 00:00:00+00:00,1721.7,145.0,1439.7368055555555,77.82430555555555,54.395833333333336,69.70833333333333,70.5,70.63888888888889,39.041666666666664,53.05555555555556,59.0625,36.479166666666664,15.2,0.0,12.743055555555555,19.4,0.5,6.859722222222222,1.0277777777777777,0.01597222222222223,85.34861111111111,27.666666666666668,-182.63194444444446,105460.95138888889,15160078.0,-140.13888888888889,-3077301,65.23611111111111,68.79861111111111,65.00694444444444,41.15277777777778,46.21527777777778,34.979166666666664,44.0,38.5625,28.993055555555557,-3.2,56.8,-0.6770833333333335,0.44375,106.52777777777777,42.52777777777778,40.75694444444444,40.59027777777778,40.36805555555556,631.6881944444444,0.9534722222222223,49.99861111111111,399.1173611111111,397.17777777777775,397.65625,536.54375,560.4145833333333,537.567361111111,2097.5,-43.9,44.020833333333336,0.6944444444444444,6.88125,138.34930555555556,-128.22777777777776,999.8,-530.0,10.925,633.2708333333334,2000.0,0.0,139.39999999999998,-908.2291666666666,0.0,-1000.0,28.690277777777776,903.7423611111111,1000.0,0.0,34.044444444444444,50.979166666666664,85.32569444444444,T06,0.7000000000000001,13.3,6.624305555555555,1.344375,0.7000000000000001,13.2,7.038194444444445,0.7449305555555555,23.0,33.0,26.805555555555557,1008.0,1013.0,1010.2222222222222,28.0,82.0,56.638888888888886,0.0,0.0,0.0,0.0,129.36805555555554,137.64583333333334,410.18055555555554,,0
2017-09-07 00:00:00+00:00,1706.0,0.0,1313.076388888889,75.19930555555555,52.375,66.5625,67.29861111111111,67.64583333333333,39.05555555555556,52.78472222222222,57.52777777777778,36.21527777777778,15.1,0.0,11.616666666666667,17.0,0.7000000000000001,5.949999999999999,0.9131944444444444,-0.39513888888888893,91.53680555555555,27.131944444444443,-210.6875,67733.38888888889,9723270.0,-182.32638888888889,-2492112,59.458333333333336,62.958333333333336,59.59027777777778,39.986111111111114,45.99305555555556,34.333333333333336,43.895833333333336,37.895833333333336,28.72222222222222,-3.2,89.6,0.4694444444444444,1.0812499999999998,106.97916666666667,40.93055555555556,39.173611111111114,39.02777777777778,39.34722222222222,405.1354166666667,0.9131944444444444,49.99791666666667,399.1638888888889,397.2368055555555,397.5208333333333,349.5131944444445,371.4201388888889,350.5784722222222,1746.7,-50.1,43.56944444444444,0.6743055555555556,5.949305555555556,102.53541666666666,-103.82986111111111,998.6,-1000.0,12.402083333333334,407.27777777777777,1798.3,0.0,103.15138888888889,-850.3958333333334,0.0,-1000.0,76.65069444444445,849.8451388888889,1000.0,0.0,77.92222222222222,50.11805555555556,91.92569444444445,T06,1.2,12.7,6.225,1.1746527777777778,0.7000000000000001,12.0,6.133333333333334,0.6538194444444445,23.0,31.0,26.333333333333332,1006.0,1009.0,1007.3194444444445,40.0,71.0,56.479166666666664,0.0,0.0,0.0,0.0,121.34027777777777,119.52083333333333,407.27777777777777,,0
2017-09-08 00:00:00+00:00,1684.3,0.0,1075.1923611111113,92.65069444444445,46.763888888888886,58.513888888888886,59.895833333333336,59.80555555555556,39.8125,49.645833333333336,53.166666666666664,35.0,14.9,0.0,9.497916666666667,12.8,0.4,4.520138888888889,0.7013888888888888,1.0395833333333335,154.46319444444444,26.604166666666668,-433.88194444444446,28425.833333333332,4030837.0,-528.9722222222222,-1508462,52.61805555555556,56.013888888888886,52.8125,39.55555555555556,44.43055555555556,35.583333333333336,42.375,34.395833333333336,29.40972222222222,-3.1,82.8,3.9597222222222226,2.3555555555555556,93.86111111111111,40.3125,38.388888888888886,38.395833333333336,39.208333333333336,167.94305555555556,0.7368055555555556,49.99930555555555,398.8048611111111,396.9715277777778,396.74583333333334,174.66944444444445,190.52083333333334,178.2486111111111,923.5,-50.1,41.34722222222222,0.8416666666666667,4.575694444444444,45.84652777777777,-62.865972222222226,1000.6,-944.2,61.20902777777778,174.97777777777776,938.3,0.0,47.474999999999994,-566.7104166666667,0.0,-1000.0,100.67708333333333,566.7104166666667,1000.0,0.0,100.67708333333333,43.4375,153.42291666666668,T06,0.2,9.6,4.734027777777778,0.4420138888888889,0.2,8.7,4.840277777777778,0.34368055555555554,22.0,33.0,25.694444444444443,1004.0,1007.0,1005.6388888888889,41.0,86.0,65.625,0.0,0.0,0.0,0.0,91.5,93.51388888888889,405.5833333333333,,0
2017-09-09 00:00:00+00:00,1726.4,0.0,962.1333333333334,53.02916666666667,43.05555555555556,55.201388888888886,55.583333333333336,55.88194444444444,36.145833333333336,48.041666666666664,50.625,31.256944444444443,15.3,0.0,8.463888888888889,22.2,0.4,5.334722222222222,0.932638888888889,-21.268749999999997,246.73611111111111,22.23611111111111,-436.5763888888889,85418.67361111111,12237422.0,-447.90277777777777,-2449642,57.423611111111114,61.125,57.479166666666664,38.09027777777778,40.34027777777778,31.84027777777778,38.8125,30.86111111111111,25.15972222222222,-3.2,64.9,8.179861111111112,0.47986111111111107,78.34722222222223,38.96527777777778,37.145833333333336,37.048611111111114,36.826388888888886,509.93055555555554,0.86875,50.0,398.71875,396.8854166666667,396.3333333333333,435.5173611111111,454.18055555555554,437.37083333333334,2098.2,-49.7,37.611111111111114,0.47708333333333336,5.356249999999999,123.67152777777778,-102.07708333333333,826.2,-219.1,5.652083333333334,513.4347222222223,2000.0,0.0,123.98402777777778,-581.9680555555556,0.0,-1000.0,28.05972222222222,565.20625,1000.0,0.0,45.78402777777777,41.38194444444444,273.0201388888889,T06,0.0,12.8,5.809722222222223,0.5215972222222223,0.0,13.2,5.850694444444445,0.5405555555555556,18.0,24.0,21.375,1004.0,1006.0,1004.9236111111111,55.0,97.0,79.5,0.0,1.0,0.013888888888888888,0.0,112.97916666666667,113.75694444444444,404.8888888888889,,0
2017-09-10 00:00:00+00:00,1708.1,0.0,1137.4576388888888,87.20625000000001,45.21527777777778,57.625,58.333333333333336,58.55555555555556,34.43055555555556,50.354166666666664,53.94444444444444,31.868055555555557,15.1,0.0,9.990972222222222,21.8,0.4,5.423611111111111,0.8944444444444445,-0.2645833333333334,294.46180555555554,21.9375,-408.40277777777777,61529.86111111111,8801493.0,-427.9583333333333,-2203472,54.895833333333336,58.395833333333336,54.99305555555556,38.270833333333336,41.99305555555556,30.743055555555557,40.31944444444444,31.541666666666668,24.069444444444443,-3.2,89.6,4.415972222222222,1.5638888888888889,92.90972222222223,39.19444444444444,37.3125,37.298611111111114,37.388888888888886,366.70902777777775,0.8583333333333334,49.99722222222223,398.67291666666665,396.68541666666664,396.43402777777777,318.41805555555555,340.59791666666666,322.9888888888889,1822.7,-50.1,39.44444444444444,0.8166666666666668,5.425694444444444,88.51041666666667,-91.79791666666667,1000.0,-819.1,15.806944444444444,372.1951388888889,1873.5,0.0,90.3763888888889,-680.0354166666667,0.0,-1000.0,59.50555555555555,679.7854166666667,1000.0,0.0,60.53958333333334,42.701388888888886,294.7215277777778,T06,0.0,13.5,5.793055555555556,0.5543055555555556,0.0,13.4,5.780555555555555,0.5554166666666667,16.0,25.0,20.770833333333332,1005.0,1008.0,1006.6180555555555,36.0,71.0,52.46527777777778,0.0,0.0,0.0,0.0,112.65277777777777,112.38888888888889,406.56944444444446,,0
2017-09-11 00:00:00+00:00,1655.2,0.0,559.8583333333333,81.04305555555555,38.666666666666664,45.548611111111114,46.0625,46.44444444444444,37.201388888888886,45.61805555555556,46.423611111111114,31.79861111111111,14.7,0.0,4.838888888888889,11.8,0.4,3.0493055555555557,0.4986111111111111,16.77013888888889,165.03125,24.375,-780.8541666666666,8416.090277777777,1099472.0,-906.1736111111111,-607236,47.833333333333336,51.15277777777778,47.895833333333336,36.53472222222222,39.72222222222222,33.86805555555556,38.173611111111114,30.17361111111111,27.256944444444443,-2.8,62.1,14.209722222222222,1.9388888888888889,63.201388888888886,36.96527777777778,34.958333333333336,35.15972222222222,36.104166666666664,45.795833333333334,0.6486111111111111,49.99652777777778,399.0076388888889,397.58124999999995,396.38472222222225,72.42986111111111,80.00277777777778,76.27638888888889,856.6,-50.1,35.458333333333336,0.7208333333333333,3.0993055555555555,23.208333333333332,-25.334027777777777,1000.3,-868.9,56.93333333333333,55.25555555555556,880.3,0.0,24.075000000000003,-203.10833333333332,0.0,-1000.0,67.70694444444445,203.10833333333332,1000.0,0.0,67.70694444444445,37.38194444444444,233.2611111111111,T06,0.0,9.5,3.3402777777777777,0.24993055555555557,0.0,9.4,3.357638888888889,0.21930555555555553,18.0,31.0,23.86111111111111,1005.0,1008.0,1006.0277777777778,26.0,80.0,48.375,0.0,0.0,0.0,0.0,63.513888888888886,63.9375,405.9861111111111,,0
2017-09-12 00:00:00+00:00,1707.5,0.0,675.2131944444444,82.39444444444445,44.30555555555556,50.69444444444444,51.00694444444444,51.333333333333336,44.076388888888886,46.791666666666664,48.59722222222222,37.1875,15.1,0.0,5.81875,18.1,0.4,3.5618055555555554,0.6923611111111111,15.200000000000001,217.3152777777778,29.645833333333332,-674.6319444444445,24548.381944444445,3437820.0,-617.1944444444445,-1121299,55.21527777777778,58.604166666666664,55.201388888888886,40.49305555555556,44.43055555555556,37.13194444444444,42.4375,36.11805555555556,31.291666666666668,-3.2,89.6,12.615277777777777,1.8763888888888889,68.64583333333333,41.048611111111114,39.0625,39.145833333333336,40.56944444444444,143.24305555555554,0.7798611111111112,50.00069444444445,398.8034722222222,397.28263888888887,396.8951388888889,140.51666666666668,148.8673611111111,141.58958333333334,1738.6,-50.1,40.854166666666664,0.7777777777777778,3.558333333333333,53.27013888888889,-46.74722222222223,1000.0,-898.1,30.202083333333334,151.1451388888889,1827.4,0.0,53.890972222222224,-320.40625,0.0,-1000.0,81.78541666666666,320.3236111111111,1000.0,0.0,82.13819444444444,43.333333333333336,267.12291666666664,T06,0.0,10.8,4.199305555555556,0.43986111111111115,0.0,10.7,4.139583333333333,0.42944444444444446,23.0,36.0,29.02777777777778,1005.0,1009.0,1006.5486111111111,11.0,58.0,31.76388888888889,0.0,0.0,0.0,0.0,80.6875,79.54166666666667,406.5138888888889,,0
2017-09-13 00:00:00+00:00,1796.1,1208.5,1608.4048611111111,30.01388888888889,69.69444444444444,99.23611111111111,99.23611111111111,99.56944444444444,43.125,54.798611111111114,62.65972222222222,37.0625,15.8,10.7,14.252083333333335,28.9,1.6,10.189583333333333,1.6173611111111112,0.2006944444444444,85.5923611111111,25.993055555555557,0.0,245071.375,35290278.0,0.0,-4199605,79.11111111111111,83.52083333333333,80.79861111111111,45.65972222222222,50.05555555555556,33.65277777777778,46.84027777777778,46.076388888888886,28.1875,-3.1,12.0,0.9604166666666666,1.5375,123.73611111111111,47.548611111111114,46.333333333333336,45.458333333333336,43.083333333333336,1470.478472222222,0.9777777777777779,49.99930555555555,400.1069444444445,398.21527777777777,400.1069444444445,1239.9041666666667,1251.5069444444443,1215.5,2103.2,-19.3,49.63194444444444,0.25277777777777777,9.920833333333333,129.49652777777777,-174.98263888888889,201.0,-523.9,6.310416666666667,1467.7125,2000.0,0.0,129.23125,-774.85625,0.0,-1000.0,104.05138888888888,641.8972222222222,1000.0,0.0,103.39375000000001,62.354166666666664,85.38333333333334,T06,1.4,18.6,9.875,2.3448611111111113,1.3,16.4,10.131944444444445,0.7816666666666667,22.0,31.0,25.20138888888889,1009.0,1012.0,1010.8472222222222,25.0,78.0,59.861111111111114,0.0,0.0,0.0,0.0,194.49305555555554,199.65277777777777,410.78472222222223,,0
2017-09-14 00:00:00+00:00,1690.9,0.0,751.0027777777777,61.78194444444445,42.708333333333336,48.90277777777778,49.625,49.8125,37.99305555555556,46.736111111111114,48.28472222222222,32.416666666666664,15.0,0.0,6.46875,14.0,0.4,3.6027777777777774,0.632638888888889,6.540277777777778,167.86874999999998,23.86111111111111,-651.7152777777778,19619.847222222223,2731411.0,-670.9513888888889,-1184963,50.03472222222222,53.43055555555556,50.791666666666664,36.90972222222222,40.791666666666664,33.173611111111114,39.111111111111114,30.895833333333332,27.03472222222222,-3.1,89.6,10.757638888888888,1.4381944444444443,72.875,37.46527777777778,35.458333333333336,35.59027777777778,36.416666666666664,113.78055555555557,0.7506944444444446,49.99930555555555,398.74375,397.1111111111111,396.5229166666667,114.9173611111111,127.12708333333333,117.61666666666666,1282.9,-50.0,37.138888888888886,0.5506944444444444,3.6513888888888886,43.67638888888889,-49.37916666666667,1000.0,-857.4,26.476388888888888,120.39027777777778,1305.2,0.0,43.261805555555554,-360.84444444444443,0.0,-1000.0,94.39652777777778,360.84444444444443,1000.0,0.0,94.39652777777778,39.36805555555556,166.33194444444445,T06,0.0,9.9,3.826388888888889,0.30173611111111115,0.0,10.2,3.9833333333333334,0.28430555555555553,20.0,26.0,22.90277777777778,1007.0,1013.0,1010.7222222222222,49.0,93.0,75.80555555555556,0.0,0.0,0.0,0.0,73.21527777777777,76.41666666666667,410.6458333333333,,0
2017-09-15 00:00:00+00:00,1706.5,0.0,928.1833333333333,64.77013888888888,44.388888888888886,52.69444444444444,53.270833333333336,53.52777777777778,35.13194444444444,47.03472222222222,49.31944444444444,30.993055555555557,15.1,0.0,8.149999999999999,24.6,0.4,4.4430555555555555,0.7701388888888889,-7.797222222222222,244.68055555555554,21.47222222222222,-445.125,44529.22222222222,6348110.0,-456.4166666666667,-1922033,51.13194444444444,54.34722222222222,51.020833333333336,37.451388888888886,40.458333333333336,31.680555555555557,39.236111111111114,30.243055555555557,24.84027777777778,-3.1,58.4,7.374305555555556,0.8097222222222222,80.83333333333333,38.201388888888886,36.25,36.30555555555556,36.576388888888886,264.51874999999995,0.8131944444444446,49.99930555555555,398.6819444444444,397.10625000000005,396.9375,239.75,250.98819444444447,236.32916666666668,1612.2,-42.0,37.361111111111114,0.5687500000000001,4.49375,82.87708333333333,-80.09166666666667,1000.0,-713.1,13.297222222222222,269.22222222222223,1637.6,0.0,82.48333333333333,-530.4979166666667,0.0,-1000.0,68.58611111111111,530.3958333333334,1000.0,0.0,69.19305555555555,41.111111111111114,252.48541666666668,T06,0.3,11.5,5.217361111111111,0.36340277777777774,0.0,12.0,5.250694444444445,0.3788888888888889,19.0,22.0,20.680555555555557,1005.0,1009.0,1006.7916666666666,39.0,93.0,69.33333333333333,0.0,0.0,0.0,0.0,101.09027777777777,101.77777777777777,406.75694444444446,,0
2017-09-16 00:00:00+00:00,1688.8,0.0,851.8118055555556,54.52152777777778,40.298611111111114,49.979166666666664,50.88194444444444,50.97222222222222,33.69444444444444,45.020833333333336,47.541666666666664,29.92361111111111,15.0,0.0,7.454861111111111,18.4,0.4,4.0,0.7166666666666667,-7.487500000000001,252.4319444444444,20.604166666666668,-536.7222222222222,24858.847222222223,3502383.0,-562.3819444444445,-1459585,47.291666666666664,50.71527777777778,47.520833333333336,36.708333333333336,39.34722222222222,30.354166666666668,38.166666666666664,28.20138888888889,23.92361111111111,-3.1,60.0,8.696527777777778,0.7868055555555555,80.15972222222223,37.28472222222222,35.298611111111114,35.36805555555556,35.72222222222222,145.9347222222222,0.7388888888888889,49.99791666666667,398.4895833333333,396.86875,396.6159722222222,146.76597222222222,157.55902777777777,147.00972222222222,1201.3,-50.1,35.979166666666664,0.5194444444444444,4.059027777777778,61.799305555555556,-60.78402777777777,999.9,-757.1,27.612499999999997,151.12430555555557,1219.8,0.0,61.90694444444445,-438.05555555555554,0.0,-1000.0,90.48958333333333,438.05555555555554,1000.0,0.0,90.48958333333333,38.013888888888886,259.9138888888889,T06,0.4,12.0,4.529166666666667,0.3491666666666667,0.0,12.1,4.570833333333334,0.36125,18.0,22.0,19.63888888888889,1005.0,1009.0,1006.9444444444445,42.0,77.0,62.395833333333336,0.0,0.0,0.0,0.0,87.34722222222223,88.18055555555556,406.90277777777777,,0
2017-09-17 00:00:00+00:00,1543.1,0.0,656.7409722222222,61.61944444444445,36.729166666666664,42.048611111111114,42.72222222222222,42.958333333333336,34.125,41.076388888888886,42.895833333333336,28.70138888888889,13.7,0.0,5.78125,16.6,0.4,3.3069444444444445,0.5895833333333333,-16.833333333333332,197.61666666666667,20.23611111111111,-524.6111111111111,9459.048611111111,1286557.0,-547.5694444444445,-755082,43.80555555555556,47.270833333333336,43.90277777777778,34.78472222222222,36.451388888888886,31.118055555555557,35.666666666666664,26.22222222222222,24.444444444444443,-2.6,89.6,13.054166666666667,1.8006944444444446,59.875,35.270833333333336,33.43055555555556,33.52777777777778,33.861111111111114,53.59166666666667,0.6909722222222223,49.99861111111111,398.4923611111111,396.875,396.1673611111111,70.14375000000001,78.34166666666667,71.83611111111111,724.4,-50.0,32.479166666666664,0.5597222222222222,3.3402777777777777,29.178472222222222,-31.479166666666668,1000.0,-850.9,40.826388888888886,61.30069444444444,741.1,0.0,30.979861111111113,-240.21805555555557,0.0,-1000.0,88.88125,240.21805555555557,1000.0,0.0,88.88125,34.326388888888886,214.43124999999998,T06,0.0,8.6,3.636805555555556,0.2271527777777778,0.0,8.4,3.522222222222222,0.269375,16.0,23.0,19.53472222222222,1009.0,1012.0,1010.25,53.0,90.0,73.9375,0.0,0.0,0.0,0.0,69.45138888888889,67.14583333333333,410.19444444444446,,0
2017-09-18 00:00:00+00:00,1701.8,0.0,688.6486111111111,58.16458333333334,40.21527777777778,46.18055555555556,46.826388888888886,46.9375,33.65277777777778,44.15972222222222,45.40277777777778,29.25,15.1,0.0,5.928472222222222,16.2,0.4,3.7902777777777774,0.7194444444444446,-21.833333333333332,238.04652777777775,20.5,-505.7291666666667,36327.875,5158391.0,-512.3263888888889,-1512389,47.02777777777778,50.541666666666664,47.00694444444444,35.4375,37.56944444444444,30.131944444444443,36.763888888888886,26.979166666666668,23.541666666666668,-3.2,59.2,11.789583333333333,0.4506944444444445,67.10416666666667,35.96527777777778,34.19444444444444,34.1875,34.31944444444444,214.92430555555555,0.8055555555555556,49.99861111111111,398.41875000000005,396.88472222222225,396.27986111111113,191.60625,202.65416666666667,192.45069444444445,1465.6,-38.5,34.104166666666664,0.4965277777777778,3.855555555555556,68.29097222222222,-63.022222222222226,1000.0,-567.8,7.7444444444444445,218.51805555555555,1477.8,0.0,67.525,-445.125,0.0,-1000.0,23.766666666666666,445.1222222222222,1000.0,0.0,23.768055555555556,35.583333333333336,274.89722222222224,T06,0.0,10.9,4.468055555555555,0.28979166666666667,0.0,10.9,4.495138888888889,0.30513888888888885,17.0,23.0,20.020833333333332,1011.0,1014.0,1012.8194444444445,51.0,90.0,68.68055555555556,0.0,0.0,0.0,0.0,86.15972222222223,86.71527777777777,412.78472222222223,,0
2017-09-19 00:00:00+00:00,1666.7,0.0,465.5840277777778,26.894444444444446,34.923611111111114,41.02777777777778,41.46527777777778,41.895833333333336,35.625,42.979166666666664,42.40277777777778,29.875,14.8,0.0,3.9895833333333335,14.0,0.4,2.6631944444444446,0.4715277777777778,-6.429861111111111,186.65069444444444,21.90277777777778,-614.1875,10536.041666666666,1428746.0,-626.3541666666666,-682653,45.666666666666664,49.15277777777778,45.8125,34.9375,37.47222222222222,32.36805555555556,36.44444444444444,26.98611111111111,25.3125,-2.8,83.5,15.53125,0.5520833333333334,57.1875,35.28472222222222,33.229166666666664,33.416666666666664,34.125,59.541666666666664,0.7125,49.99930555555555,398.7097222222222,397.3305555555555,395.7243055555556,67.50208333333333,76.39027777777778,71.26319444444444,867.2,-38.8,33.388888888888886,0.23541666666666666,2.716666666666667,25.061805555555555,-28.421527777777776,1000.1,-698.7,23.875694444444445,64.08680555555556,883.6,0.0,23.779861111111114,-224.02638888888887,0.0,-1000.0,52.672916666666666,224.02638888888887,1000.0,0.0,52.672916666666666,33.9375,195.58819444444444,T06,0.0,9.3,2.7916666666666665,0.17131944444444447,0.0,9.5,2.7444444444444445,0.19034722222222222,18.0,25.0,20.97222222222222,1011.0,1014.0,1012.875,46.0,94.0,73.30555555555556,0.0,1.0,0.006944444444444444,0.0,52.395833333333336,51.798611111111114,412.7986111111111,,0
2017-09-20 00:00:00+00:00,1713.3,0.0,978.8784722222222,57.826388888888886,43.9375,54.083333333333336,54.75,55.0,36.333333333333336,47.13194444444444,50.43055555555556,32.59027777777778,15.1,0.0,8.622222222222222,20.4,0.4,4.717361111111111,0.7694444444444444,1.2888888888888888,95.90208333333334,23.88888888888889,-326.27777777777777,44786.45138888889,6402266.0,-354.61805555555554,-1772598,52.13194444444444,55.43055555555556,52.22222222222222,37.611111111111114,40.77777777777778,32.53472222222222,39.333333333333336,32.173611111111114,26.416666666666668,-3.1,84.4,6.765972222222222,0.6312500000000001,79.36805555555556,38.326388888888886,36.40972222222222,36.423611111111114,36.69444444444444,266.7659722222222,0.7902777777777779,49.99861111111111,398.9763888888889,397.1277777777778,397.56319444444443,247.00833333333333,257.71805555555557,242.70277777777775,1587.9,-50.1,37.263888888888886,0.5166666666666667,4.762499999999999,79.83888888888889,-73.88263888888889,997.4,-951.5,31.42777777777778,272.1458333333333,1654.0,0.0,80.87083333333334,-558.286111111111,0.0,-1000.0,66.77013888888888,558.2534722222222,1000.0,0.0,67.01736111111111,42.263888888888886,102.11458333333333,T06,0.5,14.0,4.750694444444445,0.8827777777777778,0.5,12.6,4.709027777777778,0.6463194444444444,19.0,29.0,23.319444444444443,1008.0,1013.0,1010.0833333333334,28.0,68.0,51.15972222222222,0.0,0.0,0.0,0.0,91.70138888888889,90.92361111111111,410.0763888888889,,0
2017-09-21 00:00:00+00:00,1682.7,0.0,1129.7159722222223,128.71458333333334,46.13194444444444,56.63194444444444,57.729166666666664,57.8125,36.90972222222222,47.895833333333336,51.826388888888886,32.583333333333336,14.9,0.0,10.009027777777778,12.4,0.4,4.676388888888889,0.757638888888889,-0.00625,122.91874999999999,23.756944444444443,-528.3125,30359.256944444445,4295665.0,-581.2569444444445,-1592923,51.5,54.729166666666664,52.013888888888886,38.576388888888886,42.826388888888886,32.63194444444444,40.958333333333336,32.458333333333336,26.208333333333332,-3.0,89.6,3.5159722222222225,3.445138888888889,92.91666666666667,39.354166666666664,37.46527777777778,37.47222222222222,37.916666666666664,178.97083333333333,0.7326388888888888,50.00208333333333,399.0736111111111,397.21944444444443,397.49583333333334,187.82777777777778,198.5125,185.45,901.0,-51.0,39.423611111111114,1.1472222222222221,4.684722222222223,57.22291666666667,-66.35347222222222,1000.4,-1000.3,68.14513888888888,190.9611111111111,974.1,0.0,59.19930555555556,-518.8555555555555,0.0,-1000.0,132.15416666666667,518.8555555555555,1000.0,0.0,132.15416666666667,43.145833333333336,122.91111111111111,T06,0.6000000000000001,9.6,4.372916666666667,0.6409027777777778,0.4,9.3,4.894444444444444,0.4695138888888889,19.0,29.0,22.82638888888889,1006.0,1009.0,1007.7638888888889,35.0,81.0,59.0,0.0,0.0,0.0,0.0,84.26388888888889,94.75694444444444,407.7083333333333,,0
2017-09-22 00:00:00+00:00,1729.4,0.0,1083.8506944444443,71.58611111111111,47.416666666666664,58.84722222222222,59.52777777777778,59.72222222222222,36.65277777777778,47.083333333333336,51.69444444444444,32.15972222222222,15.3,0.0,9.556249999999999,20.8,0.4,5.459027777777778,0.8708333333333333,-0.8243055555555555,89.67013888888889,23.305555555555557,-457.1736111111111,75352.02777777778,10784858.0,-535.0694444444445,-1963675,54.895833333333336,58.27777777777778,55.06944444444444,38.84027777777778,41.30555555555556,32.076388888888886,39.28472222222222,32.791666666666664,25.9375,-3.2,89.6,7.044444444444444,1.5472222222222223,85.09722222222223,39.833333333333336,37.979166666666664,37.895833333333336,37.770833333333336,449.40763888888887,0.7895833333333333,49.99861111111111,398.83402777777775,397.0472222222222,397.16041666666666,393.28125,406.9319444444444,390.2756944444444,2099.2,-50.0,38.15972222222222,0.6423611111111112,5.475,110.6236111111111,-81.80902777777777,756.9,-559.5,20.831249999999997,457.29999999999995,2000.0,0.0,112.03055555555555,-531.9465277777778,0.0,-1000.0,74.67013888888889,513.7729166666667,1000.0,0.0,86.74166666666666,44.208333333333336,90.49444444444445,T06,0.9,14.1,5.591666666666667,1.063125,1.1,12.8,5.666666666666667,0.5597916666666667,18.0,27.0,22.52777777777778,1007.0,1010.0,1008.3472222222222,42.0,92.0,69.06944444444444,0.0,0.0,0.0,0.0,108.63888888888889,110.16666666666667,408.30555555555554,,0
2017-09-23 00:00:00+00:00,1756.9,1211.9,1591.986111111111,45.84166666666667,58.09027777777778,79.67361111111111,80.17361111111111,80.58333333333333,38.44444444444444,53.208333333333336,60.6875,34.40277777777778,15.5,10.7,14.10625,23.2,1.7000000000000002,8.3875,1.2972222222222223,0.2888888888888889,92.74305555555556,24.333333333333332,0.0,172721.80555555556,24871940.0,0.0,-3908466,73.36111111111111,76.93055555555556,73.52777777777777,42.375,45.486111111111114,32.55555555555556,42.63194444444444,38.708333333333336,26.1875,-3.3,7.6,-1.7333333333333334,0.5347222222222222,113.66666666666667,43.8125,42.375,41.854166666666664,40.451388888888886,1036.3895833333333,0.9868055555555555,49.99791666666667,399.38472222222225,397.4201388888889,398.9972222222222,877.6868055555556,893.3791666666667,860.8187499999999,2100.5,24.2,43.611111111111114,0.4,8.304861111111112,198.32847222222222,-162.85694444444445,-89.9,-215.2,4.604166666666667,1035.6527777777778,2000.0,22.8,198.83472222222224,-971.2236111111112,-111.5,-1000.0,44.34027777777778,923.7958333333333,1000.0,111.5,77.70972222222223,54.24305555555556,92.4388888888889,T06,2.6,17.3,9.1375,1.7257638888888889,2.3,15.1,8.613194444444444,0.9358333333333333,21.0,27.0,23.416666666666668,1008.0,1012.0,1009.2708333333334,54.0,85.0,70.82638888888889,0.0,0.0,0.0,0.0,179.64583333333334,169.25694444444446,409.22222222222223,,0
2017-09-24 00:00:00+00:00,1722.6,0.0,1316.46875,64.95208333333333,49.5625,64.40972222222223,65.09722222222223,65.50694444444444,35.77777777777778,53.173611111111114,57.395833333333336,33.93055555555556,15.2,0.0,11.645833333333334,21.2,0.4,6.050000000000001,0.9243055555555555,1.8604166666666668,93.46805555555555,24.541666666666668,-174.60416666666666,74037.00694444444,10636185.0,-159.57638888888889,-2549322,58.270833333333336,61.53472222222222,58.36805555555556,39.111111111111114,44.166666666666664,32.479166666666664,42.25,35.25694444444444,25.993055555555557,-3.1,59.6,-0.12222222222222226,0.5034722222222222,105.39583333333333,40.125,38.354166666666664,38.1875,38.11805555555556,443.1715277777778,0.9048611111111112,49.99930555555555,398.80069444444445,396.8326388888889,397.46666666666664,387.58194444444445,406.30902777777777,384.3069444444444,2098.0,-50.1,42.0625,0.5611111111111111,6.043055555555556,105.44375,-106.20486111111111,1000.1,-923.2,22.775,444.79583333333335,2000.0,0.0,105.88055555555555,-850.8812499999999,0.0,-1000.0,72.5625,846.8215277777778,1000.0,0.0,77.21180555555556,47.645833333333336,94.10208333333334,T06,0.5,13.5,5.779166666666667,1.258125,0.0,13.1,6.120833333333334,0.6011111111111112,21.0,28.0,23.583333333333332,1011.0,1013.0,1011.6944444444445,44.0,84.0,69.97222222222223,0.0,0.0,0.0,0.0,112.47222222222223,119.22916666666667,411.625,,0
2017-09-25 00:00:00+00:00,1676.0,0.0,652.8833333333333,41.47083333333333,40.63194444444444,45.40277777777778,46.104166666666664,46.28472222222222,37.125,44.61805555555556,46.3125,31.70138888888889,14.8,0.0,5.638888888888889,13.7,0.4,3.529166666666667,0.54375,-0.34652777777777766,218.51736111111111,23.76388888888889,-568.9930555555555,19628.069444444445,2744507.0,-612.8888888888889,-1073055,48.75,52.048611111111114,48.96527777777778,36.47222222222222,39.951388888888886,33.15972222222222,38.513888888888886,30.041666666666668,26.90277777777778,-3.2,84.5,12.595833333333333,0.5583333333333333,66.19444444444444,36.916666666666664,34.916666666666664,35.041666666666664,35.80555555555556,114.3326388888889,0.7597222222222223,49.99791666666667,398.45416666666665,396.83402777777775,396.09375,108.57986111111111,119.85347222222224,111.59652777777778,946.2,-40.2,36.18055555555556,0.3840277777777778,3.589583333333333,30.596527777777776,-44.71319444444444,1000.1,-875.4,10.867361111111112,121.88749999999999,972.8,0.0,31.475694444444443,-348.11805555555554,0.0,-1000.0,37.174305555555556,348.11805555555554,1000.0,0.0,37.174305555555556,37.048611111111114,221.35902777777778,T06,0.0,9.7,3.831944444444444,0.19958333333333333,0.0,9.8,3.8840277777777774,0.20333333333333334,19.0,28.0,22.930555555555557,1011.0,1013.0,1012.0138888888889,41.0,92.0,70.02777777777777,0.0,0.0,0.0,0.0,73.34722222222223,74.47222222222223,411.9861111111111,,0
2017-09-26 00:00:00+00:00,1568.1,0.0,387.67777777777775,36.763194444444444,37.625,39.90972222222222,40.18055555555556,40.44444444444444,36.81944444444444,42.13194444444444,42.173611111111114,30.493055555555557,13.9,0.0,3.1041666666666665,10.3,0.4,2.5,0.3944444444444445,-3.625,242.65625,22.92361111111111,-840.0347222222222,5039.506944444444,604723.0,-852.0277777777778,-439124,46.53472222222222,49.94444444444444,46.708333333333336,35.36805555555556,38.19444444444444,31.92361111111111,36.78472222222222,28.229166666666668,25.833333333333332,-2.8,72.6,17.888194444444444,0.8263888888888888,53.986111111111114,35.75694444444444,33.638888888888886,33.93055555555556,34.88194444444444,25.200694444444444,0.7020833333333334,50.00069444444445,398.3861111111111,396.9770833333333,396.0534722222222,39.296527777777776,44.40277777777778,41.02152777777778,677.0,-50.0,33.979166666666664,0.3020833333333333,2.5159722222222225,18.146527777777777,-18.28402777777778,1000.0,-815.9,19.875,33.30833333333333,688.2,0.0,17.047916666666666,-124.39652777777776,0.0,-1000.0,54.39652777777778,124.39652777777776,1000.0,0.0,54.39652777777778,34.25694444444444,268.79583333333335,T06,0.0,9.2,2.7965277777777775,0.16131944444444446,0.0,8.9,2.788888888888889,0.1713888888888889,19.0,25.0,22.26388888888889,1009.0,1012.0,1010.6388888888889,28.0,85.0,58.31944444444444,0.0,0.0,0.0,0.0,52.604166666666664,52.50694444444444,410.59722222222223,,0
2017-09-27 00:00:00+00:00,1792.2,0.0,1266.5465277777778,48.75277777777777,55.076388888888886,74.125,74.38888888888889,74.70138888888889,39.9375,48.986111111111114,54.6875,33.138888888888886,15.7,0.0,11.211111111111112,28.6,0.4,7.4743055555555555,1.20625,-17.518055555555556,107.12152777777777,23.27777777777778,-199.48611111111111,155887.04861111112,22419012.0,-215.5625,-3184955,63.826388888888886,67.67361111111111,64.68055555555556,41.75,43.416666666666664,30.98611111111111,41.423611111111114,36.93055555555556,25.145833333333332,-3.2,89.6,4.420833333333333,1.7340277777777777,97.46527777777777,43.041666666666664,41.50694444444444,41.02777777777778,39.75694444444444,934.0812500000001,0.8916666666666667,49.99722222222223,399.31111111111113,397.41805555555555,398.18819444444443,794.8194444444445,808.9743055555556,786.2381944444445,2101.4,-50.0,41.979166666666664,0.4166666666666667,7.359027777777778,139.95694444444445,-132.71944444444443,999.8,-524.2,14.818055555555556,935.40625,2000.0,0.0,139.49097222222224,-663.5999999999999,0.0,-1000.0,93.34097222222222,585.3618055555556,1000.0,0.0,108.89583333333333,50.270833333333336,124.65694444444443,T06,0.4,18.1,8.054166666666667,1.5923611111111111,0.3,16.0,7.688194444444444,0.8020138888888888,20.0,26.0,22.541666666666668,1010.0,1012.0,1010.9305555555555,41.0,87.0,72.25694444444444,0.0,1.0,0.013888888888888888,0.0,157.99305555555554,150.81944444444446,410.84027777777777,,0
2017-09-28 00:00:00+00:00,1760.6,1215.9,1601.0375,41.17916666666667,60.520833333333336,84.38194444444444,84.73611111111111,85.14583333333333,40.208333333333336,53.40972222222222,61.02777777777778,34.673611111111114,15.6,10.8,14.184027777777779,24.8,1.3,8.818055555555555,1.3645833333333333,-0.06319444444444446,89.73541666666667,24.291666666666668,0.0,194118.26388888888,27953030.0,0.0,-3956186,71.00694444444444,74.92361111111111,72.36111111111111,42.75,46.270833333333336,32.34722222222222,43.59027777777778,40.43055555555556,25.90277777777778,-3.2,8.7,-1.20625,0.8215277777777777,116.58333333333333,44.416666666666664,42.979166666666664,42.36805555555556,40.68055555555556,1164.7770833333334,0.9861111111111112,49.99652777777778,399.7319444444445,397.81458333333336,399.3854166666667,983.7631944444444,998.0958333333333,965.9381944444444,2102.0,1.0,45.18055555555556,0.35555555555555557,8.709722222222222,193.20277777777778,-164.8451388888889,-4.9,-224.3,5.001388888888889,1162.9527777777778,2000.0,0.0,192.87291666666667,-915.1451388888888,0.0,-1000.0,80.91944444444444,835.9625000000001,1000.0,0.0,101.56875,55.46527777777778,89.79652777777778,T06,2.6,17.2,9.185416666666667,1.8831250000000002,2.4,15.9,8.964583333333334,0.8534722222222223,22.0,26.0,23.47222222222222,1011.0,1013.0,1012.0486111111111,44.0,79.0,65.35416666666667,0.0,0.0,0.0,0.0,180.69444444444446,176.41666666666666,411.99305555555554,,0
2017-09-29 00:00:00+00:00,1794.1,1216.7,1632.5027777777777,35.02847222222223,61.27777777777778,86.68055555555556,86.98611111111111,87.3125,40.28472222222222,53.1875,61.395833333333336,34.49305555555556,15.8,10.8,14.462499999999999,26.6,1.5,9.213888888888889,1.4729166666666667,0.10833333333333331,87.67222222222222,24.020833333333332,0.0,214529.01388888888,30892178.0,0.0,-4221017,72.70138888888889,76.63194444444444,74.125,43.451388888888886,46.25694444444444,32.40972222222222,43.4375,40.78472222222222,26.02777777777778,-3.3,8.5,-1.261111111111111,0.8347222222222223,117.6875,45.13194444444444,43.763888888888886,43.111111111111114,41.013888888888886,1287.1277777777777,0.9923611111111111,50.00069444444445,399.56597222222223,397.7006944444445,399.35069444444446,1087.5416666666667,1100.8958333333333,1068.040972222222,2101.2,-15.3,45.34722222222222,0.3020833333333333,9.095833333333333,223.1798611111111,-175.8638888888889,0.6000000000000001,-216.5,5.407638888888889,1285.329861111111,2000.0,0.0,222.53680555555556,-930.2770833333333,0.0,-1000.0,83.59166666666667,837.4333333333333,1000.0,0.0,122.30833333333334,57.166666666666664,87.56527777777778,T06,2.1,17.1,9.002777777777778,2.2371527777777778,2.1,14.9,9.5,0.9027083333333334,21.0,27.0,23.131944444444443,1011.0,1014.0,1012.0902777777778,46.0,77.0,64.82638888888889,0.0,0.0,0.0,0.0,177.04861111111111,186.9375,412.0138888888889,,0
2017-09-30 00:00:00+00:00,1713.9,0.0,1069.4055555555556,109.44999999999999,46.90277777777778,58.479166666666664,59.173611111111114,59.49305555555556,37.895833333333336,49.833333333333336,53.236111111111114,33.076388888888886,15.2,0.0,9.409027777777778,17.2,0.4,5.001388888888889,0.8145833333333334,9.045833333333334,122.36666666666666,24.354166666666668,-570.2152777777778,50257.59027777778,7154981.0,-645.0277777777778,-1839360,55.38194444444444,58.701388888888886,55.93055555555556,38.701388888888886,43.326388888888886,33.09027777777778,41.291666666666664,34.229166666666664,26.51388888888889,-3.2,89.6,6.989583333333333,2.7729166666666667,92.63888888888889,39.59722222222222,37.69444444444444,37.666666666666664,38.0,298.1305555555556,0.8118055555555556,50.00138888888889,398.93125,397.0520833333333,397.2395833333333,269.7076388888889,283.3361111111111,265.6902777777778,1957.6,-50.1,40.666666666666664,0.96875,4.993055555555555,81.07847222222222,-76.64027777777778,1000.2,-787.0,25.92013888888889,306.5472222222222,2000.0,0.0,81.64236111111111,-590.8326388888888,0.0,-1000.0,89.98888888888888,588.9069444444444,1000.0,0.0,93.23541666666667,45.52777777777778,133.31180555555557,T06,0.4,12.4,5.300694444444444,0.7803472222222223,0.0,11.5,5.167361111111111,0.4647916666666667,20.0,29.0,23.333333333333332,1009.0,1013.0,1011.1527777777778,45.0,77.0,60.84027777777778,0.0,0.0,0.0,0.0,102.81944444444444,100.15972222222223,411.0833333333333,,0
2017-10-01 00:00:00+00:00,1747.9,0.0,1187.4402777777777,58.329861111111114,50.375,62.541666666666664,63.298611111111114,63.513888888888886,38.11805555555556,48.638888888888886,53.40277777777778,33.18055555555556,15.5,0.0,10.493749999999999,23.6,0.5,5.866666666666666,0.8743055555555556,-0.07916666666666665,88.04513888888889,23.944444444444443,-291.61805555555554,82357.25,11817453.0,-310.50694444444446,-2293999,57.520833333333336,60.979166666666664,57.52777777777778,39.65277777777778,42.486111111111114,32.52777777777778,40.354166666666664,34.270833333333336,26.34027777777778,-3.1,86.1,5.207638888888889,1.0055555555555555,90.52777777777777,40.666666666666664,38.88194444444444,38.736111111111114,38.548611111111114,492.4277777777778,0.8375,49.99930555555555,399.45416666666665,397.08402777777775,397.0361111111111,430.3520833333333,452.3347222222222,431.99027777777775,2100.0,-31.9,39.888888888888886,0.5131944444444445,5.862500000000001,108.7798611111111,-95.59791666666666,1000.0,-961.8,32.203472222222224,497.33750000000003,2000.0,0.0,110.11736111111111,-657.5194444444445,0.0,-1000.0,70.27708333333334,639.6381944444444,1000.0,0.0,82.22361111111111,48.71527777777778,88.13055555555555,T06,1.1,15.3,6.173611111111111,0.9156944444444446,1.0,13.4,6.061805555555555,0.4516666666666667,20.0,28.0,23.256944444444443,1008.0,1012.0,1010.1180555555555,43.0,75.0,59.875,0.0,0.0,0.0,0.0,120.33333333333333,118.08333333333333,410.06944444444446,,0
2017-10-02 00:00:00+00:00,1820.7,1205.8,1655.05625,35.15555555555555,66.60416666666667,95.81944444444444,95.84027777777777,96.22916666666667,39.94444444444444,54.604166666666664,62.75694444444444,35.19444444444444,15.9,10.7,14.662500000000001,31.8,2.0,10.846527777777778,1.7618055555555556,0.13055555555555556,92.87152777777777,23.95138888888889,0.0,250970.8125,36139797.0,0.0,-4592370,80.80555555555556,85.23611111111111,81.78472222222223,44.451388888888886,47.875,32.083333333333336,45.048611111111114,43.00694444444444,25.743055555555557,-3.2,17.3,1.7062499999999998,1.4777777777777779,122.93055555555556,46.361111111111114,45.15277777777778,44.263888888888886,41.666666666666664,1505.8034722222224,0.9986111111111112,49.99722222222223,399.82916666666665,397.68402777777777,399.4916666666667,1267.6,1285.4701388888889,1248.59375,2102.0,64.1,47.951388888888886,0.30694444444444446,10.51875,150.61319444444445,-191.34791666666666,-110.8,-289.0,4.231249999999999,1504.2055555555555,2000.0,61.4,151.1798611111111,-817.8458333333333,-301.0,-1000.0,58.90208333333333,708.6312499999999,1000.0,301.0,71.15694444444445,59.576388888888886,92.73750000000001,T06,2.5,22.8,11.469444444444443,2.532777777777778,2.5,20.2,10.995138888888889,1.2929166666666667,20.0,27.0,23.131944444444443,1011.0,1013.0,1011.6458333333334,47.0,79.0,65.31944444444444,0.0,0.0,0.0,0.0,226.45833333333334,217.10416666666666,411.50694444444446,,0
2017-10-03 00:00:00+00:00,1801.3,1207.8,1656.2770833333334,30.40972222222222,67.54166666666667,99.67361111111111,99.65972222222223,100.0625,42.97222222222222,54.03472222222222,62.78472222222222,35.604166666666664,15.9,10.7,14.680555555555555,34.8,0.8,11.31388888888889,1.838888888888889,-0.09861111111111111,90.02152777777778,24.3125,0.0,264641.74305555556,38108411.0,0.0,-4756385,79.11111111111111,83.8125,81.49305555555556,45.388888888888886,48.47222222222222,32.638888888888886,45.3125,44.56944444444444,26.34722222222222,-3.2,18.2,2.2201388888888887,1.5375,124.625,47.38194444444444,46.19444444444444,45.27777777777778,42.47222222222222,1587.9076388888889,0.9972222222222222,49.99861111111111,399.8833333333333,397.8173611111111,399.54305555555555,1336.146527777778,1353.0131944444445,1317.5027777777777,2102.6,172.9,48.21527777777778,0.2611111111111111,10.92013888888889,152.97291666666666,-198.1861111111111,-120.7,-255.1,4.259722222222222,1585.4409722222222,2000.0,170.2,152.07777777777778,-804.8791666666667,-583.3,-1000.0,76.31458333333333,669.6729166666667,1000.0,406.1,94.30347222222223,60.22222222222222,90.1298611111111,T06,2.7,22.8,11.538194444444445,3.1781944444444448,2.8,20.8,11.463194444444445,1.406736111111111,21.0,27.0,23.52777777777778,1010.0,1012.0,1010.9236111111111,45.0,78.0,62.486111111111114,0.0,0.0,0.0,0.0,227.8125,226.29861111111111,410.8958333333333,,0
2017-10-04 00:00:00+00:00,1832.4,1212.3,1637.7277777777776,39.412499999999994,64.28472222222223,93.04861111111111,93.24305555555556,93.60416666666667,39.52777777777778,54.74305555555556,62.5625,35.201388888888886,16.1,10.7,14.512500000000001,32.3,1.1,10.72013888888889,1.7145833333333333,-0.37569444444444444,92.90277777777777,24.09027777777778,0.0,236382.59722222222,34039094.0,0.0,-4363119,80.25,84.56944444444444,81.43055555555556,43.96527777777778,47.388888888888886,32.173611111111114,44.645833333333336,42.25694444444444,25.770833333333332,-3.3,18.6,1.7638888888888888,1.2944444444444445,121.40277777777777,45.833333333333336,44.5625,43.77777777777778,41.34722222222222,1418.3020833333333,0.9944444444444444,49.99583333333333,399.8097222222222,397.6958333333333,399.52986111111113,1194.9479166666667,1211.3236111111112,1174.4229166666667,2103.0,49.2,47.145833333333336,0.34791666666666665,10.397222222222222,157.47847222222222,-181.79513888888889,-5.8,-221.2,6.143750000000001,1417.1125000000002,2000.0,46.5,157.68680555555557,-845.7638888888889,-227.8,-1000.0,52.44097222222222,747.3909722222222,1000.0,227.8,74.59722222222223,57.84722222222222,93.28194444444445,T06,0.9,23.1,11.32638888888889,2.2290972222222223,0.9,20.4,10.55,1.3313194444444445,20.0,27.0,23.23611111111111,1011.0,1013.0,1012.0416666666666,46.0,81.0,64.75,0.0,0.0,0.0,0.0,223.52777777777777,208.08333333333334,411.9583333333333,,0
2017-10-05 00:00:00+00:00,1794.9,1165.3,1645.9458333333334,31.28888888888889,68.45138888888889,102.48611111111111,102.29861111111111,102.68055555555556,42.47222222222222,54.61805555555556,63.06944444444444,35.55555555555556,15.8,10.3,14.58472222222222,31.4,1.4,11.461111111111112,1.8930555555555557,-0.02222222222222223,87.27569444444445,23.805555555555557,-8.777777777777779,279613.90277777775,40263138.0,-6.0,-4776766,82.27777777777777,86.99305555555556,84.40972222222223,45.80555555555556,48.65972222222222,31.944444444444443,45.645833333333336,44.833333333333336,25.506944444444443,-3.1,15.8,2.6006944444444446,1.9583333333333333,126.36805555555556,47.833333333333336,46.71527777777778,45.69444444444444,42.645833333333336,1677.7131944444445,0.9923611111111111,49.99722222222223,400.2291666666667,398.1798611111111,399.9791666666667,1410.4256944444444,1426.4479166666667,1390.5777777777778,2102.4,-50.0,49.166666666666664,0.2729166666666667,11.051388888888889,128.88055555555556,-199.02777777777777,8.3,-224.3,4.231944444444444,1674.9222222222222,2000.0,0.0,128.40555555555557,-742.7777777777778,0.0,-1000.0,102.73819444444445,583.2041666666667,1000.0,0.0,99.61319444444445,60.173611111111114,87.28333333333333,T06,1.9,20.8,11.452777777777778,3.649097222222222,1.9,19.2,11.95486111111111,1.4460416666666667,21.0,26.0,22.979166666666668,1010.0,1013.0,1011.4444444444445,56.0,77.0,67.9375,0.0,0.0,0.0,0.0,226.09027777777777,236.25,411.4166666666667,,0
2017-10-06 00:00:00+00:00,1708.1,0.0,940.4152777777776,68.39930555555556,46.263888888888886,57.30555555555556,58.0625,58.31944444444444,38.4375,49.15277777777778,51.951388888888886,33.69444444444444,15.1,0.0,8.185416666666667,20.9,0.4,4.578472222222222,0.6916666666666668,2.6069444444444443,159.83333333333334,25.006944444444443,-605.6527777777778,40878.020833333336,5799218.0,-705.7013888888889,-1514727,54.43055555555556,58.24305555555556,55.666666666666664,38.770833333333336,43.576388888888886,34.375,41.291666666666664,33.90972222222222,27.65972222222222,-3.3,89.6,7.649305555555555,1.5465277777777777,88.125,39.416666666666664,37.486111111111114,37.52777777777778,38.15972222222222,241.5534722222222,0.7805555555555556,49.99930555555555,399.18819444444443,397.4201388888889,396.5138888888889,218.02083333333334,235.66666666666666,224.05763888888887,1810.3,-50.0,40.50694444444444,0.6527777777777778,4.576388888888889,51.575,-63.099999999999994,1000.3,-936.1,26.0,248.9451388888889,1858.7,0.0,53.017361111111114,-524.1604166666667,0.0,-1000.0,60.756249999999994,522.9381944444444,1000.0,0.0,63.329166666666666,44.104166666666664,157.22847222222222,T06,0.0,12.6,4.534722222222222,0.4396527777777778,0.0,11.2,4.772222222222222,0.25194444444444447,20.0,30.0,24.34027777777778,1009.0,1011.0,1009.8819444444445,35.0,76.0,55.13194444444444,0.0,0.0,0.0,0.0,87.41666666666667,92.23611111111111,409.86805555555554,,0
2017-10-07 00:00:00+00:00,1766.5,0.0,1058.771527777778,34.949305555555554,48.076388888888886,63.25,63.69444444444444,64.03472222222223,39.3125,47.854166666666664,51.6875,33.361111111111114,15.6,0.0,9.366666666666667,28.1,0.4,5.840277777777778,0.8916666666666667,24.145833333333332,102.27291666666666,24.0625,-260.3611111111111,101083.61111111111,14518548.0,-223.86805555555554,-2500343,59.111111111111114,62.5625,59.0625,39.861111111111114,42.65277777777778,33.0,40.541666666666664,34.77777777777778,26.88888888888889,-3.1,46.3,6.422916666666667,0.6187499999999999,86.58333333333333,40.84027777777778,39.125,38.916666666666664,38.486111111111114,604.9916666666667,0.8618055555555556,49.99791666666667,398.9194444444445,397.03819444444446,397.1645833333333,526.348611111111,537.2243055555556,516.3590277777778,2100.0,-31.8,40.44444444444444,0.3006944444444445,5.798611111111111,95.45069444444444,-104.1875,664.5,-875.7,19.977083333333336,606.2631944444444,2000.0,0.0,94.55694444444445,-587.2208333333333,0.0,-1000.0,60.107638888888886,550.2527777777777,1000.0,0.0,67.12777777777778,45.97222222222222,145.63125,T06,0.0,17.7,6.065972222222222,1.0904166666666668,0.0,15.6,5.865277777777778,0.5997916666666667,20.0,28.0,23.73611111111111,1008.0,1011.0,1009.0486111111111,41.0,78.0,56.72222222222222,0.0,0.0,0.0,0.0,118.14583333333333,114.27777777777777,409.00694444444446,,0
2017-10-08 00:00:00+00:00,1783.1,167.9,1552.2944444444445,46.537499999999994,58.791666666666664,81.84027777777777,82.24305555555556,82.63888888888889,39.423611111111114,52.701388888888886,60.0625,34.208333333333336,15.7,1.6,13.754861111111111,27.6,0.9,8.502777777777778,1.3020833333333333,-0.008333333333333335,90.78611111111111,23.86111111111111,-39.0,176397.89583333334,25395680.0,-28.618055555555557,-3709739,70.63194444444444,74.61805555555556,71.72916666666667,42.5625,45.47222222222222,32.22222222222222,42.63194444444444,39.02777777777778,25.791666666666668,-3.3,57.1,-0.6291666666666667,0.8513888888888889,114.33333333333333,44.173611111111114,42.673611111111114,42.138888888888886,40.55555555555556,1058.1027777777776,0.9555555555555555,49.99791666666667,399.45416666666665,397.4555555555555,398.7604166666667,897.0736111111112,914.2652777777779,882.8340277777778,2099.6,-50.1,43.78472222222222,0.4118055555555556,8.359722222222222,147.7201388888889,-154.57569444444445,641.0,-782.8,9.472222222222221,1058.0430555555556,2000.0,0.0,148.18819444444443,-865.16875,0.0,-1000.0,61.36736111111111,798.0020833333333,1000.0,0.0,79.07986111111111,53.75694444444444,90.775,T06,1.8,17.0,8.899305555555555,1.4631944444444445,1.9,15.5,8.515972222222222,0.6677083333333333,21.0,27.0,23.006944444444443,1009.0,1011.0,1010.1944444444445,47.0,79.0,65.0625,0.0,0.0,0.0,0.0,175.00694444444446,167.43055555555554,410.1458333333333,,0
2017-10-09 00:00:00+00:00,1655.0,0.0,834.6951388888889,73.74027777777778,41.5625,50.958333333333336,51.97222222222222,51.958333333333336,36.861111111111114,45.548611111111114,48.229166666666664,32.423611111111114,14.6,0.0,7.302777777777777,12.2,0.4,3.7319444444444443,0.5513888888888889,5.827777777777778,138.83055555555555,23.67361111111111,-688.2638888888889,14910.923611111111,2048064.0,-808.9166666666666,-1051320,49.06944444444444,52.361111111111114,49.3125,38.138888888888886,41.701388888888886,33.13194444444444,39.77777777777778,30.86111111111111,26.631944444444443,-3.0,86.8,8.970833333333333,1.9986111111111111,80.02083333333333,38.74305555555556,36.729166666666664,36.8125,37.645833333333336,85.33402777777778,0.6569444444444446,49.99583333333333,398.73541666666665,397.04999999999995,396.38750000000005,113.9361111111111,125.5923611111111,118.0923611111111,780.2,-44.0,38.145833333333336,0.6798611111111111,3.782638888888889,26.991666666666667,-43.80972222222223,1000.1,-1000.1,70.76805555555556,95.25416666666666,805.4,0.0,27.80625,-360.3375,0.0,-1000.0,78.23750000000001,360.3375,1000.0,0.0,78.23750000000001,39.638888888888886,145.5027777777778,T06,0.0,8.6,3.8722222222222222,0.2775694444444444,0.0,8.6,3.9930555555555554,0.1922222222222222,19.0,30.0,22.770833333333332,1009.0,1012.0,1010.4375,40.0,86.0,67.31944444444444,0.0,0.0,0.0,0.0,74.20138888888889,76.60416666666667,410.36805555555554,,0
2017-10-10 00:00:00+00:00,1712.9,81.3,1251.045138888889,82.02083333333333,47.36805555555556,61.0,62.166666666666664,62.11805555555556,36.63194444444444,49.50694444444444,54.291666666666664,33.270833333333336,15.1,0.0,11.074305555555556,17.6,0.4,5.676388888888889,0.8194444444444444,0.003472222222222236,90.19097222222223,23.92361111111111,-221.09027777777777,60282.84027777778,8648892.0,-261.9861111111111,-2387722,54.1875,57.548611111111114,54.34722222222222,39.361111111111114,42.791666666666664,32.52777777777778,40.90972222222222,33.541666666666664,26.208333333333332,-3.2,80.2,0.998611111111111,1.2159722222222222,97.22222222222223,40.11805555555556,38.291666666666664,38.15972222222222,38.28472222222222,360.3923611111111,0.8763888888888889,49.99722222222223,398.89930555555554,396.9763888888889,397.4625,317.47013888888887,333.8541666666667,314.49305555555554,1940.6,-45.3,39.86805555555556,0.7368055555555555,5.699999999999999,83.55138888888888,-99.49444444444445,1000.0,-743.8,17.670833333333334,364.00625,2000.0,0.0,84.49166666666666,-800.4201388888889,0.0,-1000.0,59.106249999999996,798.6451388888888,1000.0,0.0,61.39444444444444,44.63194444444444,90.19444444444444,T06,0.8,11.8,5.642361111111111,0.8447222222222223,0.7000000000000001,11.7,5.633333333333334,0.6104166666666667,20.0,29.0,23.20138888888889,1009.0,1012.0,1010.3958333333334,35.0,77.0,55.763888888888886,0.0,0.0,0.0,0.0,109.63194444444444,109.42361111111111,410.2986111111111,,0
2017-10-11 00:00:00+00:00,1753.3,153.3,1512.478472222222,63.33819444444445,53.36805555555556,70.97916666666667,71.59027777777777,71.95833333333333,36.09027777777778,53.78472222222222,59.791666666666664,33.763888888888886,15.5,0.0,13.398611111111112,23.8,0.6000000000000001,7.438194444444444,1.0895833333333333,0.09930555555555554,85.72638888888889,23.90277777777778,-17.0,127821.03472222222,18403781.0,-12.590277777777779,-3468793,65.72222222222223,69.14583333333333,65.32638888888889,40.75694444444444,44.375,31.625,42.18055555555556,36.270833333333336,25.104166666666668,-3.2,62.0,-1.815277777777778,0.46875,110.19444444444444,42.02777777777778,40.34027777777778,40.03472222222222,39.236111111111114,766.8090277777778,0.9708333333333334,49.99930555555555,398.7263888888889,396.8409722222222,398.05069444444445,653.4520833333333,669.6138888888888,642.2444444444444,2099.8,-50.1,42.74305555555556,0.55625,7.436805555555556,146.84722222222223,-144.5340277777778,4.7,-217.2,7.53125,767.2708333333334,2000.0,0.0,146.85902777777778,-969.2722222222224,0.0,-1000.0,34.58611111111111,954.4611111111111,1000.0,0.0,45.425694444444446,50.06944444444444,85.63125,T06,0.8,14.7,7.668749999999999,1.343611111111111,0.5,14.9,7.878472222222222,0.7967361111111111,20.0,30.0,23.22222222222222,1011.0,1014.0,1011.9027777777778,28.0,76.0,57.50694444444444,0.0,1.0,0.006944444444444444,0.0,150.1875,154.34722222222223,411.84027777777777,,0
2017-10-12 00:00:00+00:00,1774.5,0.0,1257.025,78.49097222222223,53.43055555555556,69.75694444444444,70.27777777777777,70.625,40.298611111111114,51.875,57.00694444444444,34.96527777777778,15.6,0.0,11.09236111111111,24.7,0.4,6.426388888888889,1.088888888888889,-4.090972222222223,103.18194444444445,25.756944444444443,-375.4375,107618.59027777778,15443015.0,-404.1458333333333,-2880890,63.86805555555556,67.10416666666667,63.93055555555556,40.80555555555556,45.00694444444444,33.5,42.576388888888886,38.1875,27.305555555555557,-3.3,89.6,3.6937499999999996,2.2527777777777778,101.16666666666667,41.88194444444444,40.229166666666664,39.94444444444444,39.5625,643.4666666666667,0.8555555555555556,50.00069444444445,399.0201388888889,397.12361111111113,398.15416666666664,561.4402777777777,571.7541666666667,548.2180555555556,2100.8,-46.7,42.833333333333336,0.7048611111111112,6.398611111111111,134.78750000000002,-120.02361111111112,1000.2,-722.9,18.802083333333332,647.4256944444445,2000.0,0.0,135.9298611111111,-683.379861111111,0.0,-1000.0,96.50625,644.48125,1000.0,0.0,113.61875,50.34722222222222,104.76597222222222,T06,0.2,18.1,6.484027777777778,1.6009027777777778,0.0,18.2,6.385416666666667,1.1909027777777779,22.0,30.0,25.02777777777778,1012.0,1016.0,1014.25,28.0,72.0,49.93055555555556,0.0,0.0,0.0,0.0,126.5625,124.5625,414.2013888888889,,0
2017-10-13 00:00:00+00:00,1701.6,32.2,1352.3006944444444,63.35555555555556,52.40277777777778,67.04166666666667,67.82638888888889,68.24305555555556,39.201388888888886,52.875,57.61805555555556,36.80555555555556,15.1,0.0,11.983333333333333,18.6,0.9,5.9118055555555555,0.8604166666666667,-0.08749999999999998,88.21666666666667,27.791666666666668,-46.43055555555556,63197.63888888889,9093774.0,-36.083333333333336,-2483508,58.236111111111114,61.61805555555556,58.55555555555556,40.24305555555556,46.416666666666664,34.22222222222222,44.49305555555556,38.30555555555556,28.520833333333332,-3.1,85.9,-1.3965277777777778,0.6048611111111112,109.13888888888889,41.208333333333336,39.40277777777778,39.24305555555556,39.520833333333336,378.91805555555555,0.8777777777777778,49.99722222222223,398.6118055555555,396.61527777777775,396.8840277777778,338.06458333333336,360.61805555555554,340.5229166666667,1821.2,-45.0,44.25,0.5597222222222222,5.915277777777778,93.53541666666666,-103.51736111111111,999.7,-924.7,39.632638888888884,379.61805555555554,1856.5,0.0,93.57152777777777,-872.3840277777778,0.0,-1000.0,80.38472222222222,870.0805555555556,1000.0,0.0,82.64791666666666,51.40972222222222,88.30833333333334,T06,1.4,11.7,5.684027777777778,0.9052083333333333,1.0,11.4,5.763888888888889,0.6073611111111111,24.0,32.0,27.17361111111111,1014.0,1017.0,1014.8958333333334,19.0,39.0,28.51388888888889,0.0,0.0,0.0,0.0,110.51388888888889,112.20138888888889,414.84027777777777,,0
2017-10-14 00:00:00+00:00,1718.1,37.8,1385.4111111111113,54.59097222222223,53.06944444444444,68.28472222222223,69.06944444444444,69.36805555555556,39.15972222222222,52.270833333333336,57.701388888888886,36.236111111111114,15.2,0.0,12.274305555555555,23.6,0.4,6.286111111111111,0.8972222222222224,-0.19444444444444448,85.47569444444444,27.208333333333332,-56.90277777777778,81094.54166666667,11669421.0,-42.326388888888886,-2705042,60.423611111111114,64.10416666666667,60.63194444444444,40.076388888888886,46.06944444444444,33.736111111111114,43.75,38.229166666666664,27.979166666666668,-3.1,85.0,-1.4340277777777777,0.6243055555555556,109.27777777777777,41.041666666666664,39.30555555555556,39.09027777777778,39.076388888888886,486.2284722222222,0.9243055555555555,49.99791666666667,398.8930555555555,396.7951388888889,396.88125,415.625,442.84236111111113,422.31111111111113,2051.0,-49.9,43.65972222222222,0.48124999999999996,6.304166666666666,104.83263888888888,-112.71597222222222,990.2,-923.3,21.44861111111111,487.0881944444444,2000.0,0.0,105.16180555555555,-900.8375000000001,0.0,-1000.0,68.84722222222223,895.442361111111,1000.0,0.0,75.63263888888889,50.854166666666664,85.66597222222222,T06,1.6,16.0,6.598611111111111,0.9794444444444443,1.4,15.0,6.629861111111111,0.5349999999999999,23.0,31.0,26.47222222222222,1013.0,1016.0,1014.1944444444445,20.0,52.0,31.82638888888889,0.0,0.0,0.0,0.0,128.84027777777777,129.51388888888889,414.09722222222223,,0
2017-10-15 00:00:00+00:00,1806.6,1219.4,1630.1229166666667,43.14861111111111,64.65972222222223,92.375,92.52083333333333,92.78472222222223,39.55555555555556,54.8125,62.63194444444444,35.27777777777778,15.9,10.8,14.443055555555556,36.8,1.7000000000000002,10.874305555555557,1.6465277777777778,-0.2743055555555556,93.52777777777777,24.1875,0.0,233410.36805555556,33611093.0,0.0,-4230342,80.52083333333333,84.57638888888889,80.57638888888889,43.8125,47.59722222222222,32.13194444444444,44.8125,42.354166666666664,25.819444444444443,-3.2,17.5,2.2659722222222225,1.0902777777777777,121.02083333333333,45.74305555555556,44.451388888888886,43.611111111111114,41.361111111111114,1400.4388888888889,0.9986111111111112,49.99861111111111,399.6986111111111,397.51944444444445,399.3798611111111,1179.68125,1196.6270833333333,1159.709027777778,2099.5,165.7,47.416666666666664,0.37986111111111115,10.504861111111111,124.69444444444444,-176.25833333333333,-97.9,-223.8,4.996527777777778,1399.8743055555556,2000.0,162.6,124.88402777777777,-831.8847222222222,-583.3,-1000.0,28.08263888888889,735.14375,1000.0,406.1,40.20972222222222,57.638888888888886,93.80138888888888,T06,1.8,22.3,11.049305555555556,1.915486111111111,2.2,21.1,10.425,1.307638888888889,21.0,27.0,23.395833333333332,1011.0,1015.0,1013.1736111111111,40.0,74.0,59.80555555555556,0.0,0.0,0.0,0.0,217.99305555555554,205.5625,413.1388888888889,,0
2017-10-16 00:00:00+00:00,1811.5,1231.7,1665.4409722222222,24.990277777777777,66.26388888888889,96.82638888888889,96.89583333333333,97.32638888888889,42.88194444444444,53.451388888888886,62.229166666666664,34.5,15.8,10.9,14.760416666666666,30.5,1.0,10.440972222222221,1.7062499999999998,-0.1597222222222222,103.22083333333333,23.291666666666668,0.0,257644.40972222222,37100795.0,0.0,-4855074,75.77777777777777,80.17361111111111,78.07638888888889,44.86805555555556,47.25694444444444,32.173611111111114,43.854166666666664,42.708333333333336,25.805555555555557,-3.1,13.8,0.4118055555555555,1.5069444444444444,122.69444444444444,46.77777777777778,45.59027777777778,44.63194444444444,41.9375,1545.8444444444444,0.9979166666666666,49.99861111111111,399.67777777777775,397.7763888888889,399.78819444444446,1306.521527777778,1317.3868055555556,1280.5583333333334,2102.3,208.3,46.68055555555556,0.21666666666666667,10.2375,189.09444444444443,-202.29722222222222,-141.5,-224.3,3.9736111111111114,1543.03125,2000.0,182.6,188.70347222222222,-851.6069444444444,-583.3,-1000.0,94.89444444444445,725.0083333333333,1000.0,406.1,121.75416666666666,58.166666666666664,103.38125,T06,3.1,20.4,10.488888888888889,2.5874305555555552,3.0,17.7,10.24861111111111,2.245902777777778,21.0,26.0,22.45138888888889,1012.0,1015.0,1013.6111111111111,54.0,78.0,66.98611111111111,0.0,0.0,0.0,0.0,206.69444444444446,201.97916666666666,413.56944444444446,,0
2017-10-17 00:00:00+00:00,1725.0,0.0,1121.9944444444445,77.0298611111111,47.638888888888886,62.52777777777778,63.361111111111114,63.791666666666664,36.333333333333336,52.03472222222222,55.263888888888886,32.59027777777778,15.2,0.0,9.927083333333334,23.0,0.4,6.872916666666667,1.0847222222222224,5.56875,116.59166666666667,22.97222222222222,-185.88194444444446,65782.31944444444,9445892.0,-154.61111111111111,-2691163,57.28472222222222,60.69444444444444,57.59027777777778,39.21527777777778,42.0,31.333333333333332,41.5,32.38194444444444,24.680555555555557,-3.2,89.6,15.138194444444444,1.6430555555555555,94.59027777777777,40.111111111111114,38.18055555555556,37.94444444444444,38.34027777777778,393.5465277777778,0.8770833333333333,49.99722222222223,398.55555555555554,396.5180555555555,397.125,346.37291666666664,362.6194444444444,342.7319444444445,2100.2,-50.0,40.56944444444444,0.675,6.936111111111111,104.19791666666667,-112.14027777777778,1000.1,-638.0,13.338888888888889,669.45625,2000.0,0.0,155.30069444444445,-698.5770833333333,0.0,-1000.0,70.22708333333334,693.3902777777778,1000.0,0.0,74.22430555555555,44.451388888888886,111.02083333333333,T06,0.8,15.1,6.388194444444444,1.729513888888889,0.8,15.0,6.260416666666667,1.6811805555555557,20.0,33.0,22.006944444444443,1010.0,1015.0,1012.0069444444445,53.0,83.0,72.69444444444444,0.0,0.0,0.0,0.0,124.55555555555556,122.13888888888889,411.9861111111111,,0
2017-10-18 00:00:00+00:00,1793.3,0.0,1188.132638888889,107.53541666666666,45.19444444444444,59.65277777777778,60.81944444444444,60.65972222222222,34.576388888888886,50.34722222222222,54.083333333333336,30.90277777777778,15.8,0.0,10.50138888888889,47.4,0.4,6.000694444444445,1.1791666666666667,-1.2444444444444445,233.6486111111111,20.11111111111111,-291.0486111111111,65485.833333333336,9388047.0,-265.80555555555554,-2779648,54.44444444444444,58.013888888888886,54.576388888888886,39.020833333333336,41.40277777777778,29.180555555555557,40.02777777777778,30.270833333333332,22.131944444444443,-3.2,89.6,7.186111111111111,2.152083333333333,96.13888888888889,39.916666666666664,38.09722222222222,37.97222222222222,37.854166666666664,391.1638888888889,0.8590277777777778,50.00069444444445,398.37152777777777,396.49305555555554,396.55069444444445,345.3541666666667,364.40694444444443,346.25972222222225,2102.8,-51.2,39.22222222222222,0.9520833333333333,6.015972222222222,148.83055555555555,-115.82569444444445,999.9,-451.9,16.571527777777778,449.5368055555556,2000.0,0.0,162.87013888888887,-723.9416666666667,0.0,-1000.0,104.41944444444444,718.2111111111111,1000.0,0.0,109.98888888888888,41.15277777777778,234.89444444444447,T06,1.2,15.8,6.452083333333333,0.9491666666666667,1.2,16.5,6.444444444444445,1.0164583333333335,16.0,21.0,19.319444444444443,1006.0,1010.0,1007.5763888888889,62.0,97.0,86.25,0.0,103.0,2.9375,0.0,125.9375,125.72222222222223,407.52777777777777,,0
2017-10-19 00:00:00+00:00,1826.2,23.3,1322.5083333333334,62.793749999999996,46.4375,62.513888888888886,63.46527777777778,63.49305555555556,34.458333333333336,48.94444444444444,53.791666666666664,30.916666666666668,15.9,0.0,11.722916666666666,23.3,0.7000000000000001,5.93125,0.9472222222222223,0.2263888888888889,272.48125000000005,20.22222222222222,-140.71527777777777,78396.75694444444,11268873.0,-157.75694444444446,-2899929,55.81944444444444,59.34722222222222,56.34027777777778,39.5625,41.84027777777778,29.944444444444443,40.486111111111114,31.270833333333332,22.854166666666668,-3.1,86.2,0.5041666666666667,1.1458333333333333,102.25,40.666666666666664,38.90972222222222,38.6875,38.25,469.52430555555554,0.8319444444444444,50.00069444444445,398.89444444444445,397.01458333333335,397.18611111111113,415.76458333333335,434.25625,414.0993055555556,2101.2,-42.9,39.77777777777778,0.5527777777777777,6.028472222222223,107.97430555555555,-120.83125000000001,805.1,-651.3,22.271527777777777,471.3041666666667,2000.0,0.0,108.11250000000001,-730.8583333333333,0.0,-1000.0,97.77430555555556,716.5520833333334,1000.0,0.0,104.03125,43.72222222222222,272.2604166666667,T06,1.8,19.1,6.563194444444445,0.5940972222222222,1.7000000000000002,19.4,6.613888888888889,0.6077777777777778,17.0,21.0,19.52777777777778,1002.0,1012.0,1006.8958333333334,65.0,93.0,82.81944444444444,0.0,7.0,0.13194444444444445,0.0,128.20138888888889,129.11111111111111,406.84027777777777,,0
2017-10-20 00:00:00+00:00,1630.0,0.0,697.2520833333333,70.10208333333334,37.3125,45.458333333333336,46.166666666666664,46.416666666666664,34.90972222222222,42.65972222222222,44.604166666666664,30.0625,14.4,0.0,6.086111111111111,16.6,0.4,3.2555555555555555,0.575,-11.770833333333334,266.38750000000005,21.3125,-650.75,10104.597222222223,1361355.0,-713.25,-969152,46.24305555555556,49.59722222222222,46.34722222222222,36.236111111111114,38.68055555555556,30.229166666666668,37.43055555555556,28.04861111111111,23.97222222222222,-2.9,89.6,12.102083333333333,2.084722222222222,69.01388888888889,36.72222222222222,34.673611111111114,34.81944444444444,35.576388888888886,56.71805555555555,0.6854166666666667,49.99861111111111,398.99652777777777,397.53541666666666,396.2868055555556,70.46388888888889,80.39652777777778,72.8125,748.7,-50.1,34.77777777777778,0.6520833333333333,3.3159722222222223,27.773611111111112,-40.36527777777778,1000.0,-905.2,29.038194444444443,65.20208333333333,761.2,0.0,28.76805555555556,-249.70555555555555,0.0,-1000.0,86.63749999999999,249.70555555555555,1000.0,0.0,86.63749999999999,36.59027777777778,280.66319444444446,T06,0.0,7.8,3.795138888888889,0.20145833333333335,0.0,8.1,3.773611111111111,0.20645833333333333,18.0,24.0,20.59027777777778,1011.0,1014.0,1012.7847222222222,59.0,93.0,79.58333333333333,0.0,0.0,0.0,0.0,72.66666666666667,72.24305555555556,412.74305555555554,,0
2017-10-21 00:00:00+00:00,1668.6,0.0,573.0090277777778,65.67708333333333,35.94444444444444,42.986111111111114,43.541666666666664,43.888888888888886,36.729166666666664,41.833333333333336,43.513888888888886,30.868055555555557,14.8,0.0,4.827777777777778,12.0,0.4,3.0250000000000004,0.6388888888888888,3.4347222222222222,212.41597222222222,22.881944444444443,-510.18055555555554,12164.8125,1678265.0,-505.3958333333333,-829276,46.673611111111114,50.104166666666664,46.673611111111114,35.458333333333336,38.208333333333336,31.069444444444443,37.236111111111114,28.618055555555557,24.881944444444443,-2.7,59.3,14.204166666666667,1.323611111111111,57.88194444444444,35.854166666666664,33.80555555555556,34.00694444444444,34.75,69.94236111111111,0.7291666666666667,49.99930555555555,399.0541666666667,397.5520833333333,396.21527777777777,73.81944444444444,84.24305555555556,78.1263888888889,755.7,-50.0,34.013888888888886,0.6041666666666666,3.1187500000000004,36.425694444444446,-34.52430555555556,990.8,-967.1,23.0375,75.63749999999999,788.7,0.0,37.09166666666667,-258.32708333333335,0.0,-1000.0,83.48541666666667,258.32708333333335,1000.0,0.0,83.48541666666667,36.24305555555556,196.47430555555556,T06,0.0,10.2,3.9270833333333335,0.3186111111111111,0.0,9.8,3.8618055555555557,0.30951388888888887,18.0,27.0,22.041666666666668,1013.0,1016.0,1014.2847222222222,51.0,96.0,74.61805555555556,0.0,0.0,0.0,0.0,75.19444444444444,74.08333333333333,414.21527777777777,,0
2017-10-22 00:00:00+00:00,1589.4,0.0,399.6826388888889,67.42361111111111,34.38194444444444,38.65277777777778,38.895833333333336,39.201388888888886,38.625,41.30555555555556,42.31944444444444,31.631944444444443,14.1,0.0,3.3868055555555556,11.7,0.4,2.517361111111111,0.5208333333333334,-2.088194444444444,191.59930555555556,23.270833333333332,-789.2083333333334,3928.027777777778,451991.0,-866.5902777777778,-422208,47.30555555555556,50.513888888888886,46.97222222222222,36.02777777777778,38.708333333333336,32.94444444444444,37.208333333333336,28.75,26.229166666666668,-2.5,85.2,18.09722222222222,1.7159722222222222,50.486111111111114,36.31944444444444,34.270833333333336,34.520833333333336,35.65972222222222,18.831249999999997,0.6722222222222223,49.99791666666667,398.9638888888889,397.5520833333333,396.1763888888889,33.795833333333334,39.85138888888889,36.36527777777778,718.1,-49.8,34.34722222222222,0.6027777777777777,2.5611111111111113,14.867361111111112,-17.605555555555554,1000.1,-699.1,22.70138888888889,30.310416666666665,741.0,0.0,17.523611111111112,-90.50833333333334,0.0,-1000.0,43.925694444444446,90.50833333333334,1000.0,0.0,43.925694444444446,35.083333333333336,191.18819444444443,T06,0.0,9.1,2.933333333333333,0.23902777777777778,0.0,8.1,2.964583333333333,0.21715277777777778,19.0,28.0,22.381944444444443,1013.0,1016.0,1014.3819444444445,35.0,86.0,64.74305555555556,0.0,0.0,0.0,0.0,55.395833333333336,56.173611111111114,414.3333333333333,,0
2017-10-23 00:00:00+00:00,1804.7,1216.7,1645.1180555555557,31.98194444444444,61.986111111111114,90.34722222222223,90.40277777777777,90.56944444444444,39.81944444444444,53.229166666666664,61.24305555555556,33.8125,15.8,10.8,14.575694444444444,27.8,0.9,9.848611111111111,1.5173611111111112,-0.08263888888888887,86.64236111111111,21.694444444444443,0.0,240836.19444444444,34680412.0,0.0,-4331914,75.10416666666667,79.02083333333333,76.43055555555556,43.8125,46.18055555555556,30.98611111111111,43.701388888888886,39.9375,24.34722222222222,-3.1,12.3,-0.2194444444444445,1.1736111111111112,119.02083333333333,45.673611111111114,44.40972222222222,43.56944444444444,41.0,1445.1041666666667,0.9986111111111112,50.00069444444445,399.1965277777778,397.37152777777777,398.7270833333333,1216.9326388888887,1232.0472222222222,1201.8798611111113,2102.3,183.0,45.90277777777778,0.2729166666666667,9.78125,167.4034722222222,-180.50069444444443,-93.7,-220.1,3.734027777777778,1442.954861111111,2000.0,180.2,167.20347222222222,-870.2263888888889,-583.3,-1000.0,80.12777777777778,758.1659722222222,1000.0,406.1,94.32569444444444,56.15277777777778,86.72222222222223,T06,3.1,18.4,10.067361111111111,2.2991666666666664,4.7,16.7,10.104861111111111,0.7693055555555556,19.0,24.0,20.881944444444443,1012.0,1015.0,1013.6875,59.0,84.0,72.50694444444444,0.0,0.0,0.0,0.0,198.43055555555554,199.06944444444446,413.6388888888889,,0
2017-10-24 00:00:00+00:00,1787.9,1240.3,1664.576388888889,26.660416666666666,63.048611111111114,92.30555555555556,92.36111111111111,92.81944444444444,41.201388888888886,53.50694444444444,61.88194444444444,33.27777777777778,15.8,11.0,14.748611111111112,26.1,0.9,9.927777777777777,1.5076388888888888,0.42847222222222225,98.375,21.555555555555557,0.0,246628.59722222222,35514518.0,0.0,-4713591,76.70833333333333,80.84722222222223,78.80555555555556,44.104166666666664,46.048611111111114,30.631944444444443,43.104166666666664,39.80555555555556,23.770833333333332,-3.2,11.6,-0.42986111111111114,1.2458333333333333,121.16666666666667,45.90277777777778,44.645833333333336,43.798611111111114,41.229166666666664,1479.6840277777778,1.0,49.99861111111111,399.0444444444445,397.41319444444446,399.2888888888889,1253.5597222222223,1260.3770833333333,1227.2152777777778,2101.8,311.8,45.833333333333336,0.22499999999999998,9.822222222222223,171.32777777777778,-196.39652777777778,-148.9,-219.9,3.170138888888889,1476.5555555555557,2000.0,302.4,170.48680555555555,-866.9458333333333,-583.3,-1000.0,96.27291666666666,744.8097222222223,1000.0,406.1,104.93472222222222,55.736111111111114,97.92986111111111,T06,3.9,17.6,11.052083333333334,2.0496527777777778,4.3,17.6,10.582638888888889,1.649375,19.0,24.0,20.92361111111111,1012.0,1014.0,1012.8611111111111,48.0,81.0,67.9375,0.0,0.0,0.0,0.0,218.125,208.79861111111111,412.8125,,0
2017-10-25 00:00:00+00:00,1732.7,1210.7,1522.0270833333334,50.206944444444446,53.0625,72.40277777777777,72.9375,73.20138888888889,34.701388888888886,53.25,59.3125,31.1875,15.3,10.7,13.48611111111111,24.7,1.4,7.604166666666667,1.1166666666666667,0.0826388888888889,94.55000000000001,21.54861111111111,0.0,142092.34722222222,20461298.0,0.0,-3682390,63.43055555555556,66.77083333333333,63.75694444444444,41.5,43.25,30.22222222222222,41.09027777777778,35.5,23.61111111111111,-3.2,4.2,-1.8166666666666669,0.37916666666666665,110.43055555555556,42.81944444444444,41.236111111111114,40.798611111111114,39.65277777777778,852.5722222222222,0.9673611111111112,49.99861111111111,398.78055555555557,397.12638888888887,398.6451388888889,730.8736111111111,739.2888888888889,712.04375,2099.4,33.6,41.75,0.44375000000000003,7.659722222222222,156.01388888888889,-153.43194444444444,-87.9,-218.1,4.200694444444444,852.2673611111111,2000.0,32.5,156.78680555555556,-969.4118055555555,-159.3,-1000.0,43.56458333333333,932.7138888888888,1000.0,159.3,68.44236111111111,48.77777777777778,94.46666666666667,T06,2.4,14.5,8.116666666666667,1.3004166666666666,2.5,14.1,7.922222222222222,0.9379861111111111,18.0,25.0,20.78472222222222,1012.0,1015.0,1013.7777777777778,45.0,78.0,64.65972222222223,0.0,0.0,0.0,0.0,159.19444444444446,155.38888888888889,413.7361111111111,,0
2017-10-26 00:00:00+00:00,1794.9,1225.3,1661.9993055555556,25.59375,65.27777777777777,95.72916666666667,95.63888888888889,95.95833333333333,39.604166666666664,54.104166666666664,62.46527777777778,34.00694444444444,15.9,10.9,14.72777777777778,28.2,0.9,10.66875,1.6944444444444444,-0.047916666666666684,85.6576388888889,22.52777777777778,0.0,262571.72222222225,37810328.0,0.0,-4311445,80.22916666666667,84.61111111111111,81.71527777777777,44.40277777777778,46.90277777777778,30.645833333333332,44.1875,41.625,23.916666666666668,-3.2,15.7,1.19375,1.4743055555555555,123.25,46.298611111111114,45.15277777777778,44.27777777777778,41.3125,1575.4701388888889,1.0,50.0,399.88750000000005,398.08958333333334,399.5777777777778,1323.9986111111111,1338.2166666666667,1306.6458333333333,2102.8,187.5,47.31944444444444,0.21597222222222223,10.511111111111111,140.38680555555555,-179.64027777777778,-71.8,-227.8,3.7534722222222223,1573.4458333333334,2000.0,162.1,140.4923611111111,-814.3027777777778,-583.3,-1000.0,70.42986111111111,689.6493055555555,1000.0,406.1,83.20069444444444,56.645833333333336,85.69097222222223,T06,4.0,21.2,10.917361111111111,2.6888194444444444,4.2,20.0,10.675,0.8925694444444444,19.0,26.0,21.76388888888889,1014.0,1016.0,1014.9444444444445,36.0,74.0,57.15972222222222,0.0,0.0,0.0,0.0,215.31944444444446,210.52777777777777,414.84027777777777,,0
2017-10-27 00:00:00+00:00,1764.2,0.0,1569.7034722222222,50.9375,58.048611111111114,81.125,81.54166666666667,81.86805555555556,38.4375,52.90277777777778,60.40277777777778,33.201388888888886,15.6,0.0,13.901388888888889,22.3,0.5,8.541666666666666,1.2326388888888888,0.5062500000000001,88.02291666666666,22.46527777777778,-132.10416666666666,186737.36805555556,26871160.0,-117.46527777777777,-3647500,70.70138888888889,75.04166666666667,72.70138888888889,42.06944444444444,45.09722222222222,30.79861111111111,42.395833333333336,37.50694444444444,24.03472222222222,-3.2,89.6,-0.5194444444444445,1.098611111111111,114.27083333333333,43.638888888888886,42.1875,41.576388888888886,39.90277777777778,1119.6263888888889,0.973611111111111,49.99930555555555,399.18055555555554,397.2868055555556,398.12708333333336,944.0986111111112,963.6048611111112,936.8777777777777,2100.3,-50.0,43.888888888888886,0.4583333333333333,8.465972222222222,156.64166666666668,-151.99097222222224,999.9,-214.3,7.4541666666666675,1120.4270833333333,2000.0,0.0,156.9798611111111,-895.1993055555555,0.0,-1000.0,54.50347222222222,826.9694444444444,1000.0,0.0,76.57083333333334,52.666666666666664,87.49861111111112,T06,1.0,15.8,9.140972222222222,1.2943055555555556,1.3,14.3,8.658333333333333,0.4925694444444445,19.0,27.0,21.8125,1015.0,1017.0,1015.5833333333334,36.0,80.0,61.236111111111114,0.0,0.0,0.0,0.0,179.82638888888889,170.19444444444446,415.55555555555554,,0
2017-10-28 00:00:00+00:00,1778.8,50.3,1259.8013888888888,49.33402777777778,50.861111111111114,69.90277777777777,70.5625,70.64583333333333,37.895833333333336,49.05555555555556,54.4375,32.03472222222222,15.7,0.0,11.117361111111112,26.8,0.4,6.860416666666667,1.051388888888889,-0.1333333333333334,81.40208333333334,21.57638888888889,-282.9861111111111,127318.20833333333,18293073.0,-332.81944444444446,-2594226,59.548611111111114,63.333333333333336,60.291666666666664,40.96527777777778,42.34027777777778,30.46527777777778,40.09027777777778,33.96527777777778,23.8125,-3.1,59.5,4.415277777777778,1.375,98.0,42.229166666666664,40.61805555555556,40.263888888888886,39.22222222222222,762.2,0.8,50.0,399.4743055555556,397.4763888888889,397.28055555555557,657.8840277777778,676.3062500000001,656.6743055555556,2103.0,-40.9,40.44444444444444,0.4479166666666667,6.827777777777778,81.19513888888889,-108.07013888888889,908.3,-736.7,33.58541666666667,765.5756944444444,2000.0,0.0,82.04652777777778,-562.3993055555555,0.0,-1000.0,66.55902777777777,505.9430555555556,1000.0,0.0,70.90694444444445,46.486111111111114,76.53472222222223,T06,1.0,18.8,6.481249999999999,1.254375,1.1,16.9,6.945833333333334,0.6047916666666667,19.0,24.0,21.208333333333332,1011.0,1015.0,1012.8680555555555,34.0,77.0,52.173611111111114,0.0,0.0,0.0,0.0,126.54861111111111,135.77083333333334,412.7916666666667,,0
2017-10-29 00:00:00+00:00,1771.2,0.0,1458.8393333333333,62.68266666666666,54.22666666666667,75.74666666666667,76.38666666666667,76.61333333333333,38.526666666666664,52.16,58.18666666666667,31.94,15.6,0.0,12.928,28.9,0.6000000000000001,7.59,1.1633333333333333,-0.05666666666666666,83.12066666666666,21.526666666666667,-96.70666666666666,143333.24666666667,21485482.0,-77.92666666666666,-3341986,61.093333333333334,65.40666666666667,63.39333333333333,41.473333333333336,43.8,30.293333333333333,41.266666666666666,35.44,23.113333333333333,-3.0,89.6,-0.2553333333333334,1.3673333333333333,111.21333333333334,42.92666666666667,41.373333333333335,40.92,39.653333333333336,859.4033333333333,0.9266666666666666,50.002,399.30133333333333,397.142,397.6673333333333,728.6573333333333,753.1266666666667,727.9979999999999,2100.5,-50.0,42.31333333333333,0.558,7.56,120.62866666666666,-133.68333333333334,629.7,-919.3,18.13866666666667,859.7613333333334,2000.0,0.0,120.44466666666668,-826.5686666666667,0.0,-1000.0,81.316,766.2833333333333,1000.0,0.0,84.73266666666666,49.18666666666667,83.18,T06,1.7000000000000002,17.3,7.342361111111111,1.4052777777777778,1.3,16.1,7.785416666666666,0.4650694444444444,18.0,25.0,20.694444444444443,1009.0,1013.0,1010.7847222222222,45.0,79.0,67.79861111111111,0.0,0.0,0.0,0.0,143.77083333333334,152.65972222222223,410.72222222222223,,0
2017-10-30 00:00:00+00:00,1699.4,0.0,1086.4125,103.46597222222222,42.61805555555556,52.96527777777778,54.298611111111114,54.15972222222222,33.99305555555556,45.895833333333336,50.145833333333336,29.8125,15.0,0.0,9.574305555555556,15.9,0.4,4.632638888888889,0.726388888888889,-0.7701388888888889,99.91944444444444,20.46527777777778,-412.75,32765.631944444445,4658816.0,-545.2569444444445,-1537204,46.875,50.361111111111114,47.19444444444444,38.770833333333336,39.84722222222222,30.020833333333332,38.236111111111114,28.75,23.29861111111111,-3.1,66.2,4.022222222222222,2.5541666666666667,88.47222222222223,39.53472222222222,37.583333333333336,37.576388888888886,37.888888888888886,194.10763888888889,0.7284722222222223,49.99861111111111,398.72083333333336,396.84305555555557,395.85069444444446,194.7423611111111,215.41319444444446,205.14791666666667,1572.0,-50.1,36.958333333333336,0.9555555555555555,4.682638888888889,49.75,-64.08055555555556,1000.1,-898.3,69.43263888888889,203.3736111111111,1604.0,0.0,52.481944444444444,-552.4555555555556,0.0,-1000.0,99.71666666666667,552.3687500000001,1000.0,0.0,99.99166666666666,38.638888888888886,100.68958333333333,T06,0.2,10.1,4.102083333333334,0.4303472222222222,0.0,10.9,4.565972222222222,0.29,16.0,25.0,19.458333333333332,1006.0,1009.0,1007.4236111111111,48.0,88.0,73.39583333333333,0.0,0.0,0.0,0.0,78.78472222222223,88.11805555555556,407.38194444444446,,0
2017-10-31 00:00:00+00:00,1755.1,0.0,1456.5680555555555,45.575,59.74305555555556,76.30555555555556,76.68055555555556,77.09722222222223,35.486111111111114,52.11805555555556,58.736111111111114,32.263888888888886,15.5,0.0,12.899999999999999,23.3,1.6,8.447916666666666,1.1798611111111112,1.4291666666666667,92.19999999999999,20.70138888888889,-66.40972222222223,158502.375,22814779.0,-72.27777777777777,-3573987,68.64583333333333,72.44444444444444,69.04861111111111,41.38194444444444,43.604166666666664,29.895833333333332,41.951388888888886,35.13194444444444,22.71527777777778,-3.1,86.2,4.638194444444444,0.9569444444444445,108.91666666666667,42.69444444444444,41.173611111111114,40.673611111111114,39.3125,950.6020833333334,0.9569444444444445,49.99722222222223,399.0756944444445,397.13125,398.18888888888887,803.1520833333333,821.379861111111,796.0694444444445,2100.1,-53.4,42.354166666666664,0.3993055555555556,8.435416666666667,151.85902777777778,-148.91458333333333,420.8,-269.0,6.527083333333334,1081.3881944444445,2000.0,53.6,160.5236111111111,-887.4527777777778,0.0,-1000.0,45.89861111111111,839.9791666666666,1000.0,0.0,70.83958333333334,50.49305555555556,90.77847222222222,T06,2.9,16.9,9.461805555555555,1.3098611111111111,3.3,14.8,8.797222222222222,0.8075694444444445,17.0,24.0,19.833333333333332,1007.0,1011.0,1008.8888888888889,52.0,84.0,71.38194444444444,0.0,0.0,0.0,0.0,186.1875,172.90972222222223,408.84027777777777,,0
2017-11-01 00:00:00+00:00,1799.0,1215.0,1589.3590277777778,55.73888888888889,57.21527777777778,79.45138888888889,79.80555555555556,80.13194444444444,37.72222222222222,53.77777777777778,60.729166666666664,31.381944444444443,15.8,10.8,14.081944444444444,24.5,1.1,8.574305555555556,1.3604166666666666,-0.01249999999999999,104.15138888888889,21.180555555555557,0.0,184487.27777777778,26566168.0,0.0,-4233214,69.69444444444444,73.59722222222223,70.02083333333333,42.02777777777778,44.3125,29.98611111111111,42.173611111111114,36.88194444444444,23.29861111111111,-3.2,9.4,-1.370138888888889,0.775,114.36111111111111,43.673611111111114,42.263888888888886,41.673611111111114,39.84027777777778,1106.8937500000002,0.9937499999999999,49.99583333333333,399.42291666666665,397.2888888888889,399.09583333333336,938.0770833333333,954.4590277777778,919.4256944444444,2102.1,131.9,43.74305555555556,0.48819444444444443,8.589583333333334,195.45486111111111,-176.3826388888889,-104.9,-276.9,4.925000000000001,1105.3861111111112,2000.0,128.8,195.42291666666668,-941.2555555555555,-583.3,-1000.0,59.418749999999996,877.2659722222222,1000.0,406.1,83.00902777777777,50.69444444444444,104.16666666666667,T06,1.4,17.1,8.350000000000001,2.505902777777778,1.7000000000000002,16.5,8.236805555555556,2.305347222222222,18.0,24.0,20.21527777777778,1009.0,1011.0,1009.9861111111111,54.0,81.0,71.28472222222223,0.0,0.0,0.0,0.0,163.88194444444446,161.65972222222223,409.9583333333333,,0
2017-11-02 00:00:00+00:00,1703.7,0.0,1018.0272727272728,93.8159090909091,43.765151515151516,54.92424242424242,55.88636363636363,56.11363636363637,34.50757575757576,47.97727272727273,51.43181818181818,29.022727272727273,15.1,0.0,8.975,21.4,0.4,4.668181818181819,0.7674242424242426,0.8575757575757575,153.36666666666667,20.734848484848484,-407.45454545454544,35935.25,4689670.0,-455.02272727272725,-1618496,48.77272727272727,52.14393939393939,48.96212121212121,38.40909090909091,36.234848484848484,30.174242424242426,38.18181818181818,30.386363636363637,23.795454545454547,-3.0,90.0,7.328787878787878,2.4075757575757577,87.81060606060606,39.06818181818182,37.11363636363637,37.15909090909091,37.49242424242424,213.1401515151515,0.7992424242424242,49.999242424242425,398.5257575757576,396.9878787878788,396.49242424242425,196.2030303030303,212.5621212121212,198.95075757575756,1759.2,-50.2,36.90151515151515,0.8454545454545456,4.703787878787878,70.04469696969697,-73.56742424242424,1000.0,-609.4,25.529545454545456,225.40530303030303,1782.6,0.0,72.22575757575757,-566.1189393939394,0.0,-1000.0,115.52424242424243,566.025,1000.0,0.0,115.91287878787878,40.871212121212125,155.22575757575757,T06,0.7000000000000001,12.6,4.646527777777778,0.8434027777777778,0.6000000000000001,13.0,4.409722222222222,0.8813888888888889,18.0,22.0,19.631944444444443,1007.0,1011.0,1009.1527777777778,61.0,90.0,79.99305555555556,0.0,0.0,0.0,0.0,89.68055555555556,84.94444444444444,409.13194444444446,,0
2017-11-03 00:00:00+00:00,1716.8,0.0,835.4437499999999,115.72777777777777,40.00694444444444,48.49305555555556,49.395833333333336,49.416666666666664,35.3125,45.90972222222222,48.625,27.65277777777778,15.2,0.0,7.272222222222222,31.9,0.4,3.8583333333333334,0.7250000000000001,-5.039583333333334,164.55347222222224,20.09722222222222,-685.2291666666666,19452.45138888889,2702478.0,-780.6597222222222,-1210850,46.083333333333336,49.375,45.8125,37.041666666666664,32.75,29.895833333333332,36.076388888888886,28.0,23.27777777777778,-2.9,89.6,9.883333333333333,3.1263888888888887,72.51388888888889,37.55555555555556,35.59722222222222,35.666666666666664,36.21527777777778,112.59097222222222,0.7284722222222223,49.99930555555555,398.6486111111111,397.24930555555557,396.6423611111111,118.09583333333333,128.66875,120.72708333333334,2026.6,-50.1,33.5,1.0465277777777777,3.9034722222222222,55.89930555555556,-50.46388888888889,1000.2,-876.1,34.60347222222222,124.66805555555555,2000.0,0.0,58.07430555555556,-349.9527777777778,0.0,-1000.0,107.78819444444444,349.6041666666667,1000.0,0.0,108.34375,37.61805555555556,169.58680555555554,T06,0.6000000000000001,13.2,4.460416666666666,0.45055555555555554,0.0,13.2,4.388194444444444,0.50375,17.0,21.0,19.180555555555557,1004.0,1008.0,1006.1944444444445,65.0,93.0,81.0625,0.0,39.0,0.5763888888888888,0.0,86.10416666666667,84.52777777777777,406.13194444444446,,0
2017-11-04 00:00:00+00:00,1746.2,105.0,1424.0972222222222,60.32777777777778,49.46527777777778,66.45833333333333,67.25694444444444,67.24305555555556,33.833333333333336,51.486111111111114,56.71527777777778,28.25,15.4,0.0,12.611805555555556,23.4,0.5,6.697222222222222,1.0930555555555557,-0.04305555555555554,249.63680555555553,19.756944444444443,-56.80555555555556,107847.04166666667,15521793.0,-61.78472222222222,-3289024,61.138888888888886,65.16666666666667,61.15972222222222,40.0625,34.326388888888886,29.40972222222222,39.541666666666664,32.59027777777778,22.166666666666668,-3.3,60.5,-0.9659722222222222,0.5854166666666667,104.71527777777777,41.25694444444444,39.53472222222222,39.27777777777778,38.38194444444444,646.7506944444444,0.9138888888888889,50.0,398.60069444444446,396.6722222222222,397.13472222222225,552.2840277777777,574.2166666666667,551.9416666666667,2100.7,-45.4,39.3125,0.5381944444444444,6.813888888888889,161.91041666666666,-137.04375,630.8,-455.9,9.817361111111111,647.5756944444444,2000.0,0.0,162.51527777777778,-870.3041666666667,0.0,-1000.0,65.90694444444445,850.9402777777777,1000.0,0.0,88.72638888888889,47.84722222222222,249.68055555555554,T06,1.6,14.5,7.4375,0.788125,1.5,14.6,7.5256944444444445,0.8028472222222223,16.0,20.0,19.02777777777778,1004.0,1012.0,1007.4652777777778,61.0,90.0,76.10416666666667,0.0,12.0,0.20833333333333334,0.0,145.59027777777777,147.25694444444446,407.4166666666667,,0
2017-11-05 00:00:00+00:00,1549.2,0.0,639.3590277777778,81.73958333333333,35.611111111111114,43.77777777777778,44.416666666666664,44.78472222222222,32.78472222222222,42.00694444444444,43.986111111111114,27.72222222222222,13.7,0.0,5.5375,11.4,0.4,3.2006944444444443,0.5833333333333334,-3.5618055555555554,314.6111111111111,18.256944444444443,-736.3888888888889,9346.055555555555,1239791.0,-750.8194444444445,-746137,43.63194444444444,47.083333333333336,43.513888888888886,35.09027777777778,34.423611111111114,27.395833333333332,34.18055555555556,24.979166666666668,20.75,-3.0,89.7,13.704166666666667,2.1631944444444446,61.75,35.50694444444444,33.8125,33.90277777777778,34.09722222222222,51.65763888888889,0.7194444444444446,49.99861111111111,398.9944444444444,397.2576388888889,395.6048611111111,61.78958333333334,73.94583333333334,66.63680555555555,639.5,-49.9,30.65972222222222,0.8090277777777778,3.271527777777778,25.678472222222222,-31.07638888888889,981.2,-583.8,25.330555555555556,62.57847222222222,653.6,0.0,28.325000000000003,-224.14999999999998,0.0,-1000.0,71.2173611111111,224.14999999999998,1000.0,0.0,71.2173611111111,35.486111111111114,318.1798611111111,T06,0.4,7.8,3.9402777777777778,0.19340277777777778,0.6000000000000001,8.1,3.904166666666667,0.19770833333333332,14.0,20.0,17.15277777777778,1011.0,1015.0,1013.0972222222222,58.0,89.0,76.55555555555556,0.0,0.0,0.0,0.0,75.56944444444444,74.8125,413.0416666666667,,0
2017-11-06 00:00:00+00:00,1705.3,0.0,923.186111111111,80.14791666666666,39.69444444444444,49.4375,50.13194444444444,50.388888888888886,31.631944444444443,44.826388888888886,48.06944444444444,28.069444444444443,15.1,0.0,8.122222222222222,17.5,0.4,4.259722222222222,0.675,2.1645833333333333,94.80555555555556,18.416666666666668,-450.99305555555554,34236.180555555555,4865064.0,-469.19444444444446,-1463830,46.50694444444444,49.86805555555556,46.18055555555556,36.513888888888886,35.826388888888886,27.72222222222222,35.72222222222222,27.125,20.59027777777778,-3.2,89.6,8.354861111111111,1.6069444444444445,77.03472222222223,37.354166666666664,35.5,35.52777777777778,35.458333333333336,202.71180555555554,0.7465277777777778,49.99861111111111,399.03472222222223,397.44375,396.9638888888889,190.86666666666667,202.92013888888889,191.57708333333332,1627.1,-49.9,32.673611111111114,0.7340277777777778,4.36875,59.12986111111112,-60.982638888888886,1000.0,-550.0,23.793750000000003,211.58958333333334,1657.8,0.0,61.08263888888889,-416.8972222222222,0.0,-1000.0,52.95625,416.72847222222225,1000.0,0.0,53.63263888888889,38.69444444444444,85.13819444444444,T06,0.3,12.5,4.585416666666666,0.6360416666666667,0.0,11.4,4.819444444444445,0.2702083333333334,14.0,22.0,17.67361111111111,1009.0,1014.0,1011.2638888888889,51.0,80.0,68.15277777777777,0.0,0.0,0.0,0.0,88.40277777777777,93.25,411.1875,,0
2017-11-07 00:00:00+00:00,1677.2,0.0,660.8868055555555,97.32569444444444,36.38194444444444,43.888888888888886,44.61805555555556,44.791666666666664,31.88888888888889,42.541666666666664,44.93055555555556,27.743055555555557,14.9,0.0,5.740972222222222,11.1,0.4,3.245138888888889,0.5597222222222222,1.3069444444444445,72.38333333333334,17.833333333333332,-817.2291666666666,7049.798611111111,897494.0,-911.7361111111111,-754648,42.90972222222222,46.1875,42.65972222222222,35.458333333333336,35.49305555555556,26.59027777777778,34.84722222222222,24.84722222222222,19.930555555555557,-2.7,89.6,14.000694444444443,2.511111111111111,66.70138888888889,36.020833333333336,34.048611111111114,34.21527777777778,34.78472222222222,37.39722222222222,0.6409722222222223,49.99791666666667,398.90277777777777,397.48055555555555,396.8569444444445,63.22222222222222,69.19999999999999,63.97083333333333,901.8,-50.0,30.84027777777778,0.8979166666666667,3.3208333333333333,19.868055555555557,-31.46111111111111,1000.3,-831.0,40.00833333333333,51.12777777777777,920.8,0.0,22.36875,-150.25347222222223,0.0,-1000.0,62.1576388888889,150.25347222222223,1000.0,0.0,62.1576388888889,35.604166666666664,66.07986111111111,T06,0.5,8.7,3.4722222222222223,0.24298611111111112,0.5,8.5,3.658333333333333,0.22951388888888888,13.0,21.0,16.916666666666668,1009.0,1012.0,1010.1041666666666,35.0,81.0,62.47222222222222,0.0,0.0,0.0,0.0,66.08333333333333,69.86805555555556,410.00694444444446,,0
2017-11-08 00:00:00+00:00,1466.2,0.0,348.09513888888887,49.80347222222222,29.54861111111111,33.076388888888886,33.21527777777778,33.50694444444444,31.98611111111111,38.236111111111114,39.21527777777778,26.28472222222222,13.0,0.0,2.9,10.1,0.4,2.7534722222222223,0.4694444444444445,-2.957638888888889,161.02499999999998,18.0,-791.5972222222222,5003.104166666667,606459.0,-748.5763888888889,-361584,41.1875,44.53472222222222,40.875,32.145833333333336,32.708333333333336,27.194444444444443,32.38194444444444,22.90277777777778,20.40277777777778,-2.5,89.6,19.946527777777778,1.3652777777777778,39.611111111111114,32.34027777777778,31.20138888888889,31.305555555555557,30.694444444444443,25.272222222222222,0.757638888888889,50.00069444444445,398.9222222222222,397.6875,396.4243055555555,33.22013888888889,39.08541666666667,36.32083333333333,486.2,-50.0,27.88888888888889,0.5201388888888889,2.7708333333333335,9.211111111111112,-15.099305555555556,1000.3,-710.7,12.96736111111111,34.577083333333334,493.1,0.0,11.000694444444443,-113.36944444444445,0.0,-1000.0,21.85486111111111,113.36944444444445,1000.0,0.0,21.85486111111111,30.180555555555557,173.98541666666668,T06,0.0,7.3,3.0395833333333333,0.1497222222222222,0.0,7.2,3.082638888888889,0.1309722222222222,14.0,22.0,17.3125,1011.0,1014.0,1011.9930555555555,27.0,86.0,63.763888888888886,0.0,0.0,0.0,0.0,57.56944444444444,58.40972222222222,411.8888888888889,,0
2017-11-09 00:00:00+00:00,1694.3,0.0,630.2402777777778,56.55555555555556,37.5625,43.548611111111114,44.22222222222222,44.53472222222222,31.319444444444443,42.416666666666664,44.083333333333336,24.875,15.0,0.0,5.368055555555555,24.9,0.4,3.214583333333333,0.7166666666666667,2.624305555555556,145.74513888888887,16.708333333333332,-541.1944444444445,17390.180555555555,2426254.0,-504.03472222222223,-1035258,41.84722222222222,45.34722222222222,41.548611111111114,34.333333333333336,30.67361111111111,25.354166666666668,33.46527777777778,23.77777777777778,18.444444444444443,-3.2,89.7,13.197916666666666,1.3048611111111112,61.736111111111114,34.63194444444444,33.19444444444444,33.229166666666664,32.895833333333336,101.08611111111111,0.7840277777777778,49.99861111111111,398.9347222222222,397.4465277777778,397.0833333333333,98.78055555555555,107.70555555555556,99.45416666666667,1326.0,-43.8,29.708333333333332,0.5354166666666668,3.3444444444444446,40.46111111111111,-43.13194444444444,999.9,-614.8,12.895833333333334,106.49791666666667,1337.7,0.0,41.55416666666667,-327.07500000000005,0.0,-1000.0,72.85763888888889,327.07500000000005,1000.0,0.0,72.85763888888889,36.28472222222222,185.64027777777778,T06,0.0,9.8,3.9770833333333337,0.41868055555555556,0.0,9.7,3.951388888888889,0.4011805555555556,12.0,20.0,15.715277777777779,1011.0,1017.0,1013.0763888888889,34.0,71.0,53.013888888888886,0.0,0.0,0.0,0.0,76.15972222222223,75.71527777777777,412.99305555555554,,0
2017-11-10 00:00:00+00:00,1758.6,0.0,748.0694444444445,63.27361111111111,40.548611111111114,50.9375,51.104166666666664,51.666666666666664,31.23611111111111,45.895833333333336,47.673611111111114,24.666666666666668,15.6,0.0,6.438888888888889,21.3,0.4,4.435416666666667,0.8930555555555555,0.2986111111111107,75.88402777777777,15.944444444444445,-565.4444444444445,62490.72222222222,8917240.0,-515.1944444444445,-1736331,49.979166666666664,53.604166666666664,49.673611111111114,34.979166666666664,30.71527777777778,24.5625,34.49305555555556,24.90972222222222,17.416666666666668,-3.1,86.1,12.781944444444443,1.2888888888888888,67.29861111111111,35.701388888888886,34.43055555555556,34.34722222222222,33.138888888888886,371.54999999999995,0.8131944444444446,49.99513888888889,398.9479166666667,397.43541666666664,397.36041666666665,330.77916666666664,337.5569444444444,326.3173611111111,2101.7,-42.7,31.604166666666668,0.5868055555555556,4.477083333333334,106.67847222222223,-72.31875,1000.1,-843.1,20.40277777777778,379.8513888888889,2000.0,0.0,105.75208333333333,-380.2444444444444,0.0,-1000.0,56.49583333333333,359.3298611111111,1000.0,0.0,72.34444444444445,43.673611111111114,78.07152777777777,T06,0.0,14.9,4.815277777777777,0.7930555555555556,0.0,14.8,4.75625,0.7526388888888889,10.0,19.0,15.090277777777779,1016.0,1020.0,1017.7986111111111,30.0,55.0,40.701388888888886,0.0,0.0,0.0,0.0,93.06944444444444,91.97222222222223,417.77777777777777,,0
2017-11-11 00:00:00+00:00,1685.7,0.0,593.8333333333334,101.15277777777777,35.513888888888886,42.55555555555556,43.111111111111114,43.451388888888886,32.708333333333336,42.52777777777778,44.31944444444444,26.583333333333332,14.9,0.0,5.084027777777778,14.0,0.4,3.3041666666666667,0.6729166666666667,0.2645833333333333,133.03611111111113,18.23611111111111,-692.7708333333334,9857.6875,1319752.0,-725.6875,-748550,43.03472222222222,46.34722222222222,42.72222222222222,34.59027777777778,31.82638888888889,26.291666666666668,33.979166666666664,25.020833333333332,19.680555555555557,-2.7,89.7,17.728472222222223,2.879861111111111,56.375,34.923611111111114,33.451388888888886,33.513888888888886,33.36805555555556,54.97291666666667,0.6972222222222223,49.99861111111111,398.6979166666667,397.06180555555557,396.0652777777778,75.19513888888889,82.5326388888889,77.60694444444444,1045.6,-50.0,30.17361111111111,0.9506944444444445,3.3944444444444444,34.25138888888889,-31.176388888888887,1000.3,-1000.3,47.141666666666666,80.2875,1108.9,0.0,40.361805555555556,-198.88888888888889,0.0,-1000.0,78.42708333333333,198.88888888888889,1000.0,0.0,78.42708333333333,36.90972222222222,107.775,T06,0.0,11.8,4.2243055555555555,0.4428472222222222,0.0,11.6,4.237500000000001,0.42215277777777777,13.0,23.0,17.54861111111111,1015.0,1020.0,1017.3472222222222,31.0,54.0,43.104166666666664,0.0,0.0,0.0,0.0,81.27777777777777,81.58333333333333,417.25,,0
2017-11-12 00:00:00+00:00,1445.9,0.0,535.4763888888889,51.53333333333333,33.75694444444444,41.201388888888886,41.69444444444444,42.166666666666664,32.736111111111114,41.05555555555556,42.125,26.25,12.8,0.0,4.641666666666667,10.8,0.4,2.8041666666666667,0.44583333333333336,6.765972222222222,190.72430555555556,17.86111111111111,-638.4444444444445,6722.1875,876059.0,-643.3541666666666,-637338,42.30555555555556,45.65972222222222,41.875,34.09722222222222,31.743055555555557,27.875,33.94444444444444,24.1875,20.82638888888889,-2.6,84.6,14.893055555555556,1.3180555555555555,57.291666666666664,34.47222222222222,32.86805555555556,32.951388888888886,32.986111111111114,36.49583333333333,0.7152777777777778,49.99930555555555,398.62916666666666,397.07916666666665,395.4486111111111,51.605555555555554,61.14027777777778,54.90416666666667,466.0,-49.9,29.90972222222222,0.48055555555555557,2.8583333333333334,15.0,-26.57361111111111,999.8,-722.5,29.793055555555554,44.90347222222223,470.4,0.0,15.715277777777779,-179.58749999999998,0.0,-1000.0,50.645833333333336,179.58749999999998,1000.0,0.0,50.645833333333336,34.81944444444444,163.96319444444444,T06,0.0,7.3,3.1631944444444446,0.15381944444444445,0.0,7.5,3.1402777777777775,0.160625,15.0,22.0,17.395833333333332,1012.0,1016.0,1013.6180555555555,37.0,87.0,56.59027777777778,0.0,0.0,0.0,0.0,59.84027777777778,59.479166666666664,413.5416666666667,,0
2017-11-13 00:00:00+00:00,1451.9,0.0,422.9375,32.29097222222222,31.04861111111111,38.18055555555556,38.49305555555556,39.09722222222222,31.40277777777778,39.361111111111114,39.6875,25.118055555555557,12.8,0.0,3.591666666666667,10.3,0.4,2.5284722222222222,0.47430555555555554,-17.931944444444444,257.3902777777778,16.666666666666668,-613.7777777777778,6244.444444444444,810815.0,-566.9097222222222,-653914,40.43055555555556,44.048611111111114,40.145833333333336,33.00694444444444,30.958333333333332,26.506944444444443,32.770833333333336,22.45138888888889,19.92361111111111,-2.4,59.8,16.830555555555556,0.7381944444444444,51.21527777777778,33.25694444444444,31.875,31.958333333333332,31.51388888888889,33.78680555555556,0.757638888888889,49.99930555555555,398.4513888888889,397.1736111111111,395.5826388888889,42.96597222222223,50.01111111111111,44.25347222222222,473.2,-32.8,28.375,0.2916666666666667,2.5868055555555554,16.665972222222223,-27.234027777777776,1000.1,-724.5,12.754166666666666,39.381249999999994,478.7,0.0,15.590277777777779,-171.09722222222223,0.0,-1000.0,55.011805555555554,171.09722222222223,1000.0,0.0,55.011805555555554,31.98611111111111,282.825,T06,0.0,8.0,2.9749999999999996,0.15305555555555556,0.0,8.2,2.9520833333333334,0.15993055555555558,12.0,20.0,15.916666666666666,1008.0,1012.0,1010.1736111111111,46.0,93.0,72.38194444444444,0.0,1.0,0.006944444444444444,0.0,56.19444444444444,55.75,410.1111111111111,,0
2017-11-14 00:00:00+00:00,1446.3,0.0,348.93402777777777,55.70763888888889,32.520833333333336,33.25,33.34722222222222,34.111111111111114,31.256944444444443,36.875,37.11805555555556,24.90972222222222,12.8,0.0,2.9868055555555553,10.7,0.4,2.4916666666666667,0.5125,28.219444444444445,116.97777777777777,16.09722222222222,-609.6388888888889,4978.715277777777,629146.0,-561.8958333333334,-393208,39.395833333333336,42.958333333333336,38.84722222222222,32.40972222222222,31.833333333333332,24.90277777777778,31.805555555555557,21.208333333333332,18.604166666666668,-2.7,89.7,27.22361111111111,1.8375000000000001,39.21527777777778,32.65972222222222,31.48611111111111,31.54861111111111,30.75,26.214583333333334,0.726388888888889,49.993750000000006,398.81388888888887,397.59444444444443,396.3798611111111,38.743750000000006,44.46319444444444,40.7625,541.1,-46.6,26.52777777777778,0.49166666666666664,2.522222222222222,11.370833333333334,-16.41736111111111,999.9,-731.1,22.40277777777778,35.25902777777778,544.7,0.0,13.931249999999999,-118.36250000000001,0.0,-1000.0,30.03888888888889,118.36250000000001,1000.0,0.0,30.03888888888889,30.444444444444443,201.26597222222222,T06,0.0,8.9,2.5166666666666666,0.2525,0.0,7.8,2.5381944444444446,0.19569444444444445,11.0,20.0,15.256944444444445,1008.0,1011.0,1009.1527777777778,20.0,80.0,54.826388888888886,0.0,0.0,0.0,0.0,47.013888888888886,47.43055555555556,409.13194444444446,,0
2017-11-15 00:00:00+00:00,1727.0,0.0,867.0347222222222,45.96736111111111,43.71527777777778,56.576388888888886,56.888888888888886,57.798611111111114,30.180555555555557,49.104166666666664,50.4375,27.92361111111111,15.3,0.0,7.660416666666666,19.6,0.7000000000000001,7.455555555555555,1.0861111111111112,5.834722222222222,91.67986111111111,17.041666666666668,-331.3888888888889,65307.881944444445,9356616.0,-407.3888888888889,-2029351,51.333333333333336,54.63194444444444,50.826388888888886,36.895833333333336,36.923611111111114,25.631944444444443,37.291666666666664,27.65277777777778,18.6875,-3.1,86.1,32.03333333333333,0.6020833333333333,75.52083333333333,37.63194444444444,35.833333333333336,35.854166666666664,35.666666666666664,389.9138888888889,0.8,49.99861111111111,399.45694444444445,397.87638888888887,399.26874999999995,340.2756944444444,348.74861111111113,335.7388888888889,2097.9,-42.2,34.77777777777778,0.39166666666666666,7.529166666666667,66.55208333333333,-84.57013888888889,610.4,-482.8,8.034027777777778,833.4930555555555,2000.0,0.0,182.69097222222223,-531.1888888888889,0.0,-1000.0,15.948611111111111,528.3340277777778,1000.0,0.0,17.938194444444445,51.4375,85.80902777777777,T06,2.3,16.8,8.48125,1.437361111111111,2.3,14.9,8.318055555555555,0.5745138888888889,14.0,19.0,16.15972222222222,1009.0,1012.0,1010.1458333333334,53.0,83.0,70.22222222222223,0.0,0.0,0.0,0.0,166.59027777777777,163.20833333333334,409.9791666666667,,0
2017-11-16 00:00:00+00:00,1695.9,0.0,625.7979166666667,29.65555555555555,36.03472222222222,46.201388888888886,46.854166666666664,47.59027777777778,31.09722222222222,41.111111111111114,42.333333333333336,27.055555555555557,15.0,0.0,5.515972222222222,16.4,0.4,3.729861111111111,0.5729166666666666,2.8986111111111112,116.36319444444445,17.069444444444443,-361.40277777777777,16896.631944444445,2381076.0,-421.1041666666667,-925232,43.71527777777778,47.25694444444444,43.395833333333336,36.22222222222222,34.84722222222222,25.256944444444443,35.923611111111114,24.854166666666668,18.72222222222222,-3.1,86.1,37.92777777777778,1.1083333333333334,65.55555555555556,36.701388888888886,34.75,34.86805555555556,35.333333333333336,99.1888888888889,0.675,49.99791666666667,399.68402777777777,398.1486111111111,398.2027777777778,100.70416666666667,109.10347222222222,101.80555555555556,1013.2,-40.8,31.618055555555557,0.2520833333333333,3.759722222222222,21.90347222222222,-38.544444444444444,792.7,-717.4,23.068055555555556,116.39305555555555,1109.6,0.0,27.445138888888888,-301.62291666666664,0.0,-1000.0,46.7375,301.62291666666664,1000.0,0.0,46.7375,35.90972222222222,108.48055555555555,T06,0.0,9.5,3.5013888888888887,0.2640277777777778,0.0,9.2,4.054861111111111,0.18069444444444444,13.0,22.0,16.006944444444443,1010.0,1012.0,1010.7291666666666,47.0,85.0,72.29166666666667,0.0,0.0,0.0,0.0,66.66666666666667,77.81944444444444,410.72222222222223,,0
2017-11-17 00:00:00+00:00,1685.3,166.9,1293.4479166666667,34.15347222222223,43.46527777777778,56.74305555555556,58.611111111111114,58.30555555555556,30.1875,46.99305555555556,51.86805555555556,25.916666666666668,14.9,1.5,11.465972222222222,17.0,0.4,5.272222222222222,0.7513888888888889,-0.05555555555555558,82.85208333333334,17.166666666666668,-39.666666666666664,45724.979166666664,6578684.0,-40.020833333333336,-2395478,45.5625,49.041666666666664,45.34027777777778,39.50694444444444,34.416666666666664,26.59027777777778,36.36805555555556,27.40277777777778,18.895833333333332,-3.0,56.5,-1.1118055555555555,0.6319444444444444,100.61111111111111,40.28472222222222,38.4375,38.30555555555556,38.083333333333336,274.09166666666664,0.8673611111111111,49.99652777777778,397.9888888888889,396.4375,397.14374999999995,251.7923611111111,261.56666666666666,244.4013888888889,1049.5,-48.1,35.104166666666664,0.3048611111111111,5.420833333333333,60.357638888888886,-99.81805555555555,996.5,-814.3,19.884722222222223,275.21875,1076.9,0.0,60.08819444444445,-817.2993055555556,0.0,-1000.0,120.31597222222223,817.2993055555556,1000.0,0.0,120.31597222222223,39.395833333333336,82.90972222222223,T06,1.4,10.0,5.370138888888889,0.7086805555555555,1.6,9.5,5.747916666666667,0.260625,14.0,20.0,16.180555555555557,1009.0,1012.0,1011.0208333333334,54.0,84.0,72.84027777777777,0.0,0.0,0.0,0.0,104.14583333333333,111.70138888888889,410.9791666666667,,0
2017-11-18 00:00:00+00:00,1710.6,1195.9,1392.8180555555555,58.69513888888889,44.90972222222222,59.28472222222222,60.69444444444444,60.486111111111114,29.54861111111111,49.84027777777778,54.9375,25.95138888888889,15.1,10.6,12.335416666666667,16.2,0.9,6.309722222222223,0.9180555555555556,-0.17777777777777776,82.95138888888889,16.895833333333332,0.0,81659.67361111111,11758993.0,0.0,-2993571,50.30555555555556,54.21527777777778,50.354166666666664,39.78472222222222,34.63194444444444,26.618055555555557,36.979166666666664,28.57638888888889,19.03472222222222,-3.2,2.1,-1.7756944444444445,0.32708333333333334,103.13888888888889,40.77777777777778,39.013888888888886,38.75,38.076388888888886,489.96597222222226,0.9520833333333333,49.99652777777778,398.5236111111111,396.55277777777775,397.07222222222225,418.3097222222222,440.68611111111113,418.5861111111111,1798.8,-17.0,36.263888888888886,0.5159722222222222,6.438888888888889,108.38541666666667,-124.73333333333332,0.0,-246.0,5.396527777777778,490.0541666666667,1871.5,0.0,109.01736111111111,-961.5625,0.0,-1000.0,50.203472222222224,960.9972222222223,1000.0,0.0,52.21458333333333,40.770833333333336,83.13055555555555,T06,1.7000000000000002,12.8,5.939583333333333,1.1904861111111111,1.7000000000000002,11.4,6.728472222222222,0.5238888888888888,13.0,20.0,15.930555555555555,1009.0,1011.0,1010.1041666666666,51.0,83.0,71.14583333333333,0.0,0.0,0.0,0.0,115.52777777777777,131.43055555555554,410.09027777777777,,0
2017-11-19 00:00:00+00:00,1774.8,0.0,1616.8131944444444,43.579166666666666,55.611111111111114,77.65277777777777,78.0,78.14583333333333,31.881944444444443,52.99305555555556,59.923611111111114,28.03472222222222,15.6,0.0,14.323611111111111,25.1,1.5,8.79861111111111,1.3340277777777778,0.4652777777777778,82.12777777777778,17.354166666666668,-19.916666666666668,201112.90277777778,28957389.0,-16.09722222222222,-4159735,70.1875,74.61111111111111,70.90972222222223,41.520833333333336,37.56944444444444,26.79861111111111,39.93055555555556,34.21527777777778,19.145833333333332,-3.2,89.6,-1.2479166666666668,1.0145833333333334,112.07638888888889,43.166666666666664,41.770833333333336,41.145833333333336,38.833333333333336,1206.5576388888887,0.9930555555555556,49.99861111111111,399.45902777777775,397.45624999999995,398.9291666666667,1018.5277777777778,1035.8076388888887,1003.8888888888889,2101.2,-45.2,41.1875,0.38819444444444445,8.859027777777778,188.42708333333334,-173.32291666666666,-13.3,-218.4,5.086805555555555,1209.632638888889,2000.0,130.8,185.5423611111111,-956.8562499999999,0.0,-1000.0,51.55138888888889,884.0548611111111,1000.0,0.0,87.45486111111111,62.31944444444444,81.67083333333333,T06,2.8,15.8,8.479166666666666,1.8852777777777778,3.2,14.4,9.439583333333333,0.5854861111111112,14.0,20.0,16.4375,1009.0,1012.0,1010.9861111111111,55.0,80.0,70.58333333333333,0.0,0.0,0.0,0.0,166.44444444444446,185.83333333333334,410.96527777777777,,0
2017-11-20 00:00:00+00:00,1755.1,1196.1,1502.1430555555555,43.486111111111114,51.645833333333336,70.75,71.32638888888889,71.54861111111111,31.875,51.458333333333336,57.361111111111114,28.354166666666668,15.5,10.6,13.314583333333333,27.1,1.6,7.383333333333334,1.0645833333333334,-0.08958333333333333,85.35694444444444,18.27777777777778,0.0,136750.59722222222,19692086.0,0.0,-3433985,61.61805555555556,65.20833333333333,62.96527777777778,40.875,37.166666666666664,27.67361111111111,39.270833333333336,33.61805555555556,20.21527777777778,-3.2,5.7,-1.6895833333333334,0.3979166666666667,108.60416666666667,42.138888888888886,40.576388888888886,40.166666666666664,38.81944444444444,820.4368055555556,0.9437500000000001,49.99722222222223,399.2583333333333,397.47847222222225,398.75,700.1319444444445,712.9416666666667,685.7256944444445,2099.5,-15.4,39.354166666666664,0.3854166666666667,7.46875,138.58333333333334,-143.07986111111111,0.7000000000000001,-215.3,5.231944444444444,820.1548611111111,2000.0,0.0,139.1986111111111,-925.4826388888889,0.0,-1000.0,53.993750000000006,888.9680555555556,1000.0,0.0,74.25277777777778,47.55555555555556,85.45833333333333,T06,2.0,13.9,7.495138888888889,1.1888194444444444,2.1,13.5,7.876388888888889,0.44409722222222225,15.0,22.0,17.5,1012.0,1014.0,1012.7083333333334,42.0,80.0,64.16666666666667,0.0,0.0,0.0,0.0,146.91666666666666,154.375,412.6875,,0
2017-11-21 00:00:00+00:00,1696.4,0.0,1122.8479166666666,86.15416666666667,46.44444444444444,54.09027777777778,55.25,55.298611111111114,31.819444444444443,46.666666666666664,50.55555555555556,28.73611111111111,15.0,0.0,9.95138888888889,13.9,0.5,4.817361111111111,0.6784722222222223,0.5291666666666667,97.54444444444444,19.118055555555557,-422.9791666666667,37126.53472222222,5285315.0,-505.68055555555554,-1641739,49.09722222222222,52.375,49.111111111111114,38.5,35.52777777777778,28.54861111111111,36.77777777777778,29.34027777777778,21.48611111111111,-3.3,89.6,3.959027777777778,2.2659722222222225,89.04166666666667,39.326388888888886,37.40972222222222,37.40277777777778,37.4375,220.19930555555555,0.7534722222222222,49.99722222222223,399.10625000000005,397.38680555555555,397.87569444444443,214.61874999999998,226.63055555555556,212.26666666666668,1269.7,-50.1,34.90277777777778,0.7645833333333333,4.874305555555555,50.88333333333333,-68.42569444444445,999.6,-774.5,44.75833333333333,229.5055555555556,1290.0,0.0,52.545138888888886,-550.8555555555555,0.0,-1000.0,94.84722222222223,550.8555555555555,1000.0,0.0,94.84722222222223,39.298611111111114,97.01458333333333,T06,1.2,9.2,4.995833333333334,0.4322916666666667,0.9,8.9,5.054861111111111,0.2803472222222222,15.0,23.0,18.20138888888889,1010.0,1014.0,1012.1180555555555,27.0,71.0,48.31944444444444,0.0,0.0,0.0,0.0,96.77083333333333,97.99305555555556,412.09027777777777,,0
2017-11-22 00:00:00+00:00,1684.7,0.0,992.9472222222222,70.90694444444445,44.8125,52.56944444444444,53.90972222222222,53.84722222222222,31.34722222222222,44.583333333333336,48.15972222222222,28.52777777777778,14.9,0.0,8.760416666666666,13.3,0.4,4.137499999999999,0.6256944444444446,-1.7041666666666666,116.53055555555557,18.07638888888889,-441.40972222222223,21456.26388888889,3026137.0,-527.6527777777778,-1274393,45.166666666666664,48.46527777777778,44.9375,37.729166666666664,35.0625,28.118055555555557,35.93055555555556,27.145833333333332,21.29861111111111,-3.0,89.6,6.296527777777778,1.976388888888889,83.97916666666667,38.50694444444444,36.56944444444444,36.604166666666664,36.86805555555556,126.07708333333332,0.6875,49.99722222222223,398.40416666666664,396.92083333333335,396.4513888888889,140.48055555555555,151.04305555555555,141.03680555555556,1080.5,-50.0,33.583333333333336,0.6430555555555555,4.200694444444444,36.44513888888889,-53.05555555555556,1000.1,-704.1,52.28958333333333,133.0909722222222,1100.0,0.0,37.17986111111111,-417.8527777777778,0.0,-1000.0,94.26458333333333,417.8527777777778,1000.0,0.0,94.26458333333333,38.09027777777778,118.23333333333332,T06,1.0,10.2,4.361805555555556,0.3459027777777778,0.9,9.3,4.407638888888889,0.32208333333333333,14.0,22.0,17.319444444444443,1007.0,1011.0,1008.3333333333334,31.0,67.0,46.604166666666664,0.0,0.0,0.0,0.0,84.08333333333333,84.92361111111111,408.2986111111111,,0
2017-11-23 00:00:00+00:00,1502.4,47.7,688.4819444444444,80.93263888888889,36.416666666666664,42.43055555555556,43.104166666666664,43.28472222222222,32.270833333333336,41.541666666666664,44.3125,28.256944444444443,13.2,0.0,6.000694444444445,23.2,0.4,3.1055555555555556,0.5555555555555556,-6.227777777777778,120.17430555555555,19.28472222222222,-724.9375,3430.9861111111113,389673.0,-879.2847222222222,-306625,42.88194444444444,46.22222222222222,42.5,35.666666666666664,34.451388888888886,28.96527777777778,34.770833333333336,26.15277777777778,22.305555555555557,-2.4,75.5,13.426388888888889,2.3229166666666665,63.00694444444444,36.291666666666664,34.40972222222222,34.5,35.020833333333336,16.237499999999997,0.55,49.99722222222223,398.8569444444445,397.4826388888889,395.91597222222225,56.56388888888889,62.05138888888889,61.09652777777777,360.1,-50.2,31.069444444444443,0.7743055555555556,3.146527777777778,14.856944444444444,-12.771527777777777,999.8,-567.7,65.63125,27.239583333333332,372.9,0.0,16.485416666666666,-101.92083333333333,0.0,-1000.0,59.64861111111111,101.92083333333333,1000.0,0.0,59.64861111111111,34.90277777777778,126.40833333333333,T06,0.9,7.2,3.5284722222222222,0.2536805555555556,1.0,7.0,3.2729166666666667,0.26868055555555553,15.0,23.0,18.98611111111111,1008.0,1013.0,1010.5625,21.0,70.0,39.451388888888886,0.0,0.0,0.0,0.0,67.38888888888889,62.111111111111114,410.4791666666667,,0
2017-11-24 00:00:00+00:00,1467.4,0.0,410.5138888888889,52.295138888888886,34.645833333333336,39.625,40.048611111111114,40.236111111111114,35.6875,39.65277777777778,40.05555555555556,29.694444444444443,12.9,0.0,3.6166666666666663,11.3,0.4,3.321527777777778,0.4527777777777778,4.508333333333334,111.75416666666666,21.54861111111111,-638.4652777777778,2464.0625,262886.0,-670.3680555555555,-336660,45.49305555555556,48.708333333333336,44.86805555555556,35.291666666666664,34.791666666666664,28.819444444444443,35.263888888888886,28.125,23.166666666666668,-2.3,89.7,46.006249999999994,2.0374999999999996,52.75694444444444,35.74305555555556,33.75,33.875,34.729166666666664,10.959027777777777,0.6291666666666668,49.99861111111111,399.15555555555557,397.50416666666666,396.3798611111111,37.62916666666667,43.327083333333334,40.605555555555554,329.7,-44.2,32.326388888888886,0.4423611111111111,3.3687500000000004,8.602083333333333,-14.015277777777778,999.9,-602.5,43.38402777777778,48.962500000000006,474.6,0.0,17.02013888888889,-72.67986111111111,0.0,-1000.0,30.102777777777778,72.67986111111111,1000.0,0.0,30.102777777777778,33.604166666666664,107.25,T06,0.0,8.0,3.7451388888888886,0.15618055555555554,0.0,7.0,3.5909722222222222,0.12097222222222223,18.0,27.0,21.0,1011.0,1013.0,1012.0138888888889,21.0,46.0,31.555555555555557,0.0,0.0,0.0,0.0,71.59027777777777,68.63194444444444,411.97222222222223,,0
2017-11-25 00:00:00+00:00,1538.5,0.0,487.4333333333333,41.56527777777777,35.80555555555556,41.1875,41.638888888888886,41.84722222222222,34.0625,41.72222222222222,43.28472222222222,28.833333333333332,13.6,0.0,4.209722222222222,12.5,0.4,3.009027777777778,0.39722222222222225,7.859722222222222,183.64652777777778,20.5,-780.1736111111111,5894.506944444444,736462.0,-828.3402777777778,-461863,44.49305555555556,47.701388888888886,43.9375,34.666666666666664,35.1875,29.631944444444443,35.34722222222222,26.666666666666668,23.291666666666668,-2.5,89.6,17.493055555555557,1.1208333333333333,55.55555555555556,34.88194444444444,32.895833333333336,33.09722222222222,33.81944444444444,30.681944444444444,0.6763888888888889,49.99930555555555,398.7048611111111,397.18958333333336,394.8034722222222,42.672916666666666,51.016666666666666,47.96597222222223,549.8,-35.9,31.86111111111111,0.4,3.0444444444444443,14.320833333333333,-19.258333333333333,1000.6,-925.7,19.625694444444445,41.45972222222222,560.8,0.0,15.177083333333334,-144.24583333333334,0.0,-1000.0,35.02569444444444,144.24583333333334,1000.0,0.0,35.02569444444444,35.104166666666664,180.7784722222222,T06,0.0,7.6,3.3256944444444443,0.12833333333333333,0.2,7.5,3.2319444444444443,0.1298611111111111,18.0,24.0,20.291666666666668,1011.0,1014.0,1012.7222222222222,21.0,93.0,41.3125,0.0,0.0,0.0,0.0,63.263888888888886,61.27777777777778,412.6875,,0
2017-11-26 00:00:00+00:00,1721.6,0.0,704.9888888888888,41.30347222222222,39.24305555555556,45.173611111111114,45.22222222222222,45.63194444444444,33.90972222222222,41.951388888888886,43.875,28.04861111111111,15.2,0.0,6.140972222222222,20.9,0.4,4.329861111111111,0.6805555555555556,12.435416666666667,134.57222222222222,19.34722222222222,-396.1875,71569.07638888889,10248897.0,-380.0625,-1533754,53.048611111111114,56.951388888888886,52.24305555555556,34.979166666666664,35.270833333333336,27.84027777777778,35.50694444444444,27.11111111111111,21.6875,-3.3,58.7,12.986805555555556,0.7340277777777778,57.90972222222222,35.666666666666664,34.05555555555556,33.94444444444444,33.416666666666664,427.0784722222222,0.8118055555555556,49.99861111111111,399.0965277777778,397.28819444444446,396.1534722222222,362.52152777777775,375.1506944444444,363.6513888888889,2097.2,-29.3,32.65972222222222,0.36041666666666666,4.381944444444445,75.54027777777777,-63.90208333333333,873.3,-306.0,7.054166666666666,430.53541666666666,2000.0,0.0,75.43194444444445,-399.52152777777775,0.0,-1000.0,20.21875,383.72013888888887,1000.0,0.0,36.22569444444444,36.84027777777778,209.6152777777778,T06,0.0,14.2,4.506944444444445,0.5704861111111111,0.0,12.5,4.372222222222223,0.2578472222222222,16.0,23.0,18.47222222222222,1014.0,1018.0,1016.2361111111111,43.0,89.0,71.81944444444444,0.0,0.0,0.0,0.0,86.75694444444444,84.40277777777777,416.15972222222223,,0
2017-11-27 00:00:00+00:00,1743.8,1211.8,1579.7243055555555,32.94305555555556,55.1875,78.56944444444444,78.95833333333333,79.17361111111111,33.3125,52.25694444444444,59.15972222222222,30.069444444444443,15.4,10.7,14.0,23.3,0.8,8.377777777777778,1.2791666666666668,0.40208333333333335,88.86736111111111,17.76388888888889,0.0,185439.42361111112,26703277.0,0.0,-4194847,70.41666666666667,74.20833333333333,70.95138888888889,41.236111111111114,41.40277777777778,27.59722222222222,40.86805555555556,34.34027777777778,20.069444444444443,-3.2,7.2,-1.6847222222222222,0.5402777777777777,113.92361111111111,42.673611111111114,41.263888888888886,40.65277777777778,38.71527777777778,1112.6118055555555,0.9805555555555555,49.99791666666667,399.2604166666667,397.35,399.2097222222222,947.5250000000001,958.2076388888888,924.1368055555556,2102.3,115.6,42.076388888888886,0.2888888888888889,8.476388888888888,187.61944444444444,-174.7840277777778,-106.9,-216.4,4.045138888888889,1111.6104166666667,2000.0,112.9,187.58888888888887,-965.3291666666667,-553.1,-1000.0,57.55277777777778,897.08125,1000.0,406.1,96.44305555555555,51.3125,88.45833333333333,T06,3.9,16.4,9.375,1.5854861111111112,3.8,14.4,9.115972222222222,0.6780555555555555,16.0,19.0,16.84027777777778,1015.0,1019.0,1016.8194444444445,64.0,82.0,74.90277777777777,0.0,0.0,0.0,0.0,184.52083333333334,179.29861111111111,416.7986111111111,,0
2017-11-28 00:00:00+00:00,1690.2,0.0,1256.5152777777778,72.67083333333333,43.041666666666664,56.43055555555556,57.99305555555556,57.80555555555556,30.40972222222222,46.27777777777778,51.0,27.854166666666668,15.0,0.0,11.128472222222221,16.3,0.4,4.946527777777778,0.875,0.7006944444444444,122.85347222222224,18.23611111111111,-157.86111111111111,41297.944444444445,5924172.0,-167.47916666666666,-2301812,46.09027777777778,49.44444444444444,46.25,39.173611111111114,36.44444444444444,27.38888888888889,36.583333333333336,27.79861111111111,20.28472222222222,-3.2,89.6,0.4583333333333333,1.8423611111111111,97.44444444444444,40.020833333333336,38.15277777777778,38.05555555555556,37.94444444444444,246.82430555555553,0.8138888888888889,49.99583333333333,398.77916666666664,396.93402777777777,397.47569444444446,230.9743055555556,244.12708333333336,224.97777777777776,1261.6,-50.1,35.583333333333336,0.6541666666666667,5.141666666666667,83.3111111111111,-95.90138888888889,1000.1,-956.3,24.239583333333332,250.60694444444445,1280.1,0.0,83.56319444444445,-688.8451388888889,0.0,-1000.0,162.32152777777776,688.8451388888889,1000.0,0.0,162.32152777777776,39.15972222222222,122.14930555555556,T06,0.4,12.7,6.084027777777778,0.8588194444444445,0.5,12.5,6.009722222222222,0.8438194444444445,15.0,20.0,17.4375,1005.0,1015.0,1009.9513888888889,61.0,91.0,77.47222222222223,0.0,1.0,0.006944444444444444,0.0,118.61805555555556,117.01388888888889,409.9166666666667,,0
2017-11-29 00:00:00+00:00,1853.2,0.0,1490.3118055555556,69.32499999999999,54.93055555555556,73.5,74.03472222222223,74.07638888888889,35.49305555555556,52.34027777777778,58.18055555555556,30.256944444444443,16.1,0.0,13.20138888888889,42.8,0.5,7.855555555555556,1.4368055555555557,0.2048611111111111,257.2159722222222,18.59027777777778,-19.98611111111111,145380.52083333334,20931915.0,-2.2430555555555554,-3815163,63.03472222222222,66.9375,63.8125,41.270833333333336,40.61805555555556,28.416666666666668,40.34027777777778,33.40972222222222,21.0625,-3.1,89.7,-0.7125,1.3520833333333335,110.70833333333333,42.611111111111114,41.06944444444444,40.63194444444444,39.18055555555556,872.1638888888889,0.9666666666666666,49.99722222222223,398.5805555555555,396.89166666666665,398.17499999999995,745.713888888889,757.2874999999999,731.29375,2102.7,-51.8,40.798611111111114,0.6111111111111112,7.873611111111111,178.76875,-158.9611111111111,7.3,-249.1,6.59375,878.1305555555556,2000.0,0.0,175.32430555555555,-914.5201388888888,0.0,-1000.0,74.99930555555555,867.7479166666667,1000.0,0.0,89.47222222222223,52.423611111111114,257.0076388888889,T06,3.3,20.8,8.818055555555555,1.5251388888888888,3.4,20.9,8.875,1.5440972222222222,12.0,20.0,17.73611111111111,998.0,1005.0,1000.5208333333334,73.0,97.0,88.19444444444444,0.0,52.0,0.875,0.0,173.39583333333334,174.45833333333334,400.4583333333333,,0
2017-11-30 00:00:00+00:00,1743.9,0.0,1065.725,113.51527777777778,39.19444444444444,52.43055555555556,53.298611111111114,53.44444444444444,29.01388888888889,46.78472222222222,50.40277777777778,22.9375,15.4,0.0,9.363194444444444,23.0,0.4,4.822916666666667,1.032638888888889,-2.5180555555555557,333.2868055555556,12.145833333333334,-340.75,59652.118055555555,8540840.0,-376.8888888888889,-1999928,47.875,51.520833333333336,47.3125,34.43055555555556,30.833333333333332,21.8125,32.96527777777778,23.79861111111111,14.54861111111111,-3.0,89.7,5.728472222222222,2.8902777777777775,83.38888888888889,35.30555555555556,33.736111111111114,33.56944444444444,32.21527777777778,355.8381944444444,0.7993055555555556,49.99791666666667,398.54791666666665,396.93333333333334,397.1305555555556,318.34583333333336,328.16597222222225,313.5402777777778,2101.9,-48.7,31.395833333333332,1.0208333333333333,5.102083333333334,108.6576388888889,-83.3125,1000.2,-771.0,24.94375,364.9291666666667,2000.0,0.0,109.96875,-529.8812499999999,0.0,-1000.0,96.29027777777777,514.9256944444445,1000.0,0.0,107.55000000000001,36.986111111111114,335.80277777777775,T06,0.5,16.5,6.80625,0.5054166666666666,0.4,16.1,6.678472222222222,0.4896527777777778,7.0,14.0,11.145833333333334,1000.0,1013.0,1005.1111111111111,41.0,85.0,61.18055555555556,0.0,0.0,0.0,0.0,133.11805555555554,130.41666666666666,405.0833333333333,,0
2017-12-01 00:00:00+00:00,1684.8,0.0,912.8958333333334,86.33472222222221,39.236111111111114,46.916666666666664,48.06944444444444,48.166666666666664,26.979166666666668,48.18055555555556,50.55555555555556,22.0625,14.9,0.0,8.020833333333334,16.8,0.4,4.178472222222222,0.8680555555555556,-1.7513888888888889,251.99166666666667,11.409722222222221,-385.2708333333333,32572.04861111111,4634897.0,-448.6111111111111,-1679957,39.6875,43.298611111111114,39.388888888888886,33.1875,28.743055555555557,21.131944444444443,31.506944444444443,21.46527777777778,13.597222222222221,-3.2,89.7,7.884027777777778,2.022222222222222,76.25694444444444,33.770833333333336,32.375,32.3125,30.48611111111111,193.13125000000002,0.7833333333333334,49.99861111111111,398.82708333333335,397.05069444444445,396.7736111111111,177.34444444444443,192.00069444444443,179.48472222222222,1337.1,-50.1,29.375,0.7833333333333333,4.314583333333333,55.96319444444444,-69.99305555555556,1000.1,-817.2,19.870833333333334,198.33541666666667,1361.2,0.0,57.92916666666666,-506.3173611111111,0.0,-1000.0,74.70972222222223,506.3173611111111,1000.0,0.0,74.70972222222223,33.138888888888886,241.2423611111111,T06,0.0,10.1,5.321527777777778,0.4313194444444444,0.0,9.9,5.254166666666666,0.4202083333333333,6.0,14.0,10.347222222222221,1012.0,1015.0,1013.125,29.0,64.0,49.854166666666664,0.0,0.0,0.0,0.0,103.27777777777777,101.88888888888889,413.09722222222223,,0
2017-12-02 00:00:00+00:00,1686.1,0.0,451.1020833333333,64.17777777777778,29.083333333333332,36.326388888888886,36.625,37.375,27.29861111111111,41.81944444444444,41.3125,22.5625,14.9,0.0,3.8000000000000003,17.4,0.4,2.646527777777778,0.7041666666666667,-12.42361111111111,150.66944444444445,11.17361111111111,-547.0902777777778,9305.368055555555,1261188.0,-580.7638888888889,-670588,36.09722222222222,39.53472222222222,35.5625,30.98611111111111,29.479166666666668,20.59722222222222,29.520833333333332,18.541666666666668,13.86111111111111,-3.2,89.7,26.615972222222222,1.6826388888888888,47.520833333333336,31.29861111111111,30.5,30.506944444444443,28.0,52.55555555555556,0.6986111111111112,49.99861111111111,398.8902777777778,397.13958333333335,396.2027777777778,58.30902777777778,66.30486111111111,60.673611111111114,1109.2,-50.0,25.26388888888889,0.5791666666666667,2.7270833333333333,26.586111111111112,-27.95138888888889,1000.2,-699.2,20.836805555555557,58.74236111111111,1153.5,0.0,27.294444444444444,-172.30833333333334,0.0,-1000.0,70.55902777777777,172.30833333333334,1000.0,0.0,70.55902777777777,29.354166666666668,135.59861111111113,T06,0.0,9.6,3.3277777777777775,0.2640972222222222,0.0,9.4,3.25,0.2557638888888889,7.0,13.0,10.208333333333334,1013.0,1016.0,1014.3263888888889,31.0,68.0,51.020833333333336,0.0,0.0,0.0,0.0,63.361111111111114,61.72222222222222,414.2708333333333,,0
2017-12-03 00:00:00+00:00,1699.4,0.0,901.5166666666667,105.51249999999999,35.90972222222222,46.1875,47.22222222222222,47.375,27.0625,45.236111111111114,48.38194444444444,22.069444444444443,15.0,0.0,7.857638888888889,22.1,0.4,4.026388888888889,0.8645833333333334,-1.4673611111111111,90.42638888888888,11.5625,-371.61805555555554,27791.284722222223,3948434.0,-449.09722222222223,-1450570,38.56944444444444,41.888888888888886,38.020833333333336,33.11805555555556,29.305555555555557,20.45138888888889,31.27777777777778,21.333333333333332,13.26388888888889,-3.0,86.1,8.377083333333333,2.7881944444444446,72.10416666666667,33.791666666666664,32.28472222222222,32.236111111111114,31.01388888888889,164.52499999999998,0.7458333333333333,49.99861111111111,398.65486111111113,396.5833333333333,396.36875,154.3361111111111,169.81805555555556,157.05763888888887,1549.6,-50.2,28.72222222222222,0.96875,4.139583333333333,56.58263888888889,-60.446527777777774,1000.2,-829.1,27.75625,172.04375,1592.3,0.0,59.95694444444444,-427.6222222222222,0.0,-1000.0,108.57361111111112,427.57430555555555,1000.0,0.0,108.70972222222223,34.111111111111114,79.39236111111111,T06,0.2,11.5,3.9499999999999997,0.6961111111111111,0.2,10.1,4.1875,0.5586111111111111,7.0,15.0,10.555555555555555,1015.0,1021.0,1017.4097222222222,20.0,67.0,45.923611111111114,0.0,0.0,0.0,0.0,75.67361111111111,80.55555555555556,417.3333333333333,,0
2017-12-04 00:00:00+00:00,1783.5,0.0,1557.2381944444444,35.06319444444445,54.6875,79.69444444444444,80.01388888888889,79.82638888888889,34.270833333333336,54.02777777777778,60.375,24.34722222222222,15.7,0.0,13.794444444444444,27.1,0.9,9.162500000000001,1.4618055555555556,0.27152777777777776,75.39236111111111,13.305555555555555,-77.90277777777777,215052.93055555556,30956404.0,-56.02777777777778,-4313447,64.26388888888889,68.75,65.60416666666667,39.0625,33.52777777777778,23.07638888888889,36.55555555555556,30.645833333333332,15.784722222222221,-3.2,86.1,1.4569444444444446,1.7381944444444446,111.75694444444444,40.763888888888886,39.43055555555556,38.61805555555556,35.44444444444444,1289.8729166666667,0.9729166666666667,49.99930555555555,398.81597222222223,397.07708333333335,398.19930555555555,1090.8458333333333,1106.0027777777777,1079.052777777778,2101.7,-44.1,38.548611111111114,0.3006944444444445,9.27986111111111,153.26180555555555,-179.7298611111111,5.1,-261.0,5.052083333333333,1306.8625000000002,2000.0,15.4,152.04583333333332,-842.1208333333333,0.0,-1000.0,95.52430555555556,740.6624999999999,1000.0,0.0,108.14444444444445,47.048611111111114,75.12083333333334,T06,2.7,19.6,8.755555555555555,2.770555555555555,4.0,17.1,9.763194444444444,0.9572916666666667,10.0,15.0,12.42361111111111,1020.0,1023.0,1021.3472222222222,52.0,68.0,61.90972222222222,0.0,0.0,0.0,0.0,172.05555555555554,192.1875,421.3263888888889,,0
2017-12-05 00:00:00+00:00,1800.6,0.0,1641.1854166666667,36.44236111111111,59.24305555555556,92.17361111111111,92.13888888888889,92.25694444444444,40.27777777777778,53.5625,61.013888888888886,28.194444444444443,15.8,0.0,14.539583333333333,26.3,1.4,10.179861111111112,1.59375,0.5597222222222222,89.89652777777778,14.444444444444445,-12.416666666666666,259016.40972222222,37296575.0,-11.993055555555555,-4544137,72.73611111111111,77.36805555555556,76.3125,41.888888888888886,40.05555555555556,25.03472222222222,39.18055555555556,33.923611111111114,17.67361111111111,-3.2,86.1,0.7611111111111111,1.8368055555555556,118.35416666666667,44.0,42.77777777777778,41.84722222222222,38.333333333333336,1553.9819444444445,0.9958333333333333,49.99791666666667,399.2868055555556,397.5284722222222,399.34027777777777,1311.978472222222,1322.2312499999998,1289.2937499999998,2101.6,-53.0,41.75694444444444,0.31736111111111115,10.185416666666667,164.61041666666668,-189.33819444444444,-5.3,-224.6,4.807638888888889,1565.3854166666667,2000.0,200.1,152.00972222222222,-820.0118055555555,0.0,-1000.0,92.86111111111111,682.7652777777778,1000.0,0.0,102.85416666666667,53.166666666666664,89.33055555555556,T06,4.2,18.4,11.440972222222221,1.9427083333333333,3.9,17.6,10.714583333333334,0.9221527777777777,12.0,16.0,13.458333333333334,1022.0,1025.0,1023.4236111111111,57.0,72.0,64.34722222222223,0.0,0.0,0.0,0.0,225.9375,211.41666666666666,423.40972222222223,,0
2017-12-06 00:00:00+00:00,1755.8,1194.6,1601.9541666666667,35.96319444444444,52.77777777777778,76.52083333333333,76.80555555555556,76.95833333333333,29.944444444444443,53.604166666666664,60.03472222222222,27.3125,15.5,10.6,14.19513888888889,23.7,1.6,8.575694444444444,1.2291666666666667,0.24722222222222218,86.51249999999999,14.541666666666666,0.0,196601.96527777778,28310683.0,0.0,-4202537,68.61805555555556,72.73611111111111,69.55555555555556,40.40972222222222,38.84722222222222,24.61111111111111,38.520833333333336,32.21527777777778,16.9375,-3.1,6.5,-1.7659722222222223,0.4486111111111112,111.63888888888889,42.013888888888886,40.65277777777778,39.97222222222222,37.56944444444444,1179.6166666666666,0.9902777777777777,49.99305555555556,398.93819444444443,397.09375,398.4465277777778,998.5736111111112,1014.0819444444444,984.4395833333333,2100.3,71.7,39.88194444444444,0.3152777777777778,8.716666666666667,169.33819444444444,-175.10763888888889,-99.7,-217.0,4.032638888888889,1178.9215277777778,2000.0,67.5,169.59861111111113,-970.2958333333333,-330.8,-1000.0,46.69583333333333,890.9145833333333,1000.0,330.8,83.17222222222222,48.34722222222222,86.26875000000001,T06,2.8,15.6,9.146527777777777,1.5690277777777777,3.9,14.1,9.191666666666666,0.6109027777777778,12.0,17.0,13.659722222222221,1021.0,1024.0,1022.7291666666666,54.0,75.0,65.79861111111111,0.0,0.0,0.0,0.0,179.80555555555554,180.73611111111111,422.625,,0
2017-12-07 00:00:00+00:00,1703.3,152.5,1249.079861111111,64.60347222222222,41.479166666666664,55.11805555555556,56.423611111111114,56.263888888888886,27.875,48.65277777777778,53.048611111111114,25.083333333333332,15.1,0.0,11.065277777777778,16.5,0.4,5.543055555555556,0.8243055555555556,-0.007638888888888874,75.85486111111112,14.520833333333334,-141.21527777777777,58221.0625,8363497.0,-172.29861111111111,-2526948,45.75,49.34027777777778,45.895833333333336,37.44444444444444,35.34722222222222,24.38888888888889,35.236111111111114,26.28472222222222,17.07638888888889,-3.1,59.0,0.6472222222222221,0.80625,97.52777777777777,38.27777777777778,36.479166666666664,36.333333333333336,35.71527777777778,348.4423611111111,0.8722222222222222,49.99861111111111,398.74652777777777,396.8548611111111,396.6819444444444,303.15486111111113,325.7409722222222,307.8618055555555,1471.1,-47.3,34.486111111111114,0.5722222222222223,5.720833333333333,75.72152777777778,-105.26458333333333,910.3,-366.1,12.447222222222223,350.95416666666665,1506.9,0.0,76.86180555555556,-819.0347222222222,0.0,-1000.0,46.701388888888886,819.0284722222223,1000.0,0.0,46.75069444444445,37.05555555555556,75.86388888888888,T06,1.7000000000000002,12.0,5.5875,0.9411111111111112,1.8,11.1,6.435416666666667,0.32625,12.0,17.0,13.875,1021.0,1023.0,1021.6736111111111,55.0,80.0,68.70833333333333,0.0,0.0,0.0,0.0,108.63888888888889,125.59722222222223,421.65972222222223,,0
2017-12-08 00:00:00+00:00,1540.3,0.0,483.97013888888887,34.39861111111111,29.993055555555557,37.236111111111114,37.59722222222222,38.145833333333336,28.6875,39.28472222222222,40.111111111111114,23.97222222222222,13.6,0.0,4.168749999999999,10.1,0.4,2.7895833333333333,0.4715277777777778,-7.075694444444444,208.2423611111111,13.916666666666666,-529.8680555555555,7955.354166666667,1069269.0,-563.8263888888889,-606626,37.84027777777778,41.25,37.326388888888886,32.56944444444444,31.458333333333332,23.805555555555557,31.54861111111111,20.631944444444443,16.756944444444443,-2.7,83.5,16.311805555555555,0.8465277777777778,51.24305555555556,32.84722222222222,31.88888888888889,31.9375,30.194444444444443,44.545138888888886,0.7118055555555557,49.99861111111111,398.5888888888889,397.38958333333335,394.6090277777778,45.979166666666664,58.24236111111111,53.78333333333333,692.2,-45.6,27.15972222222222,0.29930555555555555,2.8555555555555556,17.26388888888889,-25.274305555555557,1000.3,-447.0,12.255555555555555,52.28263888888889,709.0,0.0,18.195138888888888,-193.22777777777776,0.0,-1000.0,53.857638888888886,193.22777777777776,1000.0,0.0,53.857638888888886,30.40972222222222,170.32638888888889,T06,0.0,7.4,3.1041666666666665,0.13916666666666666,0.0,7.4,3.21875,0.13270833333333332,10.0,18.0,13.395833333333334,1020.0,1022.0,1021.0486111111111,30.0,86.0,64.24305555555556,0.0,0.0,0.0,0.0,58.71527777777778,61.048611111111114,421.02777777777777,,0
2017-12-09 00:00:00+00:00,1473.0,0.0,752.1270833333333,43.94097222222222,33.423611111111114,41.833333333333336,42.6875,42.916666666666664,28.583333333333332,41.0,43.61805555555556,24.36111111111111,13.0,0.0,6.645138888888889,10.8,0.4,3.59375,0.5666666666666668,3.053472222222222,285.3569444444445,15.534722222222221,-398.65972222222223,13477.013888888889,1883280.0,-413.61805555555554,-1032714,39.18055555555556,42.63194444444444,38.736111111111114,34.111111111111114,31.666666666666668,25.041666666666668,32.74305555555556,23.0625,18.104166666666668,-2.6,85.4,11.290277777777778,1.125,62.46527777777778,34.47222222222222,33.388888888888886,33.34722222222222,32.138888888888886,78.47222222222223,0.7222222222222223,49.99791666666667,398.3548611111111,396.8041666666667,394.7006944444445,77.7875,96.34861111111111,90.3111111111111,553.1,-48.7,29.541666666666668,0.4222222222222223,3.7083333333333335,27.206249999999997,-43.03055555555555,998.6,-730.9,20.47152777777778,85.99027777777778,558.1,0.0,28.806944444444444,-328.97569444444446,0.0,-1000.0,80.55069444444445,328.97569444444446,1000.0,0.0,80.55069444444445,33.145833333333336,292.3013888888889,T06,0.7000000000000001,8.1,4.478472222222222,0.16965277777777776,0.2,8.5,4.459027777777778,0.17423611111111112,12.0,17.0,14.895833333333334,1018.0,1021.0,1019.4930555555555,68.0,93.0,85.375,0.0,0.0,0.0,0.0,86.23611111111111,85.91666666666667,419.36805555555554,,0
2017-12-10 00:00:00+00:00,1794.9,0.0,1051.209027777778,98.20902777777778,42.708333333333336,56.18055555555556,56.986111111111114,56.923611111111114,32.125,47.326388888888886,51.0,27.01388888888889,15.8,0.0,9.265277777777778,25.5,0.4,5.320833333333334,0.9354166666666668,-2.53125,263.41319444444446,16.604166666666668,-321.94444444444446,70007.05555555556,10034662.0,-363.84027777777777,-2216442,48.236111111111114,52.30555555555556,48.013888888888886,37.90277777777778,35.333333333333336,26.291666666666668,36.4375,27.006944444444443,19.256944444444443,-3.1,89.7,6.559722222222223,2.2659722222222225,83.64583333333333,38.65972222222222,36.951388888888886,36.798611111111114,36.38194444444444,418.1333333333333,0.8125,49.99930555555555,398.35069444444446,396.59513888888887,395.5111111111111,365.1451388888889,385.9715277777778,372.87847222222223,2103.0,-45.9,34.65277777777778,0.8840277777777777,5.426388888888889,95.76180555555555,-92.35624999999999,999.2,-905.4,28.318055555555556,423.2423611111111,2000.0,0.0,97.27013888888888,-558.8618055555556,0.0,-1000.0,76.76041666666667,537.2152777777778,1000.0,0.0,82.5625,40.513888888888886,265.9375,T06,0.3,19.1,6.050000000000001,0.818125,0.3,18.8,6.078472222222222,0.8333333333333334,13.0,18.0,15.569444444444445,1004.0,1020.0,1013.9097222222222,72.0,96.0,88.09722222222223,0.0,4.0,0.16666666666666666,0.0,117.80555555555556,118.45833333333333,413.8611111111111,,0
2017-12-11 00:00:00+00:00,1883.2,0.0,1284.695138888889,47.21666666666667,56.86805555555556,76.50694444444444,76.63888888888889,76.80555555555556,37.125,51.423611111111114,56.02777777777778,27.368055555555557,16.3,0.0,11.328472222222222,36.4,0.4,8.713888888888889,1.6145833333333333,-5.833333333333333,266.16805555555555,14.5,-245.30555555555554,166795.01388888888,23983157.0,-230.88194444444446,-3467741,61.81944444444444,66.76388888888889,64.23611111111111,38.645833333333336,36.548611111111114,24.875,37.40277777777778,31.319444444444443,17.333333333333332,-3.1,76.3,6.63125,1.4763888888888888,101.47222222222223,40.02777777777778,38.888888888888886,38.24305555555556,35.65277777777778,999.2750000000001,0.9125000000000001,49.99861111111111,399.0680555555556,397.28055555555557,397.7263888888889,844.5562500000001,863.0284722222223,838.7298611111112,2104.6,-39.8,38.201388888888886,0.41041666666666665,8.472222222222221,86.12847222222223,-144.47916666666666,1000.2,-305.0,6.044444444444444,1000.0222222222224,2000.0,0.0,86.69861111111112,-639.7270833333333,0.0,-1000.0,52.67847222222222,567.3513888888889,1000.0,0.0,54.19097222222222,59.18055555555556,277.00972222222225,T06,0.0,25.8,9.477777777777778,2.0196527777777775,0.0,25.8,9.4875,2.062361111111111,9.0,18.0,13.597222222222221,991.0,1004.0,998.1180555555555,51.0,97.0,77.86805555555556,0.0,24.0,0.8472222222222222,0.0,186.55555555555554,186.83333333333334,398.06944444444446,,0
2017-12-12 00:00:00+00:00,1735.3,0.0,1259.96875,85.76944444444445,41.513888888888886,56.541666666666664,57.673611111111114,57.333333333333336,26.333333333333332,51.25694444444444,55.125,21.375,15.4,0.0,11.12361111111111,25.7,0.4,5.860416666666667,1.1041666666666667,1.6687500000000002,271.8236111111111,10.895833333333334,-242.24305555555554,82354.63194444444,11824185.0,-259.3958333333333,-2502798,49.638888888888886,53.59027777777778,49.27777777777778,34.94444444444444,28.270833333333332,20.354166666666668,33.13194444444444,24.395833333333332,12.868055555555555,-3.2,89.6,1.7493055555555557,1.3986111111111112,93.80555555555556,36.03472222222222,34.375,34.145833333333336,32.729166666666664,492.59097222222226,0.8625,49.99791666666667,398.8666666666667,397.0423611111111,397.07500000000005,431.58124999999995,450.40763888888887,433.42777777777775,2101.4,-50.1,32.78472222222222,0.7527777777777778,6.042361111111111,115.1048611111111,-104.26597222222222,1000.0,-943.6,33.83541666666667,495.4243055555556,2000.0,0.0,116.24930555555557,-762.4916666666667,0.0,-1000.0,67.34305555555555,752.0305555555556,1000.0,0.0,76.97083333333333,41.24305555555556,282.63958333333335,T06,0.3,14.1,6.907638888888889,0.6841666666666666,0.4,13.7,6.774305555555555,0.6548611111111111,6.0,13.0,9.708333333333334,1001.0,1016.0,1008.4097222222222,43.0,86.0,63.736111111111114,0.0,0.0,0.0,0.0,134.95833333333334,132.26388888888889,408.3541666666667,,0
2017-12-13 00:00:00+00:00,1566.6,0.0,520.6131944444445,68.60902777777778,31.868055555555557,40.05555555555556,40.604166666666664,40.986111111111114,27.131944444444443,41.451388888888886,42.673611111111114,23.069444444444443,13.9,0.0,4.472916666666666,13.1,0.4,3.1083333333333334,0.55,5.189583333333333,58.375,12.88888888888889,-626.0347222222222,8147.326388888889,1083067.0,-689.0625,-599173,37.53472222222222,40.94444444444444,37.05555555555556,32.125,30.8125,22.04861111111111,31.03472222222222,19.868055555555557,15.25,-3.1,55.8,16.2875,1.4472222222222222,54.548611111111114,32.375,31.26388888888889,31.28472222222222,30.0,45.10208333333333,0.670138888888889,50.0,398.68680555555557,397.32916666666665,395.4451388888889,57.678472222222226,65.21388888888889,61.013888888888886,712.4,-43.5,27.125,0.6201388888888889,3.163888888888889,21.428472222222222,-24.98888888888889,1000.0,-566.9,26.859027777777776,56.93055555555556,724.0,0.0,24.47222222222222,-167.08958333333334,0.0,-1000.0,42.269444444444446,167.08958333333334,1000.0,0.0,42.269444444444446,32.326388888888886,50.671527777777776,T06,0.0,9.1,3.2631944444444443,0.3378472222222222,0.3,8.1,3.404166666666667,0.22097222222222224,9.0,17.0,12.48611111111111,1016.0,1021.0,1018.7013888888889,35.0,70.0,50.125,0.0,0.0,0.0,0.0,61.94444444444444,64.75,418.6736111111111,,0
2017-12-14 00:00:00+00:00,1681.2,0.0,466.4236111111111,68.79652777777778,28.229166666666668,33.854166666666664,34.166666666666664,34.61805555555556,28.40277777777778,37.77777777777778,38.81944444444444,23.48611111111111,14.9,0.0,3.938888888888889,14.7,0.4,2.9388888888888887,0.5444444444444445,-1.1250000000000002,275.36249999999995,13.319444444444445,-527.7847222222222,9190.673611111111,1247460.0,-564.5763888888889,-544280,37.541666666666664,40.951388888888886,36.96527777777778,30.916666666666668,29.9375,22.881944444444443,29.875,20.53472222222222,15.895833333333334,-3.2,89.6,17.362499999999997,1.7479166666666666,42.93055555555556,31.22222222222222,30.40277777777778,30.38888888888889,28.041666666666668,51.97708333333333,0.6895833333333334,49.99930555555555,398.36875,397.24861111111113,394.5152777777778,56.21319444444444,65.31944444444444,61.42638888888889,1051.0,-48.4,25.92361111111111,0.7083333333333334,2.990972222222222,24.884722222222223,-22.686111111111114,1000.5,-685.4,23.80763888888889,60.017361111111114,1072.7,0.0,25.48611111111111,-170.325,0.0,-1000.0,52.46041666666667,170.325,1000.0,0.0,52.46041666666667,29.22222222222222,238.9743055555556,T06,0.0,9.4,3.4319444444444445,0.17222222222222222,0.0,9.3,3.4166666666666665,0.17145833333333335,10.0,16.0,12.847222222222221,1014.0,1020.0,1017.4444444444445,42.0,97.0,66.82638888888889,0.0,1.0,0.006944444444444444,0.0,65.46527777777777,65.07638888888889,417.3888888888889,,0
2017-12-15 00:00:00+00:00,1742.9,0.0,960.7402777777778,92.27638888888889,39.354166666666664,50.99305555555556,51.49305555555556,51.65972222222222,29.993055555555557,46.673611111111114,50.111111111111114,25.57638888888889,15.4,0.0,8.444444444444445,19.8,0.4,5.063888888888889,0.8430555555555556,-0.6590277777777778,261.61805555555554,16.145833333333332,-347.4513888888889,60069.006944444445,8599902.0,-356.77777777777777,-2134617,47.576388888888886,51.31944444444444,46.96527777777778,35.53472222222222,33.05555555555556,25.38888888888889,34.59722222222222,26.52777777777778,18.26388888888889,-3.2,86.1,12.773611111111112,1.5256944444444445,72.31944444444444,36.34722222222222,34.875,34.77777777777778,34.0,358.34236111111113,0.8319444444444445,49.99722222222223,398.84375,396.8923611111111,396.25,311.5486111111111,329.7027777777778,314.58958333333334,2099.8,-38.0,32.90972222222222,0.8354166666666667,5.201388888888889,93.47986111111112,-88.96041666666666,1000.0,-436.7,13.649305555555555,367.72569444444446,2000.0,0.0,96.94027777777778,-527.4847222222222,0.0,-1000.0,35.02152777777778,523.1041666666666,1000.0,0.0,40.43402777777778,43.5,262.27986111111113,T06,1.2,14.3,6.020833333333333,0.5100694444444445,1.0,15.6,6.073611111111111,0.5238194444444445,14.0,17.0,15.256944444444445,1007.0,1014.0,1009.9027777777778,81.0,97.0,92.93055555555556,0.0,12.0,0.18055555555555555,0.0,117.25694444444444,118.28472222222223,409.7638888888889,,0
2017-12-16 00:00:00+00:00,1716.1,0.0,1192.5590277777778,106.78402777777778,40.958333333333336,54.75694444444444,55.90277777777778,55.72222222222222,28.63888888888889,49.125,53.291666666666664,24.84722222222222,15.2,0.0,10.552083333333334,27.4,0.4,5.356944444444444,1.0395833333333335,-0.7951388888888888,207.21180555555554,12.70138888888889,-300.63194444444446,62894.604166666664,9013532.0,-333.0138888888889,-2345504,47.875,52.00694444444444,47.71527777777778,35.125,34.53472222222222,22.381944444444443,34.00694444444444,25.416666666666668,14.868055555555555,-3.2,89.7,2.8305555555555553,2.486111111111111,91.29861111111111,36.09027777777778,34.291666666666664,34.166666666666664,33.22222222222222,375.51180555555555,0.8375,49.99791666666667,398.6326388888889,396.5111111111111,396.12361111111113,325.3909722222222,350.7291666666667,332.3569444444445,2098.4,-50.1,33.15277777777778,0.9520833333333333,5.5,90.94097222222223,-97.72083333333333,1000.4,-398.1,19.234027777777776,381.63958333333335,2000.0,0.0,92.79722222222222,-684.2541666666667,0.0,-1000.0,90.25486111111111,677.2326388888889,1000.0,0.0,93.47638888888889,41.71527777777778,218.00069444444443,T06,0.0,11.1,5.516666666666667,0.6034722222222223,0.0,11.2,5.447222222222222,0.5771527777777777,7.0,17.0,11.541666666666666,1007.0,1015.0,1010.1458333333334,42.0,95.0,67.73611111111111,0.0,1.0,0.006944444444444444,0.0,107.14583333333333,105.84027777777777,410.0763888888889,,0
2017-12-17 00:00:00+00:00,1680.8,0.0,979.8201388888889,108.08541666666666,36.38194444444444,48.09722222222222,49.4375,49.388888888888886,27.96527777777778,43.729166666666664,47.270833333333336,24.17361111111111,14.9,0.0,8.656944444444443,14.5,0.4,3.8881944444444443,0.7270833333333333,0.6770833333333334,49.50416666666667,13.006944444444445,-380.1041666666667,14836.840277777777,2081772.0,-468.9236111111111,-1148231,39.68055555555556,43.111111111111114,39.1875,34.611111111111114,31.291666666666668,22.26388888888889,32.395833333333336,22.84027777777778,15.104166666666666,-3.1,89.6,6.522916666666666,3.0027777777777778,78.5,35.291666666666664,33.61805555555556,33.638888888888886,33.11805555555556,86.73194444444444,0.625,49.99861111111111,398.90833333333336,396.78263888888887,395.84375,113.48611111111111,129.3423611111111,119.20069444444445,967.0,-50.2,30.333333333333332,0.9777777777777779,3.9722222222222223,39.90833333333333,-47.84444444444445,1000.5,-701.5,71.16041666666666,96.36944444444445,985.0,0.0,42.02013888888889,-331.7965277777778,0.0,-1000.0,114.5909722222222,331.7965277777778,1000.0,0.0,114.5909722222222,35.65277777777778,48.825,T06,0.0,9.7,3.5284722222222222,0.41888888888888887,0.0,8.7,3.839583333333333,0.3542361111111111,9.0,19.0,12.277777777777779,1015.0,1022.0,1018.1111111111111,41.0,70.0,55.048611111111114,0.0,0.0,0.0,0.0,67.32638888888889,73.47916666666667,418.0625,,0
2017-12-18 00:00:00+00:00,1683.3,0.0,668.8633333333333,25.873333333333335,37.71666666666667,50.208333333333336,50.9,51.75833333333333,28.65,44.458333333333336,45.43333333333333,24.991666666666667,14.9,0.0,5.891666666666667,15.9,0.5,5.050833333333333,0.7366666666666667,13.020000000000001,86.855,12.908333333333333,-351.0,29060.725,3445167.0,-314.14166666666665,-1314617,41.325,45.18333333333333,40.975,33.266666666666666,30.975,21.558333333333334,32.94166666666667,23.708333333333332,14.741666666666667,-2.9,90.5,32.825,0.84,69.68333333333334,33.708333333333336,31.891666666666666,31.858333333333334,31.475,172.27083333333334,0.8466666666666668,49.99666666666667,398.5241666666667,396.83583333333337,396.0308333333333,154.91333333333333,170.24583333333334,156.80416666666667,962.8,-26.9,31.05,0.20416666666666666,5.1641666666666675,31.370833333333334,-65.70833333333333,0.3,-187.5,3.2883333333333336,304.92333333333335,1598.0,0.0,78.51916666666666,-455.415,0.0,-1000.0,26.811666666666667,455.415,1000.0,0.0,26.811666666666667,35.8,103.825,T06,1.0,12.4,4.875,0.7172916666666667,1.0,11.1,5.311111111111111,0.399375,11.0,16.0,12.368055555555555,1019.0,1022.0,1020.6736111111111,49.0,81.0,66.59027777777777,0.0,0.0,0.0,0.0,94.26388888888889,103.08333333333333,420.63194444444446,,0
2017-12-19 00:00:00+00:00,1767.6,0.0,1179.0153846153846,82.55244755244755,47.74825174825175,55.53146853146853,56.28671328671329,56.46153846153846,27.88111888111888,47.64335664335665,51.74125874125874,24.79020979020979,15.7,0.0,10.45034965034965,13.1,0.6000000000000001,5.2615384615384615,0.6657342657342658,1.3972027972027974,147.07202797202797,14.125874125874127,-331.34965034965035,68350.90909090909,9726795.0,-52.76223776223776,-2391629,50.99300699300699,54.70629370629371,50.23076923076923,36.82517482517483,32.68531468531469,22.755244755244757,34.78321678321678,26.125874125874127,15.090909090909092,-2.6,90.5,5.7972027972027975,2.8461538461538463,90.25174825174825,37.59440559440559,35.93006993006993,35.73426573426573,34.95804195804196,408.07482517482515,0.7741258741258742,49.9993006993007,398.7496503496503,396.82377622377624,396.52657342657346,365.2167832167832,383.38461538461536,366.02797202797206,2101.3,-99.4,33.55244755244755,0.7251748251748252,5.451748251748252,101.57062937062938,-100.42167832167831,1000.1,-738.5,34.56643356643357,411.6951048951049,2000.0,0.0,100.18111888111888,-566.0986013986014,0.0,-1000.0,115.74335664335663,549.5412587412587,1000.0,0.0,126.77692307692307,40.88811188811189,140.63426573426574,T06,0.2,15.8,5.876388888888889,0.8917361111111111,0.3,15.0,5.653472222222223,0.7261111111111112,8.0,20.0,13.083333333333334,1017.0,1022.0,1018.5277777777778,34.0,83.0,56.80555555555556,0.0,0.0,0.0,0.0,114.39583333333333,109.875,418.46527777777777,,0
2017-12-20 00:00:00+00:00,1681.7,0.0,826.3263888888889,66.97847222222222,36.74305555555556,46.47222222222222,47.52777777777778,47.576388888888886,28.75,43.84027777777778,46.451388888888886,26.104166666666668,14.9,0.0,7.325694444444445,10.0,0.5,3.709027777777778,0.4534722222222222,6.022916666666667,108.5625,14.45138888888889,-483.90277777777777,17120.805555555555,2395717.0,-367.72222222222223,-1298972,41.020833333333336,44.65277777777778,40.611111111111114,34.25,34.11805555555556,23.54861111111111,33.625,23.756944444444443,16.368055555555557,-2.4,87.0,10.04513888888889,2.6506944444444445,79.14583333333333,34.708333333333336,33.09027777777778,33.111111111111114,32.78472222222222,99.81597222222223,0.7013888888888888,50.00277777777777,398.58194444444445,396.9597222222222,395.62430555555557,102.79166666666667,117.85416666666667,105.18055555555556,1136.6,-94.5,31.381944444444443,0.5840277777777777,3.859722222222222,33.93611111111111,-54.13472222222222,1000.0,-1000.1,20.897916666666667,106.65694444444445,1391.5,0.0,34.75694444444444,-364.87638888888887,0.0,-1000.0,86.91527777777777,364.87638888888887,1000.0,0.0,86.91527777777777,34.548611111111114,145.04375,T06,0.2,12.1,4.442361111111111,0.5304166666666666,0.3,10.4,4.6194444444444445,0.300625,11.0,17.0,13.631944444444445,1022.0,1025.0,1022.9513888888889,44.0,75.0,61.0625,0.0,0.0,0.0,0.0,85.61111111111111,89.13888888888889,422.90277777777777,,0
2017-12-21 00:00:00+00:00,1728.7,0.0,997.8104166666667,44.047916666666666,36.888888888888886,47.583333333333336,48.31944444444444,48.4375,27.84027777777778,45.00694444444444,47.9375,23.375,15.3,0.0,8.840972222222222,10.9,0.5,4.847916666666666,0.47430555555555554,8.575694444444444,76.81458333333333,13.729166666666666,-234.57638888888889,52543.395833333336,7532470.0,-164.06944444444446,-2049409,44.104166666666664,47.583333333333336,43.513888888888886,35.125,30.631944444444443,23.958333333333332,33.24305555555556,24.47222222222222,16.28472222222222,-2.6,86.9,6.9118055555555555,0.7638888888888888,73.97222222222223,35.888888888888886,34.604166666666664,34.513888888888886,32.736111111111114,313.86319444444445,0.8256944444444445,49.99791666666667,398.62083333333334,396.92291666666665,396.15277777777777,273.2083333333333,290.7986111111111,276.93055555555554,1991.2,-97.0,31.194444444444443,0.3840277777777778,5.039583333333334,67.2125,-85.39861111111111,364.2,-494.0,8.334027777777777,316.18125,1980.0,0.0,67.16597222222222,-586.348611111111,0.0,-1000.0,36.73888888888889,585.1486111111111,1000.0,0.0,39.54027777777778,35.65972222222222,75.74444444444445,T06,0.6000000000000001,12.7,5.532638888888889,0.7095138888888889,0.5,12.7,5.329861111111111,0.4935416666666667,9.0,17.0,13.215277777777779,1023.0,1029.0,1025.75,47.0,81.0,63.166666666666664,0.0,0.0,0.0,0.0,107.55555555555556,103.42361111111111,425.7013888888889,,0
2017-12-22 00:00:00+00:00,1616.3,0.0,630.7208333333333,64.76875000000001,31.930555555555557,38.84722222222222,39.479166666666664,39.736111111111114,28.041666666666668,42.38194444444444,44.208333333333336,23.479166666666668,14.3,0.0,5.592361111111111,7.8,0.4,3.2416666666666667,0.35555555555555557,4.136111111111111,187.06736111111113,14.430555555555555,-592.6597222222222,8823.236111111111,1185205.0,-349.2361111111111,-740234,39.201388888888886,42.763888888888886,39.020833333333336,32.5625,30.694444444444443,23.57638888888889,32.236111111111114,21.645833333333332,16.270833333333332,-2.4,86.9,14.342361111111112,1.4722222222222223,64.66666666666667,32.951388888888886,31.479166666666668,31.57638888888889,31.020833333333332,49.37291666666667,0.6465277777777778,50.00069444444445,398.54583333333335,397.10555555555555,395.1979166666667,60.791666666666664,71.20138888888889,64.02777777777777,734.0,-99.7,28.541666666666668,0.5743055555555556,3.3243055555555556,13.179166666666667,-30.84305555555555,461.0,-656.9,22.117361111111112,54.08958333333333,742.7,0.0,13.225694444444445,-191.44791666666666,0.0,-1000.0,29.470833333333335,191.44791666666666,1000.0,0.0,29.470833333333335,31.069444444444443,212.92708333333334,T06,0.0,9.8,4.063888888888889,0.218125,0.0,9.4,4.151388888888889,0.14298611111111112,11.0,17.0,13.61111111111111,1024.0,1030.0,1027.2152777777778,46.0,82.0,66.09722222222223,0.0,0.0,0.0,0.0,78.00694444444444,79.77083333333333,427.1666666666667,,0
2017-12-23 00:00:00+00:00,1723.2,0.0,764.2381944444445,84.16041666666666,39.979166666666664,40.15972222222222,40.63194444444444,40.96527777777778,28.5,41.041666666666664,43.46527777777778,23.57638888888889,15.3,0.0,6.776388888888889,11.4,0.4,3.7840277777777778,0.40208333333333335,10.224305555555555,140.88819444444445,14.034722222222221,-511.1666666666667,28501.819444444445,4030657.0,-229.84722222222223,-1099999,40.30555555555556,43.74305555555556,39.71527777777778,34.13194444444444,30.71527777777778,24.63888888888889,31.958333333333332,22.48611111111111,17.45138888888889,-2.6,87.0,12.275694444444445,2.58125,64.07638888888889,34.645833333333336,33.46527777777778,33.40277777777778,31.75,167.93958333333333,0.682638888888889,50.0,398.88125,397.1173611111111,395.20624999999995,163.98611111111111,177.84722222222223,170.40972222222223,1909.4,-98.7,28.95138888888889,0.7416666666666667,3.865277777777778,36.18888888888889,-45.85486111111111,580.8,-894.9,41.22777777777778,172.21388888888887,1943.1,0.0,35.72986111111111,-304.5729166666667,0.0,-1000.0,41.24027777777778,302.4006944444444,1000.0,0.0,44.12430555555555,31.5625,188.1576388888889,T06,0.4,13.8,4.2243055555555555,0.5175694444444444,0.0,13.8,4.057638888888889,0.5089583333333334,9.0,16.0,13.590277777777779,1022.0,1025.0,1022.9930555555555,59.0,95.0,80.60416666666667,0.0,0.0,0.0,0.0,81.25694444444444,77.93055555555556,422.9583333333333,,0
2017-12-24 00:00:00+00:00,1784.0,0.0,1527.875,54.94305555555556,50.1875,68.09027777777777,68.70138888888889,68.84027777777777,29.07638888888889,52.986111111111114,58.708333333333336,26.59722222222222,15.8,0.0,13.539583333333333,15.2,3.8,7.486805555555555,0.6798611111111111,0.08055555555555555,100.80555555555556,15.67361111111111,-36.854166666666664,134789.73611111112,19404415.0,-28.645833333333332,-3537516,60.43055555555556,64.38888888888889,60.291666666666664,40.25694444444444,35.77777777777778,25.32638888888889,38.40972222222222,31.375,17.32638888888889,-2.6,86.8,-1.1277777777777778,0.9256944444444445,106.90972222222223,41.72222222222222,40.076388888888886,39.71527777777778,38.38194444444444,808.5006944444444,0.9784722222222223,50.0,399.4763888888889,397.18541666666664,398.31458333333336,683.0416666666666,708.0763888888889,676.0833333333334,2101.2,-46.5,38.833333333333336,0.4854166666666667,7.7020833333333325,158.60416666666666,-147.39652777777778,0.9,-224.1,5.763194444444444,819.7715277777778,2000.0,1.0,150.64652777777778,-948.5034722222222,0.0,-1000.0,46.84652777777777,918.8527777777776,1000.0,0.0,59.770833333333336,49.138888888888886,100.73750000000001,T06,1.5,16.6,7.8374999999999995,1.5771527777777778,1.5,14.9,7.548611111111111,1.2861805555555557,13.0,17.0,14.722222222222221,1019.0,1024.0,1021.0347222222222,59.0,83.0,73.78472222222223,0.0,0.0,0.0,0.0,153.61805555555554,147.90277777777777,420.97222222222223,,0
2017-12-25 00:00:00+00:00,1737.8,163.4,1240.2631944444445,59.729166666666664,40.77777777777778,53.854166666666664,54.958333333333336,55.00694444444444,27.055555555555557,47.31944444444444,51.520833333333336,25.38888888888889,15.4,1.5,10.997222222222222,11.7,1.0,5.078472222222222,0.5159722222222222,0.5381944444444444,169.22916666666666,14.73611111111111,-225.79861111111111,44368.5,6356548.0,21.958333333333332,-2217059,45.38194444444444,49.1875,45.40277777777778,36.291666666666664,35.270833333333336,24.59027777777778,35.020833333333336,26.458333333333332,17.1875,-2.6,29.0,0.76875,1.1555555555555557,97.54166666666667,37.076388888888886,35.1875,35.15277777777778,34.59722222222222,264.8513888888889,0.8159722222222222,49.99930555555555,399.0236111111111,397.04375000000005,396.3215277777778,235.3125,262.4236111111111,242.85416666666666,2097.5,-97.5,34.28472222222222,0.5180555555555555,5.229166666666667,65.90138888888889,-92.38055555555555,990.8,-729.4,17.722916666666666,266.8326388888889,2000.0,0.0,65.58402777777778,-684.8826388888889,0.0,-1000.0,103.36319444444445,682.5784722222222,1000.0,0.0,106.25555555555555,40.166666666666664,168.69166666666666,T06,0.9,13.5,4.9743055555555555,0.600625,0.9,13.7,4.887499999999999,0.649513888888889,12.0,16.0,13.819444444444445,1017.0,1020.0,1018.3888888888889,67.0,94.0,82.45833333333333,0.0,9.0,0.2986111111111111,0.0,96.29166666666667,94.5625,418.3611111111111,,0
2017-12-26 00:00:00+00:00,1738.8,100.7,1188.2430555555557,55.84097222222223,40.59027777777778,53.53472222222222,55.09722222222222,54.81944444444444,28.5,46.625,50.78472222222222,26.145833333333332,15.4,0.9,10.536111111111111,13.1,1.2,4.735416666666667,0.5604166666666667,0.08958333333333335,263.8326388888889,15.243055555555555,-221.25,37483.819444444445,5365811.0,-46.048611111111114,-2162841,43.666666666666664,47.50694444444444,43.576388888888886,34.520833333333336,34.888888888888886,25.15277777777778,34.736111111111114,25.88888888888889,17.729166666666668,-2.5,28.7,2.0868055555555554,0.8979166666666667,92.92361111111111,35.34722222222222,33.513888888888886,33.47222222222222,32.77777777777778,223.57152777777776,0.7736111111111111,50.00069444444445,398.28263888888887,396.50416666666666,395.46736111111113,203.61805555555554,228.5,211.38888888888889,2096.4,-91.0,33.833333333333336,0.4854166666666667,4.938888888888889,67.64722222222223,-90.12013888888889,510.5,-546.5,16.518749999999997,225.3125,1977.5,0.0,67.4388888888889,-611.5340277777777,0.0,-1000.0,104.63333333333334,611.0625,1000.0,0.0,105.45277777777778,37.53472222222222,263.75,T06,1.4,12.9,5.704166666666667,0.4620833333333334,1.4,13.0,5.734027777777778,0.47458333333333336,13.0,16.0,14.29861111111111,1014.0,1018.0,1016.4097222222222,60.0,96.0,79.91666666666667,0.0,18.0,0.375,0.0,110.85416666666667,111.45833333333333,416.3611111111111,,0
2017-12-27 00:00:00+00:00,1851.2,296.6,1610.1451388888888,38.15277777777778,59.1875,85.18055555555556,85.45833333333333,85.40277777777777,36.77777777777778,54.27777777777778,60.638888888888886,29.42361111111111,16.4,2.6,14.274305555555555,21.9,2.0,9.375,1.0444444444444445,-0.027777777777777783,275.66597222222225,16.1875,-38.125,215464.72916666666,31021432.0,16.79861111111111,-4342927,68.81944444444444,73.97222222222223,71.4375,41.791666666666664,40.4375,26.194444444444443,39.90277777777778,33.99305555555556,18.42361111111111,-2.6,28.9,0.6291666666666667,1.6111111111111112,115.69444444444444,43.479166666666664,42.173611111111114,41.47222222222222,38.84027777777778,1292.572222222222,0.9624999999999999,50.00069444444445,399.2986111111111,397.00625,397.90763888888887,1087.7569444444443,1114.4583333333333,1083.576388888889,2105.1,-87.1,41.75694444444444,0.3354166666666667,9.557638888888889,152.9486111111111,-180.94652777777776,302.0,-368.0,7.154861111111111,1287.9076388888889,2000.0,0.0,151.29097222222222,-797.7291666666666,0.0,-1000.0,76.82916666666667,704.6145833333334,1000.0,0.0,88.43819444444445,58.895833333333336,275.68888888888887,T06,2.3,22.1,10.100694444444445,1.4678472222222223,2.4,22.1,10.152777777777779,1.4879861111111112,12.0,17.0,15.277777777777779,1010.0,1015.0,1011.8333333333334,68.0,95.0,79.34722222222223,0.0,6.0,0.10416666666666667,0.0,198.92361111111111,200.07638888888889,411.75694444444446,,0
2017-12-28 00:00:00+00:00,1811.0,195.7,1490.5458333333333,50.61597222222222,54.27777777777778,69.95833333333333,70.58333333333333,70.50694444444444,31.72222222222222,51.71527777777778,57.53472222222222,29.09027777777778,16.0,1.7000000000000002,13.210416666666667,14.9,1.6,7.481944444444445,0.7541666666666668,0.13125,264.2340277777778,16.881944444444443,-86.625,145695.65972222222,20967700.0,-36.145833333333336,-3825733,61.208333333333336,65.57638888888889,62.34027777777778,40.65972222222222,39.520833333333336,26.71527777777778,39.333333333333336,31.57638888888889,18.98611111111111,-2.6,26.7,-0.21180555555555558,0.8374999999999999,107.82638888888889,41.958333333333336,40.416666666666664,40.0,38.65277777777778,873.6701388888889,0.9395833333333334,49.99861111111111,398.8854166666667,396.7895833333333,396.8826388888889,737.1944444444445,765.8541666666666,742.3680555555555,2101.2,-97.2,39.77777777777778,0.44722222222222224,7.77013888888889,149.7388888888889,-159.41041666666666,618.4,-221.4,7.007638888888889,871.9298611111111,2000.0,0.0,148.81944444444446,-867.8972222222222,0.0,-1000.0,49.62986111111111,826.9201388888889,1000.0,0.0,65.50972222222222,46.611111111111114,264.0965277777778,T06,2.0,13.9,8.146527777777777,0.7185416666666666,2.2,14.2,8.234027777777778,0.7263888888888889,14.0,17.0,15.868055555555555,1011.0,1016.0,1013.2569444444445,75.0,96.0,86.6875,0.0,2.0,0.041666666666666664,0.0,159.95138888888889,161.58333333333334,413.18055555555554,,0
2017-12-29 00:00:00+00:00,1700.2,125.7,1148.6729166666667,76.9388888888889,40.895833333333336,52.541666666666664,53.80555555555556,53.729166666666664,29.256944444444443,45.75694444444444,49.986111111111114,27.5625,15.1,1.1,10.185416666666667,9.6,1.1,4.668055555555556,0.4194444444444445,0.10069444444444445,294.3881944444445,16.930555555555557,-312.72222222222223,30503.270833333332,4347438.0,-66.95138888888889,-1530664,44.326388888888886,47.90972222222222,44.55555555555556,38.65972222222222,36.24305555555556,26.63888888888889,36.0,26.61111111111111,19.305555555555557,-2.5,28.2,2.5159722222222225,1.6145833333333333,94.59722222222223,39.4375,37.541666666666664,37.5,37.59027777777778,181.14027777777778,0.7673611111111112,50.00069444444445,398.5,396.79583333333335,395.37708333333336,171.16666666666666,196.0,184.47222222222223,1259.9,-93.5,34.59027777777778,0.6743055555555555,4.795138888888889,42.9875,-63.78472222222222,999.2,-684.0,42.33125,183.80694444444444,1290.4,0.0,42.27361111111111,-591.1631944444445,0.0,-1000.0,93.89652777777778,591.1631944444445,1000.0,0.0,93.89652777777778,37.861111111111114,294.29305555555555,T06,1.0,9.7,5.180555555555555,0.2525,1.0,9.6,5.152777777777778,0.2559722222222222,14.0,18.0,16.006944444444443,1016.0,1020.0,1018.0486111111111,58.0,95.0,81.49305555555556,0.0,0.0,0.0,0.0,100.41666666666667,99.84722222222223,417.9791666666667,,0
2017-12-30 00:00:00+00:00,1440.4,0.0,286.9770833333333,67.72638888888889,31.083333333333332,38.263888888888886,38.22222222222222,39.27777777777778,29.51388888888889,37.81944444444444,38.0625,24.97222222222222,12.8,0.0,2.5395833333333333,6.3,0.4,2.3763888888888887,0.33472222222222225,-4.05,192.85000000000002,16.381944444444443,-768.1111111111111,794.3819444444445,3783.0,-635.5694444444445,-158410,38.9375,42.34722222222222,38.361111111111114,31.86111111111111,32.548611111111114,25.42361111111111,32.375,21.71527777777778,18.20138888888889,-2.4,86.9,21.154166666666665,1.8506944444444444,47.15972222222222,32.02777777777778,30.5625,30.708333333333332,30.67361111111111,0.16250000000000012,0.6166666666666667,50.0,398.25416666666666,397.5388888888889,393.9604166666667,15.729166666666666,19.979166666666668,18.631944444444443,303.9,-99.5,26.854166666666668,0.5993055555555555,2.3930555555555557,6.741666666666666,-6.606249999999999,651.2,-621.6,15.890277777777776,6.534027777777777,293.1,0.0,6.025,-23.469444444444445,0.0,-1000.0,19.570138888888888,23.469444444444445,1000.0,0.0,19.570138888888888,31.006944444444443,186.89791666666667,T06,0.0,7.9,2.763888888888889,0.14020833333333335,0.0,7.8,2.7618055555555556,0.1320138888888889,13.0,20.0,15.791666666666666,1018.0,1021.0,1019.0694444444445,67.0,97.0,81.63888888888889,0.0,1.0,0.013888888888888888,0.0,51.99305555555556,51.888888888888886,419.0208333333333,,0
2017-12-31 00:00:00+00:00,1712.9,0.0,768.0111111111112,55.90277777777778,33.02777777777778,41.18055555555556,41.875,42.09027777777778,29.041666666666668,39.71527777777778,42.638888888888886,23.77777777777778,15.2,0.0,6.801388888888889,9.7,0.7000000000000001,4.057638888888889,0.44583333333333336,1.780555555555556,219.97569444444446,16.125,-351.61805555555554,29495.097222222223,4196665.0,-254.9375,-1326701,41.020833333333336,44.52777777777778,40.6875,34.36805555555556,31.15972222222222,26.42361111111111,32.923611111111114,23.46527777777778,19.11111111111111,-2.4,27.5,10.881944444444445,0.5395833333333333,61.576388888888886,34.90277777777778,33.861111111111114,33.80555555555556,32.4375,174.86874999999998,0.788888888888889,50.0,398.53125,396.97013888888887,394.6340277777778,149.43055555555554,172.78472222222223,164.20833333333334,1411.2,-97.7,29.61111111111111,0.49236111111111114,4.204861111111111,45.24305555555556,-55.28125,485.8,-604.9,10.386111111111111,177.56944444444446,1464.0,0.0,44.7625,-448.76666666666665,0.0,-1000.0,29.622222222222224,448.7652777777778,1000.0,0.0,29.623611111111114,34.645833333333336,218.18124999999998,T06,0.0,9.9,4.536111111111111,0.25375,0.0,10.1,4.552777777777778,0.268125,12.0,18.0,15.38888888888889,1018.0,1026.0,1020.6527777777778,66.0,97.0,87.65277777777777,0.0,0.0,0.0,0.0,87.49305555555556,87.875,420.59027777777777,,0
2016-01-01 00:00:00+00:00,1681.7,0.0,1135.3972222222224,95.92777777777778,40.03472222222222,57.833333333333336,57.770833333333336,57.30555555555556,32.13194444444444,48.05555555555556,50.96527777777778,26.45138888888889,14.9,0.0,10.016666666666667,26.4,0.4,4.969444444444445,1.0284722222222222,-0.6604166666666668,210.4263888888889,17.57638888888889,-313.36805555555554,47244.42361111111,6758072.0,-269.3888888888889,-2115984,72.60416666666667,76.57638888888889,76.48611111111111,37.875,37.298611111111114,27.84722222222222,38.28472222222222,26.368055555555557,20.78472222222222,-3.1,59.6,3.476388888888889,1.5298611111111111,83.97222222222223,38.083333333333336,37.94444444444444,39.833333333333336,37.354166666666664,281.64166666666665,0.8347222222222223,50.0,400.5090277777778,398.87361111111113,397.7583333333333,249.2611111111111,271.62361111111113,256.55833333333334,1439.8,-50.2,35.65972222222222,0.8694444444444445,5.125694444444445,89.85,-88.14652777777778,999.9,-821.8,23.563888888888886,286.48819444444445,1467.9,0.0,91.02569444444445,-652.7541666666667,0.0,-1000.0,74.49444444444445,652.7534722222222,1000.0,0.0,74.50902777777777,41.104166666666664,211.08333333333334,T07,0.3,11.3,6.020138888888889,0.4857638888888889,0.4,10.9,6.063888888888889,0.508125,16.0,18.0,16.92361111111111,1015.0,1018.0,1016.4027777777778,75.0,96.0,87.22916666666667,0.0,0.0,0.0,0.0,117.28472222222223,118.15277777777777,416.31944444444446,,0
2016-01-02 00:00:00+00:00,1723.8,0.0,618.8958333333334,65.13194444444444,34.354166666666664,47.25694444444444,47.18055555555556,46.68055555555556,32.81944444444444,46.56944444444444,46.451388888888886,25.958333333333332,15.2,0.0,5.215972222222223,36.6,0.4,3.9124999999999996,0.8583333333333334,13.150694444444445,213.78680555555556,16.09722222222222,-667.3402777777778,39761.65972222222,5629582.0,-348.2916666666667,-1151372,73.3125,76.52777777777777,76.43055555555556,33.77777777777778,35.0625,26.0625,35.94444444444444,23.3125,19.03472222222222,-3.3,89.6,15.070833333333333,1.25625,58.50694444444444,33.88194444444444,33.763888888888886,35.52777777777778,33.236111111111114,234.53333333333336,0.9187500000000001,50.0,399.42083333333335,398.34236111111113,395.5368055555556,206.0111111111111,216.62430555555557,210.30833333333334,2015.5,-50.6,31.40277777777778,0.5909722222222222,3.990277777777778,55.94305555555556,-47.96111111111111,1000.2,-929.9,12.927777777777777,259.06944444444446,2000.0,0.0,63.016666666666666,-304.46944444444443,0.0,-1000.0,24.76111111111111,303.84444444444443,1000.0,0.0,26.853472222222223,37.40972222222222,238.125,T07,0.3,14.0,4.114583333333333,0.455625,0.3,14.2,4.113194444444444,0.453125,13.0,18.0,15.208333333333334,1015.0,1019.0,1016.3541666666666,69.0,97.0,87.74305555555556,0.0,21.0,0.375,0.0,79.06944444444444,79.0,416.34027777777777,,0
2016-01-03 00:00:00+00:00,1797.0,0.0,867.8138888888889,43.890277777777776,36.84722222222222,56.05555555555556,55.80555555555556,54.44444444444444,32.583333333333336,43.013888888888886,45.44444444444444,25.26388888888889,15.9,0.0,7.459722222222222,41.4,0.4,5.493055555555555,1.1708333333333334,2.7375000000000003,209.46319444444444,16.1875,-388.5208333333333,96936.58333333333,13902921.0,-129.73611111111111,-2217560,72.75,76.54861111111111,75.71527777777777,34.888888888888886,35.44444444444444,25.54861111111111,35.22222222222222,24.40972222222222,18.583333333333332,-3.1,24.2,11.124305555555557,0.47500000000000003,59.56944444444444,35.583333333333336,35.53472222222222,36.479166666666664,32.861111111111114,579.2340277777778,0.9791666666666666,50.0,400.34375,398.5680555555556,397.0208333333333,485.45000000000005,503.3305555555556,492.08124999999995,2106.9,-47.0,31.6875,0.4236111111111111,5.560416666666667,130.65069444444444,-92.4,567.6,-220.7,4.9125,582.817361111111,2000.0,0.0,130.92013888888889,-478.8923611111111,0.0,-1000.0,34.24791666666667,447.9777777777778,1000.0,0.0,54.56388888888889,40.486111111111114,229.23680555555555,T07,0.0,17.8,5.634722222222222,0.9665277777777779,0.0,18.0,5.652083333333334,0.9630555555555556,13.0,18.0,15.520833333333334,1012.0,1016.0,1013.9513888888889,81.0,98.0,94.20833333333333,0.0,2.0,0.09722222222222222,0.0,109.47222222222223,109.79861111111111,413.90972222222223,,0
2016-01-04 00:00:00+00:00,1788.4,1213.4,1606.0826388888888,51.31805555555556,54.36805555555556,92.47916666666667,91.75,89.32638888888889,48.30555555555556,53.201388888888886,59.388888888888886,30.54861111111111,15.8,10.8,14.218055555555557,42.1,0.5,9.082638888888889,1.9625000000000001,-0.14236111111111102,251.3048611111111,17.78472222222222,0.0,214974.79861111112,30956371.0,0.0,-4588582,71.61111111111111,83.3125,83.20833333333333,41.520833333333336,42.666666666666664,26.916666666666668,42.486111111111114,33.65277777777778,19.506944444444443,-3.3,12.8,-1.1229166666666668,1.2027777777777777,104.875,43.06944444444444,42.94444444444444,44.56944444444444,39.833333333333336,1289.829861111111,0.9958333333333333,49.99791666666667,400.82708333333335,398.56666666666666,399.8805555555556,1081.225,1103.6166666666666,1073.275,2106.5,87.8,42.875,0.44722222222222224,9.191666666666666,284.9,-191.19444444444446,-116.6,-222.4,5.240277777777778,1287.0361111111113,2000.0,82.6,282.43402777777777,-930.7013888888889,-404.9,-1000.0,96.00833333333334,845.7041666666667,1000.0,404.9,145.31319444444443,53.736111111111114,251.44722222222222,T07,3.8,18.0,10.003472222222221,1.8233333333333333,3.8,18.3,10.027777777777779,1.8329166666666667,16.0,18.0,17.09027777777778,1004.0,1013.0,1008.8263888888889,75.0,98.0,88.53472222222223,0.0,7.0,0.11805555555555555,0.0,197.0625,197.65277777777777,408.77777777777777,,0
2016-01-05 00:00:00+00:00,1802.7,1242.2,1596.5631944444444,46.69097222222222,52.4375,91.00694444444444,90.24305555555556,87.90972222222223,47.93055555555556,55.24305555555556,60.333333333333336,27.145833333333332,15.9,11.0,14.143055555555556,41.3,0.4,9.253472222222221,1.7937500000000002,-0.3625,297.39444444444445,14.13888888888889,0.0,207279.22916666666,29848209.0,0.0,-4294936,69.96527777777777,82.84722222222223,83.85416666666667,38.88194444444444,40.125,24.5625,39.78472222222222,30.88888888888889,17.020833333333332,-3.2,20.8,-0.1166666666666667,1.2270833333333335,103.60416666666667,40.38194444444444,40.27777777777778,41.861111111111114,36.708333333333336,1243.7083333333333,1.0,49.99930555555555,400.8513888888889,398.6979166666667,399.6743055555555,1039.1722222222222,1062.7034722222222,1035.8277777777778,2107.8,102.6,40.173611111111114,0.4076388888888889,9.375,175.68819444444443,-178.95277777777778,-93.6,-228.2,5.064583333333333,1242.021527777778,2000.0,102.6,174.80833333333334,-897.5604166666667,-502.6,-1000.0,57.666666666666664,821.6055555555555,1000.0,406.1,75.50486111111111,48.333333333333336,297.75625,T07,4.7,23.8,10.00138888888889,1.4977777777777779,4.4,24.0,9.929861111111112,1.4986805555555556,10.0,18.0,13.36111111111111,1001.0,1013.0,1006.9166666666666,52.0,98.0,76.64583333333333,0.0,15.0,0.4236111111111111,0.0,197.03472222222223,195.58333333333334,406.88194444444446,,0
2016-01-06 00:00:00+00:00,1621.2,0.0,522.7881944444445,94.15555555555555,29.65277777777778,40.77777777777778,40.69444444444444,40.375,30.15972222222222,41.763888888888886,41.55555555555556,23.395833333333332,14.4,0.0,4.484722222222222,22.3,0.4,2.798611111111111,0.7354166666666667,5.513888888888889,245.5388888888889,13.409722222222221,-704.0555555555555,6910.625,893746.0,-408.3333333333333,-516867,60.55555555555556,65.84722222222223,67.10416666666667,32.65972222222222,32.77777777777778,22.645833333333332,32.25694444444444,19.26388888888889,16.194444444444443,-2.6,89.5,15.533333333333335,2.6194444444444445,52.97222222222222,32.65972222222222,32.5625,33.68055555555556,31.020833333333332,37.22777777777778,0.820138888888889,50.00208333333333,399.97222222222223,398.71666666666664,396.1611111111111,49.62013888888889,57.37430555555555,52.962500000000006,851.4,-49.8,26.47222222222222,0.8763888888888889,2.8208333333333333,18.84027777777778,-21.59583333333333,1000.4,-906.8,30.12847222222222,47.131249999999994,872.4,0.0,19.947916666666668,-146.20694444444445,0.0,-1000.0,60.0611111111111,146.20694444444445,1000.0,0.0,60.0611111111111,29.20138888888889,285.0375,T07,0.0,9.9,3.2819444444444446,0.17618055555555556,0.0,9.9,3.2562499999999996,0.17722222222222223,9.0,16.0,12.902777777777779,1013.0,1017.0,1015.4166666666666,59.0,85.0,72.63194444444444,0.0,1.0,0.013888888888888888,0.0,62.333333333333336,61.833333333333336,415.375,,0
2016-01-07 00:00:00+00:00,1556.0,0.0,779.1027777777778,81.37152777777777,34.458333333333336,47.041666666666664,47.076388888888886,46.895833333333336,30.71527777777778,42.5,44.25694444444444,25.618055555555557,13.8,0.0,6.766666666666667,19.6,0.4,3.413888888888889,0.7555555555555556,-8.34513888888889,240.6173611111111,16.375,-561.6527777777778,8518.402777777777,1145779.0,-404.9861111111111,-914908,67.77777777777777,71.44444444444444,71.29861111111111,35.604166666666664,34.74305555555556,25.84027777777778,35.375,22.75,18.9375,-2.4,89.5,10.816666666666666,2.254166666666667,68.3125,35.52777777777778,35.423611111111114,37.25,35.34027777777778,47.74652777777778,0.7625000000000001,50.0,399.81319444444443,398.5222222222222,395.99583333333334,60.074999999999996,71.81041666666667,61.26111111111111,754.1,-49.9,31.604166666666668,0.7520833333333333,3.4895833333333335,30.154166666666665,-38.087500000000006,1000.1,-575.2,25.786805555555556,57.44027777777777,772.3,0.0,31.988888888888887,-228.74305555555554,0.0,-1000.0,113.91180555555555,228.74305555555554,1000.0,0.0,113.91180555555555,32.75,248.96875,T07,0.7000000000000001,8.0,3.953472222222222,0.24493055555555557,0.6000000000000001,8.1,3.9694444444444446,0.24895833333333334,14.0,17.0,15.631944444444445,1013.0,1017.0,1014.8680555555555,67.0,84.0,76.625,0.0,0.0,0.0,0.0,75.8125,76.04861111111111,414.75694444444446,,0
2016-01-08 00:00:00+00:00,1687.7,0.0,920.7993055555556,71.53333333333333,35.270833333333336,49.90972222222222,49.854166666666664,49.208333333333336,29.95138888888889,45.02777777777778,47.013888888888886,24.63888888888889,14.9,0.0,8.053472222222222,28.7,0.4,4.695138888888889,0.9694444444444444,-5.113888888888889,194.5826388888889,16.291666666666668,-362.6111111111111,48167.78472222222,6883944.0,-189.99305555555554,-1688501,69.44444444444444,72.6875,72.34722222222223,35.28472222222222,34.81944444444444,26.243055555555557,35.645833333333336,23.416666666666668,19.194444444444443,-3.2,89.5,8.58125,1.0409722222222222,67.50694444444444,35.576388888888886,35.479166666666664,36.97222222222222,34.25694444444444,286.8722222222222,0.9166666666666666,49.99930555555555,399.9847222222222,398.41319444444446,396.65833333333336,244.34236111111113,264.56597222222223,253.6513888888889,1923.1,-49.6,31.305555555555557,0.6319444444444444,4.793055555555556,86.41388888888889,-70.35763888888889,936.5,-509.9,9.980555555555556,292.16805555555555,1942.8,0.0,87.50902777777777,-531.098611111111,0.0,-1000.0,39.88263888888889,530.6090277777778,1000.0,0.0,41.54236111111111,35.173611111111114,199.68958333333333,T07,0.0,13.1,5.298611111111111,0.47215277777777775,0.2,13.3,5.290972222222222,0.5008333333333334,13.0,18.0,15.784722222222221,1005.0,1013.0,1008.8194444444445,70.0,93.0,82.94444444444444,0.0,0.0,0.0,0.0,102.71527777777777,102.5,408.7916666666667,,0
2016-01-09 00:00:00+00:00,1768.8,95.9,1376.1048611111112,65.29027777777777,43.71527777777778,68.53472222222223,68.30555555555556,67.27083333333333,31.73611111111111,50.770833333333336,54.65972222222222,27.180555555555557,15.6,0.0,12.185416666666667,38.6,0.4,6.512499999999999,1.3229166666666667,0.7909722222222221,260.3020833333333,16.36111111111111,-127.6875,101848.18055555556,14647752.0,-93.11805555555556,-3123755,65.13888888888889,74.15277777777777,73.58333333333333,39.263888888888886,39.013888888888886,25.61111111111111,39.479166666666664,27.680555555555557,18.28472222222222,-3.2,71.9,-0.10486111111111114,0.8875000000000001,95.24305555555556,39.875,39.78472222222222,41.56944444444444,38.31944444444444,610.307638888889,0.9027777777777778,50.00069444444445,400.0736111111111,398.09722222222223,397.5256944444444,517.1187500000001,544.9222222222222,522.8125,2106.2,-45.0,37.979166666666664,0.5777777777777778,6.622916666666667,158.9763888888889,-130.14999999999998,1000.4,-217.3,11.528472222222222,611.6180555555555,2000.0,0.0,158.79791666666668,-826.0645833333333,0.0,-1000.0,91.96666666666667,804.0298611111111,1000.0,0.0,106.14305555555556,42.40972222222222,259.5236111111111,T07,1.7000000000000002,17.0,7.059027777777778,0.9356944444444445,1.6,17.2,7.069444444444445,0.9353472222222222,14.0,18.0,15.680555555555555,1004.0,1012.0,1007.9236111111111,58.0,97.0,78.72222222222223,0.0,4.0,0.125,0.0,138.02083333333334,138.27777777777777,407.875,,0
2016-01-10 00:00:00+00:00,1803.4,1210.4,1510.3333333333333,45.75555555555556,49.5625,82.75694444444444,82.35416666666667,80.25,37.59027777777778,51.65972222222222,56.9375,27.666666666666668,15.9,10.7,13.374305555555557,41.7,0.4,7.991666666666666,1.7069444444444446,-1.504861111111111,232.33194444444447,17.069444444444443,-1.4652777777777777,166718.46527777778,24007248.0,-1.4861111111111112,-3879130,74.0625,82.31944444444444,82.01388888888889,41.291666666666664,39.93055555555556,26.54861111111111,40.36805555555556,30.479166666666668,19.15972222222222,-3.1,14.9,-0.9347222222222222,1.0138888888888888,101.31944444444444,42.333333333333336,42.236111111111114,43.916666666666664,39.72222222222222,1000.2347222222221,0.9486111111111111,50.0,400.3986111111111,397.83124999999995,398.0222222222222,836.1666666666666,869.9673611111111,843.7666666666667,2107.3,-40.2,40.041666666666664,0.4,8.088888888888889,197.33055555555555,-161.63819444444445,17.5,-222.0,6.422222222222222,998.4250000000001,2000.0,0.0,195.64791666666667,-878.2034722222222,0.0,-1000.0,110.22569444444444,809.7173611111111,1000.0,0.0,135.2611111111111,45.708333333333336,233.84375,T07,2.6,19.0,8.306249999999999,1.6411805555555556,2.6,19.4,8.339583333333334,1.645,15.0,18.0,16.444444444444443,1009.0,1012.0,1010.0694444444445,53.0,87.0,72.65277777777777,0.0,1.0,0.006944444444444444,0.0,163.02083333333334,163.76388888888889,410.03472222222223,,0
2016-01-11 00:00:00+00:00,1800.5,0.0,1318.7708333333333,79.59652777777778,60.38194444444444,96.82638888888889,95.91666666666667,93.28472222222223,47.75,50.97222222222222,56.02777777777778,30.118055555555557,15.8,0.0,11.661805555555555,44.8,0.4,8.746527777777779,1.9152777777777779,-2.763888888888889,251.82916666666668,16.22222222222222,-441.21527777777777,202875.73611111112,29150574.0,-525.7083333333334,-3493855,77.53472222222223,91.79166666666667,93.45138888888889,42.50694444444444,42.354166666666664,26.46527777777778,41.520833333333336,32.833333333333336,19.15972222222222,-2.6,89.5,7.175694444444444,3.584027777777778,101.78472222222223,43.63194444444444,43.576388888888886,45.05555555555556,40.486111111111114,1214.6229166666667,0.8527777777777777,50.00208333333333,401.0090277777778,398.86041666666665,398.46875,1025.63125,1047.0458333333333,1025.7395833333333,2115.2,-51.8,42.05555555555556,0.7208333333333333,8.848611111111111,94.03541666666666,-145.49027777777778,1000.3,-805.0,26.626388888888886,1236.9881944444444,2000.0,0.0,91.80000000000001,-512.5111111111112,0.0,-1000.0,110.30208333333333,392.24375,1000.0,0.0,108.26249999999999,52.25,247.11180555555555,T07,1.5,21.8,9.188194444444443,2.2656944444444442,1.5,21.9,9.190277777777778,2.2780555555555555,12.0,18.0,15.666666666666666,1008.0,1015.0,1010.9444444444445,67.0,100.0,84.29166666666667,0.0,3.0,0.1111111111111111,0.0,180.75,180.75694444444446,410.90972222222223,,0
2016-01-12 00:00:00+00:00,1674.4,0.0,741.9666666666667,63.2201388888889,32.96527777777778,46.138888888888886,46.09027777777778,45.673611111111114,37.09027777777778,42.40277777777778,44.21527777777778,23.243055555555557,14.8,0.0,6.449305555555556,25.7,0.4,3.8055555555555554,0.9888888888888889,4.413194444444445,212.99444444444444,13.756944444444445,-586.9652777777778,20753.1875,2903937.0,-607.1388888888889,-1141813,63.611111111111114,68.3125,69.375,32.00694444444444,32.93055555555556,23.70138888888889,32.6875,20.90277777777778,16.77777777777778,-3.2,89.4,13.297222222222222,1.4604166666666667,58.34027777777778,32.02777777777778,31.9375,33.270833333333336,30.444444444444443,120.99374999999999,0.7513888888888889,50.00138888888889,399.7701388888889,398.37708333333336,396.08680555555554,115.65277777777777,128.97500000000002,122.21319444444445,1264.5,-50.1,28.09722222222222,0.6173611111111111,3.948611111111111,53.68472222222223,-47.59236111111111,870.3,-590.9,18.964583333333334,134.8111111111111,1278.4,0.0,58.20694444444444,-353.3326388888889,0.0,-1000.0,81.92916666666666,353.3326388888889,1000.0,0.0,81.92916666666666,30.729166666666668,278.56319444444443,T07,0.5,11.4,4.728472222222222,0.3854861111111111,0.5,11.2,4.65,0.36944444444444446,9.0,16.0,12.847222222222221,1015.0,1018.0,1015.9097222222222,49.0,100.0,77.29166666666667,0.0,1.0,0.006944444444444444,0.0,91.35416666666667,89.79861111111111,415.88194444444446,,0
2016-01-13 00:00:00+00:00,1742.6,139.7,1419.8020833333333,51.93541666666667,46.02777777777778,76.02083333333333,75.52777777777777,73.77777777777777,31.256944444444443,51.27777777777778,55.625,26.118055555555557,15.4,0.0,12.572916666666666,41.8,0.4,7.472222222222222,1.3423611111111111,-0.9409722222222222,87.55486111111111,14.791666666666666,-138.42361111111111,152986.70138888888,22010150.0,-107.76388888888889,-3167740,72.63888888888889,80.22916666666667,79.97916666666667,37.71527777777778,37.36805555555556,24.15277777777778,37.513888888888886,27.583333333333332,16.618055555555557,-3.2,45.6,0.9375,0.9798611111111111,90.45833333333333,38.854166666666664,38.763888888888886,40.361111111111114,36.041666666666664,917.0597222222223,0.9131944444444444,49.99930555555555,400.40277777777777,398.46666666666664,398.54999999999995,775.8298611111111,798.0041666666667,779.5222222222222,2103.0,-49.5,36.80555555555556,0.45763888888888893,7.584722222222222,126.98472222222222,-132.0,999.8,-840.8,23.75347222222222,919.8881944444444,2000.0,0.0,127.92916666666666,-799.0784722222222,0.0,-1000.0,51.265277777777776,741.1451388888888,1000.0,0.0,81.36736111111111,42.46527777777778,85.99722222222222,T07,1.1,12.9,7.434027777777778,0.4403472222222222,1.1,13.3,7.48888888888889,0.44548611111111114,11.0,17.0,14.333333333333334,1014.0,1017.0,1015.7152777777778,51.0,82.0,67.42361111111111,0.0,0.0,0.0,0.0,145.67361111111111,146.70833333333334,415.6666666666667,,0
2016-01-14 00:00:00+00:00,1670.5,0.0,934.8909722222221,60.287499999999994,34.979166666666664,50.673611111111114,50.638888888888886,50.3125,29.458333333333332,44.916666666666664,47.041666666666664,25.25,14.8,0.0,8.177777777777777,21.8,0.4,4.084722222222222,0.7909722222222223,-2.3291666666666666,180.8013888888889,15.805555555555555,-409.1875,22789.069444444445,3222706.0,-308.46527777777777,-1374989,63.31944444444444,69.68055555555556,71.1875,35.02777777777778,34.979166666666664,26.34027777777778,35.673611111111114,23.20138888888889,19.34722222222222,-2.9,89.4,7.5,1.6701388888888888,75.25,35.0,34.916666666666664,36.6875,34.333333333333336,134.26527777777778,0.7847222222222222,49.99861111111111,399.90416666666664,398.5451388888889,396.34166666666664,133.6277777777778,149.40416666666667,137.04097222222222,1570.7,-50.1,32.3125,0.5652777777777778,4.199305555555556,35.43819444444445,-57.235416666666666,844.6,-605.6,27.865277777777777,140.78333333333333,1586.8,0.0,36.87777777777777,-441.9777777777778,0.0,-1000.0,83.07847222222222,441.93819444444443,1000.0,0.0,83.26111111111112,32.25,183.1277777777778,T07,0.9,12.2,4.512499999999999,0.3504861111111111,1.1,12.2,4.518055555555556,0.3560416666666667,13.0,18.0,15.13888888888889,1012.0,1016.0,1014.0277777777778,67.0,97.0,81.75,0.0,0.0,0.0,0.0,87.02777777777777,87.07638888888889,413.94444444444446,,0
2016-01-15 00:00:00+00:00,1723.5,0.0,1097.2055555555555,79.66597222222222,36.90277777777778,55.513888888888886,55.44444444444444,54.833333333333336,29.381944444444443,47.611111111111114,50.416666666666664,24.13888888888889,15.2,0.0,9.6875,40.4,0.4,5.179166666666666,0.9437500000000001,-2.4409722222222223,294.78333333333336,14.4375,-327.9583333333333,54027.34722222222,7732713.0,-249.90972222222223,-1946977,70.95833333333333,74.625,74.83333333333333,34.75,34.861111111111114,24.73611111111111,35.68055555555556,23.40972222222222,17.52777777777778,-3.1,89.8,4.926388888888889,1.4368055555555557,80.72916666666667,35.0625,35.00694444444444,36.69444444444444,33.729166666666664,322.225,0.8625,49.99930555555555,399.80625,398.16875000000005,396.69930555555555,280.52430555555554,301.49791666666664,288.4145833333333,2101.2,-50.9,32.458333333333336,0.7159722222222222,5.261111111111111,81.34305555555555,-81.14305555555556,1000.5,-676.1,20.7875,327.7138888888889,2000.0,0.0,82.42916666666666,-626.2909722222222,0.0,-1000.0,48.79027777777778,623.2284722222222,1000.0,0.0,51.229166666666664,34.583333333333336,299.7340277777778,T07,1.2,12.6,5.522916666666666,0.3715972222222222,1.2,12.1,5.480555555555556,0.3699305555555556,11.0,16.0,13.854166666666666,1012.0,1019.0,1015.3472222222222,71.0,98.0,84.125,0.0,2.0,0.020833333333333332,0.0,107.36111111111111,106.48611111111111,415.2986111111111,,0
2016-01-16 00:00:00+00:00,1696.0,65.5,1080.2243055555555,94.92777777777778,35.979166666666664,55.736111111111114,55.59027777777778,54.74305555555556,28.48611111111111,48.791666666666664,51.333333333333336,23.604166666666668,15.0,0.0,9.490972222222222,39.6,0.4,5.301388888888889,1.05625,0.8673611111111112,98.74444444444445,13.006944444444445,-309.34722222222223,68076.34722222222,9758447.0,-168.56944444444446,-1921744,70.04861111111111,73.29166666666667,73.18055555555556,34.673611111111114,34.69444444444444,23.506944444444443,34.61805555555556,22.23611111111111,16.25,-3.2,57.0,6.293749999999999,1.7618055555555554,72.02083333333333,35.291666666666664,35.15277777777778,36.791666666666664,33.69444444444444,406.7006944444445,0.8486111111111111,50.00069444444445,399.50347222222223,397.88125,396.69097222222223,359.28194444444443,375.98125000000005,367.1402777777778,2075.5,-50.1,31.618055555555557,0.8854166666666666,5.427083333333333,85.23472222222222,-80.07708333333333,1000.5,-831.0,41.96527777777778,415.0993055555556,2000.0,0.0,87.27708333333334,-531.0618055555556,0.0,-1000.0,45.83472222222222,526.2277777777778,1000.0,0.0,50.34652777777777,34.90277777777778,87.87569444444445,T07,0.0,11.7,5.484027777777778,0.36895833333333333,0.0,12.0,5.49375,0.37375,9.0,17.0,12.590277777777779,1018.0,1021.0,1019.0,38.0,88.0,61.798611111111114,0.0,1.0,0.006944444444444444,0.0,106.56944444444444,106.74305555555556,418.9791666666667,,0
2016-01-17 00:00:00+00:00,1755.1,0.0,1473.65,48.2375,48.041666666666664,83.10416666666667,82.48611111111111,80.48611111111111,32.291666666666664,54.611111111111114,58.69444444444444,25.09027777777778,15.5,0.0,13.043055555555556,41.8,0.4,8.015277777777778,1.4784722222222222,-0.5083333333333333,83.39652777777778,13.38888888888889,-127.77083333333333,179457.57638888888,25823493.0,-98.97222222222223,-3765898,72.84722222222223,82.94444444444444,83.05555555555556,36.638888888888886,37.81944444444444,23.21527777777778,37.53472222222222,28.32638888888889,15.61111111111111,-3.2,89.8,0.5506944444444444,1.2374999999999998,97.67361111111111,37.94444444444444,37.80555555555556,39.423611111111114,34.44444444444444,1075.945138888889,0.9618055555555556,50.00416666666667,400.50138888888887,398.51666666666665,398.65486111111113,900.1958333333333,924.9263888888888,904.0374999999999,2104.4,-49.3,37.40972222222222,0.4277777777777778,8.236805555555556,150.6534722222222,-156.89236111111111,565.2,-467.7,8.71875,1077.4534722222222,2000.0,0.0,150.47916666666666,-850.0152777777778,0.0,-1000.0,60.65833333333333,778.9270833333334,1000.0,0.0,88.1888888888889,44.81944444444444,83.90347222222222,T07,1.1,14.5,8.321527777777778,0.5744444444444444,1.1,14.8,8.368055555555555,0.5779861111111111,12.0,15.0,12.73611111111111,1015.0,1019.0,1017.0972222222222,59.0,72.0,63.65972222222222,0.0,0.0,0.0,0.0,163.34722222222223,164.20833333333334,417.0625,,0
2016-01-18 00:00:00+00:00,1626.8,0.0,622.9277777777778,66.93541666666667,30.895833333333332,43.451388888888886,43.416666666666664,43.15277777777778,28.65972222222222,43.548611111111114,44.138888888888886,24.13888888888889,14.4,0.0,5.360416666666667,17.5,0.4,3.372916666666667,0.7069444444444445,-2.3569444444444443,263.40972222222223,13.652777777777779,-608.5138888888889,7486.194444444444,990385.0,-335.7986111111111,-538632,63.49305555555556,67.97916666666667,68.70138888888889,32.47222222222222,33.020833333333336,23.38888888888889,32.375,19.916666666666668,16.53472222222222,-2.9,89.8,14.663194444444445,1.7305555555555554,54.9375,32.458333333333336,32.361111111111114,33.791666666666664,31.32638888888889,41.27291666666667,0.78125,49.99930555555555,399.79375000000005,398.89374999999995,396.1819444444444,61.256249999999994,68.55208333333333,65.37152777777777,860.7,-50.0,27.854166666666668,0.6263888888888889,3.3583333333333334,17.939583333333335,-22.406944444444445,935.3,-653.8,44.298611111111114,53.261805555555554,872.5,0.0,20.62222222222222,-164.00972222222222,0.0,-1000.0,53.15694444444445,164.00972222222222,1000.0,0.0,53.15694444444445,30.569444444444443,288.27986111111113,T07,0.5,9.1,3.6284722222222223,0.15215277777777778,0.4,9.0,3.595138888888889,0.15048611111111113,10.0,17.0,12.930555555555555,1013.0,1017.0,1014.7083333333334,38.0,89.0,65.52083333333333,0.0,0.0,0.0,0.0,69.32638888888889,68.53472222222223,414.65277777777777,,0
2016-01-19 00:00:00+00:00,1430.2,0.0,352.54791666666665,97.41874999999999,26.95138888888889,37.05555555555556,36.90277777777778,36.47222222222222,29.895833333333332,38.104166666666664,38.09722222222222,23.381944444444443,12.7,0.0,2.988888888888889,21.8,0.4,2.4361111111111113,0.6277777777777778,-0.34513888888888883,222.34861111111113,14.145833333333334,-776.7361111111111,1307.4652777777778,76422.0,-381.7361111111111,-115430,65.70833333333333,68.32638888888889,68.13888888888889,31.15277777777778,31.65277777777778,24.208333333333332,31.395833333333332,19.02777777777778,17.229166666666668,-2.3,89.8,21.5,2.8430555555555554,41.84027777777778,31.041666666666668,30.993055555555557,32.236111111111114,29.76388888888889,3.183333333333333,0.8340277777777778,49.99652777777778,399.7368055555555,399.23055555555555,396.49375,21.615972222222222,23.6625,23.702083333333334,330.1,-51.2,25.26388888888889,0.8506944444444444,2.432638888888889,10.463194444444445,-4.764583333333333,1000.3,-588.1,30.293055555555554,15.89722222222222,332.3,0.0,11.824305555555556,-38.65416666666667,0.0,-1000.0,35.299305555555556,38.65416666666667,1000.0,0.0,35.299305555555556,27.59027777777778,300.2006944444445,T07,0.0,6.7,2.567361111111111,0.12034722222222223,0.0,6.7,2.5430555555555556,0.11881944444444444,11.0,16.0,13.430555555555555,1011.0,1014.0,1012.0486111111111,47.0,97.0,68.86111111111111,0.0,0.0,0.0,0.0,47.93055555555556,47.486111111111114,412.0,,0
2016-01-20 00:00:00+00:00,1706.6,0.0,712.25,108.65138888888889,32.041666666666664,45.03472222222222,44.9375,44.52777777777778,30.15972222222222,43.0625,44.729166666666664,24.54861111111111,15.1,0.0,6.215972222222223,41.1,0.4,3.808333333333333,0.8347222222222223,-1.7993055555555557,230.8048611111111,15.652777777777779,-680.7638888888889,24108.42361111111,3373591.0,-452.875,-843696,69.24305555555556,72.125,71.99305555555556,33.55555555555556,33.75694444444444,25.118055555555557,33.986111111111114,21.95138888888889,18.34027777777778,-3.1,89.8,13.290277777777778,2.7930555555555556,58.8125,33.59027777777778,33.47222222222222,35.083333333333336,32.75694444444444,140.5597222222222,0.7979166666666667,49.99722222222223,399.5402777777778,398.63958333333335,396.2888888888889,140.57430555555555,147.77083333333334,143.29444444444445,2100.9,-50.0,29.53472222222222,0.9916666666666667,3.857638888888889,46.09930555555556,-35.175694444444446,1000.9,-808.1,36.24722222222223,154.39722222222224,2000.0,0.0,50.15625,-223.37291666666667,0.0,-1000.0,63.04236111111111,217.77569444444444,1000.0,0.0,67.3763888888889,32.24305555555556,242.6013888888889,T07,0.5,14.2,4.197916666666667,0.2984027777777778,0.5,14.5,4.178472222222222,0.30791666666666667,11.0,17.0,14.993055555555555,1008.0,1014.0,1010.7152777777778,60.0,97.0,83.56944444444444,0.0,27.0,0.3958333333333333,0.0,80.60416666666667,80.27083333333333,410.6736111111111,,0
2016-01-21 00:00:00+00:00,1385.4,0.0,175.80277777777778,34.65833333333333,24.53472222222222,30.97222222222222,30.90972222222222,30.493055555555557,30.645833333333332,34.951388888888886,33.99305555555556,23.819444444444443,12.3,0.0,1.3416666666666666,13.6,0.4,2.158333333333333,0.5368055555555556,-9.702083333333334,171.47222222222223,15.95138888888889,-742.0833333333334,754.5347222222222,1793.0,-266.6041666666667,-103961,66.23611111111111,68.74305555555556,68.38888888888889,30.40277777777778,31.493055555555557,26.118055555555557,31.54861111111111,19.63888888888889,18.75,-2.3,57.5,22.458333333333332,0.6534722222222222,31.069444444444443,30.22222222222222,30.118055555555557,31.15277777777778,29.04861111111111,0.07361111111111117,0.9395833333333334,49.99722222222223,399.09444444444443,398.87361111111113,395.2951388888889,9.077083333333333,11.086805555555555,11.178472222222222,231.1,-49.9,24.9375,0.3472222222222222,2.170138888888889,6.0,-4.338888888888889,895.5,-431.6,7.965277777777778,8.395138888888889,233.5,0.0,6.226388888888889,-22.40347222222222,0.0,-1000.0,14.389583333333333,22.40347222222222,1000.0,0.0,14.389583333333333,26.11111111111111,178.65555555555557,T07,0.0,6.5,1.9743055555555555,0.07729166666666668,0.0,6.6,1.9618055555555556,0.08229166666666667,13.0,17.0,15.54861111111111,1013.0,1018.0,1015.1736111111111,83.0,98.0,91.70833333333333,0.0,0.0,0.0,0.0,36.06944444444444,35.8125,415.125,,0
2016-01-22 00:00:00+00:00,1683.2,0.0,566.4534722222222,56.359722222222224,30.291666666666668,38.94444444444444,38.895833333333336,38.47222222222222,32.18055555555556,37.15972222222222,38.77777777777778,25.243055555555557,14.9,0.0,4.7243055555555555,18.6,0.4,3.5284722222222222,0.675,1.2458333333333333,76.58888888888889,17.041666666666668,-511.6875,19587.3125,2746888.0,-176.90277777777777,-785188,68.32638888888889,70.90277777777777,70.41666666666667,32.986111111111114,33.93055555555556,27.118055555555557,33.763888888888886,22.631944444444443,20.291666666666668,-3.1,89.8,15.734722222222224,1.082638888888889,44.75,32.94444444444444,32.875,34.4375,32.19444444444444,114.48680555555555,0.9159722222222223,50.0,399.7590277777778,398.8645833333333,396.40972222222223,108.00625,116.6138888888889,112.57708333333333,1396.8,-50.0,28.48611111111111,0.5652777777777778,3.595138888888889,30.568055555555556,-32.72222222222222,999.9,-591.1,20.572916666666668,122.75902777777777,1409.2,0.0,32.888194444444444,-260.29791666666665,0.0,-1000.0,29.91111111111111,260.29791666666665,1000.0,0.0,29.91111111111111,35.11805555555556,75.34166666666667,T07,0.0,10.5,3.579861111111111,0.16868055555555556,0.0,10.5,3.599305555555555,0.1711111111111111,14.0,25.0,16.541666666666668,1018.0,1022.0,1019.9722222222222,62.0,100.0,80.44444444444444,0.0,1.0,0.013888888888888888,0.0,68.29166666666667,68.63194444444444,419.9166666666667,,0
2016-01-23 00:00:00+00:00,1750.4,0.0,1535.1611111111113,41.55277777777778,49.43055555555556,79.96527777777777,79.41666666666667,77.78472222222223,34.104166666666664,53.34722222222222,58.13194444444444,27.694444444444443,15.5,0.0,13.588888888888889,42.4,0.5,7.902083333333334,1.3909722222222223,-0.51875,100.5,16.48611111111111,-23.73611111111111,161889.90277777778,23308728.0,-11.659722222222221,-3861381,78.34722222222223,85.18055555555556,84.95833333333333,40.27777777777778,40.458333333333336,26.069444444444443,41.076388888888886,29.430555555555557,18.479166666666668,-3.3,89.8,-1.3972222222222224,0.7118055555555556,100.07638888888889,41.416666666666664,41.34027777777778,43.05555555555556,39.00694444444444,971.2750000000001,0.963888888888889,50.0,400.12291666666664,398.23541666666665,399.01944444444445,820.40625,838.4979166666667,814.0069444444445,2103.4,-46.6,40.50694444444444,0.3666666666666667,8.041666666666666,146.89444444444445,-160.89375,10.0,-221.4,5.013194444444444,971.0006944444444,2000.0,0.0,146.9402777777778,-934.3638888888888,0.0,-1000.0,52.28472222222222,889.8638888888888,1000.0,0.0,72.27013888888888,54.861111111111114,101.02916666666667,T07,2.1,14.0,8.011111111111111,0.78625,2.0,14.1,8.08125,0.7918055555555555,14.0,18.0,15.916666666666666,1020.0,1024.0,1022.0416666666666,64.0,89.0,76.95833333333333,0.0,0.0,0.0,0.0,157.08333333333334,158.50694444444446,421.99305555555554,,0
2016-01-24 00:00:00+00:00,1687.3,134.1,1399.0256944444445,57.135416666666664,42.145833333333336,64.66666666666667,64.48611111111111,63.71527777777778,30.041666666666668,51.208333333333336,54.84027777777778,26.104166666666668,14.9,0.0,12.389583333333333,31.8,0.4,6.3069444444444445,1.0659722222222223,-1.9888888888888887,101.28541666666666,16.506944444444443,-68.26388888888889,85975.94444444444,12370704.0,-38.423611111111114,-2959301,66.79166666666667,73.88888888888889,74.90277777777777,38.90972222222222,38.02777777777778,26.27777777777778,38.958333333333336,26.65972222222222,19.020833333333332,-3.3,45.3,-1.3361111111111112,0.6708333333333334,94.125,39.43055555555556,39.395833333333336,41.236111111111114,38.09722222222222,515.3729166666667,0.9291666666666667,50.0,400.2416666666667,398.00625,398.52777777777777,441.15972222222223,463.2131944444444,436.0138888888889,1721.5,-48.7,37.05555555555556,0.5034722222222222,6.459722222222222,88.05138888888888,-123.30277777777776,969.2,-187.1,8.111805555555556,516.4770833333333,1740.2,0.0,88.13263888888889,-911.4652777777778,0.0,-1000.0,45.66736111111111,910.6937499999999,1000.0,0.0,47.33680555555556,41.94444444444444,103.27777777777777,T07,1.7000000000000002,11.6,6.204861111111111,0.7141666666666667,1.7000000000000002,12.3,6.258333333333334,0.7229861111111111,14.0,19.0,15.9375,1021.0,1024.0,1022.3611111111111,61.0,78.0,70.91666666666667,0.0,0.0,0.0,0.0,120.97222222222223,122.06944444444444,422.30555555555554,,0
2016-01-25 00:00:00+00:00,1672.4,0.0,1147.5243055555557,74.78472222222223,38.21527777777778,56.34722222222222,56.22222222222222,55.86805555555556,29.993055555555557,49.02777777777778,51.59722222222222,25.34722222222222,14.8,0.0,10.113888888888889,40.0,0.4,5.228472222222222,0.9340277777777778,0.6847222222222222,105.72638888888889,16.125,-322.9791666666667,53457.3125,7651346.0,-232.91666666666666,-2115982,73.10416666666667,77.23611111111111,77.46527777777777,37.763888888888886,36.645833333333336,26.069444444444443,37.5625,24.958333333333332,18.895833333333332,-3.2,89.8,3.513888888888889,1.4361111111111111,85.92361111111111,38.05555555555556,37.986111111111114,39.86805555555556,37.166666666666664,318.7708333333333,0.875,50.00138888888889,399.71875,398.0423611111111,397.46944444444443,283.0486111111111,299.24930555555557,279.72013888888887,1415.1,-50.5,34.798611111111114,0.6701388888888888,5.334027777777778,68.33680555555556,-88.18402777777777,850.7,-555.5,18.637500000000003,323.5854166666667,1435.0,0.0,69.09930555555555,-692.98125,0.0,-1000.0,62.14027777777778,692.98125,1000.0,0.0,62.15208333333333,38.979166666666664,102.54097222222222,T07,0.0,11.4,5.322222222222222,0.500625,0.0,11.6,5.3694444444444445,0.5049305555555557,14.0,18.0,15.409722222222221,1021.0,1024.0,1022.0347222222222,66.0,87.0,77.125,0.0,0.0,0.0,0.0,103.11111111111111,104.25694444444444,422.00694444444446,,0
2016-01-26 00:00:00+00:00,1457.3,0.0,423.9798611111111,35.55347222222222,29.493055555555557,39.111111111111114,39.05555555555556,38.701388888888886,29.875,38.625,38.798611111111114,23.625,12.9,0.0,3.4583333333333335,37.2,0.4,2.579861111111111,0.6090277777777778,0.9256944444444444,205.24374999999998,14.395833333333334,-632.1597222222222,5161.916666666667,652285.0,-260.6458333333333,-461338,66.58333333333333,69.41666666666667,68.85416666666667,31.72222222222222,32.479166666666664,24.48611111111111,31.92361111111111,19.979166666666668,17.95138888888889,-2.3,89.8,17.331249999999997,0.9534722222222223,46.09722222222222,31.708333333333332,31.65277777777778,32.638888888888886,30.26388888888889,27.180555555555557,0.8847222222222223,50.00347222222222,399.6638888888889,398.71944444444443,396.1409722222222,38.94305555555556,45.87916666666667,42.141666666666666,383.3,-49.3,26.625,0.34652777777777777,2.601388888888889,13.891666666666667,-19.19097222222222,1000.5,-932.5,22.98888888888889,33.51458333333333,686.7,0.0,13.349305555555555,-147.0284722222222,0.0,-1000.0,50.27430555555556,147.0284722222222,1000.0,0.0,50.27430555555556,28.88888888888889,264.3125,T07,0.0,6.7,2.634027777777778,0.12020833333333332,0.0,6.6,2.6131944444444444,0.11875000000000001,11.0,16.0,13.583333333333334,1022.0,1025.0,1023.3541666666666,62.0,96.0,82.86805555555556,0.0,1.0,0.020833333333333332,0.0,49.166666666666664,48.916666666666664,423.25,,0
2016-01-27 00:00:00+00:00,1404.0,0.0,127.35902777777778,24.737499999999997,22.430555555555557,26.4375,26.354166666666668,25.97222222222222,29.618055555555557,32.513888888888886,31.40277777777778,22.95138888888889,12.4,0.0,0.7861111111111111,12.4,0.4,2.177777777777778,0.5736111111111112,32.14861111111111,174.92916666666667,13.54861111111111,-691.1041666666666,53.541666666666664,-91810.0,-174.66666666666666,-25430,64.97916666666667,67.04861111111111,66.64583333333333,29.23611111111111,31.208333333333332,24.604166666666668,29.88888888888889,17.993055555555557,17.625,-2.3,89.8,23.88611111111111,0.38125000000000003,23.819444444444443,29.15972222222222,29.131944444444443,29.63888888888889,26.666666666666668,-3.826388888888889,0.9618055555555556,50.00069444444445,399.7277777777778,399.18541666666664,395.8638888888889,4.044444444444444,5.164583333333334,5.88125,231.2,-49.3,23.083333333333332,0.2833333333333334,2.178472222222222,3.634722222222222,-1.0604166666666668,1000.0,-620.0,4.989583333333333,5.36875,233.8,0.0,5.266666666666667,-1.6194444444444445,0.0,-1000.0,2.442361111111111,1.6194444444444445,1000.0,0.0,2.442361111111111,23.57638888888889,182.76180555555555,T07,0.0,5.2,1.9486111111111113,0.09854166666666667,0.0,5.5,1.9562499999999998,0.10041666666666667,10.0,17.0,13.07638888888889,1020.0,1023.0,1021.375,48.0,96.0,77.49305555555556,0.0,1.0,0.020833333333333332,0.0,35.55555555555556,35.77777777777778,421.3333333333333,,0
2016-01-28 00:00:00+00:00,1384.4,0.0,374.13472222222225,62.575694444444444,27.20138888888889,33.86805555555556,33.826388888888886,33.59027777777778,29.13888888888889,36.604166666666664,37.61805555555556,23.131944444444443,12.3,0.0,3.0631944444444446,14.5,0.4,2.720833333333333,0.6673611111111112,-3.1833333333333336,86.04097222222222,13.631944444444445,-690.9930555555555,1586.263888888889,128921.0,-287.9583333333333,-224974,65.59027777777777,67.6875,66.86805555555556,30.5,32.03472222222222,23.75,30.354166666666668,19.104166666666668,17.09722222222222,-2.3,89.8,19.793055555555554,1.5451388888888888,37.40277777777778,30.48611111111111,30.40972222222222,31.506944444444443,29.03472222222222,5.372222222222223,0.8625,50.00069444444445,399.5520833333333,398.9840277777778,396.09583333333336,26.170833333333334,28.833333333333332,28.64305555555556,184.7,-49.6,24.88888888888889,0.6763888888888889,2.709722222222222,6.992361111111111,-9.345833333333333,837.7,-592.4,31.854166666666668,14.35277777777778,226.7,0.0,8.698611111111111,-47.06180555555555,0.0,-914.4,21.35,47.06180555555555,914.4,0.0,21.35,27.0,79.2173611111111,T07,0.0,6.8,3.1312499999999996,0.14395833333333333,0.0,6.7,3.098611111111111,0.14340277777777777,11.0,16.0,13.152777777777779,1020.0,1023.0,1021.3333333333334,66.0,90.0,78.93055555555556,0.0,0.0,0.0,0.0,59.263888888888886,58.666666666666664,421.30555555555554,,0
2016-01-29 00:00:00+00:00,1429.3,0.0,440.55069444444445,92.41041666666666,28.381944444444443,36.798611111111114,36.729166666666664,36.44444444444444,29.805555555555557,39.15972222222222,39.861111111111114,23.520833333333332,12.6,0.0,3.7180555555555554,17.3,0.4,2.704861111111111,0.7381944444444445,-4.915972222222222,204.97430555555556,14.020833333333334,-716.1111111111111,2889.9166666666665,313031.0,-395.9236111111111,-280016,65.59027777777777,67.90277777777777,67.18055555555556,31.555555555555557,32.451388888888886,24.1875,31.506944444444443,19.131944444444443,17.125,-2.3,89.8,17.879166666666666,2.5569444444444445,44.916666666666664,31.555555555555557,31.479166666666668,32.53472222222222,29.78472222222222,13.05,0.820138888888889,50.0,399.92083333333335,399.0993055555556,396.8548611111111,34.20763888888889,37.52986111111111,36.425694444444446,367.5,-50.1,25.86111111111111,0.8826388888888889,2.7319444444444443,13.775694444444445,-11.676388888888889,1000.6,-862.3,39.95,23.930555555555557,374.1,0.0,15.387500000000001,-83.7173611111111,0.0,-1000.0,50.50069444444445,83.7173611111111,1000.0,0.0,50.50069444444445,28.1875,139.89166666666668,T07,0.0,7.6,3.3319444444444444,0.15104166666666666,0.0,7.5,3.276388888888889,0.14722222222222223,10.0,18.0,13.29861111111111,1020.0,1023.0,1021.7569444444445,50.0,87.0,72.90972222222223,0.0,0.0,0.0,0.0,63.298611111111114,62.22222222222222,421.6875,,0
2016-01-30 00:00:00+00:00,1454.1,0.0,263.1847222222222,60.31527777777777,25.51388888888889,31.104166666666668,31.02777777777778,30.729166666666668,29.979166666666668,35.736111111111114,35.75,23.79861111111111,12.9,0.0,1.9437499999999999,15.1,0.4,2.5909722222222222,0.6944444444444444,7.018055555555556,170.1326388888889,13.95138888888889,-680.6944444444445,2535.0694444444443,267031.0,-254.27777777777777,-157563,65.65277777777777,67.79166666666667,67.05555555555556,30.07638888888889,32.03472222222222,23.694444444444443,31.145833333333332,19.09722222222222,17.13888888888889,-2.3,89.8,21.561111111111114,1.1659722222222222,32.576388888888886,30.020833333333332,30.0,30.78472222222222,27.743055555555557,11.128472222222221,0.9138888888888889,50.0,399.37638888888887,398.77916666666664,395.7347222222222,19.37986111111111,22.282638888888886,22.669444444444444,490.6,-49.6,24.48611111111111,0.6180555555555556,2.5972222222222223,7.538194444444445,-6.5375,860.3,-590.1,11.840277777777779,21.30972222222222,503.7,0.0,10.764583333333333,-51.93958333333333,0.0,-1000.0,12.370138888888889,51.93958333333333,1000.0,0.0,12.370138888888889,26.52777777777778,148.1173611111111,T07,0.0,7.4,2.714583333333333,0.14395833333333333,0.0,7.2,2.6847222222222222,0.1425,8.0,18.0,13.20138888888889,1023.0,1028.0,1025.5,54.0,87.0,69.02777777777777,0.0,0.0,0.0,0.0,50.99305555555556,50.395833333333336,425.4513888888889,,0
2016-01-31 00:00:00+00:00,1663.2,0.0,711.8777777777777,111.05347222222223,32.71527777777778,44.291666666666664,44.229166666666664,43.97222222222222,29.46527777777778,42.56944444444444,44.25,23.895833333333332,14.7,0.0,6.195138888888889,21.6,0.4,3.4583333333333335,0.8534722222222223,-2.071527777777778,249.24861111111113,14.604166666666666,-615.0416666666666,12086.1875,1651841.0,-393.28472222222223,-739080,66.69444444444444,69.36805555555556,68.5,33.46527777777778,33.673611111111114,23.868055555555557,33.201388888888886,20.90277777777778,16.958333333333332,-3.1,89.8,12.395138888888889,2.716666666666667,60.24305555555556,33.43055555555556,33.36805555555556,34.77777777777778,32.34027777777778,68.82638888888889,0.7840277777777778,50.00069444444445,399.8208333333333,398.47569444444446,395.93611111111113,82.45069444444444,91.6201388888889,86.125,1170.9,-52.2,28.5,1.026388888888889,3.4833333333333334,38.693749999999994,-30.79444444444444,1000.0,-888.3,45.7,79.93680555555555,1195.6,0.0,40.48888888888889,-237.65555555555557,0.0,-1000.0,92.32638888888889,237.65555555555557,1000.0,0.0,92.32638888888889,31.9375,271.32430555555555,T07,0.6000000000000001,10.4,4.088888888888889,0.26083333333333336,0.6000000000000001,10.3,4.022222222222222,0.25319444444444444,10.0,18.0,13.875,1023.0,1028.0,1025.4027777777778,43.0,85.0,67.09722222222223,0.0,0.0,0.0,0.0,78.53472222222223,77.1875,425.3263888888889,,0
2016-02-01 00:00:00+00:00,1460.2,0.0,412.13958333333335,80.31180555555555,30.65972222222222,39.013888888888886,38.9375,38.583333333333336,32.833333333333336,39.0625,39.65277777777778,25.958333333333332,12.9,0.0,3.3229166666666665,18.1,0.4,2.6875,0.5750000000000001,10.341666666666667,109.65555555555555,17.1875,-699.8333333333334,3646.465277777778,424315.0,-372.5138888888889,-297046,67.85416666666667,70.38194444444444,69.47222222222223,32.375,33.236111111111114,27.0,33.15972222222222,22.54861111111111,20.104166666666668,-2.4,86.1,19.54513888888889,2.5159722222222225,42.826388888888886,32.21527777777778,32.13194444444444,33.361111111111114,30.84027777777778,17.677777777777777,0.8326388888888889,50.0,399.4763888888889,398.70416666666665,395.9173611111111,35.08402777777778,39.769444444444446,38.33125,518.8,-50.1,27.78472222222222,0.7506944444444444,2.7,12.364583333333334,-12.400694444444445,1000.1,-978.8,31.520833333333332,27.145833333333332,525.8,0.0,13.613194444444444,-97.43125,0.0,-1000.0,39.75763888888889,97.43125,1000.0,0.0,39.75763888888889,33.9375,111.80486111111111,T07,0.4,7.6,2.836111111111111,0.14222222222222222,0.4,7.5,2.8159722222222223,0.14666666666666667,12.0,23.0,16.72222222222222,1020.0,1024.0,1022.0972222222222,34.0,85.0,58.916666666666664,0.0,0.0,0.0,0.0,53.298611111111114,52.90972222222222,422.02777777777777,,0
2016-02-02 00:00:00+00:00,1553.6,0.0,781.7479166666667,100.77013888888888,35.86805555555556,48.40277777777778,48.375,48.1875,32.048611111111114,43.11805555555556,45.15277777777778,25.854166666666668,13.8,0.0,6.745138888888889,17.5,0.4,3.5687499999999996,0.7236111111111111,-0.7416666666666667,161.25,16.833333333333332,-617.7291666666666,11376.923611111111,1549321.0,-463.0625,-820231,69.67361111111111,73.09722222222223,72.28472222222223,35.513888888888886,35.05555555555556,27.67361111111111,35.729166666666664,23.694444444444443,20.70138888888889,-2.9,89.8,10.608333333333333,2.722916666666667,69.30555555555556,35.40972222222222,35.34722222222222,37.21527777777778,35.11805555555556,64.55833333333334,0.7381944444444445,49.99930555555555,399.7215277777778,398.62430555555557,396.52777777777777,83.95902777777778,93.37569444444445,86.72916666666667,647.9,-50.0,31.88888888888889,0.9263888888888889,3.607638888888889,23.23611111111111,-34.15625,1000.4,-728.0,50.107638888888886,74.56180555555555,665.1,0.0,24.629166666666666,-288.06319444444443,0.0,-1000.0,72.08541666666666,288.06319444444443,1000.0,0.0,72.08541666666666,40.5625,169.49652777777777,T07,0.3,8.9,3.855555555555556,0.17381944444444444,0.3,8.9,3.8687500000000004,0.1801388888888889,14.0,21.0,16.243055555555557,1018.0,1021.0,1019.4652777777778,39.0,83.0,55.74305555555556,0.0,0.0,0.0,0.0,73.90972222222223,74.10416666666667,419.4236111111111,,0
2016-02-03 00:00:00+00:00,1687.1,0.0,347.23333333333335,57.62222222222223,26.854166666666668,35.93055555555556,35.798611111111114,35.3125,30.270833333333332,36.166666666666664,36.46527777777778,23.319444444444443,14.9,0.0,2.867361111111111,19.5,0.4,2.70625,0.6173611111111111,5.513888888888889,183.26597222222222,14.38888888888889,-613.5,11802.895833333334,1611272.0,-149.97222222222223,-476422,65.90277777777777,68.29861111111111,67.48611111111111,30.645833333333332,31.63888888888889,24.45138888888889,30.98611111111111,19.04861111111111,17.805555555555557,-3.1,89.8,19.76736111111111,1.4166666666666667,34.736111111111114,30.65972222222222,30.61111111111111,31.42361111111111,27.92361111111111,67.14930555555556,0.9312499999999999,50.00138888888889,399.3513888888889,398.92291666666665,395.56111111111113,66.98194444444444,71.97777777777777,70.39791666666666,1919.9,-49.9,24.583333333333332,0.5229166666666667,2.722916666666667,19.18402777777778,-19.856250000000003,1000.2,-944.4,14.180555555555555,75.50972222222222,1948.6,0.0,20.349305555555556,-109.11319444444445,0.0,-1000.0,15.579166666666667,108.23750000000001,1000.0,0.0,16.881944444444443,30.291666666666668,220.24791666666667,T07,0.0,12.7,2.896527777777778,0.14402777777777778,0.0,12.2,2.8680555555555554,0.14388888888888887,9.0,17.0,13.895833333333334,1017.0,1020.0,1018.8611111111111,65.0,100.0,85.69444444444444,0.0,0.0,0.0,0.0,54.52777777777778,54.03472222222222,418.8333333333333,,0
2016-02-04 00:00:00+00:00,1815.2,1370.6,1663.6145833333333,27.670833333333334,62.34027777777778,112.63888888888889,111.02777777777777,107.5,43.19444444444444,53.888888888888886,60.81944444444444,30.72222222222222,16.0,12.1,14.740277777777777,52.4,0.4,12.277777777777779,2.461111111111111,-1.2041666666666666,101.00555555555555,15.909722222222221,0.0,296093.81944444444,42637510.0,0.0,-4873469,84.71527777777777,96.46527777777777,97.28472222222223,45.13194444444444,43.208333333333336,25.291666666666668,42.90277777777778,34.479166666666664,17.833333333333332,-3.1,21.8,4.813194444444445,2.1402777777777775,113.875,46.951388888888886,46.854166666666664,48.3125,42.208333333333336,1776.65,1.0,49.99930555555555,401.6791666666667,399.5763888888889,401.0715277777778,1481.1430555555555,1499.3972222222224,1473.8791666666666,2108.3,456.2,45.333333333333336,0.24097222222222225,12.345833333333333,105.87083333333334,-203.06805555555556,-129.3,-225.3,2.810416666666667,1775.0118055555556,2000.0,442.6,104.26597222222223,-727.0229166666667,-583.3,-1000.0,56.928472222222226,576.5506944444445,1000.0,406.1,66.475,63.604166666666664,102.21666666666667,T07,6.2,24.3,12.67361111111111,2.0149305555555554,6.3,24.6,12.752777777777778,2.0477777777777777,14.0,17.0,15.340277777777779,1018.0,1023.0,1020.2083333333334,53.0,81.0,70.25694444444444,0.0,1.0,0.006944444444444444,0.0,250.65972222222223,252.17361111111111,420.13194444444446,,0
2016-02-05 00:00:00+00:00,1808.0,1218.1,1587.273611111111,28.766666666666666,58.645833333333336,104.8125,103.45138888888889,100.71527777777777,48.40277777777778,51.923611111111114,58.46527777777778,30.95138888888889,15.8,10.8,14.0625,42.1,0.5,10.172916666666667,2.0680555555555555,-0.20486111111111105,109.37916666666666,15.569444444444445,0.0,242623.22916666666,34937745.0,0.0,-4542898,79.14583333333333,94.96527777777777,98.73611111111111,43.77777777777778,42.59027777777778,25.82638888888889,41.486111111111114,32.72222222222222,18.27777777777778,-3.0,16.3,2.2868055555555555,1.8284722222222223,111.15972222222223,45.15972222222222,45.104166666666664,46.604166666666664,41.291666666666664,1455.6881944444444,0.9618055555555556,50.0,401.15,399.09791666666666,400.4888888888889,1221.9541666666667,1237.53125,1209.7027777777778,2108.1,-1.2,42.916666666666664,0.25069444444444444,10.260416666666666,115.28055555555557,-189.28819444444446,0.0,-224.3,3.4881944444444444,1453.8666666666666,2000.0,0.0,113.94305555555555,-740.3673611111111,0.0,-1000.0,89.16111111111111,618.1805555555555,1000.0,0.0,93.98958333333333,53.451388888888886,109.58611111111111,T07,2.2,21.2,10.15763888888889,2.093125,2.4,21.5,10.227083333333333,2.098402777777778,13.0,18.0,14.840277777777779,1015.0,1019.0,1016.5694444444445,62.0,81.0,72.67361111111111,0.0,0.0,0.0,0.0,200.15972222222223,201.53472222222223,416.5138888888889,,0
2016-02-06 00:00:00+00:00,1720.6,0.0,1240.5013888888889,85.42361111111111,40.90277777777778,60.951388888888886,60.833333333333336,60.076388888888886,31.416666666666668,51.326388888888886,53.80555555555556,26.15277777777778,15.2,0.0,10.983333333333333,28.0,0.4,5.915972222222222,1.171527777777778,2.821527777777778,178.63333333333333,16.194444444444443,-254.73611111111111,78484.27777777778,11265053.0,-157.04166666666666,-2518171,63.25694444444444,71.09027777777777,74.4375,37.354166666666664,37.666666666666664,26.38888888888889,38.638888888888886,25.875,19.4375,-3.1,89.8,2.8055555555555554,1.23125,86.04166666666667,37.88194444444444,37.84027777777778,39.625,36.75694444444444,469.3534722222222,0.9194444444444445,50.0,399.93958333333336,398.12291666666664,397.1076388888889,396.5965277777778,422.3541666666667,408.00347222222223,2103.3,-50.3,36.229166666666664,0.757638888888889,6.047222222222222,125.58194444444445,-104.91527777777777,755.9,-464.4,12.960416666666667,474.11041666666665,2000.0,0.0,127.20347222222222,-750.2416666666667,0.0,-1000.0,45.18819444444445,749.1305555555556,1000.0,0.0,49.113194444444446,44.18055555555556,175.8097222222222,T07,0.9,12.7,5.702083333333333,0.9605555555555555,0.9,12.4,5.69375,0.9895138888888889,13.0,18.0,15.430555555555555,1014.0,1017.0,1015.3333333333334,70.0,92.0,79.74305555555556,0.0,0.0,0.0,0.0,110.72916666666667,110.79166666666667,415.2708333333333,,0
2016-02-07 00:00:00+00:00,1776.0,0.0,1474.0666666666666,80.49375,46.71527777777778,76.07638888888889,75.75,74.25,36.548611111111114,52.90972222222222,57.263888888888886,27.805555555555557,15.6,0.0,13.055555555555555,40.2,0.4,7.393055555555555,1.4340277777777777,-0.3888888888888889,281.56319444444443,16.069444444444443,-84.72222222222223,141397.77777777778,20349081.0,-60.65277777777778,-3584680,70.07638888888889,79.28472222222223,79.78472222222223,39.81944444444444,40.4375,25.70138888888889,40.90972222222222,28.6875,18.131944444444443,-3.2,89.7,-0.4486111111111112,1.5534722222222221,99.25694444444444,40.74305555555556,40.645833333333336,42.416666666666664,38.791666666666664,847.9131944444445,0.9388888888888888,50.00138888888889,400.39374999999995,398.1020833333333,398.0597222222222,711.4472222222223,741.9479166666666,716.5423611111112,2106.7,-49.6,40.18055555555556,0.7097222222222223,7.5479166666666675,186.09722222222223,-149.35555555555555,876.4,-222.7,10.976388888888888,848.8965277777778,2000.0,0.0,185.72083333333333,-858.1937499999999,0.0,-1000.0,59.196527777777774,823.9416666666667,1000.0,0.0,79.88194444444444,47.3125,281.9555555555555,T07,3.1,16.4,8.026388888888889,0.8727777777777779,3.2,16.7,8.0125,0.8674305555555555,13.0,17.0,15.17361111111111,1014.0,1022.0,1017.7708333333334,45.0,97.0,74.53472222222223,0.0,3.0,0.08333333333333333,0.0,157.47916666666666,157.1875,417.7291666666667,,0
2016-02-08 00:00:00+00:00,1669.2,0.0,890.4395833333333,95.01805555555556,34.263888888888886,48.0,47.958333333333336,47.645833333333336,29.680555555555557,43.40277777777778,45.74305555555556,24.02777777777778,14.8,0.0,7.883333333333334,39.9,0.4,3.964583333333333,0.8597222222222223,1.1076388888888886,288.89166666666665,14.527777777777779,-460.0625,15314.972222222223,2139111.0,-301.86805555555554,-961410,64.47916666666667,69.04166666666667,70.15277777777777,34.27777777777778,34.0,24.52777777777778,33.86805555555556,21.6875,17.604166666666668,-2.9,89.7,8.886805555555556,2.3875,68.29166666666667,34.34722222222222,34.25,35.798611111111114,33.298611111111114,89.13541666666667,0.7375,50.00069444444445,399.76666666666665,398.3263888888889,396.3701388888889,108.3763888888889,120.67361111111111,114.20833333333333,1057.9,-50.2,30.09722222222222,0.8541666666666666,3.953472222222222,46.19652777777778,-40.02777777777778,993.5,-811.1,63.08611111111111,99.60902777777778,1087.3,0.0,48.829861111111114,-314.60833333333335,0.0,-1000.0,107.09027777777777,314.60833333333335,1000.0,0.0,107.09027777777777,32.05555555555556,312.7902777777778,T07,1.6,11.3,4.657638888888889,0.2559722222222222,1.5,11.2,4.6,0.2542361111111111,11.0,17.0,13.916666666666666,1021.0,1024.0,1022.1736111111111,55.0,85.0,69.70138888888889,0.0,0.0,0.0,0.0,89.92361111111111,88.83333333333333,422.125,,0
2016-02-09 00:00:00+00:00,1749.1,0.0,1242.4541666666667,76.08263888888888,41.80555555555556,64.50694444444444,64.27083333333333,63.25,30.13888888888889,48.38194444444444,52.173611111111114,25.78472222222222,15.5,0.0,10.992361111111112,39.9,0.4,5.977777777777778,1.1756944444444446,-2.165277777777778,274.40277777777777,15.590277777777779,-247.68055555555554,88557.77083333333,12716654.0,-212.17361111111111,-2622551,73.32638888888889,77.88194444444444,77.89583333333333,36.548611111111114,36.88194444444444,25.618055555555557,37.451388888888886,25.46527777777778,18.458333333333332,-3.2,57.9,2.6645833333333333,1.4284722222222221,86.09722222222223,37.15277777777778,37.02777777777778,38.854166666666664,35.56944444444444,529.9590277777778,0.8305555555555556,49.99861111111111,400.0201388888889,398.2326388888889,397.3097222222222,458.47499999999997,480.53125,464.4534722222222,2105.3,-49.9,35.826388888888886,0.6701388888888888,6.0256944444444445,133.0298611111111,-109.28333333333333,1000.2,-548.7,24.804861111111112,534.4173611111112,2000.0,0.0,133.8875,-640.4777777777778,0.0,-1000.0,62.1263888888889,623.1395833333333,1000.0,0.0,82.58194444444445,39.916666666666664,276.56458333333336,T07,1.4,15.7,6.690972222222222,0.5579166666666667,1.4,15.8,6.6875,0.5610416666666667,13.0,17.0,15.01388888888889,1020.0,1023.0,1021.1944444444445,61.0,96.0,77.625,0.0,0.0,0.0,0.0,130.65277777777777,130.65972222222223,421.13194444444446,,0
2016-02-10 00:00:00+00:00,1741.5,1216.3,1432.0027777777777,76.33888888888889,41.75694444444444,65.98611111111111,65.84722222222223,64.88888888888889,29.666666666666668,53.298611111111114,56.59027777777778,26.07638888888889,15.4,10.8,12.683333333333334,23.3,0.5,6.626388888888889,1.3097222222222222,0.8527777777777777,262.1118055555555,16.069444444444443,0.0,98567.4375,14193711.0,0.0,-3374951,66.75,74.51388888888889,75.22222222222223,39.111111111111114,38.6875,25.5625,39.701388888888886,26.875,18.0625,-3.3,5.5,-1.7555555555555555,0.42430555555555555,96.67361111111111,39.673611111111114,39.59027777777778,41.44444444444444,38.1875,591.3465277777777,0.9618055555555556,49.99930555555555,399.9944444444444,397.9125,397.48541666666665,496.06111111111113,527.2958333333333,506.10625000000005,2105.7,-4.4,37.979166666666664,0.6715277777777778,6.852777777777778,163.3861111111111,-140.62083333333334,0.4,-217.3,6.147916666666666,591.3493055555556,2000.0,0.0,163.69375000000002,-979.0784722222221,0.0,-1000.0,36.545833333333334,970.0243055555555,1000.0,0.0,45.988194444444446,39.94444444444444,261.2604166666667,T07,3.9,13.3,7.467361111111111,0.6238888888888889,3.9,13.5,7.506944444444445,0.6322916666666667,14.0,17.0,15.45138888888889,1015.0,1021.0,1017.7638888888889,82.0,99.0,92.34027777777777,0.0,2.0,0.06944444444444445,0.0,146.30555555555554,147.02777777777777,417.6736111111111,,0
2016-02-11 00:00:00+00:00,1764.2,1206.9,1513.4069444444444,70.12083333333334,46.03472222222222,75.04166666666667,74.66666666666667,73.17361111111111,31.52777777777778,54.166666666666664,58.479166666666664,27.82638888888889,15.6,10.7,13.403472222222222,41.2,0.5,7.544444444444445,1.5472222222222223,-0.3048611111111112,261.87708333333336,16.63888888888889,0.0,142846.5625,20569905.0,0.0,-3993946,77.86805555555556,84.15972222222223,84.18055555555556,39.361111111111114,40.638888888888886,26.444444444444443,41.451388888888886,28.79861111111111,18.729166666666668,-3.1,6.8,-1.8381944444444445,0.4555555555555556,99.61805555555556,40.4375,40.333333333333336,42.0625,38.354166666666664,857.0451388888889,0.9777777777777779,50.00138888888889,400.1097222222222,398.06319444444443,398.13750000000005,718.8493055555556,747.2527777777777,724.7965277777778,2103.6,35.4,40.61805555555556,0.6159722222222223,7.763888888888889,217.6576388888889,-166.41458333333333,-97.8,-216.5,5.4625,856.7173611111111,2000.0,35.0,217.71597222222223,-985.5048611111112,-171.4,-1000.0,33.21388888888889,959.9791666666666,1000.0,171.4,60.540277777777774,42.93055555555556,262.1736111111111,T07,3.5,14.0,8.321527777777778,0.8305555555555555,3.5,14.1,8.359722222222222,0.8284722222222222,15.0,17.0,15.9375,1012.0,1015.0,1013.6527777777778,82.0,100.0,94.96527777777777,0.0,9.0,0.5555555555555556,0.0,163.40277777777777,164.125,413.625,,0
2016-02-12 00:00:00+00:00,1773.6,0.0,1392.7305555555556,62.02430555555556,45.28472222222222,74.43055555555556,74.0,72.31944444444444,35.84027777777778,49.59722222222222,54.326388888888886,27.01388888888889,15.7,0.0,12.334027777777777,44.7,0.4,6.980555555555556,1.4826388888888888,-0.44861111111111107,261.31041666666664,16.5,-165.18055555555554,134411.61111111112,19331484.0,-137.33333333333334,-3296126,69.02083333333333,77.77777777777777,78.1875,39.673611111111114,38.625,26.125,39.173611111111114,28.368055555555557,18.72222222222222,-3.2,89.7,0.8118055555555554,1.6173611111111112,95.30555555555556,40.53472222222222,40.46527777777778,42.208333333333336,38.451388888888886,805.4541666666667,0.8923611111111112,50.00069444444445,400.1145833333333,398.13194444444446,397.8527777777778,682.8340277777778,706.7027777777778,687.6993055555555,2105.6,-49.8,38.25694444444444,0.5576388888888889,7.149305555555555,181.39930555555554,-137.3013888888889,1000.4,-738.4,19.62847222222222,806.8722222222223,2000.0,0.0,180.26319444444445,-749.004861111111,0.0,-1000.0,118.44999999999999,697.4284722222222,1000.0,0.0,145.9923611111111,43.30555555555556,261.7638888888889,T07,1.8,15.6,7.852083333333334,0.8703472222222222,1.8,15.6,7.864583333333333,0.8786805555555556,15.0,17.0,15.680555555555555,1013.0,1016.0,1014.3194444444445,76.0,100.0,91.15972222222223,0.0,1.0,0.027777777777777776,0.0,153.92361111111111,154.29166666666666,414.3125,,0
2016-02-13 00:00:00+00:00,1800.6,1227.0,1565.1243055555556,59.88055555555555,49.71527777777778,84.8125,84.15277777777777,82.04861111111111,41.791666666666664,53.5,58.72222222222222,28.881944444444443,15.8,10.9,13.856944444444444,44.1,0.4,8.443055555555555,1.7486111111111111,-1.5215277777777778,258.5875,16.395833333333332,0.0,187417.8125,26988165.0,0.0,-4312098,66.08333333333333,77.83333333333333,77.95833333333333,40.72222222222222,41.270833333333336,26.125,41.375,31.02777777777778,18.65277777777778,-3.1,12.6,-1.3090277777777777,0.9555555555555555,102.84722222222223,41.99305555555556,41.90972222222222,43.548611111111114,39.13194444444444,1124.5951388888889,0.9916666666666667,50.0,399.9625,397.9534722222222,398.2395833333333,941.3979166666666,967.6187500000001,946.9416666666667,2106.0,95.7,41.4375,0.5201388888888889,8.659027777777778,233.74583333333334,-179.67152777777778,-101.7,-221.0,5.253472222222222,1123.7645833333333,2000.0,96.0,232.9284722222222,-941.7402777777778,-470.5,-1000.0,69.64583333333333,875.0611111111111,1000.0,406.1,99.71527777777777,46.40277777777778,260.1166666666667,T07,4.2,17.2,9.284027777777778,1.2349305555555556,4.2,17.1,9.315972222222221,1.24375,14.0,17.0,15.76388888888889,1011.0,1013.0,1012.0138888888889,77.0,100.0,92.35416666666667,0.0,2.0,0.0625,0.0,182.61111111111111,183.33333333333334,411.9791666666667,,0
2016-02-14 00:00:00+00:00,1840.5,1224.7,1659.5,34.27847222222223,63.020833333333336,116.20138888888889,114.77777777777777,110.89583333333333,48.96527777777778,54.201388888888886,61.06944444444444,30.32638888888889,16.2,10.9,14.706249999999999,48.0,0.6000000000000001,12.974305555555555,2.736111111111111,1.3708333333333331,288.25347222222223,14.708333333333334,0.0,301316.8958333333,43389633.0,0.0,-5051203,81.52083333333333,96.85416666666667,99.42361111111111,44.673611111111114,43.15277777777778,25.02777777777778,42.25,34.61805555555556,16.993055555555557,-3.1,26.2,6.490277777777778,2.6937499999999996,115.69444444444444,46.486111111111114,46.388888888888886,47.84722222222222,41.583333333333336,1807.8902777777778,1.0,50.00138888888889,401.40694444444443,398.9840277777778,400.4583333333333,1506.7069444444444,1530.4930555555557,1503.6361111111112,2106.9,248.2,44.8125,0.29444444444444445,13.127777777777778,101.80000000000001,-210.46180555555554,-138.0,-223.9,2.772222222222222,1809.4423611111113,2000.0,241.2,97.4361111111111,-703.5777777777778,-583.3,-1000.0,72.28888888888889,538.3826388888889,1000.0,406.1,72.87916666666666,55.986111111111114,286.8840277777778,T07,5.1,26.1,13.931249999999999,3.19125,5.1,26.1,13.864583333333334,3.179027777777778,9.0,17.0,14.0,1005.0,1011.0,1007.5138888888889,47.0,100.0,75.27777777777777,0.0,7.0,0.3472222222222222,0.0,275.69444444444446,274.4583333333333,407.47222222222223,,0
2016-02-15 00:00:00+00:00,1782.8,0.0,1515.5465277777778,55.13402777777778,47.770833333333336,82.76388888888889,82.14583333333333,80.08333333333333,37.40972222222222,54.354166666666664,58.59722222222222,24.368055555555557,15.8,0.0,13.42361111111111,42.3,0.4,7.939583333333333,1.5993055555555555,0.9611111111111109,278.0965277777778,11.493055555555555,-106.9375,171496.63888888888,24680121.0,-70.02083333333333,-3760031,65.74305555555556,79.28472222222223,81.71527777777777,36.59027777777778,37.479166666666664,21.708333333333332,37.24305555555556,26.82638888888889,14.083333333333334,-3.3,89.8,-0.15138888888888896,1.4430555555555555,99.25694444444444,37.770833333333336,37.673611111111114,39.30555555555556,34.4375,1028.2743055555557,0.9368055555555556,50.0,400.30555555555554,398.41041666666666,398.45624999999995,866.8375000000001,890.7736111111111,872.245138888889,2105.8,-50.1,37.104166666666664,0.49097222222222225,8.181944444444445,176.18194444444444,-156.69236111111113,1000.1,-919.6,20.674305555555556,1028.9701388888889,2000.0,0.0,175.77152777777778,-814.8840277777778,0.0,-1000.0,88.9625,753.3034722222222,1000.0,0.0,110.59444444444445,43.861111111111114,289.63750000000005,T07,1.7000000000000002,17.7,8.897222222222222,1.0271527777777778,1.6,17.5,8.787500000000001,0.9998611111111111,7.0,14.0,10.708333333333334,1007.0,1013.0,1010.2430555555555,38.0,76.0,60.15972222222222,0.0,1.0,0.006944444444444444,0.0,174.86805555555554,172.65972222222223,410.2291666666667,,0
2016-02-16 00:00:00+00:00,1807.1,0.0,1415.8798611111113,67.53680555555555,42.05555555555556,72.22222222222223,71.71527777777777,70.11111111111111,33.5,52.451388888888886,56.451388888888886,21.895833333333332,15.9,0.0,12.535416666666666,44.3,0.4,7.190972222222222,1.770138888888889,-1.6951388888888888,96.36041666666667,10.215277777777779,-91.46527777777777,135221.70138888888,19458753.0,-100.68055555555556,-3743946,64.19444444444444,74.02777777777777,75.72222222222223,35.74305555555556,34.90277777777778,20.26388888888889,35.229166666666664,23.15972222222222,12.847222222222221,-2.8,89.5,1.7854166666666664,1.573611111111111,94.8125,36.638888888888886,36.548611111111114,38.18055555555556,33.604166666666664,810.7034722222222,0.9180555555555555,50.0,399.94722222222225,397.99861111111113,397.90833333333336,688.8583333333333,712.2534722222222,692.5020833333333,2106.4,-51.5,34.75694444444444,0.5916666666666667,7.5479166666666675,173.16527777777776,-155.98472222222222,652.9,-769.1,19.852777777777778,812.8625,2000.0,0.0,173.2576388888889,-808.9104166666667,0.0,-1000.0,128.3625,761.1381944444444,1000.0,0.0,141.74583333333334,38.0625,63.045138888888886,T07,1.0,18.8,8.472222222222221,1.3640277777777776,0.9,18.5,8.32986111111111,1.2937500000000002,5.0,12.0,9.13888888888889,1012.0,1019.0,1015.5486111111111,34.0,60.0,44.020833333333336,0.0,0.0,0.0,0.0,166.41666666666666,163.52083333333334,415.5138888888889,,0
2016-02-17 00:00:00+00:00,1692.1,0.0,642.1277777777777,78.42916666666666,29.54861111111111,41.048611111111114,40.986111111111114,40.548611111111114,27.67361111111111,42.61805555555556,43.263888888888886,22.319444444444443,15.0,0.0,5.479166666666667,39.1,0.4,3.591666666666667,0.9479166666666666,-2.9444444444444446,183.41666666666666,10.965277777777779,-503.2013888888889,19433.29861111111,2725931.0,-234.64583333333334,-913242,63.71527777777778,67.28472222222223,67.5625,31.5,31.8125,23.29861111111111,30.583333333333332,18.166666666666668,16.104166666666668,-3.0,45.5,13.386111111111111,1.4805555555555554,52.1875,31.54861111111111,31.506944444444443,32.513888888888886,28.3125,113.59791666666666,0.8701388888888889,50.00069444444445,399.82916666666665,398.9090277777778,396.54305555555555,107.02291666666667,117.26597222222222,111.71458333333334,1747.7,-50.1,25.98611111111111,0.7166666666666667,3.636111111111111,54.84583333333333,-38.025000000000006,1000.8,-783.9,18.981944444444444,122.37916666666666,1765.8,0.0,56.72291666666667,-303.4201388888889,0.0,-1000.0,66.72222222222223,303.3284722222222,1000.0,0.0,67.07777777777778,27.791666666666668,171.36805555555554,T07,0.0,11.1,3.6847222222222222,0.34270833333333334,0.0,11.1,3.6909722222222223,0.3452777777777778,7.0,13.0,10.42361111111111,1015.0,1020.0,1017.5763888888889,31.0,61.0,43.78472222222222,0.0,0.0,0.0,0.0,70.42361111111111,70.49305555555556,417.5486111111111,,0
2016-02-18 00:00:00+00:00,1692.1,0.0,1224.9222222222222,88.09166666666667,36.923611111111114,56.451388888888886,56.40277777777778,55.96527777777778,27.01388888888889,46.673611111111114,50.111111111111114,22.36111111111111,15.0,0.0,10.828472222222222,36.2,0.4,4.827083333333333,1.1229166666666666,0.49513888888888896,256.95000000000005,12.034722222222221,-166.45833333333334,37711.13888888889,5406438.0,-142.97222222222223,-1961962,67.25,71.5,71.70833333333333,34.173611111111114,33.53472222222222,22.729166666666668,33.979166666666664,21.131944444444443,15.23611111111111,-3.2,88.9,1.2125,2.022222222222222,85.63194444444444,34.416666666666664,34.3125,36.09027777777778,32.90277777777778,225.27569444444444,0.7784722222222222,50.0,398.7902777777778,397.34791666666666,396.01250000000005,215.11944444444444,234.82708333333332,222.6576388888889,2096.7,-52.1,31.51388888888889,0.7819444444444446,4.965277777777778,82.57222222222222,-81.75347222222223,1000.4,-869.0,50.699305555555554,229.3673611111111,2000.0,0.0,81.78333333333333,-622.8541666666666,0.0,-1000.0,145.03541666666666,622.4993055555556,1000.0,0.0,145.85902777777778,32.84027777777778,276.4513888888889,T07,0.5,11.8,5.672916666666667,0.43604166666666666,0.5,11.7,5.640277777777778,0.4396527777777778,9.0,13.0,11.347222222222221,1009.0,1015.0,1010.9930555555555,58.0,98.0,77.43055555555556,0.0,9.0,0.3680555555555556,0.0,110.29861111111111,109.65972222222223,410.96527777777777,,0
2016-02-19 00:00:00+00:00,1807.7,70.2,1311.111111111111,61.669444444444444,45.65277777777778,74.16666666666667,73.71527777777777,71.97222222222223,36.395833333333336,51.50694444444444,55.34027777777778,24.118055555555557,15.9,0.0,11.584027777777777,40.6,0.4,6.972222222222222,1.4520833333333334,-0.7652777777777778,95.83125000000001,12.020833333333334,-175.61111111111111,132438.54166666666,19045861.0,-144.1875,-2984496,70.95138888888889,78.10416666666667,77.70833333333333,36.013888888888886,35.708333333333336,22.194444444444443,35.36805555555556,25.145833333333332,14.875,-3.2,46.2,3.395138888888889,1.6659722222222222,89.36111111111111,36.854166666666664,36.75694444444444,38.30555555555556,33.84027777777778,793.6451388888888,0.8548611111111112,49.99791666666667,399.7104166666667,398.0763888888889,397.47847222222225,679.4555555555556,700.0020833333333,686.8687500000001,2103.5,-50.4,34.34722222222222,0.5722222222222223,7.163194444444445,104.33125000000001,-124.33125000000001,1000.0,-933.4,36.93472222222223,797.2013888888889,2000.0,0.0,105.84027777777777,-623.8187499999999,0.0,-1000.0,79.49097222222223,574.1229166666667,1000.0,0.0,89.81527777777778,42.645833333333336,79.09791666666666,T07,0.5,17.6,6.976388888888889,0.9029861111111112,0.6000000000000001,17.7,6.955555555555556,0.91125,8.0,15.0,11.54861111111111,1009.0,1014.0,1011.2569444444445,63.0,90.0,75.95833333333333,0.0,2.0,0.0625,0.0,136.44444444444446,136.02777777777777,411.125,,0
2016-02-20 00:00:00+00:00,1807.1,1256.9,1658.2305555555556,28.191666666666666,60.55555555555556,110.17361111111111,108.8125,105.125,48.0,55.11805555555556,61.43055555555556,28.270833333333332,15.8,11.1,14.6875,44.4,0.6000000000000001,11.176388888888889,2.2840277777777778,0.5750000000000001,94.98541666666667,15.020833333333334,0.0,286881.43055555556,41310926.0,0.0,-4928309,78.19444444444444,92.54861111111111,93.88888888888889,42.72222222222222,41.576388888888886,24.791666666666668,40.93055555555556,34.38194444444444,17.15972222222222,-2.7,20.4,2.5,2.1305555555555555,111.45138888888889,44.548611111111114,44.36805555555556,45.833333333333336,39.611111111111114,1721.2319444444445,1.0,49.99861111111111,400.6513888888889,398.59027777777777,399.63194444444446,1436.5361111111113,1458.7333333333333,1436.9736111111113,2107.3,232.6,42.9375,0.24027777777777778,11.354166666666666,169.48472222222222,-205.34791666666666,-133.5,-222.7,3.811111111111111,1718.9444444444443,2000.0,225.4,167.4972222222222,-770.4243055555556,-583.3,-1000.0,95.11944444444445,617.9201388888889,1000.0,406.1,115.14236111111111,55.0,94.41458333333334,T07,2.8,21.6,11.744444444444445,1.8456944444444447,3.5,21.9,11.804166666666667,1.8733333333333333,12.0,17.0,14.416666666666666,1013.0,1017.0,1014.7569444444445,51.0,80.0,66.34027777777777,0.0,1.0,0.020833333333333332,0.0,231.90972222222223,233.15972222222223,414.6736111111111,,0
2016-02-21 00:00:00+00:00,1793.0,1212.8,1653.1541666666667,30.58402777777778,58.90972222222222,106.09722222222223,104.99305555555556,101.80555555555556,45.451388888888886,53.55555555555556,60.25,30.180555555555557,15.8,10.8,14.645833333333334,47.8,0.6000000000000001,10.804861111111112,2.129861111111111,-1.1159722222222221,97.6236111111111,15.270833333333334,0.0,264457.00694444444,38081809.0,0.0,-4518818,77.63194444444444,92.5,94.60416666666667,43.298611111111114,43.208333333333336,25.395833333333332,42.701388888888886,33.44444444444444,17.86111111111111,-3.2,17.0,2.2340277777777775,1.6652777777777779,112.06944444444444,44.9375,44.826388888888886,46.291666666666664,40.701388888888886,1586.736111111111,0.9993055555555556,49.99930555555555,401.49375,399.0680555555556,400.49583333333334,1321.6062499999998,1346.4888888888888,1317.1090277777778,2108.4,147.1,44.395833333333336,0.2659722222222223,10.927777777777777,163.55763888888887,-188.28055555555557,-99.3,-235.2,4.927083333333333,1635.7118055555557,2000.0,135.2,165.79444444444445,-821.7166666666667,-583.3,-1000.0,68.84097222222222,697.5194444444445,1000.0,406.1,94.07569444444444,53.02777777777778,98.74305555555556,T07,1.7000000000000002,20.6,10.722916666666666,1.4659027777777778,1.8,20.6,10.785416666666666,1.4806944444444445,13.0,17.0,14.770833333333334,1011.0,1015.0,1012.8402777777778,62.0,86.0,75.45138888888889,0.0,0.0,0.0,0.0,211.4375,212.77777777777777,412.7708333333333,,0
2016-02-22 00:00:00+00:00,1685.2,0.0,867.2958333333333,87.16319444444444,36.90277777777778,52.02777777777778,51.958333333333336,51.513888888888886,30.82638888888889,45.611111111111114,47.361111111111114,25.520833333333332,14.9,0.0,7.475694444444445,40.4,0.4,4.199305555555556,0.8611111111111112,1.0402777777777779,168.37083333333334,15.118055555555555,-557.9722222222222,36218.86111111111,5135169.0,-387.19444444444446,-1365474,61.395833333333336,69.49305555555556,72.22222222222223,35.15972222222222,35.47222222222222,25.97222222222222,35.513888888888886,23.25,18.5625,-3.2,89.6,9.348611111111111,2.0083333333333333,72.15972222222223,35.354166666666664,35.229166666666664,36.80555555555556,34.423611111111114,213.9298611111111,0.8423611111111112,50.0,399.5180555555555,398.3333333333333,396.3277777777778,193.56458333333333,208.08402777777778,198.5076388888889,1693.9,-49.2,32.229166666666664,0.8291666666666667,4.234722222222222,50.166666666666664,-56.916666666666664,1001.3,-732.3,23.12361111111111,221.78750000000002,1704.4,0.0,51.27638888888889,-405.0548611111111,0.0,-1000.0,68.31041666666667,404.7263888888889,1000.0,0.0,69.30000000000001,33.93055555555556,164.83541666666667,T07,0.0,11.0,4.484027777777778,0.27388888888888885,0.3,11.1,4.475694444444445,0.2854861111111111,12.0,17.0,14.520833333333334,1010.0,1020.0,1013.9097222222222,60.0,94.0,80.15972222222223,0.0,0.0,0.0,0.0,86.46527777777777,86.29166666666667,413.8541666666667,,0
2016-02-23 00:00:00+00:00,1588.1,0.0,796.16875,78.62291666666667,32.986111111111114,45.736111111111114,45.673611111111114,45.38194444444444,30.26388888888889,41.666666666666664,43.583333333333336,24.15972222222222,14.0,0.0,6.933333333333334,21.3,0.4,3.6902777777777778,0.7659722222222223,-7.271527777777777,263.3236111111111,15.118055555555555,-445.49305555555554,12292.263888888889,1705931.0,-197.54861111111111,-722737,66.92361111111111,70.29166666666667,71.3125,34.31944444444444,33.90277777777778,25.569444444444443,34.00694444444444,21.65277777777778,18.791666666666668,-3.0,89.7,10.42361111111111,2.0104166666666665,61.74305555555556,34.40277777777778,34.354166666666664,35.61805555555556,32.97222222222222,71.07986111111111,0.7868055555555555,50.0,400.02152777777775,398.90555555555557,396.5756944444445,87.09375,96.08194444444445,91.86944444444445,636.1,-49.7,29.23611111111111,0.7354166666666667,3.665972222222222,29.961805555555557,-30.095138888888886,1000.2,-705.7,49.15972222222222,79.86388888888888,641.6,0.0,32.2625,-283.70208333333335,0.0,-1000.0,78.01666666666667,283.70208333333335,1000.0,0.0,78.01666666666667,31.395833333333332,273.09791666666666,T07,0.5,7.8,4.103472222222222,0.17756944444444445,0.6000000000000001,7.8,4.078472222222222,0.17965277777777777,12.0,17.0,14.368055555555555,1018.0,1022.0,1019.6597222222222,54.0,98.0,79.03472222222223,0.0,1.0,0.006944444444444444,0.0,78.86805555555556,78.31944444444444,419.5833333333333,,0
2016-02-24 00:00:00+00:00,1748.4,0.0,1158.625,79.96458333333334,38.24305555555556,57.24305555555556,57.15972222222222,56.395833333333336,28.27777777777778,48.833333333333336,51.513888888888886,23.180555555555557,15.5,0.0,10.209722222222222,38.2,0.4,5.230555555555556,1.109027777777778,1.7125,275.5881944444444,13.180555555555555,-244.3125,57609.270833333336,8260554.0,-178.24305555555554,-2121036,69.20138888888889,73.03472222222223,73.79861111111111,33.55555555555556,34.31944444444444,23.916666666666668,34.423611111111114,22.381944444444443,16.72222222222222,-3.3,89.4,3.9208333333333334,1.348611111111111,79.64583333333333,34.104166666666664,34.00694444444444,35.583333333333336,32.111111111111114,344.16805555555555,0.7986111111111112,50.00069444444445,399.9173611111111,398.0180555555555,396.78472222222223,307.4819444444445,329.0048611111111,314.81944444444446,2100.5,-49.2,31.833333333333332,0.7118055555555556,5.272916666666666,103.61527777777778,-88.41736111111112,846.8,-739.9,34.72638888888889,348.05625,2000.0,0.0,103.79583333333333,-569.9229166666667,0.0,-1000.0,50.888888888888886,566.5493055555556,1000.0,0.0,55.046527777777776,38.47222222222222,276.37708333333336,T07,0.7000000000000001,15.3,5.875694444444445,0.5205555555555555,0.7000000000000001,15.6,5.852777777777778,0.5209027777777778,10.0,15.0,12.479166666666666,1013.0,1019.0,1015.7847222222222,61.0,95.0,80.88194444444444,0.0,10.0,0.09722222222222222,0.0,114.3125,113.89583333333333,415.7291666666667,,0
2016-02-25 00:00:00+00:00,1687.3,0.0,1295.0034722222222,86.15,38.791666666666664,59.49305555555556,59.395833333333336,58.74305555555556,27.944444444444443,49.99305555555556,53.013888888888886,23.194444444444443,14.9,0.0,11.47013888888889,38.4,0.4,5.698611111111111,1.0701388888888888,-0.13194444444444453,290.25069444444443,13.944444444444445,-182.67361111111111,65306.208333333336,9377789.0,-148.65277777777777,-2485113,73.15972222222223,77.23611111111111,78.32638888888889,34.263888888888886,35.3125,24.28472222222222,36.05555555555556,23.666666666666668,17.0,-3.1,89.7,0.6847222222222222,1.5166666666666666,89.08333333333333,34.75694444444444,34.625,36.416666666666664,33.02777777777778,390.7895833333333,0.8659722222222223,49.99791666666667,399.55555555555554,397.81388888888887,396.90763888888887,339.6506944444444,363.22291666666666,345.81666666666666,1809.6,-49.4,33.90277777777778,0.7652777777777778,5.799305555555556,102.11805555555556,-103.58402777777778,999.9,-529.9,21.102083333333333,394.88750000000005,1833.0,0.0,103.00902777777777,-745.7715277777778,0.0,-1000.0,69.61666666666666,745.1131944444445,1000.0,0.0,71.77777777777777,39.708333333333336,290.37708333333336,T07,1.4,11.3,6.251388888888889,0.3663194444444444,1.1,11.3,6.2243055555555555,0.3672916666666667,11.0,15.0,13.26388888888889,1014.0,1017.0,1015.5486111111111,47.0,88.0,74.04861111111111,0.0,0.0,0.0,0.0,121.97222222222223,121.26388888888889,415.44444444444446,,0
2016-02-26 00:00:00+00:00,1807.5,0.0,1171.6305555555555,76.82430555555555,44.736111111111114,73.88194444444444,73.24305555555556,71.18055555555556,36.576388888888886,48.36805555555556,51.88194444444444,24.09027777777778,15.9,0.0,10.305555555555555,44.7,0.4,7.102777777777778,1.6006944444444444,-5.185416666666667,264.7368055555555,13.0625,-323.9375,148894.18055555556,21394113.0,-223.77083333333334,-2852662,74.10416666666667,80.95833333333333,81.06944444444444,36.375,35.166666666666664,23.305555555555557,34.861111111111114,25.520833333333332,15.88888888888889,-3.2,89.7,7.341666666666667,2.946527777777778,81.63194444444444,37.3125,37.09722222222222,38.56944444444444,33.65277777777778,891.4236111111111,0.8798611111111111,49.99930555555555,400.28055555555557,398.5402777777778,397.8041666666667,756.3375000000001,774.5208333333334,761.2590277777778,2108.7,-50.2,33.861111111111114,0.6944444444444444,7.245833333333334,112.36458333333333,-118.8326388888889,999.7,-781.6,29.116666666666667,895.1208333333333,2000.0,0.0,111.79236111111112,-491.2076388888888,0.0,-1000.0,101.72291666666666,415.40486111111113,1000.0,0.0,111.89722222222223,44.576388888888886,272.4173611111111,T07,0.7000000000000001,22.6,7.736111111111111,1.6164583333333333,0.7000000000000001,22.4,7.722916666666666,1.6192361111111113,10.0,15.0,12.527777777777779,1000.0,1015.0,1007.6111111111111,54.0,96.0,79.75694444444444,0.0,16.0,0.5555555555555556,0.0,151.52777777777777,151.29166666666666,407.59027777777777,,0
2016-02-27 00:00:00+00:00,1816.0,1278.6,1654.9430555555555,29.207638888888887,58.958333333333336,111.72916666666667,110.27083333333333,106.70138888888889,47.19444444444444,54.361111111111114,60.86805555555556,24.45138888888889,15.9,11.3,14.665972222222223,40.4,0.6000000000000001,11.086805555555555,2.1979166666666665,-0.6097222222222223,302.78541666666666,10.17361111111111,0.0,290579.55555555556,41843456.0,0.0,-4940577,79.40972222222223,95.45138888888889,97.66666666666667,41.229166666666664,39.34027777777778,21.104166666666668,38.77777777777778,30.32638888888889,13.270833333333334,-3.1,16.8,2.8819444444444446,2.432638888888889,112.09027777777777,43.104166666666664,42.96527777777778,44.40972222222222,37.791666666666664,1743.482638888889,1.0,49.99930555555555,400.99791666666664,398.7006944444445,399.9847222222222,1453.6687499999998,1476.80625,1452.5305555555556,2105.9,295.9,41.041666666666664,0.2555555555555556,11.414583333333333,122.64375000000001,-205.85069444444446,-123.4,-224.1,3.3451388888888887,1741.0166666666667,2000.0,285.1,121.3111111111111,-724.8270833333333,-583.3,-1000.0,87.57638888888889,571.9666666666667,1000.0,406.1,84.45833333333333,53.145833333333336,303.40694444444443,T07,4.7,18.8,11.706944444444444,2.129722222222222,4.7,18.7,11.622916666666667,2.095,8.0,11.0,9.541666666666666,998.0,1002.0,999.7777777777778,49.0,70.0,61.361111111111114,0.0,1.0,0.006944444444444444,0.0,231.31944444444446,229.5625,399.69444444444446,,0
2016-02-28 00:00:00+00:00,1794.2,1202.6,1575.0597222222223,37.00277777777777,49.229166666666664,88.86805555555556,87.97222222222223,85.54166666666667,37.30555555555556,55.03472222222222,59.958333333333336,23.881944444444443,15.7,10.7,13.95,42.3,0.4,8.792361111111111,1.6861111111111111,-0.3993055555555555,297.42777777777775,10.98611111111111,0.0,205962.86805555556,29658653.0,0.0,-4254534,66.27777777777777,79.82638888888889,81.53472222222223,37.625,37.625,21.333333333333332,37.46527777777778,27.57638888888889,13.79861111111111,-3.2,12.4,-0.47083333333333344,1.1659722222222222,102.46527777777777,39.041666666666664,38.94444444444444,40.61805555555556,35.125,1235.6895833333333,0.9680555555555556,50.0,400.2701388888889,398.06041666666664,398.7944444444445,1034.2875,1060.0875,1034.5805555555555,2106.7,-33.1,38.083333333333336,0.3236111111111111,9.020833333333334,174.47222222222223,-177.26527777777778,1.4,-223.6,4.857638888888889,1233.9958333333334,2000.0,0.0,173.4048611111111,-848.4534722222222,0.0,-1000.0,86.89930555555556,763.0777777777778,1000.0,0.0,105.64305555555556,44.5625,297.82500000000005,T07,3.2,17.8,9.364583333333334,1.1488194444444444,3.1,17.7,9.302083333333334,1.1247916666666666,7.0,14.0,10.277777777777779,1001.0,1007.0,1003.5416666666666,52.0,81.0,68.01388888888889,0.0,0.0,0.0,0.0,184.20138888888889,182.9375,403.47222222222223,,0
2016-02-29 00:00:00+00:00,1621.6,0.0,991.6187500000001,66.05000000000001,35.173611111111114,51.44444444444444,51.423611111111114,51.104166666666664,27.95138888888889,45.18055555555556,47.84722222222222,22.8125,14.4,0.0,8.713194444444445,37.8,0.4,4.372916666666667,0.9479166666666666,-5.657638888888889,280.63680555555555,12.444444444444445,-354.31944444444446,25859.333333333332,3672720.0,-270.6736111111111,-1462268,62.34027777777778,68.27777777777777,69.66666666666667,33.25694444444444,33.201388888888886,23.583333333333332,33.270833333333336,20.90277777777778,16.40972222222222,-3.1,89.8,5.807638888888889,1.511111111111111,77.47916666666667,33.3125,33.229166666666664,34.75694444444444,31.756944444444443,153.05,0.8027777777777778,50.00208333333333,399.88750000000005,398.3888888888889,396.7631944444445,147.2173611111111,165.94722222222222,153.83055555555555,821.3,-50.1,30.29861111111111,0.5916666666666667,4.377777777777777,45.640277777777776,-60.920138888888886,1000.1,-582.7,32.079861111111114,159.62013888888887,837.1,0.0,47.27916666666667,-532.276388888889,0.0,-1000.0,80.49930555555555,532.276388888889,1000.0,0.0,80.49930555555555,31.26388888888889,293.7972222222222,T07,0.2,8.9,4.667361111111111,0.2411805555555556,0.2,9.4,4.651388888888889,0.24340277777777775,8.0,14.0,11.618055555555555,1007.0,1018.0,1011.9444444444445,52.0,83.0,70.04166666666667,0.0,0.0,0.0,0.0,90.11805555555556,89.75694444444444,411.90277777777777,,0
2016-03-01 00:00:00+00:00,1661.3,0.0,494.00857142857143,58.947857142857146,31.514285714285716,44.0,43.82857142857143,43.285714285714285,29.0,40.72142857142857,40.52857142857143,24.07857142857143,14.7,0.0,4.315714285714286,21.8,0.4,3.6314285714285712,0.9149999999999999,-11.788571428571428,259.3307142857143,13.978571428571428,-525.1142857142858,15956.942857142858,2160455.0,-259.50714285714287,-713965,66.12142857142857,68.95714285714286,69.55714285714286,32.22857142857143,32.792857142857144,22.457142857142856,32.98571428571429,21.042857142857144,16.364285714285714,-3.1,90.0,34.60214285714286,2.052142857142857,50.385714285714286,32.25714285714286,32.207142857142856,33.07142857142857,30.235714285714284,92.59642857142858,0.8871428571428571,50.00142857142857,399.82642857142855,398.6142857142857,396.25857142857143,88.52428571428571,99.335,93.25999999999999,1316.6,-50.1,27.614285714285714,0.4914285714285714,3.6557142857142857,34.69714285714286,-30.55071428571429,1001.2,-591.0,16.205714285714286,117.16285714285713,1346.1,0.0,47.199285714285715,-251.57285714285712,0.0,-1000.0,41.862857142857145,251.57285714285712,1000.0,0.0,41.862857142857145,36.27142857142857,294.2742857142857,T07,0.0,10.3,4.249305555555555,0.2711111111111111,0.0,10.2,4.19375,0.2667361111111111,9.0,19.0,13.444444444444445,1018.0,1021.0,1019.3958333333334,22.0,87.0,59.923611111111114,0.0,0.0,0.0,0.0,81.69444444444444,80.61805555555556,419.34027777777777,,0
2016-03-02 00:00:00+00:00,1639.5,0.0,427.9527777777778,27.427083333333332,28.25,37.86805555555556,37.826388888888886,37.395833333333336,29.131944444444443,38.833333333333336,38.34027777777778,23.625,14.5,0.0,3.6020833333333337,38.4,0.4,2.772222222222222,0.6993055555555556,-4.243055555555555,228.03541666666666,13.729166666666666,-574.2986111111111,11299.972222222223,1544496.0,-198.59722222222223,-616085,66.71527777777777,69.01388888888889,70.08333333333333,31.84027777777778,32.25,25.26388888888889,31.72222222222222,19.79861111111111,17.555555555555557,-2.8,44.6,17.049305555555556,0.3854166666666667,45.77777777777778,31.854166666666668,31.805555555555557,32.49305555555556,28.96527777777778,64.34791666666666,0.9131944444444444,49.99930555555555,399.3208333333333,398.58680555555554,395.4888888888889,65.1548611111111,73.03541666666666,68.29513888888889,1120.3,-50.0,26.67361111111111,0.2902777777777778,2.8187499999999996,24.66736111111111,-25.638194444444444,1000.2,-698.6,14.333333333333334,70.54027777777777,1138.7,0.0,24.487499999999997,-206.05763888888887,0.0,-1000.0,34.60138888888889,206.05763888888887,1000.0,0.0,34.60138888888889,31.506944444444443,279.7875,T07,0.0,9.6,3.0881944444444445,0.17520833333333333,0.0,9.7,3.0784722222222225,0.17666666666666667,10.0,17.0,13.125,1016.0,1021.0,1018.6666666666666,46.0,95.0,78.19444444444444,0.0,0.0,0.0,0.0,58.34722222222222,58.19444444444444,418.61805555555554,,0
2016-03-03 00:00:00+00:00,1531.2,0.0,848.2298611111112,73.28680555555555,33.90277777777778,48.666666666666664,48.666666666666664,48.375,28.694444444444443,43.74305555555556,45.5625,23.17361111111111,13.6,0.0,7.461111111111112,19.9,0.4,3.591666666666667,0.8666666666666667,1.7798611111111111,266.6472222222222,12.38888888888889,-437.2708333333333,14040.965277777777,1958939.0,-288.38194444444446,-1094213,66.57638888888889,69.42361111111111,71.22222222222223,32.65277777777778,33.138888888888886,24.166666666666668,32.8125,20.36111111111111,17.25,-2.7,89.8,8.556944444444445,2.038888888888889,67.46527777777777,32.708333333333336,32.59722222222222,33.94444444444444,30.881944444444443,81.62152777777777,0.7770833333333333,49.99861111111111,399.38472222222225,398.0888888888889,395.8618055555555,92.26249999999999,105.84375,95.39722222222223,740.3,-49.8,29.13888888888889,0.6506944444444445,3.6395833333333334,32.703472222222224,-45.59930555555556,1000.0,-762.2,40.297222222222224,89.05972222222222,749.6,0.0,33.15486111111111,-356.4770833333333,0.0,-1000.0,104.2201388888889,356.4770833333333,1000.0,0.0,104.2201388888889,38.298611111111114,274.86805555555554,T07,0.0,8.1,3.829861111111111,0.2427777777777778,0.0,8.0,3.822222222222222,0.23958333333333334,9.0,14.0,11.70138888888889,1010.0,1016.0,1013.0486111111111,76.0,98.0,89.29166666666667,0.0,1.0,0.006944444444444444,0.0,73.36805555555556,73.14583333333333,413.0,,0
2016-03-04 00:00:00+00:00,1671.4,0.0,699.41875,44.77638888888889,30.125,42.145833333333336,42.048611111111114,41.50694444444444,28.8125,40.25,41.40277777777778,23.15277777777778,14.8,0.0,6.143055555555556,20.6,0.4,3.863888888888889,0.8729166666666667,14.842361111111112,213.72430555555556,13.305555555555555,-338.0416666666667,28720.270833333332,4087040.0,-65.22916666666667,-1218362,67.20833333333333,69.67361111111111,70.92361111111111,32.99305555555556,32.71527777777778,24.770833333333332,32.59027777777778,20.84722222222222,18.38888888888889,-3.0,89.8,12.540972222222223,1.0395833333333335,53.020833333333336,33.145833333333336,33.083333333333336,33.895833333333336,29.9375,170.2798611111111,0.9472222222222223,49.99930555555555,399.84166666666664,398.6625,396.3548611111111,146.93333333333334,163.04930555555555,153.55277777777778,1362.7,-51.9,27.583333333333332,0.4173611111111111,3.9229166666666666,47.88194444444444,-50.77361111111111,813.4,-466.8,8.179861111111112,175.6534722222222,1380.5,0.0,48.640972222222224,-414.90625,0.0,-1000.0,40.52291666666667,414.90625,1000.0,0.0,40.52291666666667,34.65972222222222,231.3805555555556,T07,0.0,10.7,4.019444444444444,0.19069444444444444,0.0,10.9,3.979861111111111,0.20222222222222222,9.0,16.0,12.51388888888889,1004.0,1011.0,1006.7569444444445,64.0,100.0,86.44444444444444,0.0,1.0,0.020833333333333332,0.0,77.04861111111111,76.19444444444444,406.71527777777777,,0
2016-03-05 00:00:00+00:00,1748.6,1225.3,1546.4708333333333,49.50208333333333,46.21527777777778,77.18055555555556,76.73611111111111,74.96527777777777,29.65277777777778,54.763888888888886,58.951388888888886,23.868055555555557,15.4,10.9,13.697222222222223,38.0,0.4,7.991666666666666,1.4680555555555557,-0.32222222222222224,295.3041666666667,12.493055555555555,0.0,162946.85416666666,23464347.0,0.0,-3926070,73.65277777777777,79.92361111111111,82.65972222222223,35.88194444444444,36.736111111111114,22.729166666666668,37.326388888888886,27.555555555555557,15.159722222222221,-3.2,6.5,-1.7583333333333335,0.4895833333333333,96.81944444444444,37.138888888888886,37.02777777777778,38.71527777777778,33.916666666666664,977.7034722222221,0.9881944444444445,50.00138888888889,399.95694444444445,397.8902777777778,397.7576388888889,816.1395833333333,845.3236111111112,823.7951388888889,2105.5,-33.2,36.854166666666664,0.4340277777777778,8.136805555555556,201.97777777777776,-163.58819444444444,-0.7000000000000001,-218.6,5.598611111111111,977.1437500000001,2000.0,0.0,202.08680555555554,-968.5840277777778,0.0,-1000.0,47.80902777777778,925.9395833333333,1000.0,0.0,79.77916666666667,55.0625,295.62708333333336,T07,3.3,14.6,8.462499999999999,0.8709722222222223,3.1,14.3,8.413194444444445,0.8564583333333333,9.0,14.0,11.82638888888889,1005.0,1010.0,1007.8888888888889,49.0,95.0,69.70833333333333,0.0,1.0,0.006944444444444444,0.0,166.13194444444446,165.19444444444446,407.8541666666667,,0
2016-03-06 00:00:00+00:00,1684.5,0.0,1329.0118055555556,58.85208333333334,37.49305555555556,58.65972222222222,58.638888888888886,58.013888888888886,26.979166666666668,49.645833333333336,53.236111111111114,22.42361111111111,14.9,0.0,11.76875,38.5,0.4,5.579861111111111,1.0895833333333333,1.5993055555555555,301.7138888888889,11.791666666666666,-73.54166666666667,55187.625,7936429.0,-61.53472222222222,-2349386,60.763888888888886,66.95138888888889,70.86805555555556,34.5625,34.43055555555556,22.618055555555557,35.21527777777778,22.46527777777778,15.284722222222221,-3.2,88.9,-0.8152777777777778,1.1208333333333333,90.33333333333333,34.90277777777778,34.84722222222222,36.53472222222222,33.21527777777778,330.6506944444444,0.8770833333333333,50.0,399.7388888888889,397.7125,396.6618055555556,287.4034722222222,315.6645833333333,294.9236111111111,1567.8,-51.8,33.09722222222222,0.5159722222222222,5.638194444444444,85.37222222222222,-97.85,1000.3,-898.1,25.146527777777777,333.14374999999995,1585.1,0.0,84.79791666666667,-798.2777777777778,0.0,-1000.0,117.0611111111111,798.2243055555556,1000.0,0.0,117.27430555555556,39.298611111111114,302.61041666666665,T07,1.1,10.6,5.997916666666667,0.44701388888888893,0.9,10.7,5.9631944444444445,0.4471527777777778,7.0,14.0,11.0,1009.0,1012.0,1010.2361111111111,47.0,82.0,66.63888888888889,0.0,0.0,0.0,0.0,116.86111111111111,116.08333333333333,410.15972222222223,,0
2016-03-07 00:00:00+00:00,1795.2,0.0,1405.361111111111,55.17430555555555,45.951388888888886,77.0625,76.61111111111111,74.85416666666667,35.38194444444444,52.0,56.25,24.13888888888889,15.8,0.0,12.443750000000001,44.6,0.4,7.54236111111111,1.5006944444444443,1.1319444444444444,302.25694444444446,12.11111111111111,-126.73611111111111,137117.39583333334,19726656.0,-107.54166666666667,-3347458,72.69444444444444,79.36111111111111,81.93055555555556,36.604166666666664,36.083333333333336,21.944444444444443,36.291666666666664,26.6875,14.652777777777779,-3.3,89.7,1.6104166666666666,2.040972222222222,95.75694444444444,37.513888888888886,37.40972222222222,39.138888888888886,34.604166666666664,822.0638888888889,0.8916666666666667,50.0,400.2868055555556,398.21666666666664,397.88750000000005,699.10625,724.2743055555555,702.9388888888889,2107.1,-52.0,35.951388888888886,0.4868055555555556,7.643750000000001,109.10486111111112,-139.47847222222222,840.9,-944.5,26.331944444444446,824.2090277777778,2000.0,0.0,107.8451388888889,-740.8347222222222,0.0,-1000.0,96.98402777777778,684.0868055555555,1000.0,0.0,103.23750000000001,46.388888888888886,301.1194444444444,T07,1.6,22.6,8.234722222222222,1.036875,1.5,22.0,8.170833333333333,1.0366666666666666,8.0,27.0,11.541666666666666,1001.0,1011.0,1006.2569444444445,43.0,95.0,66.82638888888889,0.0,10.0,0.1527777777777778,0.0,161.53472222222223,160.40277777777777,406.21527777777777,,0
2016-03-08 00:00:00+00:00,1696.2,0.0,930.6305555555555,128.98819444444445,34.708333333333336,49.90277777777778,49.81944444444444,49.47222222222222,30.29861111111111,45.673611111111114,47.798611111111114,23.40972222222222,15.0,0.0,8.155555555555557,38.7,0.4,4.108333333333333,1.0069444444444444,2.216666666666667,225.10069444444446,12.6875,-584.8333333333334,23359.722222222223,3279581.0,-469.5,-1141973,61.93055555555556,67.15972222222223,70.58333333333333,34.03472222222222,33.86805555555556,22.36111111111111,33.56944444444444,21.15277777777778,15.291666666666666,-3.0,89.7,7.939583333333333,3.339583333333333,72.8125,34.15972222222222,34.06944444444444,35.68055555555556,32.99305555555556,136.58125,0.7305555555555556,50.0,399.65,398.11249999999995,396.2583333333333,148.03680555555556,160.69166666666666,152.4673611111111,1948.5,-50.7,30.430555555555557,1.1687500000000002,4.117361111111111,61.733333333333334,-47.57361111111111,1000.2,-874.4,63.81944444444444,148.86527777777778,1970.0,0.0,63.52638888888888,-351.09791666666666,0.0,-1000.0,112.09583333333333,350.7590277777778,1000.0,0.0,112.80000000000001,31.90972222222222,257.8909722222222,T07,0.6000000000000001,13.5,4.605555555555556,0.5249999999999999,0.7000000000000001,13.5,4.538194444444445,0.5095138888888889,7.0,16.0,11.666666666666666,1007.0,1015.0,1011.0555555555555,32.0,83.0,59.6875,0.0,0.0,0.0,0.0,88.84027777777777,87.45833333333333,410.9861111111111,,0
2016-03-09 00:00:00+00:00,1706.0,0.0,836.9986111111111,45.14722222222222,33.826388888888886,49.6875,49.56944444444444,48.56944444444444,28.76388888888889,44.986111111111114,46.43055555555556,23.84027777777778,15.1,0.0,7.223611111111111,40.6,0.4,4.954166666666667,0.9909722222222224,-3.8375000000000004,196.5548611111111,13.854166666666666,-340.59722222222223,74197.44444444444,10635386.0,-74.375,-2005084,71.13888888888889,73.79166666666667,75.32638888888889,34.083333333333336,34.30555555555556,24.59722222222222,34.36805555555556,22.25,17.82638888888889,-3.2,68.2,10.912500000000001,0.3965277777777778,59.18055555555556,34.6875,34.59722222222222,35.520833333333336,31.21527777777778,443.1361111111111,0.9715277777777778,50.0,399.7590277777778,398.42291666666665,396.4138888888889,371.7409722222222,389.7895833333333,380.40763888888887,2098.7,-40.8,30.54861111111111,0.4229166666666667,5.0625,96.84583333333333,-83.54236111111112,1000.1,-209.7,5.193055555555556,448.3861111111111,2000.0,0.0,97.66597222222222,-491.33680555555554,0.0,-1000.0,13.676388888888889,486.0840277777778,1000.0,0.0,23.866666666666667,35.479166666666664,185.38819444444442,T07,0.3,12.0,5.095833333333333,0.3838194444444445,0.0,12.0,5.084722222222222,0.38152777777777774,10.0,16.0,13.222222222222221,1010.0,1015.0,1013.1111111111111,31.0,85.0,54.604166666666664,0.0,0.0,0.0,0.0,98.65972222222223,98.33333333333333,413.0208333333333,,0
2016-03-10 00:00:00+00:00,1735.6,0.0,1253.2222222222222,81.81736111111111,39.25694444444444,60.84722222222222,60.75,59.9375,27.916666666666668,51.34027777777778,54.236111111111114,22.95138888888889,15.3,0.0,11.077777777777778,39.9,0.4,5.898611111111111,1.2215277777777778,1.945138888888889,297.54791666666665,12.743055555555555,-193.5625,78013.57638888889,11206080.0,-138.06944444444446,-2571853,76.09027777777777,79.00694444444444,81.85416666666667,34.75,35.21527777777778,23.604166666666668,35.826388888888886,23.395833333333332,16.291666666666668,-3.1,89.3,1.9937500000000001,1.4465277777777779,87.56944444444444,35.298611111111114,35.229166666666664,36.90972222222222,33.416666666666664,466.85555555555555,0.9152777777777779,49.99791666666667,399.9291666666667,398.19097222222223,397.0111111111111,395.95000000000005,421.31180555555557,402.6333333333333,2101.4,-51.7,33.86805555555556,0.7347222222222222,6.0368055555555555,125.95277777777778,-107.14722222222223,882.6,-403.9,11.770833333333334,470.57916666666665,2000.0,0.0,126.19305555555555,-779.8215277777778,0.0,-1000.0,77.96388888888889,772.6375,1000.0,0.0,84.74305555555556,37.72222222222222,303.09166666666664,T07,0.7000000000000001,13.5,6.113888888888889,0.6444444444444444,0.8,14.5,6.0875,0.6431944444444445,7.0,16.0,11.95138888888889,1008.0,1012.0,1010.1805555555555,29.0,91.0,64.90972222222223,0.0,0.0,0.0,0.0,119.09027777777777,118.4375,410.1041666666667,,0
2016-03-11 00:00:00+00:00,1657.4,0.0,529.6027777777778,123.02222222222223,31.333333333333332,42.74305555555556,42.625,42.31944444444444,30.694444444444443,40.81944444444444,41.75694444444444,24.1875,14.7,0.0,4.512499999999999,22.4,0.4,2.9965277777777777,0.8763888888888889,-7.420138888888889,160.47361111111113,14.465277777777779,-707.0486111111111,5665.590277777777,714029.0,-359.56944444444446,-388516,67.25,69.81944444444444,70.24305555555556,32.166666666666664,32.84027777777778,24.5625,32.451388888888886,20.38888888888889,17.34722222222222,-2.6,89.8,15.962499999999999,3.071527777777778,49.31944444444444,32.138888888888886,32.06944444444444,33.22222222222222,30.53472222222222,29.73611111111111,0.8243055555555556,50.00069444444445,399.8548611111111,399.1076388888889,396.43680555555557,48.014583333333334,52.2,50.55,1002.3,-50.2,27.118055555555557,1.1423611111111112,3.0250000000000004,27.952777777777776,-16.185416666666665,1000.2,-958.7,40.77361111111111,43.47361111111111,1020.8,0.0,31.94722222222222,-125.50972222222224,0.0,-1000.0,78.01666666666667,125.50972222222224,1000.0,0.0,78.01666666666667,34.416666666666664,125.38749999999999,T07,0.0,10.3,3.4652777777777777,0.36416666666666664,0.0,10.2,3.4131944444444446,0.354375,9.0,17.0,13.51388888888889,1010.0,1013.0,1011.5138888888889,23.0,57.0,36.854166666666664,0.0,0.0,0.0,0.0,65.93055555555556,64.88888888888889,411.4583333333333,,0
2016-03-12 00:00:00+00:00,1599.9,0.0,570.8548611111112,71.53888888888889,32.201388888888886,43.5,43.395833333333336,43.09027777777778,30.145833333333332,41.979166666666664,43.013888888888886,24.34027777777778,14.2,0.0,4.827777777777778,23.6,0.4,3.401388888888889,0.8027777777777778,3.5374999999999996,135.36111111111111,14.666666666666666,-674.3680555555555,11786.409722222223,1600134.0,-445.2013888888889,-691545,67.54861111111111,69.95138888888889,70.39583333333333,32.59722222222222,33.09722222222222,25.555555555555557,32.8125,21.041666666666668,18.868055555555557,-2.6,89.6,15.431944444444444,1.5666666666666667,53.798611111111114,32.548611111111114,32.49305555555556,33.6875,31.131944444444443,66.63888888888889,0.838888888888889,50.0,399.7631944444445,398.7263888888889,396.27708333333334,75.07916666666667,82.42777777777778,78.26388888888889,890.4,-51.4,27.88888888888889,0.7145833333333333,3.4319444444444445,28.19236111111111,-28.789583333333333,1000.4,-960.0,29.59027777777778,78.65277777777777,904.8,0.0,31.09375,-235.5534722222222,0.0,-1000.0,55.24097222222222,235.5534722222222,1000.0,0.0,55.24097222222222,36.298611111111114,126.81180555555557,T07,0.0,8.8,3.568055555555555,0.2627777777777778,0.0,9.0,3.5347222222222223,0.25854166666666667,11.0,19.0,13.979166666666666,1011.0,1014.0,1012.625,26.0,59.0,41.708333333333336,0.0,0.0,0.0,0.0,68.02777777777777,67.42361111111111,412.5138888888889,,0
2016-03-13 00:00:00+00:00,1683.0,0.0,661.6465277777778,129.27291666666667,32.61805555555556,44.423611111111114,44.34027777777778,44.06944444444444,31.27777777777778,42.736111111111114,43.94444444444444,24.555555555555557,14.9,0.0,5.759722222222222,38.5,0.4,3.3055555555555554,0.8243055555555556,18.17361111111111,137.57986111111111,14.708333333333334,-679.1597222222222,7187.590277777777,937214.0,-448.6388888888889,-410403,67.77777777777777,70.23611111111111,70.9375,33.236111111111114,33.354166666666664,26.38888888888889,33.13194444444444,21.541666666666668,19.770833333333332,-3.0,89.7,13.584722222222222,3.688888888888889,57.72222222222222,33.298611111111114,33.1875,34.59027777777778,32.11805555555556,39.05,0.7312500000000001,50.0,400.09583333333336,398.7423611111111,396.22222222222223,67.06805555555555,72.625,70.3451388888889,1260.7,-51.3,28.71527777777778,1.1687500000000002,3.3256944444444443,24.80138888888889,-17.188888888888886,1001.4,-976.4,61.709722222222226,57.260416666666664,1277.2,0.0,29.51388888888889,-149.13055555555556,0.0,-1000.0,67.5,149.13055555555556,1000.0,0.0,67.5,35.9375,149.4048611111111,T07,0.4,10.3,3.2840277777777778,0.27416666666666667,0.3,10.2,3.283333333333333,0.2790972222222222,11.0,19.0,14.097222222222221,1008.0,1013.0,1010.5555555555555,39.0,80.0,54.50694444444444,0.0,0.0,0.0,0.0,62.388888888888886,62.326388888888886,410.5208333333333,,0
2016-03-14 00:00:00+00:00,1623.8,0.0,693.0729166666666,90.82430555555555,31.52777777777778,44.229166666666664,44.18055555555556,43.854166666666664,30.51388888888889,40.923611111111114,42.22222222222222,23.854166666666668,14.4,0.0,6.106249999999999,38.4,0.4,3.3243055555555556,0.8020833333333334,8.559027777777779,192.52708333333334,14.034722222222221,-584.625,8547.118055555555,1146597.0,-353.6388888888889,-637852,67.05555555555556,69.77083333333333,70.51388888888889,33.52777777777778,33.173611111111114,26.118055555555557,32.791666666666664,20.67361111111111,19.48611111111111,-2.9,89.7,12.364583333333334,2.591666666666667,58.673611111111114,33.520833333333336,33.486111111111114,34.69444444444444,31.75,47.766666666666666,0.7916666666666666,50.00069444444445,399.6611111111111,398.4715277777778,396.33402777777775,63.7798611111111,70.97430555555555,65.6236111111111,930.9,-50.8,28.38888888888889,0.8062499999999999,3.322222222222222,28.174305555555556,-26.568055555555556,1000.2,-933.1,39.295138888888886,59.08958333333333,968.0,0.0,29.766666666666666,-226.26736111111111,0.0,-1000.0,94.53819444444444,226.26736111111111,1000.0,0.0,94.53819444444444,33.770833333333336,211.46458333333334,T07,0.0,10.2,3.401388888888889,0.24013888888888887,0.0,10.0,3.35625,0.23763888888888887,10.0,17.0,13.3125,1007.0,1011.0,1008.7361111111111,41.0,87.0,70.15277777777777,0.0,0.0,0.0,0.0,64.75694444444444,63.958333333333336,408.7083333333333,,0
2016-03-15 00:00:00+00:00,1701.9,0.0,604.2013888888889,61.52430555555556,30.868055555555557,43.041666666666664,42.90972222222222,42.40972222222222,29.1875,41.5625,41.388888888888886,23.65972222222222,15.0,0.0,5.111805555555556,40.7,0.4,3.6277777777777778,0.8027777777777778,1.3340277777777776,195.14930555555554,14.402777777777779,-570.0833333333334,32042.4375,4532019.0,-247.90277777777777,-1093234,68.77777777777777,71.43055555555556,72.20833333333333,33.13194444444444,33.15972222222222,24.88888888888889,33.0625,21.041666666666668,18.72222222222222,-3.1,89.6,14.327777777777776,1.136111111111111,52.31944444444444,33.25694444444444,33.19444444444444,34.111111111111114,30.243055555555557,188.82777777777778,0.9208333333333333,50.0,399.9826388888889,398.97222222222223,396.7055555555555,166.59375,176.50902777777776,170.10277777777776,1979.1,-49.9,28.5,0.5201388888888889,3.6652777777777774,63.08888888888888,-45.52777777777778,994.8,-392.1,10.577083333333333,195.52916666666667,1996.8,0.0,63.08611111111111,-300.86805555555554,0.0,-1000.0,34.27708333333333,298.22083333333336,1000.0,0.0,39.34722222222222,33.59027777777778,201.3236111111111,T07,0.0,12.7,3.7152777777777777,0.2530555555555556,0.0,13.0,3.7083333333333335,0.2551388888888889,11.0,17.0,13.70138888888889,1010.0,1014.0,1012.5486111111111,47.0,91.0,74.13888888888889,0.0,0.0,0.0,0.0,71.00694444444444,70.9375,412.46527777777777,,0
2016-03-16 00:00:00+00:00,1745.2,0.0,1138.990277777778,101.30347222222223,37.541666666666664,55.72222222222222,55.666666666666664,55.173611111111114,30.520833333333332,46.34027777777778,49.44444444444444,24.541666666666668,15.4,0.0,10.066666666666666,38.8,0.4,4.814583333333333,1.0319444444444443,2.7236111111111114,276.1784722222222,14.784722222222221,-325.43055555555554,36649.78472222222,5230711.0,-260.0416666666667,-1762984,70.89583333333333,74.1875,76.17361111111111,36.333333333333336,35.416666666666664,26.381944444444443,36.19444444444444,23.88888888888889,19.27777777777778,-2.9,89.8,3.2,2.3368055555555554,82.91666666666667,36.513888888888886,36.4375,38.22222222222222,35.576388888888886,217.9298611111111,0.7895833333333333,49.99930555555555,399.81111111111113,398.19166666666666,396.78333333333336,208.17291666666668,226.6534722222222,213.37916666666666,2103.0,-52.2,33.27777777777778,0.90625,4.854166666666667,76.36666666666666,-73.54583333333333,1000.0,-813.4,49.611805555555556,224.96805555555557,2000.0,0.0,77.27708333333334,-577.2597222222222,0.0,-1000.0,114.32916666666668,576.6805555555555,1000.0,0.0,115.17083333333332,37.861111111111114,285.9486111111111,T07,0.2,15.8,5.326388888888889,0.38006944444444446,0.3,15.9,5.325694444444444,0.38333333333333336,11.0,18.0,14.090277777777779,1010.0,1013.0,1011.8125,45.0,96.0,81.08333333333333,0.0,1.0,0.006944444444444444,0.0,103.22916666666667,103.29166666666667,411.78472222222223,,0
2016-03-17 00:00:00+00:00,1504.8,0.0,483.9270833333333,61.41805555555556,28.895833333333332,39.458333333333336,39.416666666666664,39.0625,30.15277777777778,39.208333333333336,38.548611111111114,24.07638888888889,13.3,0.0,4.137499999999999,20.0,0.4,2.7805555555555554,0.8131944444444446,-19.831249999999997,224.88333333333333,14.32638888888889,-625.8819444444445,5249.368055555556,665778.0,-290.44444444444446,-437708,66.86805555555556,69.63888888888889,70.3125,32.326388888888886,32.708333333333336,24.92361111111111,32.395833333333336,20.03472222222222,18.46527777777778,-2.4,45.6,15.854166666666666,1.5340277777777778,49.00694444444444,32.333333333333336,32.291666666666664,33.166666666666664,29.895833333333332,27.734027777777776,0.8541666666666666,49.99861111111111,399.5465277777778,398.53819444444446,395.88194444444446,44.08888888888889,49.943749999999994,46.63194444444444,585.1,-51.7,27.270833333333332,0.5472222222222222,2.802777777777778,24.349305555555556,-18.281944444444445,999.9,-773.9,36.30555555555556,35.46736111111111,595.0,0.0,22.640277777777776,-142.81736111111113,0.0,-1000.0,86.41388888888889,142.81736111111113,1000.0,0.0,86.41388888888889,29.368055555555557,274.71736111111113,T07,0.0,8.1,2.773611111111111,0.2061111111111111,0.0,8.1,2.771527777777778,0.20902777777777778,11.0,17.0,13.645833333333334,1010.0,1013.0,1011.5763888888889,54.0,96.0,80.66666666666667,0.0,1.0,0.006944444444444444,0.0,52.15972222222222,52.09722222222222,411.53472222222223,,0
2016-03-18 00:00:00+00:00,1597.0,0.0,421.8277777777778,41.25138888888889,27.29861111111111,36.520833333333336,36.458333333333336,36.104166666666664,30.57638888888889,37.604166666666664,37.3125,24.069444444444443,14.1,0.0,3.5673611111111114,24.8,0.4,2.697222222222222,0.6701388888888888,10.144444444444444,218.2111111111111,14.652777777777779,-586.6388888888889,7470.833333333333,991321.0,-213.92361111111111,-509460,67.11805555555556,69.48611111111111,69.63888888888889,31.82638888888889,32.479166666666664,25.84722222222222,32.22222222222222,20.20138888888889,19.4375,-2.5,89.3,17.320833333333333,1.1166666666666667,44.0,31.84722222222222,31.79861111111111,32.583333333333336,29.208333333333332,41.299305555555556,0.8999999999999999,49.99861111111111,399.83194444444445,398.64930555555554,396.1069444444445,46.95625,53.99027777777778,49.05902777777778,830.2,-52.1,26.70138888888889,0.40208333333333335,2.7243055555555555,21.48611111111111,-21.219444444444445,759.2,-649.0,16.341666666666665,47.799305555555556,847.0,0.0,21.306944444444444,-169.15069444444444,0.0,-1000.0,54.86388888888889,169.15069444444444,1000.0,0.0,54.86388888888889,28.333333333333332,290.55694444444447,T07,0.0,9.0,3.023611111111111,0.16,0.0,9.2,3.0194444444444444,0.16625,11.0,17.0,13.833333333333334,1008.0,1011.0,1009.3402777777778,61.0,99.0,84.63194444444444,0.0,1.0,0.006944444444444444,0.0,57.166666666666664,57.125,409.2916666666667,,0
2016-03-19 00:00:00+00:00,1674.2,0.0,881.4861111111111,76.34583333333333,34.986111111111114,50.46527777777778,50.44444444444444,50.020833333333336,29.90972222222222,45.06944444444444,46.90972222222222,24.75,14.8,0.0,7.701388888888889,42.5,0.4,4.171527777777778,0.9673611111111112,-3.254861111111111,247.36874999999998,14.9375,-442.9791666666667,28131.11111111111,3987092.0,-283.7083333333333,-1313099,69.59027777777777,72.47222222222223,73.55555555555556,35.513888888888886,34.55555555555556,26.59027777777778,35.68055555555556,22.73611111111111,19.583333333333332,-3.0,89.2,8.781944444444443,1.7770833333333333,71.47222222222223,35.5625,35.47222222222222,37.22222222222222,34.86805555555556,166.14444444444445,0.8416666666666667,50.00069444444445,399.96875,398.4243055555555,396.68888888888887,154.45902777777778,168.74374999999998,156.6486111111111,1643.3,-49.7,31.34027777777778,0.7034722222222223,4.239583333333333,60.199999999999996,-54.71875,1000.1,-942.0,23.913888888888888,173.11805555555554,1660.5,0.0,62.25416666666667,-436.5673611111111,0.0,-1000.0,93.86388888888888,436.52430555555554,1000.0,0.0,94.03194444444445,35.270833333333336,253.1201388888889,T07,0.2,11.9,4.579861111111111,0.3318055555555556,0.3,12.3,4.601388888888889,0.34861111111111115,12.0,16.0,14.13888888888889,1006.0,1009.0,1007.4097222222222,54.0,99.0,79.49305555555556,0.0,9.0,0.4236111111111111,0.0,88.36805555555556,88.76388888888889,407.3888888888889,,0
2016-03-20 00:00:00+00:00,1667.1,0.0,742.1708333333333,72.17708333333333,31.52777777777778,44.75,44.701388888888886,44.25694444444444,29.1875,43.44444444444444,44.625,23.319444444444443,14.7,0.0,6.5368055555555555,33.1,0.4,3.9916666666666663,0.9270833333333334,-13.058333333333334,180.98472222222222,14.159722222222221,-484.7638888888889,22751.868055555555,3206465.0,-225.19444444444446,-1033081,67.71527777777777,70.51388888888889,71.38888888888889,32.479166666666664,32.86805555555556,25.40277777777778,33.19444444444444,21.125,18.479166666666668,-3.1,89.8,11.947916666666666,1.5222222222222224,58.94444444444444,32.583333333333336,32.513888888888886,33.708333333333336,30.54861111111111,133.5625,0.8923611111111112,49.99791666666667,400.0236111111111,398.4138888888889,396.525,122.96111111111112,135.95972222222224,126.2784722222222,1378.3,-50.0,28.67361111111111,0.6375,4.044444444444444,58.699999999999996,-42.99861111111111,872.8,-652.3,18.095138888888886,144.97083333333333,1395.1,0.0,61.54305555555556,-366.5715277777778,0.0,-1000.0,77.13680555555555,366.5715277777778,1000.0,0.0,77.13680555555555,31.875,194.0548611111111,T07,0.6000000000000001,11.7,4.277083333333334,0.34152777777777776,0.5,11.3,4.191666666666666,0.4011805555555556,10.0,20.0,13.42361111111111,1005.0,1008.0,1005.7152777777778,55.0,96.0,79.47222222222223,0.0,1.0,0.013888888888888888,0.0,82.32638888888889,80.54861111111111,405.6666666666667,,0
2016-03-21 00:00:00+00:00,1684.3,0.0,765.4770833333333,107.63958333333333,33.15277777777778,47.46527777777778,47.423611111111114,47.02777777777778,29.51388888888889,43.65972222222222,45.486111111111114,23.319444444444443,14.9,0.0,6.621527777777778,37.9,0.4,3.7902777777777774,0.9916666666666667,-4.389583333333333,190.55555555555554,13.57638888888889,-581.0555555555555,19931.26388888889,2786428.0,-387.0833333333333,-989985,68.06944444444444,70.85416666666667,71.875,32.048611111111114,32.763888888888886,24.67361111111111,32.34027777777778,21.125,17.868055555555557,-3.1,64.4,11.122916666666667,2.2784722222222222,62.11805555555556,32.11805555555556,31.993055555555557,33.416666666666664,30.708333333333332,116.1138888888889,0.8125,50.0,399.9486111111111,398.49583333333334,396.69097222222223,118.94999999999999,129.37152777777777,121.83472222222223,1533.0,-52.1,28.979166666666668,1.011111111111111,3.8368055555555554,54.287499999999994,-41.2625,1000.3,-702.8,39.47083333333333,125.96249999999999,1548.5,0.0,56.017361111111114,-332.59791666666666,0.0,-1000.0,92.30902777777777,332.5847222222222,1000.0,0.0,92.31111111111112,33.208333333333336,194.94166666666666,T07,0.0,11.2,3.954861111111111,0.39069444444444446,0.0,11.3,3.8784722222222223,0.424375,10.0,15.0,12.881944444444445,1001.0,1005.0,1002.3472222222222,57.0,96.0,77.75,0.0,25.0,0.24305555555555555,0.0,75.84027777777777,74.33333333333333,402.2708333333333,,0
2016-03-22 00:00:00+00:00,1726.1,0.0,930.0826388888888,75.4048611111111,36.125,55.701388888888886,55.44444444444444,54.548611111111114,28.881944444444443,45.611111111111114,47.638888888888886,23.02777777777778,15.3,0.0,8.097222222222221,42.2,0.4,5.034027777777777,1.1381944444444445,-3.3527777777777774,233.1784722222222,13.541666666666666,-354.4236111111111,65895.0625,9437853.0,-141.57638888888889,-1970738,70.93055555555556,73.72916666666667,74.29166666666667,32.72222222222222,33.63194444444444,24.23611111111111,33.34027777777778,22.333333333333332,17.416666666666668,-3.3,89.8,8.882638888888888,1.4138888888888888,63.520833333333336,33.18055555555556,33.11805555555556,34.3125,30.131944444444443,393.22291666666666,0.9451388888888889,50.00069444444445,400.35625000000005,398.69722222222225,397.38750000000005,335.0256944444444,352.44722222222225,339.8277777777778,2104.4,-50.1,29.631944444444443,0.7131944444444445,5.113888888888889,109.06319444444445,-82.125,1000.1,-563.7,13.855555555555556,398.6534722222222,2000.0,0.0,110.27708333333334,-533.9138888888889,0.0,-1000.0,52.37847222222222,522.9833333333333,1000.0,0.0,64.60902777777778,42.97222222222222,229.02777777777777,T07,0.2,13.9,5.479166666666667,0.5101388888888888,0.3,14.0,5.392361111111111,0.5220138888888889,9.0,15.0,12.715277777777779,1000.0,1005.0,1002.1875,60.0,96.0,80.36111111111111,0.0,8.0,0.09722222222222222,0.0,106.31944444444444,104.65277777777777,402.125,,0
2016-03-23 00:00:00+00:00,1668.7,0.0,1175.1062499999998,63.90138888888888,36.916666666666664,56.81944444444444,56.736111111111114,56.43055555555556,28.125,46.68055555555556,49.72222222222222,23.40277777777778,14.8,0.0,10.379166666666666,39.7,0.4,4.762499999999999,0.9833333333333333,1.0034722222222223,296.37569444444443,13.444444444444445,-218.82638888888889,33216.6875,4751695.0,-190.27083333333334,-1798226,71.40972222222223,74.84722222222223,76.68055555555556,35.21527777777778,34.770833333333336,24.618055555555557,35.4375,22.9375,17.319444444444443,-3.1,89.8,2.0104166666666665,1.6034722222222222,87.31944444444444,35.4375,35.3125,37.111111111111114,34.229166666666664,197.96041666666667,0.7770833333333333,49.99722222222223,399.80833333333334,398.0465277777778,396.4826388888889,189.25833333333333,212.65833333333333,196.64722222222224,1277.0,-50.2,32.84722222222222,0.5625,4.8125,62.20694444444444,-74.87916666666666,801.7,-971.3,38.88333333333333,201.44791666666666,1293.0,0.0,61.868750000000006,-615.5090277777778,0.0,-1000.0,127.70416666666668,615.5090277777778,1000.0,0.0,127.70416666666668,40.229166666666664,295.3833333333333,T07,0.4,11.0,5.334722222222222,0.34062499999999996,0.7000000000000001,11.0,5.291666666666667,0.34069444444444447,10.0,15.0,12.73611111111111,1002.0,1005.0,1003.3194444444445,46.0,87.0,69.16666666666667,0.0,1.0,0.006944444444444444,0.0,103.44444444444444,102.61805555555556,403.28472222222223,,0
2016-03-24 00:00:00+00:00,1686.7,0.0,575.0145833333333,66.05347222222223,29.645833333333332,42.173611111111114,41.99305555555556,41.43055555555556,29.65972222222222,40.68055555555556,40.65972222222222,23.95138888888889,14.9,0.0,5.008333333333334,38.0,0.4,3.384027777777778,0.7986111111111112,23.81597222222222,207.41597222222222,14.125,-548.9652777777778,30357.26388888889,4292395.0,-214.74305555555554,-1027177,68.79861111111111,71.44444444444444,71.95138888888889,32.93055555555556,33.22222222222222,23.82638888888889,33.03472222222222,20.92361111111111,18.1875,-3.1,89.7,14.756250000000001,1.5812499999999998,50.951388888888886,33.145833333333336,33.111111111111114,34.02777777777778,30.194444444444443,178.8326388888889,0.8958333333333334,49.99930555555555,399.69375,398.62638888888887,396.48749999999995,163.47708333333333,171.6138888888889,166.23472222222222,1727.4,-51.4,28.069444444444443,0.5916666666666667,3.4444444444444446,47.58472222222222,-42.77847222222223,1000.4,-672.2,20.652083333333334,187.05694444444444,1747.5,0.0,48.55763888888889,-271.8673611111111,0.0,-1000.0,35.12430555555555,271.63750000000005,1000.0,0.0,36.238194444444446,32.645833333333336,283.61527777777775,T07,0.0,11.1,3.560416666666667,0.22895833333333332,0.0,11.1,3.582638888888889,0.23458333333333334,10.0,18.0,13.243055555555555,1005.0,1016.0,1009.1805555555555,42.0,81.0,68.90277777777777,0.0,0.0,0.0,0.0,67.96527777777777,68.34027777777777,409.15277777777777,,0
2016-03-25 00:00:00+00:00,1663.3,0.0,1131.165972222222,98.525,36.49305555555556,54.90277777777778,54.888888888888886,54.423611111111114,29.79861111111111,46.28472222222222,49.451388888888886,24.34027777777778,14.7,0.0,10.01875,38.2,0.4,4.786111111111111,0.9833333333333333,-1.4354166666666666,215.7784722222222,15.01388888888889,-318.6388888888889,34864.208333333336,4974563.0,-283.36805555555554,-1507933,70.32638888888889,73.40972222222223,74.89583333333333,35.638888888888886,35.083333333333336,26.32638888888889,35.96527777777778,23.819444444444443,19.28472222222222,-3.0,89.7,3.5368055555555555,2.322222222222222,82.54861111111111,35.80555555555556,35.763888888888886,37.638888888888886,34.875,207.28055555555557,0.7743055555555556,49.99861111111111,400.37430555555557,398.6402777777778,397.3638888888889,201.99513888888887,219.34305555555557,206.6798611111111,1180.5,-50.1,32.78472222222222,0.8715277777777778,4.857638888888889,64.68194444444445,-62.856944444444444,710.3,-687.6,54.297916666666666,215.32708333333332,1196.6,0.0,66.64444444444445,-564.0666666666667,0.0,-1000.0,86.94375,564.0666666666667,1000.0,0.0,86.94375,36.3125,217.21666666666667,T07,2.5,10.4,5.427083333333333,0.33041666666666664,2.0,10.5,5.409027777777777,0.38708333333333333,13.0,17.0,14.25,1016.0,1020.0,1017.9166666666666,70.0,95.0,84.20138888888889,0.0,0.0,0.0,0.0,105.36805555555556,104.94444444444444,417.8611111111111,,0
2016-03-26 00:00:00+00:00,1670.5,0.0,830.9895833333334,86.24305555555556,32.81944444444444,47.50694444444444,47.49305555555556,47.09027777777778,29.770833333333332,43.451388888888886,45.19444444444444,23.770833333333332,14.8,0.0,7.204861111111111,37.9,0.4,3.938888888888889,0.875,-5.514583333333333,247.20277777777775,14.63888888888889,-438.6111111111111,23828.395833333332,3368127.0,-231.23611111111111,-1207782,68.24305555555556,71.09722222222223,71.96527777777777,33.68055555555556,33.78472222222222,25.354166666666668,34.06944444444444,21.979166666666668,18.48611111111111,-3.0,89.8,9.611805555555556,1.8576388888888888,67.1875,33.72222222222222,33.708333333333336,35.11805555555556,32.298611111111114,140.33055555555555,0.8527777777777777,49.99930555555555,399.7756944444444,398.22013888888887,396.1923611111111,128.93680555555557,144.48194444444445,134.10694444444445,1106.3,-51.0,30.083333333333332,0.7645833333333334,3.998611111111111,56.43402777777778,-50.29027777777778,1000.2,-515.9,17.735416666666666,148.1361111111111,1114.2,0.0,57.92986111111111,-403.70624999999995,0.0,-1000.0,79.83263888888888,403.70624999999995,1000.0,0.0,79.83263888888888,32.666666666666664,252.73124999999996,T07,0.0,10.5,4.263888888888889,0.33902777777777776,0.0,10.4,4.268055555555556,0.33979166666666666,12.0,16.0,13.909722222222221,1016.0,1019.0,1017.8333333333334,66.0,92.0,80.13888888888889,0.0,0.0,0.0,0.0,82.02777777777777,82.16666666666667,417.7708333333333,,0
2016-03-27 00:00:00+00:00,1640.7,0.0,937.7876811594202,106.88840579710146,35.53623188405797,51.7536231884058,51.71739130434783,51.39855072463768,31.666666666666668,44.92028985507246,47.471014492753625,25.891304347826086,14.5,0.0,8.276811594202899,38.9,0.4,4.4021739130434785,0.9318840579710145,-1.3826086956521737,262.2144927536232,15.956521739130435,-424.8840579710145,21036.398550724636,2844394.0,-361.4927536231884,-1399772,69.3913043478261,72.52898550724638,73.55797101449275,36.710144927536234,35.289855072463766,27.094202898550726,36.13768115942029,23.905797101449274,20.10144927536232,-3.0,89.7,12.80072463768116,4.822463768115942,74.81884057971014,36.69565217391305,36.594202898550726,38.289855072463766,36.1231884057971,123.65434782608695,0.7913043478260869,50.00217391304348,400.1478260869565,398.2673913043478,396.6572463768116,120.52101449275364,139.87826086956522,124.41666666666667,1067.2,-49.9,32.6231884057971,0.9608695652173913,4.5050724637681165,53.208695652173915,-60.90652173913044,1000.0,-513.4,24.496376811594203,155.77971014492752,1085.9,0.0,56.303623188405794,-459.5644927536232,0.0,-1000.0,136.4855072463768,459.5644927536232,1000.0,0.0,136.4855072463768,34.81884057971015,263.5884057971014,T07,0.6000000000000001,9.3,4.92536231884058,0.26231884057971017,0.6000000000000001,9.6,4.946376811594203,0.266304347826087,13.0,18.0,15.159420289855072,1014.0,1017.0,1015.1666666666666,57.0,99.0,84.21014492753623,0.0,4.0,0.11594202898550725,0.0,95.21014492753623,95.6231884057971,415.1376811594203,,0
2016-03-28 00:00:00+00:00,1662.6,0.0,810.526388888889,42.74027777777778,33.93055555555556,49.583333333333336,49.548611111111114,49.201388888888886,30.083333333333332,42.826388888888886,44.31944444444444,24.583333333333332,14.7,0.0,7.095833333333333,38.8,0.4,3.724305555555555,0.8416666666666667,-15.49097222222222,262.06458333333336,14.840277777777779,-402.22222222222223,20948.743055555555,2958694.0,-212.35416666666666,-1227333,68.71527777777777,71.72916666666667,72.48611111111111,34.96527777777778,34.55555555555556,25.291666666666668,34.548611111111114,22.416666666666668,18.22222222222222,-3.2,89.8,9.167361111111111,1.0083333333333333,68.68055555555556,35.041666666666664,34.986111111111114,36.25694444444444,33.416666666666664,123.24791666666667,0.851388888888889,50.00069444444445,399.9819444444445,398.52708333333334,396.1506944444444,113.45625000000001,131.48472222222222,119.59861111111111,1118.7,-50.0,30.791666666666668,0.4097222222222222,3.7874999999999996,40.85625,-51.13472222222222,999.8,-803.7,12.997222222222224,127.5,1128.8,0.0,41.09652777777777,-406.42777777777775,0.0,-1000.0,79.13958333333333,406.42777777777775,1000.0,0.0,79.13958333333333,32.951388888888886,282.5625,T07,0.1,9.6,3.884722222222222,0.2079861111111111,0.2,9.5,3.859027777777778,0.21125,11.0,17.0,13.972222222222221,1013.0,1016.0,1014.2638888888889,27.0,87.0,69.72916666666667,0.0,0.0,0.0,0.0,74.30555555555556,73.84027777777777,414.24305555555554,,0
2016-03-29 00:00:00+00:00,1438.1,0.0,234.04652777777775,29.477083333333333,25.944444444444443,33.21527777777778,33.173611111111114,32.763888888888886,30.868055555555557,37.541666666666664,35.90972222222222,24.78472222222222,12.7,0.0,1.851388888888889,19.4,0.4,2.154166666666667,0.61875,15.287500000000001,219.06805555555556,16.270833333333332,-738.3055555555555,1378.236111111111,92151.0,-314.5625,-183449,67.22916666666667,69.77083333333333,69.51388888888889,30.97222222222222,32.40972222222222,26.52777777777778,32.013888888888886,20.319444444444443,20.118055555555557,-2.4,53.4,20.705555555555556,0.6354166666666666,36.673611111111114,30.854166666666668,30.77777777777778,31.645833333333332,28.631944444444443,3.836111111111111,0.8784722222222222,49.99930555555555,399.1020833333333,398.70000000000005,395.45694444444445,20.750694444444445,22.80902777777778,22.636805555555554,276.5,-52.1,26.305555555555557,0.2708333333333333,2.176388888888889,9.615972222222222,-7.626388888888889,999.9,-762.5,24.804166666666667,10.564583333333333,403.5,0.0,8.27986111111111,-41.205555555555556,0.0,-1000.0,31.833333333333332,41.205555555555556,1000.0,0.0,31.833333333333332,26.84722222222222,278.78125,T07,0.0,7.6,2.2347222222222225,0.1511111111111111,0.0,7.7,2.2381944444444444,0.15173611111111113,11.0,22.0,15.23611111111111,1008.0,1014.0,1010.3888888888889,42.0,99.0,79.90277777777777,0.0,0.0,0.0,0.0,41.326388888888886,41.34722222222222,410.34027777777777,,0
2016-03-30 00:00:00+00:00,1686.2,0.0,611.1368055555555,58.11319444444444,29.895833333333332,39.923611111111114,39.90972222222222,39.52777777777778,32.875,39.361111111111114,40.71527777777778,25.756944444444443,14.9,0.0,5.2868055555555555,22.1,0.4,3.574305555555556,0.7472222222222222,-1.2715277777777778,194.44722222222222,17.32638888888889,-495.25,16685.6875,2331425.0,-182.99305555555554,-810883,69.58333333333333,72.01388888888889,71.74305555555556,33.0625,33.895833333333336,28.444444444444443,34.15277777777778,23.055555555555557,22.02777777777778,-2.8,89.7,14.518749999999999,1.3611111111111112,48.326388888888886,33.03472222222222,32.96527777777778,34.236111111111114,31.875,97.1263888888889,0.8951388888888889,50.00138888888889,399.66805555555555,398.76180555555555,396.22291666666666,92.30138888888888,101.80833333333334,95.80902777777777,1592.0,-49.8,29.01388888888889,0.53125,3.597916666666667,32.587500000000006,-33.80416666666667,1000.1,-673.5,16.86875,107.45277777777778,1651.0,0.0,35.52013888888889,-274.80069444444445,0.0,-1000.0,37.21805555555555,274.7868055555556,1000.0,0.0,37.329861111111114,30.63888888888889,188.21666666666667,T07,0.0,12.3,3.695138888888889,0.23625000000000002,0.0,12.4,3.711111111111111,0.238125,14.0,21.0,16.555555555555557,1004.0,1008.0,1005.4305555555555,42.0,85.0,63.611111111111114,0.0,0.0,0.0,0.0,70.74305555555556,70.90277777777777,405.40972222222223,,0
2016-03-31 00:00:00+00:00,1790.4,0.0,1456.8256944444445,79.58333333333333,46.125,76.5625,76.02083333333333,74.47916666666667,34.326388888888886,52.673611111111114,56.951388888888886,25.13888888888889,15.7,0.0,12.902777777777779,39.5,0.4,7.463888888888889,1.5006944444444443,-0.36388888888888893,305.14652777777775,13.930555555555555,-149.77083333333334,141318.14583333334,20328246.0,-113.11111111111111,-3401176,78.00694444444444,83.01388888888889,84.77777777777777,38.28472222222222,38.05555555555556,24.680555555555557,38.541666666666664,28.020833333333332,17.15972222222222,-3.0,89.9,-0.12013888888888889,1.8430555555555554,96.9375,39.25694444444444,39.166666666666664,40.93055555555556,36.75,847.0847222222222,0.942361111111111,50.00138888888889,400.6013888888889,398.6305555555556,398.43888888888887,711.175,736.4201388888889,714.6479166666667,2106.0,-50.2,37.86805555555556,0.70625,7.5625,192.97083333333333,-141.71180555555554,1001.6,-496.3,12.145138888888889,849.4534722222222,2000.0,0.0,190.83541666666667,-836.4479166666666,0.0,-1000.0,104.00694444444444,790.7354166666667,1000.0,0.0,120.63402777777777,48.78472222222222,310.5104166666667,T07,1.5,15.8,8.077083333333333,0.9854861111111111,1.5,15.8,8.009027777777778,0.9706944444444444,8.0,16.0,13.083333333333334,1007.0,1011.0,1008.6875,34.0,88.0,58.52777777777778,0.0,0.0,0.0,0.0,158.51388888888889,157.11111111111111,408.68055555555554,,0
2016-04-01 00:00:00+00:00,1680.4,0.0,1064.3402777777778,120.22916666666667,37.236111111111114,54.604166666666664,54.541666666666664,54.173611111111114,33.201388888888886,46.44444444444444,49.270833333333336,24.6875,14.9,0.0,9.380555555555555,24.2,0.4,4.526388888888889,1.0979166666666667,2.0763888888888884,256.43541666666664,14.32638888888889,-395.40972222222223,31103.4375,4421959.0,-297.65972222222223,-1585368,63.72222222222222,69.30555555555556,72.29861111111111,35.923611111111114,35.15972222222222,24.993055555555557,35.423611111111114,23.5,17.868055555555557,-3.2,89.8,4.694444444444445,2.7694444444444444,79.97916666666667,36.020833333333336,35.93055555555556,37.69444444444444,35.111111111111114,184.27569444444444,0.7979166666666667,49.99930555555555,399.8229166666667,398.14166666666665,396.8597222222222,176.9402777777778,193.85902777777778,180.63541666666666,1691.9,-51.6,32.701388888888886,1.0750000000000002,4.569444444444445,79.63333333333334,-66.08472222222223,1000.0,-678.1,40.49791666666667,193.75069444444443,1710.6,0.0,80.42569444444445,-521.9868055555556,0.0,-1000.0,140.06597222222223,521.8895833333333,1000.0,0.0,140.37847222222223,35.65972222222222,266.84583333333336,T07,1.2,11.8,5.457638888888889,0.5759027777777779,1.1,11.2,5.388888888888889,0.5623611111111111,8.0,18.0,13.395833333333334,1006.0,1012.0,1008.9930555555555,27.0,72.0,47.72222222222222,0.0,0.0,0.0,0.0,105.97222222222223,104.65277777777777,408.9375,,0
2016-04-02 00:00:00+00:00,1564.9,0.0,623.7,69.74166666666666,32.104166666666664,42.701388888888886,42.6875,42.44444444444444,30.375,42.55555555555556,43.361111111111114,24.520833333333332,13.9,0.0,5.428472222222222,39.0,0.4,3.2826388888888887,0.7743055555555556,10.908333333333333,190.69166666666666,14.694444444444445,-649.8611111111111,8257.416666666666,1095488.0,-400.2916666666667,-677696,67.76388888888889,70.70138888888889,71.61111111111111,32.97222222222222,33.5625,26.75,33.52777777777778,21.229166666666668,19.631944444444443,-3.0,89.8,14.193055555555555,1.9131944444444444,57.63194444444444,32.895833333333336,32.84027777777778,34.11805555555556,31.52777777777778,45.641666666666666,0.8222222222222223,49.99861111111111,399.46180555555554,398.5,395.6736111111111,58.825694444444444,67.23888888888888,62.65833333333333,823.8,-52.1,28.8125,0.6652777777777777,3.2930555555555556,28.954166666666666,-28.224305555555556,1000.0,-951.5,34.97361111111111,56.34166666666667,832.6,0.0,30.315277777777776,-202.17152777777778,0.0,-1000.0,94.55555555555556,202.17152777777778,1000.0,0.0,94.55555555555556,30.95138888888889,204.78750000000002,T07,0.0,9.4,3.4069444444444446,0.2576388888888889,0.0,9.1,3.3687500000000004,0.2659722222222222,10.0,17.0,13.958333333333334,1003.0,1008.0,1005.3194444444445,55.0,89.0,71.22916666666667,0.0,0.0,0.0,0.0,64.86805555555556,64.00694444444444,405.1875,,0
2016-04-03 00:00:00+00:00,1683.1,0.0,695.9298611111111,71.69652777777777,30.9375,42.979166666666664,42.951388888888886,42.55555555555556,29.569444444444443,41.21527777777778,42.354166666666664,23.270833333333332,14.9,0.0,5.9375,23.9,0.4,3.5847222222222226,0.8138888888888889,7.581944444444444,229.05069444444447,14.395833333333334,-524.0138888888889,20420.694444444445,2865121.0,-232.25,-1023172,67.40972222222223,70.14583333333333,70.6875,33.59027777777778,32.84722222222222,25.208333333333332,33.138888888888886,21.02777777777778,18.458333333333332,-3.1,89.9,12.188194444444443,1.6229166666666666,56.40972222222222,33.69444444444444,33.638888888888886,34.71527777777778,31.72222222222222,119.39652777777776,0.8923611111111112,50.0,399.4847222222222,398.27777777777777,395.6361111111111,112.17777777777778,125.92291666666668,117.61805555555556,1694.0,-50.2,28.319444444444443,0.6451388888888889,3.620833333333333,50.756249999999994,-42.68333333333333,1000.0,-582.6,19.4,126.38749999999999,1702.7,0.0,51.22847222222222,-338.22013888888887,0.0,-1000.0,82.875,338.13194444444446,1000.0,0.0,83.30208333333333,30.57638888888889,236.4736111111111,T07,0.0,11.0,3.8930555555555557,0.30715277777777783,0.0,10.8,3.892361111111111,0.3142361111111111,10.0,16.0,13.694444444444445,1006.0,1009.0,1007.2013888888889,67.0,99.0,83.40277777777777,0.0,1.0,0.020833333333333332,0.0,74.61805555555556,74.59027777777777,407.15972222222223,,0
2016-04-04 00:00:00+00:00,1817.4,116.0,1478.0506944444444,71.00416666666666,55.875,92.72916666666667,91.81944444444444,89.13194444444444,40.52777777777778,51.78472222222222,57.21527777777778,27.930555555555557,16.0,0.0,13.096527777777778,43.7,0.4,9.115972222222222,2.1479166666666667,1.8166666666666669,240.43958333333336,14.854166666666666,-128.85416666666666,208662.43055555556,30028834.0,-123.02777777777777,-3997622,80.80555555555556,88.94444444444444,90.90277777777777,41.770833333333336,40.138888888888886,24.833333333333332,40.201388888888886,31.868055555555557,17.28472222222222,-2.9,60.7,3.29375,2.7881944444444446,102.21527777777777,43.048611111111114,43.0,44.576388888888886,39.61805555555556,1251.1104166666667,0.9319444444444444,50.00138888888889,400.58958333333334,398.40486111111113,398.8826388888889,1049.6479166666666,1070.795138888889,1047.076388888889,2108.5,-49.8,40.541666666666664,0.6256944444444444,9.300694444444444,149.26180555555555,-166.54652777777778,999.6,-236.2,9.654166666666667,1251.1319444444443,2000.0,0.0,148.42916666666667,-679.04375,0.0,-1000.0,104.69305555555555,575.0833333333334,1000.0,0.0,118.13819444444445,54.59027777777778,238.60347222222222,T07,1.5,23.3,10.303472222222222,2.3419444444444446,1.6,22.6,10.335416666666667,2.359375,13.0,17.0,14.291666666666666,999.0,1009.0,1003.7916666666666,73.0,99.0,89.70833333333333,0.0,13.0,0.5555555555555556,0.0,203.11111111111111,203.76388888888889,403.74305555555554,,0
2016-04-05 00:00:00+00:00,1755.5,0.0,1476.704861111111,59.25277777777777,49.541666666666664,76.42361111111111,76.03472222222223,74.53472222222223,46.791666666666664,53.72222222222222,57.923611111111114,26.458333333333332,15.5,0.0,13.072916666666666,40.7,0.4,7.308333333333334,1.4444444444444444,1.0743055555555554,292.0569444444444,14.04861111111111,-68.60416666666667,138041.97916666666,19868166.0,-48.673611111111114,-3635722,64.26388888888889,74.5625,79.59722222222223,36.90972222222222,38.8125,25.270833333333332,38.90277777777778,29.416666666666668,17.819444444444443,-3.3,89.8,-1.0604166666666668,0.9125000000000001,97.96527777777777,37.84722222222222,37.736111111111114,39.46527777777778,35.31944444444444,827.8451388888889,0.9576388888888889,50.0,400.16875000000005,398.3229166666667,398.0138888888889,695.5513888888888,722.6187500000001,700.2097222222222,2105.0,-51.4,38.0,0.5180555555555556,7.5,181.01805555555555,-151.4763888888889,17.3,-220.6,8.212499999999999,828.2458333333333,2000.0,0.0,180.47500000000002,-913.3784722222222,0.0,-1000.0,79.83541666666666,880.5041666666667,1000.0,0.0,100.85694444444444,53.020833333333336,293.4861111111111,T07,0.4,15.5,8.197222222222223,0.8350000000000001,0.3,15.4,8.161111111111111,0.8263888888888888,10.0,16.0,13.340277777777779,1000.0,1006.0,1003.0138888888889,58.0,89.0,73.21527777777777,0.0,0.0,0.0,0.0,160.83333333333334,160.15972222222223,402.97222222222223,,0
2016-04-06 00:00:00+00:00,1650.0,0.0,634.8020833333334,76.8423611111111,35.31944444444444,46.736111111111114,46.68055555555556,46.38194444444444,31.854166666666668,44.451388888888886,44.916666666666664,25.243055555555557,14.6,0.0,5.422916666666667,22.9,0.4,3.334027777777778,0.8430555555555556,4.289583333333334,236.1902777777778,15.70138888888889,-657.7083333333334,14494.652777777777,1992518.0,-460.9375,-881360,63.576388888888886,67.95138888888889,71.60416666666667,33.55555555555556,34.395833333333336,26.29861111111111,34.30555555555556,23.041666666666668,19.458333333333332,-3.1,86.1,14.297222222222224,1.9249999999999998,62.0625,33.479166666666664,33.388888888888886,34.958333333333336,32.74305555555556,83.02916666666667,0.8173611111111111,50.0,399.5104166666667,398.3611111111111,395.94166666666666,90.94305555555555,99.86458333333333,93.12847222222223,1220.0,-51.9,30.291666666666668,0.6861111111111111,3.3763888888888887,42.62777777777777,-36.68055555555556,1001.7,-1000.1,33.609027777777776,92.28333333333333,1252.9,0.0,43.47569444444444,-268.24375,0.0,-1000.0,94.55069444444445,268.24375,1000.0,0.0,94.55069444444445,39.25694444444444,274.40277777777777,T07,0.0,10.9,3.8270833333333334,0.35736111111111113,0.0,11.4,3.7979166666666666,0.3604861111111111,11.0,20.0,14.722222222222221,1005.0,1008.0,1006.5972222222222,41.0,88.0,69.18055555555556,0.0,0.0,0.0,0.0,73.3125,72.625,406.5625,,0
2016-04-07 00:00:00+00:00,1581.0,0.0,516.9069444444444,33.443749999999994,30.09027777777778,39.84027777777778,39.791666666666664,39.34027777777778,32.048611111111114,38.666666666666664,38.8125,26.02777777777778,14.0,0.0,4.420138888888889,19.2,0.4,2.9659722222222222,0.6881944444444446,1.007638888888889,223.90625,17.555555555555557,-459.2291666666667,11684.284722222223,1616407.0,-112.55555555555556,-737171,68.61805555555556,71.32638888888889,73.02083333333333,32.99305555555556,34.13194444444444,28.40277777777778,34.38194444444444,23.0625,22.17361111111111,-3.0,89.5,14.899999999999999,0.9152777777777779,48.916666666666664,32.94444444444444,32.895833333333336,33.951388888888886,31.354166666666668,67.35486111111112,0.9131944444444444,50.0,399.90763888888887,398.8548611111111,396.07430555555555,65.79305555555555,76.46458333333334,69.69930555555555,855.4,-48.1,29.069444444444443,0.3041666666666667,3.0069444444444446,24.125694444444445,-30.70555555555556,793.0,-637.0,12.664583333333333,72.06805555555555,867.9,0.0,23.704166666666666,-275.44722222222225,0.0,-1000.0,55.03958333333333,275.44722222222225,1000.0,0.0,55.03958333333333,33.06944444444444,215.3875,T07,0.0,9.0,3.004861111111111,0.17319444444444446,0.0,9.1,2.9618055555555554,0.1765972222222222,13.0,22.0,16.791666666666668,1006.0,1008.0,1006.9375,49.0,90.0,72.63194444444444,0.0,0.0,0.0,0.0,56.71527777777778,55.708333333333336,406.8958333333333,,0
2016-04-08 00:00:00+00:00,1730.7,0.0,838.317361111111,69.20347222222222,37.59722222222222,51.895833333333336,51.833333333333336,51.326388888888886,32.28472222222222,46.46527777777778,47.5625,26.51388888888889,15.3,0.0,7.257638888888888,35.3,0.4,4.291666666666667,1.0361111111111112,-1.6472222222222224,262.5673611111111,17.47222222222222,-522.8055555555555,39681.854166666664,5638901.0,-312.13194444444446,-1557213,73.11111111111111,76.09027777777777,78.28472222222223,35.22222222222222,36.486111111111114,27.125,37.27777777777778,25.59027777777778,20.26388888888889,-3.3,89.8,10.006250000000001,1.0583333333333333,70.80555555555556,35.326388888888886,35.236111111111114,36.798611111111114,34.43055555555556,234.95277777777775,0.8680555555555556,50.0,399.90486111111113,398.5416666666667,396.8840277777778,212.1125,224.96180555555554,213.6847222222222,2105.5,-50.3,33.46527777777778,0.6166666666666667,4.311805555555555,114.66527777777777,-64.88402777777777,735.5,-501.4,20.456249999999997,242.01666666666668,2000.0,0.0,114.95694444444445,-434.3284722222222,0.0,-1000.0,99.72361111111111,430.49027777777775,1000.0,0.0,103.52222222222223,40.77777777777778,294.19722222222225,T07,0.6000000000000001,14.2,5.073611111111111,0.6308333333333334,0.6000000000000001,14.0,5.004861111111111,0.613125,13.0,21.0,16.770833333333332,1005.0,1010.0,1006.9236111111111,27.0,89.0,58.05555555555556,0.0,0.0,0.0,0.0,98.20833333333333,96.88888888888889,406.88194444444446,,0
2016-04-09 00:00:00+00:00,1672.1,0.0,654.4145833333333,96.83541666666666,33.888888888888886,45.638888888888886,45.5,45.15277777777778,32.604166666666664,43.31944444444444,44.25,25.51388888888889,14.8,0.0,5.571527777777778,26.2,0.4,3.640277777777778,0.8145833333333334,0.36319444444444454,254.95277777777775,15.979166666666666,-584.7847222222222,18064.86111111111,2517130.0,-305.9375,-854469,70.77083333333333,73.33333333333333,74.81944444444444,33.63194444444444,34.229166666666664,27.368055555555557,34.52777777777778,22.868055555555557,20.59722222222222,-3.0,89.8,13.820833333333333,2.176388888888889,56.09722222222222,33.56944444444444,33.50694444444444,34.951388888888886,32.65972222222222,104.91111111111111,0.8631944444444444,49.99930555555555,400.1430555555555,399.07500000000005,396.6513888888889,103.98472222222222,112.71944444444445,106.85694444444444,1156.5,-50.0,29.77777777777778,0.8951388888888889,3.6333333333333337,38.078472222222224,-35.58125,1000.3,-666.7,25.66111111111111,116.29583333333332,1174.9,0.0,40.50763888888889,-276.0090277777778,0.0,-1000.0,49.68055555555556,276.0090277777778,1000.0,0.0,49.68055555555556,35.30555555555556,254.59583333333336,T07,0.3,9.8,4.009722222222222,0.2529166666666667,0.3,10.0,4.011805555555556,0.25479166666666664,12.0,20.0,15.25,1006.0,1010.0,1008.0763888888889,27.0,82.0,46.86805555555556,0.0,0.0,0.0,0.0,76.86111111111111,76.97222222222223,408.03472222222223,,0
2016-04-10 00:00:00+00:00,1702.1,0.0,1008.8222222222222,113.58055555555556,35.44444444444444,50.9375,50.88194444444444,50.395833333333336,30.569444444444443,44.80555555555556,47.520833333333336,23.26388888888889,15.1,0.0,8.885416666666666,23.9,0.4,4.385416666666667,0.9979166666666668,-0.7493055555555554,242.70416666666668,14.027777777777779,-419.1875,31786.979166666668,4516962.0,-304.06944444444446,-1509846,69.0625,72.02083333333333,73.97222222222223,33.27777777777778,33.138888888888886,24.381944444444443,33.708333333333336,22.395833333333332,17.381944444444443,-3.2,62.4,6.1930555555555555,2.5784722222222225,71.47222222222223,33.50694444444444,33.4375,35.083333333333336,32.24305555555556,188.2173611111111,0.7958333333333334,50.0,399.9451388888889,398.2736111111111,396.375,177.21944444444446,196.15208333333334,184.12013888888887,1875.4,-51.2,30.65972222222222,1.0173611111111112,4.467361111111111,73.05625,-62.96041666666666,1000.8,-784.3,37.03472222222222,197.86041666666668,1898.4,0.0,75.03055555555555,-441.2875,0.0,-1000.0,112.49513888888889,440.8645833333333,1000.0,0.0,113.82986111111111,36.72222222222222,243.45000000000002,T07,0.5,13.0,4.855555555555556,0.494375,0.5,12.8,4.877777777777777,0.5020833333333333,12.0,15.0,13.3125,1002.0,1006.0,1003.2430555555555,73.0,99.0,90.15972222222223,0.0,7.0,0.2986111111111111,0.0,93.79166666666667,94.43055555555556,403.2083333333333,,0
2016-04-11 00:00:00+00:00,1740.6,0.0,1324.6791666666666,91.92916666666666,40.354166666666664,62.104166666666664,61.986111111111114,61.236111111111114,29.305555555555557,50.43055555555556,53.75694444444444,24.381944444444443,15.4,0.0,11.73125,40.3,0.4,5.868055555555555,1.275,0.6465277777777777,218.6486111111111,14.79861111111111,-132.49305555555554,70303.09722222222,10104567.0,-102.70138888888889,-2574584,73.03472222222223,76.60416666666667,79.52777777777777,36.50694444444444,36.423611111111114,25.583333333333332,37.4375,25.25,18.395833333333332,-3.1,89.8,0.06527777777777778,1.4791666666666667,91.07638888888889,36.951388888888886,36.833333333333336,38.61805555555556,35.416666666666664,421.0138888888889,0.9006944444444444,50.00069444444445,399.8284722222222,397.95624999999995,396.7104166666667,356.3826388888889,385.9,368.4611111111111,2103.4,-51.0,35.34027777777778,0.8138888888888889,6.009722222222222,136.07708333333332,-107.28333333333333,976.8,-470.0,14.633333333333333,423.59375,2000.0,0.0,136.36319444444445,-823.3131944444444,0.0,-1000.0,94.0611111111111,820.1659722222222,1000.0,0.0,100.0923611111111,41.979166666666664,218.00208333333333,T07,2.3,14.1,6.749305555555555,0.8334722222222222,1.7000000000000002,14.1,6.769444444444444,0.8866666666666667,11.0,16.0,14.090277777777779,1002.0,1006.0,1003.9097222222222,62.0,96.0,80.02777777777777,0.0,4.0,0.1388888888888889,0.0,131.81944444444446,132.20138888888889,403.7916666666667,,0
2016-04-12 00:00:00+00:00,1783.7,0.0,1432.920138888889,71.20763888888888,44.041666666666664,70.64583333333333,70.40277777777777,69.22916666666667,31.1875,53.020833333333336,56.65972222222222,26.26388888888889,15.8,0.0,12.691666666666666,38.5,0.4,6.728472222222222,1.4506944444444445,-1.3722222222222225,208.83819444444444,15.215277777777779,-48.895833333333336,108940.21527777778,15680350.0,-35.888888888888886,-3064312,70.14583333333333,76.61805555555556,79.04166666666667,37.90972222222222,38.44444444444444,25.083333333333332,39.236111111111114,27.84722222222222,17.67361111111111,-3.1,89.8,-1.00625,0.9805555555555555,96.26388888888889,38.74305555555556,38.6875,40.43055555555556,36.86805555555556,653.4048611111111,0.9118055555555556,50.00069444444445,400.12291666666664,398.1458333333333,397.36249999999995,554.088888888889,583.9666666666667,564.9041666666667,2109.2,-50.6,37.9375,0.6277777777777778,6.884722222222222,181.85694444444445,-127.65694444444443,571.0,-989.9,27.450000000000003,654.3097222222223,2000.0,0.0,181.84305555555557,-869.8604166666667,0.0,-1000.0,88.11111111111111,850.23125,1000.0,0.0,105.31875,46.02777777777778,210.20833333333334,T07,2.3,16.3,7.532638888888889,1.2043055555555555,1.8,16.3,7.470833333333333,1.404097222222222,12.0,16.0,14.444444444444445,1004.0,1008.0,1006.0902777777778,74.0,97.0,88.30555555555556,0.0,20.0,0.5208333333333334,0.0,147.70138888888889,146.1875,406.03472222222223,,0
2016-04-13 00:00:00+00:00,1678.6,0.0,961.8854166666666,76.61041666666667,36.81944444444444,52.88194444444444,52.826388888888886,52.513888888888886,31.208333333333332,46.666666666666664,48.729166666666664,26.166666666666668,14.9,0.0,8.452777777777778,38.8,0.4,4.36875,0.9590277777777777,1.7944444444444443,230.86180555555555,16.54861111111111,-444.97222222222223,31255.583333333332,4436722.0,-321.24305555555554,-1552395,65.23611111111111,70.55555555555556,73.67361111111111,36.486111111111114,36.513888888888886,27.46527777777778,37.298611111111114,24.9375,20.770833333333332,-3.2,89.8,7.003472222222222,1.5673611111111112,79.41666666666667,36.458333333333336,36.38194444444444,38.25694444444444,35.951388888888886,184.87013888888887,0.8479166666666668,50.00138888888889,399.9270833333333,398.6298611111111,396.4527777777778,165.15138888888887,184.29375,172.91250000000002,1485.7,-50.5,33.84027777777778,0.7027777777777778,4.425694444444444,74.05902777777777,-64.69999999999999,946.7,-391.0,14.315972222222221,191.78194444444443,1510.3,0.0,75.43194444444445,-497.26944444444445,0.0,-1000.0,102.82499999999999,497.26458333333335,1000.0,0.0,102.87430555555555,36.90972222222222,241.56875000000002,T07,0.0,10.9,4.856944444444444,0.42520833333333335,0.0,10.8,4.893750000000001,0.43256944444444445,14.0,18.0,15.6875,1007.0,1010.0,1008.5555555555555,55.0,97.0,79.85416666666667,0.0,0.0,0.0,0.0,93.99305555555556,94.68055555555556,408.52777777777777,,0
2016-04-14 00:00:00+00:00,1476.0,0.0,429.9715277777778,46.456944444444446,29.118055555555557,37.979166666666664,37.94444444444444,37.548611111111114,33.69444444444444,38.166666666666664,37.798611111111114,25.9375,13.0,0.0,3.6979166666666665,17.3,0.4,2.6444444444444444,0.6451388888888889,-7.951388888888889,188.50069444444443,17.305555555555557,-580.3819444444445,6685.194444444444,879099.0,-236.02777777777777,-472529,68.85416666666667,71.44444444444444,71.95833333333333,32.40277777777778,33.72222222222222,28.854166666666668,33.729166666666664,22.430555555555557,22.77777777777778,-2.4,89.6,16.61875,1.3166666666666667,44.916666666666664,32.34722222222222,32.298611111111114,33.40277777777778,30.881944444444443,36.63055555555556,0.8791666666666668,49.99930555555555,399.49861111111113,398.7923611111111,395.8673611111111,43.916666666666664,51.581944444444446,47.857638888888886,425.7,-50.4,28.4375,0.4048611111111111,2.663888888888889,15.903472222222222,-19.665277777777778,1000.1,-826.1,22.39513888888889,42.83472222222222,428.6,0.0,14.589583333333334,-179.29305555555555,0.0,-1000.0,50.16458333333333,179.29305555555555,1000.0,0.0,50.16458333333333,33.666666666666664,201.47500000000002,T07,0.0,6.6,2.351388888888889,0.11645833333333333,0.0,6.6,2.3520833333333333,0.11756944444444445,13.0,20.0,16.53472222222222,1006.0,1010.0,1007.9375,42.0,92.0,66.40972222222223,0.0,0.0,0.0,0.0,43.69444444444444,43.63194444444444,407.875,,0
2016-04-15 00:00:00+00:00,1694.6,0.0,813.4833333333333,52.90555555555555,34.986111111111114,49.40277777777778,49.3125,48.638888888888886,31.29861111111111,45.55555555555556,46.138888888888886,25.40972222222222,15.0,0.0,7.054166666666666,39.9,0.4,4.53125,1.0284722222222222,-9.552083333333334,235.97569444444446,16.458333333333332,-345.30555555555554,54674.631944444445,7823423.0,-89.73611111111111,-1833263,71.52083333333333,74.45138888888889,75.15972222222223,34.326388888888886,35.361111111111114,27.40972222222222,36.00694444444444,24.381944444444443,21.03472222222222,-3.2,24.2,10.13888888888889,0.25555555555555554,62.5,34.666666666666664,34.604166666666664,35.798611111111114,32.74305555555556,326.00069444444443,0.9763888888888889,50.0,399.4909722222222,398.2923611111111,396.11041666666665,275.9263888888889,292.9888888888889,283.8979166666667,1817.4,-49.6,31.833333333333332,0.4354166666666667,4.5680555555555555,94.54374999999999,-76.38333333333334,566.9,-571.1,5.111111111111111,328.6333333333333,1832.4,0.0,94.19791666666667,-528.6187500000001,0.0,-1000.0,14.09513888888889,528.3451388888889,1000.0,0.0,15.59375,40.361111111111114,253.0361111111111,T07,0.0,12.8,4.810416666666667,0.5192361111111111,0.0,12.5,4.833333333333333,0.5273611111111111,14.0,18.0,15.666666666666666,1006.0,1008.0,1007.1388888888889,70.0,98.0,86.83333333333333,0.0,1.0,0.006944444444444444,0.0,93.01388888888889,93.45833333333333,407.0138888888889,,0
2016-04-16 00:00:00+00:00,1748.1,1197.4,1478.2145833333334,60.56041666666667,46.583333333333336,73.38888888888889,73.18055555555556,71.94444444444444,33.19444444444444,53.423611111111114,57.65277777777778,27.979166666666668,15.4,10.6,13.09375,40.5,0.4,7.147916666666666,1.4319444444444445,-1.0263888888888888,216.23611111111111,17.368055555555557,-5.076388888888889,120683.81944444444,17377739.0,-2.6666666666666665,-3430447,76.59722222222223,82.23611111111111,84.21527777777777,39.47222222222222,40.47222222222222,27.729166666666668,41.326388888888886,30.40972222222222,20.444444444444443,-3.2,10.5,-1.6069444444444445,0.5472222222222222,98.51388888888889,40.34722222222222,40.270833333333336,41.99305555555556,38.50694444444444,724.0895833333333,0.9597222222222221,49.99930555555555,399.9638888888889,397.9972222222222,397.0493055555555,602.4756944444445,636.8131944444444,618.1284722222222,2103.3,-51.1,39.88194444444444,0.5319444444444446,7.263888888888889,178.98472222222222,-142.92916666666667,19.0,-212.0,6.620833333333334,728.8340277777778,2000.0,0.0,182.70069444444445,-940.2090277777778,0.0,-1000.0,55.893055555555556,921.53125,1000.0,0.0,74.44791666666667,54.34027777777778,217.26319444444445,T07,2.9,15.2,7.908333333333333,1.1077777777777778,2.3,15.5,7.970138888888889,1.1472222222222221,15.0,19.0,16.645833333333332,1006.0,1009.0,1007.2777777777778,75.0,98.0,89.99305555555556,0.0,0.0,0.0,0.0,155.14583333333334,156.32638888888889,407.19444444444446,,0
2016-04-17 00:00:00+00:00,1656.0,0.0,1097.94375,101.19999999999999,38.93055555555556,55.263888888888886,55.22222222222222,55.0,32.65972222222222,45.9375,49.03472222222222,27.3125,14.6,0.0,9.71736111111111,38.7,0.4,4.415972222222222,0.9493055555555556,-0.7118055555555557,260.5548611111111,17.92361111111111,-379.84027777777777,23582.11111111111,3341128.0,-346.9791666666667,-1543284,62.611111111111114,69.0625,72.125,37.923611111111114,37.604166666666664,28.65972222222222,38.02777777777778,26.6875,21.743055555555557,-3.1,89.8,3.8041666666666663,2.6194444444444445,85.39583333333333,37.888888888888886,37.861111111111114,39.71527777777778,37.548611111111114,139.21041666666667,0.7659722222222223,49.99930555555555,399.8861111111111,398.2298611111111,396.2034722222222,138.9986111111111,160.57569444444445,144.93680555555557,1010.4,-52.4,35.18055555555556,0.9034722222222222,4.485416666666667,63.106249999999996,-64.38263888888889,1001.1,-702.9,39.38194444444444,147.09861111111113,1038.7,0.0,64.05833333333334,-521.2131944444444,0.0,-1000.0,158.80277777777778,521.2131944444444,1000.0,0.0,158.80277777777778,38.72222222222222,261.2701388888889,T07,0.7000000000000001,10.3,5.016666666666667,0.4754166666666666,0.3,10.5,5.030555555555555,0.48208333333333336,15.0,20.0,16.944444444444443,1007.0,1009.0,1008.4236111111111,55.0,98.0,78.78472222222223,0.0,0.0,0.0,0.0,97.13194444444444,97.44444444444444,408.36805555555554,,0
2016-04-18 00:00:00+00:00,1803.0,0.0,1176.0090277777776,58.24444444444445,50.15972222222222,80.65972222222223,79.79166666666667,77.71527777777777,39.708333333333336,47.65277777777778,52.770833333333336,30.1875,15.8,0.0,10.368749999999999,41.4,0.4,7.798611111111111,1.5743055555555556,0.23680555555555585,129.34375,18.180555555555557,-311.44444444444446,162800.81944444444,23398471.0,-222.5625,-2928194,78.57638888888889,84.76388888888889,85.82638888888889,40.0,39.583333333333336,28.666666666666668,40.076388888888886,31.70138888888889,21.583333333333332,-2.7,86.1,9.428472222222222,2.351388888888889,86.61805555555556,40.923611111111114,40.88194444444444,42.34722222222222,38.291666666666664,974.9604166666666,0.8999999999999999,50.0,400.58194444444445,398.98333333333335,398.34027777777777,825.6180555555555,838.2347222222222,824.2048611111111,2106.7,-49.9,38.40277777777778,0.5368055555555555,7.725694444444445,107.64236111111111,-122.02152777777776,936.8,-666.7,20.764583333333334,981.8055555555555,2000.0,0.0,109.13333333333334,-498.08680555555554,0.0,-1000.0,77.93819444444445,410.5138888888889,1000.0,0.0,88.05277777777778,52.1875,139.10833333333332,T07,1.0,20.0,7.407638888888889,1.7327777777777778,0.8,20.0,7.450694444444445,1.728402777777778,13.0,22.0,17.631944444444443,1003.0,1009.0,1005.2291666666666,52.0,81.0,65.04861111111111,0.0,0.0,0.0,0.0,145.05555555555554,145.83333333333334,405.22222222222223,,0
2016-04-19 00:00:00+00:00,1820.3,0.0,1369.0833333333333,72.51041666666667,53.5625,88.31944444444444,87.5625,85.625,47.888888888888886,50.229166666666664,55.40972222222222,30.97222222222222,16.0,0.0,12.11111111111111,44.2,0.4,7.878472222222222,1.7409722222222221,-3.3472222222222223,132.22569444444446,17.229166666666668,-369.1666666666667,164099.97222222222,23577235.0,-442.1666666666667,-3282557,75.8125,87.52777777777777,93.77083333333333,41.27777777777778,41.9375,27.03472222222222,41.09722222222222,32.40972222222222,19.944444444444443,-3.1,89.8,3.6923611111111114,2.76875,99.875,42.291666666666664,42.25,43.895833333333336,39.826388888888886,982.3881944444444,0.8611111111111112,50.00069444444445,400.7243055555556,398.9034722222222,398.4736111111111,837.6708333333333,856.2770833333333,837.4208333333333,2108.1,-52.4,40.86805555555556,0.6305555555555555,7.9208333333333325,154.34861111111113,-136.78125,932.3,-668.6,32.889583333333334,985.5423611111112,2000.0,0.0,152.72222222222223,-615.7076388888888,0.0,-1000.0,127.52499999999999,536.1138888888888,1000.0,0.0,143.2173611111111,52.28472222222222,135.56736111111113,T07,0.7000000000000001,19.9,6.829861111111111,2.7724305555555557,0.8,20.1,6.775,2.7891666666666666,15.0,19.0,16.444444444444443,1003.0,1007.0,1004.9097222222222,64.0,97.0,80.22222222222223,0.0,7.0,0.2152777777777778,0.0,133.57638888888889,132.34722222222223,404.80555555555554,,0
2016-04-20 00:00:00+00:00,1769.9,0.0,1098.1597222222222,122.38888888888889,39.826388888888886,58.763888888888886,58.59027777777778,57.90972222222222,40.90277777777778,48.701388888888886,51.229166666666664,25.98611111111111,15.6,0.0,9.664583333333333,40.5,0.4,5.229166666666667,1.1652777777777779,-2.2305555555555556,196.53611111111113,15.354166666666666,-521.5902777777778,62122.65277777778,8870547.0,-507.68055555555554,-2015802,65.24305555555556,71.21527777777777,76.65972222222223,36.61805555555556,36.729166666666664,26.48611111111111,37.173611111111114,25.131944444444443,19.45138888888889,-3.1,89.8,5.600694444444445,2.86875,81.69444444444444,37.0,36.916666666666664,38.6875,36.03472222222222,369.59583333333336,0.8270833333333334,50.0,400.33124999999995,398.66597222222225,397.1506944444444,324.3173611111111,343.6770833333333,329.4736111111111,2102.6,-51.4,34.888888888888886,1.104861111111111,5.309027777777778,116.67361111111111,-83.99652777777777,1000.4,-628.1,27.570138888888888,377.6958333333333,2000.0,0.0,117.71944444444443,-549.213888888889,0.0,-1000.0,97.99513888888889,540.2513888888889,1000.0,0.0,103.77430555555556,37.076388888888886,196.26736111111111,T07,1.1,17.1,5.538194444444445,0.6827777777777777,1.0,17.3,5.442361111111111,0.7675694444444444,11.0,17.0,14.5625,1005.0,1014.0,1008.7361111111111,56.0,96.0,78.47222222222223,0.0,18.0,0.2638888888888889,0.0,107.59722222222223,105.61111111111111,408.68055555555554,,0
2016-04-21 00:00:00+00:00,1570.2,0.0,435.4423611111111,44.78888888888889,29.854166666666668,39.173611111111114,39.0625,38.701388888888886,31.666666666666668,39.19444444444444,39.861111111111114,25.354166666666668,13.9,0.0,3.7055555555555557,19.8,0.4,2.9715277777777778,0.6798611111111111,1.1791666666666665,191.54583333333332,16.416666666666668,-639.3125,6658.680555555556,866791.0,-271.75,-359182,68.40277777777777,70.85416666666667,72.85416666666667,32.02777777777778,33.25694444444444,27.75,33.18055555555556,21.958333333333332,20.944444444444443,-2.9,89.8,18.09375,0.9805555555555555,42.88194444444444,31.90972222222222,31.833333333333332,33.02777777777778,30.71527777777778,36.104166666666664,0.875,49.99861111111111,399.36319444444445,398.8069444444444,395.69444444444446,48.3875,53.37291666666667,52.16597222222222,742.1,-50.0,27.59027777777778,0.44999999999999996,3.004166666666667,16.18263888888889,-14.902083333333334,1000.0,-741.8,26.700694444444444,44.49166666666667,743.1,0.0,18.31527777777778,-145.75972222222222,0.0,-1000.0,32.94444444444444,145.75972222222222,1000.0,0.0,32.94444444444444,29.618055555555557,177.86805555555554,T07,0.0,8.3,3.004166666666667,0.16409722222222223,0.0,8.2,2.9319444444444445,0.16597222222222222,12.0,20.0,15.618055555555555,1011.0,1015.0,1013.25,54.0,93.0,74.65972222222223,0.0,0.0,0.0,0.0,56.833333333333336,55.333333333333336,413.22222222222223,,0
2016-04-22 00:00:00+00:00,1569.3,0.0,478.6881944444445,74.53819444444444,31.104166666666668,39.8125,39.75,39.486111111111114,33.583333333333336,39.958333333333336,40.4375,26.805555555555557,13.9,0.0,3.9423611111111114,24.5,0.4,2.808333333333333,0.6305555555555556,12.45,190.91805555555555,18.069444444444443,-692.3263888888889,4409.013888888889,535206.0,-402.40277777777777,-397387,69.72916666666667,72.16666666666667,73.95833333333333,33.19444444444444,34.479166666666664,29.694444444444443,34.8125,23.59722222222222,23.194444444444443,-2.4,89.8,16.834027777777777,1.848611111111111,47.958333333333336,33.076388888888886,32.96527777777778,34.513888888888886,32.625,22.294444444444444,0.8256944444444445,49.99861111111111,399.81597222222223,398.9916666666667,396.2243055555556,40.73125,45.6875,43.05347222222222,702.3,-51.9,29.72222222222222,0.7368055555555556,2.839583333333333,16.209722222222222,-16.515277777777776,1000.4,-869.9,34.46458333333333,31.636805555555554,722.7,0.0,17.134027777777778,-117.51944444444445,0.0,-1000.0,55.61944444444444,117.51944444444445,1000.0,0.0,55.61944444444444,30.45138888888889,170.98125,T07,0.0,8.1,2.9680555555555554,0.19986111111111113,0.0,8.1,2.9409722222222223,0.19972222222222225,14.0,21.0,17.09722222222222,1010.0,1013.0,1011.75,42.0,85.0,65.13888888888889,0.0,0.0,0.0,0.0,56.111111111111114,55.5625,411.68055555555554,,0
2016-04-23 00:00:00+00:00,1667.5,0.0,593.0027777777777,62.175000000000004,33.0,42.361111111111114,42.34027777777778,41.979166666666664,33.673611111111114,41.625,42.333333333333336,26.92361111111111,14.8,0.0,5.053472222222222,36.4,0.4,3.3194444444444446,0.6625000000000001,6.1402777777777775,257.43888888888887,18.38888888888889,-612.5347222222222,16392.51388888889,2272316.0,-298.30555555555554,-809004,71.20138888888889,73.79861111111111,75.47916666666667,33.423611111111114,35.09722222222222,28.743055555555557,35.548611111111114,24.63888888888889,21.86111111111111,-3.3,89.8,14.418055555555554,1.2937500000000002,53.458333333333336,33.36805555555556,33.270833333333336,34.9375,32.81944444444444,94.69236111111111,0.8854166666666666,50.00069444444445,399.88680555555555,399.0138888888889,395.8548611111111,92.81180555555555,104.15625,100.01041666666667,1271.3,-50.3,30.729166666666668,0.5770833333333334,3.3284722222222225,34.954861111111114,-33.70763888888889,1000.1,-794.5,24.535416666666666,101.7826388888889,1289.0,0.0,34.92916666666667,-266.7340277777778,0.0,-1000.0,58.83680555555556,266.7340277777778,1000.0,0.0,58.83680555555556,32.55555555555556,301.30555555555554,T07,0.3,9.7,3.529166666666667,0.22583333333333336,0.2,9.5,3.488888888888889,0.22284722222222225,15.0,22.0,17.65277777777778,1008.0,1011.0,1009.2222222222222,38.0,89.0,61.11805555555556,0.0,0.0,0.0,0.0,67.39583333333333,66.46527777777777,409.2083333333333,,0
2016-04-24 00:00:00+00:00,1700.6,0.0,867.6388888888889,94.66666666666667,38.763888888888886,53.34027777777778,53.21527777777778,52.708333333333336,35.68055555555556,45.27777777777778,47.38194444444444,28.604166666666668,15.1,0.0,7.572222222222223,40.6,0.4,4.2125,0.8347222222222223,5.7027777777777775,274.7986111111111,19.319444444444443,-521.8472222222222,38959.15972222222,5534976.0,-374.375,-1350567,74.35416666666667,77.15277777777777,79.40972222222223,35.9375,37.145833333333336,29.666666666666668,37.96527777777778,27.09027777777778,22.743055555555557,-3.3,70.2,9.147916666666667,2.3631944444444444,70.15972222222223,36.138888888888886,35.99305555555556,37.770833333333336,35.541666666666664,230.64097222222225,0.8048611111111111,50.00069444444445,399.85555555555555,398.5138888888889,396.5493055555555,219.72916666666666,232.15555555555557,225.03611111111113,2087.3,-52.4,33.895833333333336,0.8541666666666666,4.206250000000001,63.31180555555555,-56.19513888888889,1000.6,-999.8,54.33125,238.97708333333333,2000.0,0.0,62.92222222222222,-374.94166666666666,0.0,-1000.0,91.86805555555556,371.3548611111111,1000.0,0.0,96.50416666666666,38.770833333333336,314.10833333333335,T07,0.3,12.8,4.473611111111111,0.4396527777777778,0.3,12.9,4.43125,0.43041666666666667,14.0,25.0,18.354166666666668,1006.0,1009.0,1007.125,35.0,100.0,74.875,0.0,0.0,0.0,0.0,86.21527777777777,85.32638888888889,407.06944444444446,,0
2016-04-25 00:00:00+00:00,1702.2,0.0,1132.5284722222223,69.31180555555555,42.96527777777778,61.645833333333336,61.513888888888886,60.888888888888886,34.44444444444444,48.326388888888886,51.56944444444444,29.38888888888889,15.1,0.0,10.004166666666666,41.4,0.4,5.486111111111111,0.9597222222222224,4.320138888888889,90.89722222222223,19.708333333333332,-332.6666666666667,64428.993055555555,9229872.0,-300.8541666666667,-1994777,75.59027777777777,79.72916666666667,82.05555555555556,37.548611111111114,39.13194444444444,30.055555555555557,39.61805555555556,29.583333333333332,23.36111111111111,-3.0,89.8,5.848611111111111,1.4388888888888889,83.32638888888889,37.93055555555556,37.86805555555556,39.69444444444444,37.13194444444444,384.6361111111111,0.8208333333333333,50.0,400.1652777777778,398.49930555555557,397.2243055555556,343.8201388888889,362.51944444444445,349.5229166666667,2094.8,-50.1,36.875,0.6215277777777778,5.486805555555556,89.70069444444444,-83.13402777777777,1000.1,-872.4,41.34652777777777,391.32500000000005,2000.0,0.0,91.13125,-616.1701388888889,0.0,-1000.0,50.796527777777776,610.1986111111112,1000.0,0.0,57.556250000000006,44.416666666666664,106.58333333333333,T07,1.5,12.0,5.782638888888889,0.35333333333333333,1.5,12.2,5.805555555555555,0.3630555555555556,16.0,23.0,19.069444444444443,1005.0,1007.0,1005.9444444444445,43.0,80.0,62.708333333333336,0.0,0.0,0.0,0.0,112.4375,113.01388888888889,405.88194444444446,,0
2016-04-26 00:00:00+00:00,1621.3,0.0,1100.990277777778,63.27916666666667,40.18055555555556,58.09722222222222,58.083333333333336,57.75694444444444,33.673611111111114,47.68055555555556,50.416666666666664,28.333333333333332,14.4,0.0,9.706944444444444,26.6,0.4,4.642361111111111,0.8791666666666668,-2.4069444444444446,164.98125,19.20138888888889,-326.97222222222223,30665.1875,4368702.0,-278.7291666666667,-1672245,61.486111111111114,68.47222222222223,72.38194444444444,38.125,38.63194444444444,30.506944444444443,39.111111111111114,27.63888888888889,23.805555555555557,-3.1,89.7,3.2798611111111113,1.4381944444444443,88.03472222222223,38.15277777777778,38.048611111111114,39.90277777777778,37.74305555555556,182.02430555555554,0.8166666666666668,50.00138888888889,399.92569444444445,398.4298611111111,397.18680555555557,170.4888888888889,188.64305555555555,173.3423611111111,837.8,-50.1,36.40972222222222,0.5645833333333333,4.715972222222223,49.05,-69.72083333333333,1000.7,-608.7,26.597916666666666,186.7159722222222,849.4,0.0,50.06111111111111,-636.4604166666667,0.0,-1000.0,99.35833333333333,636.4604166666667,1000.0,0.0,99.35833333333333,43.06944444444444,159.89305555555555,T07,0.3,8.6,5.226388888888889,0.2309027777777778,0.2,8.3,5.263888888888889,0.2357638888888889,15.0,24.0,18.208333333333332,1004.0,1007.0,1005.1041666666666,43.0,90.0,67.07638888888889,0.0,0.0,0.0,0.0,101.29166666666667,102.04861111111111,405.05555555555554,,0
2016-04-27 00:00:00+00:00,1559.7,0.0,624.3666666666667,33.09097222222223,33.61805555555556,44.513888888888886,44.52777777777778,44.208333333333336,33.625,42.44444444444444,43.076388888888886,26.631944444444443,13.8,0.0,5.334722222222222,22.0,0.4,3.2958333333333334,0.7388888888888889,2.027777777777778,214.38472222222222,18.145833333333332,-524.7569444444445,13410.680555555555,1855571.0,-266.7083333333333,-844359,70.03472222222223,73.17361111111111,75.29861111111111,33.75,35.104166666666664,29.5625,36.03472222222222,24.555555555555557,23.15972222222222,-3.1,89.8,13.315277777777778,0.7472222222222222,58.986111111111114,33.666666666666664,33.61805555555556,35.15972222222222,32.99305555555556,77.30486111111111,0.8736111111111111,50.0,398.91319444444446,398.1076388888889,395.58402777777775,79.32569444444444,89.24097222222223,82.69652777777777,684.3,-52.0,31.319444444444443,0.3430555555555556,3.3229166666666665,35.40486111111111,-35.1875,829.5,-940.4,20.593055555555555,82.775,695.1,0.0,34.86944444444444,-297.1,0.0,-1000.0,87.40069444444445,297.1,1000.0,0.0,87.40069444444445,33.59027777777778,254.85833333333332,T07,0.3,8.6,3.4881944444444444,0.21090277777777777,0.3,8.7,3.4854166666666666,0.2210416666666667,15.0,19.0,17.319444444444443,1004.0,1006.0,1004.6041666666666,47.0,100.0,77.49305555555556,0.0,0.0,0.0,0.0,66.42361111111111,66.54166666666667,404.52777777777777,,0
2016-04-28 00:00:00+00:00,1654.9,0.0,802.3680555555555,99.11666666666666,35.24305555555556,47.72222222222222,47.638888888888886,47.40277777777778,33.71527777777778,43.88194444444444,45.583333333333336,26.26388888888889,14.7,0.0,6.981944444444444,38.9,0.4,3.7548611111111114,0.8451388888888889,1.2506944444444446,253.30416666666667,17.055555555555557,-582.2361111111111,15605.319444444445,2163324.0,-413.59027777777777,-793162,70.5625,73.47222222222223,75.36111111111111,35.22222222222222,35.18055555555556,28.52777777777778,36.201388888888886,24.22222222222222,21.694444444444443,-2.8,89.8,10.468055555555557,2.4270833333333335,67.03472222222223,35.208333333333336,35.145833333333336,36.90277777777778,34.8125,90.11527777777778,0.7736111111111111,49.99930555555555,399.7263888888889,398.7215277777778,396.7548611111111,103.71597222222222,110.74305555555556,105.48819444444445,1131.6,-52.3,31.65277777777778,0.9131944444444444,3.767361111111111,40.3,-33.03055555555555,998.7,-902.0,48.00069444444445,101.32847222222222,1165.7,0.0,41.99305555555556,-299.8548611111111,0.0,-1000.0,85.61597222222223,299.8548611111111,1000.0,0.0,85.61597222222223,34.99305555555556,257.0569444444444,T07,0.5,9.5,3.964583333333333,0.271875,0.4,9.5,3.9638888888888886,0.2733333333333333,15.0,18.0,16.09722222222222,1004.0,1006.0,1005.2708333333334,62.0,98.0,84.25,0.0,0.0,0.0,0.0,75.94444444444444,76.07638888888889,405.2361111111111,,0
2016-04-29 00:00:00+00:00,1810.9,0.0,861.3180555555556,40.75902777777778,51.86805555555556,70.16666666666667,69.5625,68.01388888888889,39.763888888888886,48.604166666666664,50.81944444444444,29.71527777777778,15.9,0.0,7.530555555555556,41.7,0.4,7.719444444444444,1.484027777777778,15.779166666666665,125.26666666666668,18.375,-630.4861111111111,122140.15277777778,17497391.0,-366.0763888888889,-2372210,76.73611111111111,82.89583333333333,85.00694444444444,37.833333333333336,39.02777777777778,27.96527777777778,39.3125,31.305555555555557,20.8125,-3.2,89.6,25.920833333333334,1.7180555555555557,74.92361111111111,38.30555555555556,38.22222222222222,39.90972222222222,36.59027777777778,729.0965277777777,0.9590277777777777,50.00138888888889,400.68055555555554,399.19097222222223,398.7048611111111,617.5041666666667,627.6479166666667,615.5652777777777,2107.3,-48.6,37.28472222222222,0.3298611111111111,7.660416666666666,122.94791666666667,-98.8423611111111,712.3,-422.7,7.5,1061.134722222222,2000.0,0.0,186.5736111111111,-449.12569444444443,0.0,-1000.0,63.16458333333334,391.31041666666664,1000.0,0.0,77.89097222222222,47.84027777777778,149.48055555555555,T07,0.6000000000000001,16.1,7.738194444444444,1.1947916666666667,0.5,16.0,7.79236111111111,1.2078472222222223,14.0,21.0,17.54861111111111,1004.0,1008.0,1005.9652777777778,60.0,90.0,76.46527777777777,0.0,0.0,0.0,0.0,151.63888888888889,152.65972222222223,405.93055555555554,,0
2016-04-30 00:00:00+00:00,1678.1,0.0,429.5236111111111,44.88055555555556,38.46527777777778,45.0,44.854166666666664,44.423611111111114,45.28472222222222,43.625,41.666666666666664,31.020833333333332,14.9,0.0,3.7680555555555557,37.4,0.4,4.824999999999999,0.9500000000000001,-2.568055555555556,170.67708333333334,19.791666666666668,-734.5416666666666,6880.201388888889,884973.0,-401.7361111111111,-540339,57.77777777777778,64.67361111111111,68.44444444444444,35.65277777777778,37.763888888888886,30.79861111111111,37.96527777777778,30.20138888888889,24.34722222222222,-3.0,89.5,50.84930555555556,1.2868055555555555,52.94444444444444,35.49305555555556,35.361111111111114,37.15277777777778,35.75,36.87361111111111,0.8673611111111111,50.0,400.0854166666667,398.88750000000005,396.93680555555557,47.767361111111114,53.83611111111111,49.27708333333333,870.6,-51.4,34.888888888888886,0.36875,4.831250000000001,26.063194444444445,-22.518055555555556,999.5,-1000.6,20.750694444444445,272.8951388888889,2000.0,0.0,85.4076388888889,-171.1263888888889,0.0,-1000.0,74.95069444444444,171.1263888888889,1000.0,0.0,74.95069444444444,35.72222222222222,170.70486111111111,T07,0.0,13.4,5.297916666666667,0.3984722222222222,0.0,13.4,5.321527777777778,0.403125,16.0,22.0,18.666666666666668,1008.0,1012.0,1010.1319444444445,53.0,85.0,70.28472222222223,0.0,0.0,0.0,0.0,102.73611111111111,103.1875,410.09722222222223,,0
2016-05-01 00:00:00+00:00,1776.8,20.3,1429.9194444444445,52.6375,50.583333333333336,81.01388888888889,80.45833333333333,78.76388888888889,48.90972222222222,51.24305555555556,56.423611111111114,30.27777777777778,15.7,0.0,12.643055555555556,41.2,0.5,7.6000000000000005,1.4430555555555555,2.3763888888888887,96.27222222222223,19.28472222222222,-126.23611111111111,152393.02777777778,21926418.0,-188.69444444444446,-3407963,72.07638888888889,79.76388888888889,83.92361111111111,40.84027777777778,41.013888888888886,29.79861111111111,41.020833333333336,32.90972222222222,22.57638888888889,-3.0,47.8,0.6534722222222222,1.0854166666666667,96.11805555555556,41.84722222222222,41.770833333333336,43.46527777777778,39.604166666666664,913.6298611111112,0.8951388888888889,50.00208333333333,400.5652777777778,398.43541666666664,398.44444444444446,770.1965277777778,794.3298611111111,769.2180555555556,2106.6,-49.8,40.31944444444444,0.4666666666666667,7.61388888888889,168.5548611111111,-142.0111111111111,995.6,-320.7,12.315972222222221,914.4458333333334,2000.0,0.0,168.18541666666667,-784.5868055555555,0.0,-1000.0,73.53055555555555,725.6006944444445,1000.0,0.0,98.65347222222222,53.888888888888886,103.89444444444445,T07,1.0,14.8,7.947916666666667,0.7170138888888888,1.2,14.9,8.009027777777778,0.7348611111111112,15.0,22.0,18.52777777777778,1011.0,1013.0,1011.7222222222222,56.0,87.0,71.47916666666667,0.0,0.0,0.0,0.0,155.9375,157.08333333333334,411.6875,,0
2016-05-02 00:00:00+00:00,1807.4,1296.1,1671.554861111111,25.56875,68.03472222222223,123.06944444444444,121.29166666666667,117.54166666666667,47.875,53.826388888888886,61.68055555555556,33.173611111111114,15.9,11.5,14.815972222222221,43.7,0.4,12.549305555555556,2.526388888888889,-0.22013888888888894,88.17777777777778,18.53472222222222,0.0,313333.0625,45119961.0,0.0,-4960975,88.40972222222223,101.80555555555556,107.48611111111111,46.1875,46.020833333333336,28.63888888888889,45.59027777777778,40.833333333333336,21.083333333333332,-3.1,19.6,5.275,2.7444444444444445,120.02083333333333,47.979166666666664,47.895833333333336,49.291666666666664,43.041666666666664,1879.9819444444447,1.0,50.0,401.4923611111111,399.4166666666667,401.22291666666666,1570.6194444444445,1584.5041666666666,1556.1277777777777,2114.9,393.5,48.583333333333336,0.2138888888888889,12.479166666666666,93.91527777777777,-206.70555555555555,-119.4,-226.4,2.9375,1877.857638888889,2000.0,377.5,92.58472222222223,-667.8361111111111,-583.3,-1000.0,76.70902777777778,496.9548611111111,1000.0,406.1,74.00486111111111,71.75,88.40347222222222,T07,4.5,20.2,12.573611111111111,1.9697916666666666,4.5,20.6,12.629861111111111,2.0175694444444447,15.0,21.0,17.90277777777778,1008.0,1013.0,1009.4583333333334,33.0,82.0,56.56944444444444,0.0,0.0,0.0,0.0,248.54166666666666,249.75,409.4513888888889,,0
2016-05-03 00:00:00+00:00,1873.9,1532.2,1677.9465277777776,24.005555555555556,71.38888888888889,129.71527777777777,127.79166666666667,123.85416666666667,47.861111111111114,52.916666666666664,61.59027777777778,35.229166666666664,16.3,13.6,14.872222222222222,44.0,0.5,13.790277777777778,2.679861111111111,1.9048611111111111,97.16597222222222,19.895833333333332,0.0,325338.22222222225,46848704.0,0.0,-5055794,94.96527777777777,110.19444444444444,117.15277777777777,46.354166666666664,47.625,29.45138888888889,47.27777777777778,43.395833333333336,22.09722222222222,-2.6,22.1,7.770833333333333,2.3604166666666666,124.31944444444444,48.25694444444444,48.1875,49.44444444444444,43.15972222222222,1952.0055555555555,1.0,49.99930555555555,401.47569444444446,399.40833333333336,401.28263888888887,1630.8152777777777,1644.0319444444444,1615.7868055555555,2109.8,774.0,50.583333333333336,0.20208333333333334,13.659027777777778,38.13333333333333,-210.6576388888889,-175.5,-232.6,2.908333333333333,1950.9270833333333,2000.0,749.1,36.52847222222223,-628.7784722222223,-583.3,-1000.0,36.666666666666664,450.5472222222222,1000.0,406.1,32.28611111111111,67.19444444444444,95.27013888888888,T07,6.1,23.0,13.70625,1.952361111111111,5.8,23.3,13.777083333333334,1.992361111111111,16.0,24.0,19.333333333333332,1006.0,1010.0,1007.6388888888889,19.0,62.0,34.93055555555556,0.0,0.0,0.0,0.0,271.375,272.77777777777777,407.5763888888889,,0
2016-05-04 00:00:00+00:00,1822.2,1206.9,1653.8819444444443,32.74722222222223,65.80555555555556,116.99305555555556,115.43055555555556,112.10416666666667,47.895833333333336,52.72222222222222,60.979166666666664,34.74305555555556,16.0,10.7,14.652777777777779,45.0,0.6000000000000001,11.523611111111112,2.338888888888889,0.10902777777777775,106.94305555555555,20.125,0.0,285833.6388888889,41160044.0,0.0,-4898522,89.34027777777777,103.45138888888889,109.65972222222223,45.06944444444444,46.361111111111114,29.86111111111111,45.40972222222222,41.229166666666664,22.430555555555557,-3.1,18.9,3.020138888888889,1.9979166666666666,117.18055555555556,46.826388888888886,46.78472222222222,48.06944444444444,42.4375,1714.9791666666667,0.9979166666666666,49.99791666666667,401.1819444444444,399.2527777777778,400.92569444444445,1435.8680555555557,1448.663888888889,1420.6291666666666,2109.1,-10.8,47.4375,0.27847222222222223,11.432638888888889,154.37013888888887,-204.1048611111111,0.8,-229.4,4.459027777777778,1712.3270833333333,2000.0,0.0,152.20277777777778,-748.6819444444444,0.0,-1000.0,87.69375,595.4888888888888,1000.0,0.0,97.12152777777777,58.083333333333336,106.84652777777778,T07,1.0,21.7,11.17361111111111,2.482361111111111,1.0,21.4,11.249305555555557,2.50125,17.0,22.0,19.59027777777778,1005.0,1008.0,1007.1041666666666,31.0,63.0,44.28472222222222,0.0,0.0,0.0,0.0,220.54166666666666,221.91666666666666,407.05555555555554,,0
2016-05-05 00:00:00+00:00,1784.6,0.0,1544.5868055555557,45.53958333333333,55.34027777777778,93.63194444444444,92.81944444444444,90.81944444444444,47.979166666666664,53.048611111111114,58.979166666666664,31.645833333333332,15.7,0.0,13.681944444444445,42.2,0.5,8.585416666666667,1.7770833333333333,-1.1604166666666667,125.5951388888889,18.86111111111111,-34.263888888888886,188513.3125,27140982.0,-22.541666666666668,-3435809,75.53472222222223,87.56944444444444,94.49305555555556,41.93055555555556,43.30555555555556,29.23611111111111,42.59027777777778,35.56944444444444,21.96527777777778,-3.3,89.8,-0.3979166666666667,1.270138888888889,105.96527777777777,43.208333333333336,43.18055555555556,44.78472222222222,40.40277777777778,1130.9430555555555,0.9506944444444445,50.0,401.0340277777778,399.12291666666664,399.8958333333333,957.2791666666667,975.7895833333334,948.2125000000001,2111.3,-50.3,42.65277777777778,0.3958333333333333,8.559722222222222,201.44097222222223,-143.22430555555556,1001.6,-763.9,21.706944444444446,1129.9111111111113,2000.0,0.0,200.1222222222222,-851.4222222222222,0.0,-1000.0,108.89791666666666,770.8729166666667,1000.0,0.0,137.32986111111111,53.68055555555556,126.76458333333332,T07,1.2,18.5,8.255555555555555,1.7399305555555555,1.3,18.6,8.134027777777778,1.8649305555555555,17.0,20.0,18.083333333333332,1003.0,1007.0,1004.1041666666666,44.0,91.0,69.34027777777777,0.0,1.0,0.006944444444444444,0.0,162.03472222222223,159.61805555555554,404.0486111111111,,0
2016-05-06 00:00:00+00:00,1687.8,0.0,1308.8229166666667,86.3375,40.53472222222222,61.72222222222222,61.576388888888886,61.09027777777778,34.638888888888886,50.458333333333336,53.65277777777778,27.88888888888889,14.9,0.0,11.587499999999999,39.9,0.4,5.827777777777778,1.2006944444444445,-0.3576388888888889,224.3625,17.666666666666668,-195.63194444444446,66579.13194444444,9559223.0,-153.375,-2560364,56.13194444444444,64.92361111111111,75.09722222222223,38.44444444444444,38.916666666666664,27.625,39.361111111111114,28.583333333333332,20.45138888888889,-3.0,89.8,0.5375000000000001,1.1902777777777778,93.17361111111111,38.78472222222222,38.75,40.625,37.854166666666664,398.2986111111111,0.8840277777777777,50.0,400.1,398.2048611111111,397.09444444444443,343.98055555555555,371.91805555555555,351.15555555555557,1707.3,-50.0,37.15972222222222,0.7701388888888889,5.884027777777778,130.87430555555557,-106.69513888888889,847.1,-769.8,21.93472222222222,401.16875000000005,1745.0,0.0,131.46180555555554,-796.5243055555555,0.0,-1000.0,83.48055555555555,796.3777777777777,1000.0,0.0,84.17013888888889,40.84027777777778,224.72500000000002,T07,1.2,13.1,6.343055555555555,0.7295138888888889,1.2,13.5,6.317361111111111,0.8003472222222222,15.0,19.0,16.875,1003.0,1005.0,1003.8472222222222,63.0,97.0,85.61805555555556,0.0,38.0,0.7083333333333334,0.0,123.625,123.18055555555556,403.80555555555554,,0
2016-05-07 00:00:00+00:00,1664.1,0.0,1089.642361111111,120.5513888888889,38.736111111111114,54.951388888888886,54.96527777777778,54.47222222222222,32.22222222222222,46.40277777777778,49.40972222222222,26.104166666666668,14.7,0.0,9.627083333333333,30.7,0.4,4.698611111111111,1.0409722222222222,-0.3472222222222222,218.05277777777778,16.77777777777778,-405.15277777777777,35154.92361111111,5003965.0,-357.7916666666667,-1580355,58.72222222222222,65.09027777777777,73.5,37.40277777777778,36.263888888888886,27.118055555555557,37.00694444444444,25.59722222222222,20.09027777777778,-3.2,64.6,4.389583333333333,2.4965277777777777,80.375,37.548611111111114,37.4375,39.34027777777778,37.0,208.46388888888887,0.8145833333333334,50.0,400.10833333333335,398.3333333333333,396.52430555555554,187.7923611111111,209.86319444444445,195.90069444444444,1165.8,-50.1,34.138888888888886,1.0743055555555556,4.767361111111111,80.89027777777778,-65.80972222222222,1000.3,-830.6,32.044444444444444,216.31319444444443,1183.1,0.0,82.54444444444444,-552.7513888888889,0.0,-1000.0,128.14583333333334,552.7513888888889,1000.0,0.0,128.14583333333334,37.03472222222222,218.39583333333334,T07,0.9,11.3,5.360416666666667,0.51625,0.7000000000000001,11.6,5.297916666666667,0.6915277777777777,13.0,18.0,15.868055555555555,998.0,1005.0,1001.2638888888889,66.0,99.0,84.91666666666667,0.0,4.0,0.18055555555555555,0.0,104.05555555555556,102.77777777777777,401.21527777777777,,0
2016-05-08 00:00:00+00:00,1809.3,1210.0,1611.8000000000002,52.12916666666667,54.40972222222222,95.25694444444444,94.59722222222223,91.77777777777777,43.916666666666664,53.833333333333336,60.06944444444444,28.77777777777778,16.0,10.7,14.27222222222222,42.5,0.4,9.490277777777777,2.2777777777777777,-1.2479166666666666,181.78680555555556,16.479166666666668,0.0,226444.90972222222,32608067.0,0.0,-4436344,77.34722222222223,87.10416666666667,93.63888888888889,41.986111111111114,41.80555555555556,26.27777777777778,42.0625,33.78472222222222,18.8125,-3.0,15.2,-0.6097222222222222,1.5097222222222222,106.58333333333333,43.50694444444444,43.43055555555556,45.083333333333336,40.09722222222222,1358.6743055555555,0.9958333333333333,49.99930555555555,400.8493055555556,398.3486111111111,398.7756944444444,1130.3104166666667,1163.8666666666666,1137.13125,2112.8,-47.9,42.861111111111114,0.4555555555555556,9.464583333333334,297.2006944444445,-184.85000000000002,0.8,-226.5,6.271527777777778,1354.951388888889,2000.0,0.0,294.24791666666664,-900.2027777777778,0.0,-1000.0,115.07291666666667,803.5798611111111,1000.0,0.0,161.05277777777778,53.895833333333336,183.03680555555556,T07,3.5,22.2,10.708333333333334,2.8052777777777775,2.7,22.1,9.919444444444444,3.730208333333333,14.0,17.0,15.76388888888889,991.0,998.0,994.2569444444445,73.0,98.0,86.26388888888889,0.0,27.0,0.9027777777777778,0.0,211.24305555555554,195.38194444444446,394.2013888888889,,0
2016-05-09 00:00:00+00:00,1780.0,0.0,1497.9097222222222,78.94305555555555,48.84027777777778,83.34722222222223,82.77777777777777,80.86805555555556,43.50694444444444,53.166666666666664,58.3125,28.34027777777778,15.7,0.0,13.269444444444444,45.2,0.4,8.098611111111111,1.8930555555555557,-0.9958333333333331,193.13333333333333,15.930555555555555,-133.32638888888889,166623.48611111112,23974583.0,-132.58333333333334,-3758277,66.86111111111111,77.77083333333333,85.20138888888889,40.65277777777778,41.13194444444444,26.21527777777778,41.22222222222222,31.1875,18.805555555555557,-3.2,89.7,0.2625,1.8243055555555554,102.375,41.8125,41.74305555555556,43.40277777777778,39.375,998.779861111111,0.9458333333333333,49.99861111111111,400.00069444444443,398.09166666666664,397.8333333333333,839.1951388888889,865.3208333333333,844.2576388888889,2110.6,-50.2,41.013888888888886,0.6923611111111111,8.138194444444444,256.56666666666666,-156.59305555555557,632.1,-435.9,10.425,1014.4916666666666,2000.0,0.0,262.55902777777777,-841.2965277777778,0.0,-1000.0,90.28402777777778,782.1041666666666,1000.0,0.0,121.94652777777777,45.798611111111114,194.12708333333333,T07,2.3,18.2,9.193750000000001,1.7699305555555556,1.8,17.8,8.824305555555556,2.439166666666667,13.0,18.0,15.194444444444445,995.0,1002.0,998.0,63.0,98.0,84.30555555555556,0.0,8.0,0.8402777777777778,0.0,180.77083333333334,173.52777777777777,397.9236111111111,,0
2016-05-10 00:00:00+00:00,1749.6,0.0,1460.4562500000002,76.55625,43.56944444444444,70.49305555555556,70.23611111111111,68.90972222222223,34.020833333333336,51.791666666666664,56.083333333333336,27.395833333333332,15.5,0.0,12.931944444444445,41.1,0.4,7.1506944444444445,1.4090277777777778,2.2173611111111113,178.6222222222222,16.256944444444443,-55.111111111111114,120840.47916666667,17393092.0,-41.09722222222222,-3290844,58.645833333333336,68.34722222222223,75.20833333333333,39.375,39.25694444444444,25.791666666666668,39.77777777777778,28.98611111111111,18.27777777777778,-3.1,89.7,-0.9875000000000002,1.2951388888888888,96.33333333333333,40.22222222222222,40.13194444444444,41.916666666666664,38.458333333333336,724.7437500000001,0.9597222222222221,50.0,399.8256944444445,397.95000000000005,397.37430555555557,608.3201388888889,636.5520833333334,616.7555555555556,2103.0,-50.0,38.666666666666664,0.6743055555555556,7.265972222222222,183.69444444444446,-137.1173611111111,742.4,-552.2,13.216666666666667,730.4944444444444,2000.0,0.0,182.7263888888889,-927.1826388888888,0.0,-1000.0,70.27361111111111,906.1270833333333,1000.0,0.0,89.1875,40.0625,176.40208333333334,T07,2.0,16.9,7.6000000000000005,0.9740972222222223,1.4,17.0,7.5625,1.0504166666666666,13.0,18.0,15.541666666666666,997.0,1002.0,999.5277777777778,61.0,94.0,77.31944444444444,0.0,16.0,0.5902777777777778,0.0,148.90972222222223,148.22222222222223,399.4583333333333,,0
2016-05-11 00:00:00+00:00,1818.4,0.0,1443.367361111111,81.31944444444444,43.888888888888886,73.06944444444444,72.63888888888889,71.28472222222223,33.979166666666664,52.083333333333336,56.21527777777778,26.20138888888889,16.1,0.0,12.784027777777778,39.6,0.4,7.175694444444444,1.6868055555555557,-0.9319444444444444,187.56597222222223,14.8125,-86.33333333333333,125895.26388888889,18116486.0,-57.333333333333336,-3312247,58.30555555555556,67.90277777777777,74.86111111111111,37.19444444444444,38.166666666666664,24.444444444444443,38.763888888888886,28.125,16.944444444444443,-3.1,89.7,-0.5395833333333333,1.604861111111111,96.97916666666667,38.125,38.0,39.72222222222222,35.798611111111114,754.8187499999999,0.9444444444444444,49.99930555555555,399.8298611111111,397.9638888888889,397.4583333333333,635.3201388888889,661.4722222222222,641.4263888888888,2108.5,-51.8,37.78472222222222,0.7159722222222222,7.29236111111111,219.55763888888887,-138.00972222222222,696.7,-221.0,11.149999999999999,755.8625,2000.0,0.0,218.78125,-870.9749999999999,0.0,-1000.0,100.19930555555555,836.9875,1000.0,0.0,122.14305555555555,40.833333333333336,188.49305555555554,T07,0.7000000000000001,23.9,7.9319444444444445,2.0223611111111115,0.9,24.9,7.523611111111112,2.483402777777778,11.0,16.0,14.159722222222221,998.0,1004.0,1000.5486111111111,73.0,93.0,84.51388888888889,0.0,16.0,0.6597222222222222,0.0,155.59027777777777,147.375,400.4861111111111,,0
2016-05-12 00:00:00+00:00,1796.0,0.0,1491.7222222222222,74.84027777777777,45.77777777777778,76.125,75.63888888888889,74.20833333333333,35.90972222222222,52.916666666666664,57.263888888888886,28.083333333333332,15.8,0.0,13.211111111111112,45.4,0.4,7.606944444444445,1.6645833333333333,0.2798611111111111,248.90694444444443,16.430555555555557,-21.84722222222222,142804.64583333334,20560723.0,-12.54861111111111,-3885009,61.6875,71.50694444444444,77.22222222222223,40.291666666666664,40.104166666666664,26.229166666666668,40.395833333333336,30.208333333333332,18.805555555555557,-3.1,89.7,-1.0368055555555555,1.3097222222222222,100.54861111111111,41.19444444444444,41.15972222222222,42.875,39.041666666666664,856.7409722222222,0.9569444444444445,50.00069444444445,400.13472222222225,398.1333333333333,397.8486111111111,719.8743055555556,748.0625,725.1034722222222,2109.2,-46.1,39.69444444444444,0.65625,7.726388888888888,218.9763888888889,-161.8736111111111,7.0,-220.3,7.530555555555556,856.067361111111,2000.0,0.0,218.02569444444444,-927.2277777777776,0.0,-1000.0,79.4986111111111,887.2458333333333,1000.0,0.0,99.93055555555556,43.19444444444444,248.6277777777778,T07,2.4,19.7,8.431944444444445,1.2882638888888889,2.6,19.4,8.472916666666666,1.2927083333333333,14.0,18.0,15.743055555555555,1003.0,1007.0,1004.5833333333334,63.0,94.0,77.34722222222223,0.0,9.0,0.13194444444444445,0.0,165.59027777777777,166.36805555555554,404.5416666666667,TRANSFORMER,1
2016-05-13 00:00:00+00:00,1748.2,0.0,1387.9215277777778,67.74513888888889,42.52777777777778,68.31944444444444,68.06944444444444,66.97222222222223,30.95138888888889,52.03472222222222,55.93055555555556,28.069444444444443,15.4,0.0,12.285416666666666,40.0,0.4,6.882638888888889,1.301388888888889,-1.9756944444444444,279.3958333333333,16.28472222222222,-81.34722222222223,109330.88194444444,15731933.0,-54.173611111111114,-3205774,57.916666666666664,67.10416666666667,72.24305555555556,38.90972222222222,39.18055555555556,26.34027777777778,39.84027777777778,28.73611111111111,19.0625,-3.2,89.8,2.397222222222222,0.8416666666666667,94.57638888888889,39.65277777777778,39.56944444444444,41.40972222222222,38.09027777777778,655.4506944444444,0.9506944444444445,50.0,399.8840277777778,398.00694444444446,397.19375,551.4055555555556,580.2256944444445,561.1187500000001,2100.5,-37.2,38.34027777777778,0.6069444444444445,6.956250000000001,169.2076388888889,-133.58055555555555,978.4,-708.3,12.566666666666666,660.2819444444444,2000.0,0.0,170.95972222222224,-894.8916666666667,0.0,-1000.0,31.29097222222222,884.1729166666667,1000.0,0.0,47.83263888888889,40.36805555555556,281.3770833333333,T07,1.2,13.4,7.307638888888889,0.6227083333333333,1.2,13.3,7.305555555555555,0.6241666666666666,12.0,18.0,15.57638888888889,1007.0,1012.0,1009.1111111111111,52.0,87.0,73.44444444444444,0.0,2.0,0.020833333333333332,0.0,142.99305555555554,143.0,409.0833333333333,TRANSFORMER,1
2016-05-14 00:00:00+00:00,1665.5,0.0,1137.804861111111,112.78472222222223,40.076388888888886,56.763888888888886,56.763888888888886,56.27777777777778,32.076388888888886,46.611111111111114,49.69444444444444,26.21527777777778,14.8,0.0,10.06388888888889,22.1,0.4,4.697916666666667,0.9604166666666667,-0.10763888888888878,286.9868055555555,16.86111111111111,-385.0138888888889,31002.465277777777,4408918.0,-338.8888888888889,-1687222,62.25694444444444,68.33333333333333,74.06944444444444,37.791666666666664,36.895833333333336,28.118055555555557,37.361111111111114,25.631944444444443,21.118055555555557,-3.0,89.5,3.2465277777777777,2.654166666666667,85.9375,37.84027777777778,37.77777777777778,39.673611111111114,37.36805555555556,183.75416666666666,0.757638888888889,50.00069444444445,400.00069444444443,398.4298611111111,396.7652777777778,183.52291666666667,202.35625,190.00694444444446,1092.2,-50.1,34.75,1.0069444444444444,4.715972222222223,66.61597222222223,-70.39583333333333,1000.4,-920.6,56.40694444444445,191.24791666666667,1117.6,0.0,67.39027777777778,-538.5708333333333,0.0,-1000.0,109.77916666666667,538.5708333333333,1000.0,0.0,109.77916666666667,33.84722222222222,294.59722222222223,T07,0.5,10.8,4.945138888888889,0.37104166666666666,0.5,10.9,4.927777777777778,0.3697916666666667,13.0,19.0,15.993055555555555,1011.0,1014.0,1012.5555555555555,44.0,91.0,74.63194444444444,0.0,0.0,0.0,0.0,95.80555555555556,95.20138888888889,412.5,TRANSFORMER,1
2016-05-15 00:00:00+00:00,1684.5,0.0,592.9465277777778,65.37569444444445,34.19444444444444,44.68055555555556,44.520833333333336,44.041666666666664,33.47222222222222,42.138888888888886,41.958333333333336,27.743055555555557,14.9,0.0,5.186805555555555,40.4,0.4,3.29375,0.8423611111111112,-16.761805555555558,231.94375000000002,18.993055555555557,-496.9861111111111,24050.055555555555,3391640.0,-186.35416666666666,-1053630,70.79166666666667,73.82638888888889,76.45833333333333,33.541666666666664,35.736111111111114,27.84027777777778,36.11805555555556,24.875,22.51388888888889,-2.9,89.6,13.509722222222223,1.3833333333333333,56.611111111111114,33.576388888888886,33.5,34.88194444444444,32.583333333333336,141.33541666666667,0.9097222222222222,50.0,399.8673611111111,398.6763888888889,396.2034722222222,128.37708333333333,140.43541666666667,132.55624999999998,1664.6,-49.9,31.5,0.5791666666666667,3.3118055555555554,49.77013888888889,-43.919444444444444,1001.2,-926.4,15.970138888888888,146.64444444444445,1676.8,0.0,49.49097222222222,-332.1590277777778,0.0,-1000.0,44.412499999999994,332.1076388888889,1000.0,0.0,44.662499999999994,33.25694444444444,288.69305555555553,T07,0.0,11.0,3.1819444444444445,0.31527777777777777,0.0,11.2,3.176388888888889,0.3113194444444444,14.0,23.0,18.131944444444443,1011.0,1014.0,1012.0972222222222,51.0,93.0,73.19444444444444,0.0,0.0,0.0,0.0,60.31944444444444,60.145833333333336,412.03472222222223,TRANSFORMER,1
2016-05-16 00:00:00+00:00,1640.4,0.0,454.8548611111111,117.02499999999999,34.69444444444444,41.1875,41.1875,40.986111111111114,38.736111111111114,42.15277777777778,42.90972222222222,30.32638888888889,14.5,0.0,3.8527777777777774,13.1,0.4,2.9743055555555555,0.6347222222222223,4.144444444444444,131.78541666666666,22.354166666666668,-892.1041666666666,3102.25,318262.0,-698.3333333333334,-246641,73.78472222222223,76.22222222222223,78.47916666666667,34.166666666666664,36.75694444444444,32.65972222222222,37.270833333333336,27.75,26.32638888888889,-2.7,89.8,18.597916666666666,3.060416666666667,49.09027777777778,33.791666666666664,33.69444444444444,35.611111111111114,34.11805555555556,13.274999999999999,0.7791666666666667,50.00069444444445,399.98055555555555,398.95902777777775,396.6430555555555,36.88263888888889,39.31805555555556,38.956944444444446,753.6,-52.0,32.88194444444444,1.0784722222222223,2.9944444444444445,17.058333333333334,-10.247916666666667,1000.3,-943.9,40.890972222222224,31.213194444444444,760.7,0.0,22.046527777777776,-78.07708333333333,0.0,-1000.0,52.00416666666667,78.07708333333333,1000.0,0.0,52.00416666666667,34.041666666666664,120.13749999999999,T07,0.0,7.8,3.0611111111111113,0.27402777777777776,0.0,7.4,3.0611111111111113,0.27402777777777776,17.0,26.0,21.618055555555557,1010.0,1013.0,1011.8472222222222,38.0,86.0,55.986111111111114,0.0,0.0,0.0,0.0,57.96527777777778,57.798611111111114,411.74305555555554,TRANSFORMER,1
2016-05-17 00:00:00+00:00,1795.8,1214.9,1572.3277777777778,39.06111111111111,57.625,92.45833333333333,91.65972222222223,89.45833333333333,41.05555555555556,52.4375,58.96527777777778,32.958333333333336,15.9,10.8,13.927083333333334,42.3,0.6000000000000001,8.784722222222221,1.6520833333333333,-1.9652777777777777,89.48124999999999,21.625,0.0,194523.95833333334,28011450.0,0.0,-4054071,80.47222222222223,88.36805555555556,91.81944444444444,42.388888888888886,43.65277777777778,31.131944444444443,43.59722222222222,37.576388888888886,24.21527777777778,-3.2,11.4,-0.8819444444444444,0.921527777777778,104.8125,43.611111111111114,43.49305555555556,45.1875,40.854166666666664,1167.1604166666666,0.9569444444444445,49.99861111111111,400.3513888888889,398.62291666666664,398.84791666666666,980.6715277777779,1001.7180555555556,980.7861111111112,2106.5,-25.2,43.49305555555556,0.3402777777777778,8.6875,198.86597222222224,-168.94097222222223,560.8,-974.5,12.197222222222223,1165.5222222222224,2000.0,0.0,197.63125000000002,-870.575,0.0,-1000.0,88.95833333333333,787.1215277777778,1000.0,0.0,114.11597222222223,61.541666666666664,91.45208333333333,T07,1.8,16.4,9.056944444444445,0.896388888888889,1.9,16.5,9.109027777777778,0.9138888888888889,18.0,25.0,21.0,1005.0,1011.0,1007.5694444444445,31.0,56.0,43.375,0.0,0.0,0.0,0.0,178.13194444444446,179.06944444444446,407.50694444444446,TRANSFORMER,1
2016-05-18 00:00:00+00:00,1752.3,0.0,1186.3479166666666,96.32708333333333,49.0625,71.86111111111111,71.53472222222223,70.60416666666667,44.65277777777778,50.423611111111114,53.861111111111114,32.576388888888886,15.4,0.0,10.481944444444444,38.6,0.4,5.936111111111111,1.1833333333333333,-1.666666666666667,148.64236111111111,21.979166666666668,-679.7638888888889,86270.625,12325086.0,-721.2916666666666,-2197251,67.04166666666667,77.15277777777777,84.04861111111111,38.93055555555556,42.65277777777778,32.68055555555556,42.02777777777778,33.923611111111114,25.9375,-3.2,89.6,4.952083333333333,2.6493055555555554,91.08333333333333,39.416666666666664,39.34027777777778,41.111111111111114,38.520833333333336,513.5291666666667,0.8368055555555556,49.99861111111111,400.5444444444445,399.1423611111111,398.22083333333336,447.5520833333333,462.9284722222222,450.55555555555554,2104.6,-51.7,40.38194444444444,0.8743055555555556,5.904166666666667,108.70625000000001,-91.62569444444445,1000.9,-893.4,31.145138888888887,524.3125,2000.0,0.0,110.74652777777777,-593.1590277777777,0.0,-1000.0,112.59305555555555,565.8291666666667,1000.0,0.0,116.99513888888889,52.3125,150.30277777777778,T07,0.9,14.6,6.052777777777778,0.7298611111111111,0.7000000000000001,15.0,6.009722222222222,0.7515277777777778,18.0,26.0,21.03472222222222,1006.0,1011.0,1008.0416666666666,34.0,79.0,49.458333333333336,0.0,0.0,0.0,0.0,117.84722222222223,117.0,408.0138888888889,TRANSFORMER,1
2016-05-19 00:00:00+00:00,1545.3,0.0,583.7777777777778,32.013888888888886,34.020833333333336,43.513888888888886,43.50694444444444,43.166666666666664,49.111111111111114,41.65277777777778,42.236111111111114,28.96527777777778,13.6,0.0,5.014583333333333,18.4,0.4,3.2249999999999996,0.6555555555555556,-11.507638888888888,254.4402777777778,20.944444444444443,-799.3263888888889,11040.923611111111,1474791.0,-1074.2152777777778,-824106,61.99305555555556,67.66666666666667,74.15277777777777,33.74305555555556,36.048611111111114,31.555555555555557,36.916666666666664,26.84722222222222,25.444444444444443,-3.0,89.6,14.18888888888889,0.8638888888888889,55.041666666666664,33.55555555555556,33.44444444444444,35.22222222222222,33.31944444444444,61.454861111111114,0.6375000000000001,50.0,399.8666666666667,398.8069444444444,396.78472222222223,73.79166666666667,79.9375,74.66805555555555,660.1,-49.9,32.701388888888886,0.29375,3.240277777777778,24.0875,-34.265972222222224,782.3,-634.5,20.84097222222222,69.11180555555556,665.5,0.0,24.40902777777778,-266.34375,0.0,-1000.0,57.70902777777778,266.34375,1000.0,0.0,57.70902777777778,34.951388888888886,270.9506944444445,T07,0.0,8.8,3.3291666666666666,0.15020833333333333,0.0,8.9,3.3152777777777778,0.15423611111111113,16.0,24.0,20.07638888888889,1009.0,1012.0,1010.3541666666666,44.0,99.0,72.83333333333333,0.0,0.0,0.0,0.0,63.19444444444444,62.888888888888886,410.3333333333333,TRANSFORMER,1
2016-05-20 00:00:00+00:00,1758.1,0.0,1233.946218487395,41.32941176470588,49.621848739495796,76.72268907563026,76.12605042016807,74.53781512605042,40.81512605042017,48.54621848739496,53.20168067226891,32.134453781512605,15.5,0.0,10.870588235294116,41.3,0.4,7.097478991596639,1.3546218487394959,-3.0386554621848743,116.92521008403362,22.352941176470587,-249.0252100840336,142439.04201680672,16920610.0,-231.8655462184874,-2288633,74.17647058823529,79.4453781512605,82.18487394957984,39.890756302521005,40.88235294117647,31.07563025210084,40.99159663865546,34.12605042016807,25.26890756302521,-3.2,90.0,7.0210084033613445,1.349579831932773,85.84873949579831,40.67226890756302,40.588235294117645,42.260504201680675,38.747899159663866,853.2327731092437,0.9168067226890756,50.0,400.1739495798319,398.55378151260504,398.4033613445378,720.9521008403361,735.9848739495798,718.4764705882353,2105.2,-45.7,39.21848739495798,0.3554621848739496,7.012605042016807,133.40420168067226,-115.36470588235294,719.7,-482.9,12.3,855.0563025210084,2000.0,0.0,133.15126050420167,-692.7336134453782,0.0,-1000.0,51.0436974789916,636.0176470588236,1000.0,0.0,70.22436974789916,54.0672268907563,141.13697478991597,T07,0.3,14.6,5.832638888888889,0.6361805555555555,0.3,15.0,5.855555555555556,0.651875,17.0,26.0,21.42361111111111,1009.0,1011.0,1009.7083333333334,49.0,89.0,65.05555555555556,0.0,0.0,0.0,0.0,113.45138888888889,113.93055555555556,409.6736111111111,TRANSFORMER,1
2016-05-21 00:00:00+00:00,1772.3,0.0,1456.0805555555555,74.78819444444444,54.40277777777778,84.88888888888889,84.43055555555556,82.98611111111111,45.291666666666664,53.28472222222222,58.46527777777778,34.36805555555556,15.6,0.0,12.890972222222222,42.7,0.4,7.753472222222222,1.470138888888889,-0.44097222222222227,112.17013888888889,22.868055555555557,-228.50694444444446,146850.90972222222,21113625.0,-171.07638888888889,-3388583,71.70833333333333,82.34722222222223,84.95833333333333,40.55555555555556,44.173611111111114,31.63888888888889,43.388888888888886,37.11805555555556,24.92361111111111,-3.1,89.8,0.4083333333333333,1.5180555555555555,101.80555555555556,41.548611111111114,41.479166666666664,43.173611111111114,39.666666666666664,879.6333333333333,0.9548611111111112,50.00069444444445,400.0701388888889,398.32916666666665,398.9819444444445,746.55,761.45,736.6076388888889,2106.5,-50.1,42.361111111111114,0.6645833333333333,7.677777777777777,164.29513888888889,-141.16875,1000.0,-531.7,10.5125,882.91875,2000.0,0.0,165.33958333333334,-849.7111111111111,0.0,-1000.0,61.6888888888889,804.0993055555556,1000.0,0.0,76.57291666666667,57.55555555555556,112.60555555555555,T07,0.7000000000000001,15.4,6.717361111111111,1.2783333333333333,0.8,15.6,6.770833333333333,1.2890972222222221,18.0,27.0,22.15972222222222,1007.0,1010.0,1008.0138888888889,36.0,68.0,50.84722222222222,0.0,0.0,0.0,0.0,131.13888888888889,132.20138888888889,408.0,TRANSFORMER,1
2016-05-22 00:00:00+00:00,1677.4,0.0,1035.3375,113.38194444444444,39.9375,55.791666666666664,55.770833333333336,55.395833333333336,37.65972222222222,47.22222222222222,49.74305555555556,29.42361111111111,14.9,0.0,9.101388888888888,25.3,0.4,4.686805555555555,0.9354166666666668,0.3569444444444444,273.3388888888889,20.38888888888889,-511.9791666666667,36322.98611111111,5156786.0,-436.3125,-1519237,63.11805555555556,70.21527777777777,74.28472222222223,36.88194444444444,38.701388888888886,30.90972222222222,39.111111111111114,28.59027777777778,24.166666666666668,-3.1,75.1,5.625694444444445,2.413888888888889,77.59722222222223,37.0625,36.97222222222222,38.791666666666664,36.673611111111114,214.87847222222223,0.8138888888888889,50.00208333333333,400.0201388888889,398.50138888888887,396.67499999999995,196.82222222222222,216.45069444444445,205.74166666666667,1367.3,-51.0,35.951388888888886,1.0243055555555556,4.674305555555556,80.77430555555556,-63.272222222222226,1000.3,-926.2,36.68402777777778,223.7513888888889,1400.3,0.0,82.5375,-521.2263888888889,0.0,-1000.0,108.27777777777777,521.2263888888889,1000.0,0.0,108.27777777777777,48.4375,275.48541666666665,T07,0.3,10.3,4.779861111111111,0.4627777777777778,0.3,10.2,4.768055555555556,0.4629861111111111,16.0,24.0,19.430555555555557,1009.0,1013.0,1010.9652777777778,48.0,97.0,79.45138888888889,0.0,0.0,0.0,0.0,92.48611111111111,92.11805555555556,410.94444444444446,TRANSFORMER,1
2016-05-23 00:00:00+00:00,1748.0,0.0,897.7666666666667,44.3625,41.576388888888886,59.74305555555556,59.44444444444444,58.5,40.361111111111114,47.47222222222222,49.625,30.27777777777778,15.5,0.0,7.808333333333334,41.8,0.4,5.364583333333333,1.0319444444444443,12.261805555555556,153.05,21.04861111111111,-494.02777777777777,87411.85416666667,12516165.0,-262.96527777777777,-2032269,73.55555555555556,78.90277777777777,80.09722222222223,35.9375,37.9375,30.375,38.333333333333336,30.270833333333332,23.67361111111111,-3.2,83.9,10.243055555555555,0.5180555555555556,68.20138888888889,36.416666666666664,36.34722222222222,38.02777777777778,35.11805555555556,521.5631944444444,0.9486111111111111,50.00138888888889,399.98125000000005,398.8513888888889,397.45902777777775,443.30902777777777,454.4506944444445,443.25069444444443,2103.2,-49.9,35.11805555555556,0.41805555555555557,5.333333333333333,113.01041666666667,-84.68055555555556,602.2,-910.4,8.15625,525.4972222222223,2000.0,0.0,112.61597222222223,-507.2763888888889,0.0,-1000.0,29.12916666666667,484.9645833333333,1000.0,0.0,41.42777777777778,45.763888888888886,168.2888888888889,T07,0.0,13.4,5.331250000000001,0.6413194444444444,0.0,13.6,5.348611111111111,0.6457638888888888,15.0,25.0,20.416666666666668,1008.0,1013.0,1010.9652777777778,46.0,99.0,73.94444444444444,0.0,1.0,0.006944444444444444,0.0,103.40972222222223,103.79166666666667,410.9375,TRANSFORMER,1
2016-05-24 00:00:00+00:00,1713.8,0.0,1204.2465277777778,87.65833333333333,43.701388888888886,64.15972222222223,64.125,63.56944444444444,37.00694444444444,49.763888888888886,52.84722222222222,30.53472222222222,15.1,0.0,10.660416666666666,22.8,0.4,5.375694444444445,1.0104166666666667,-0.04999999999999986,183.33194444444445,20.65277777777778,-327.56944444444446,53353.305555555555,7635704.0,-244.72222222222223,-2222206,59.333333333333336,68.38888888888889,69.95833333333333,38.59027777777778,40.75,31.03472222222222,40.99305555555556,31.256944444444443,24.3125,-3.1,89.8,4.847916666666666,2.1493055555555554,91.41666666666667,38.8125,38.74305555555556,40.56944444444444,38.298611111111114,318.0909722222222,0.8520833333333333,50.00069444444445,399.84513888888887,398.13750000000005,397.19097222222223,284.3125,304.1534722222222,287.41041666666666,2100.2,-50.2,38.53472222222222,0.7791666666666667,5.379166666666666,81.78055555555555,-92.60833333333333,1000.2,-876.8,27.36111111111111,324.4923611111111,2000.0,0.0,83.23888888888888,-687.5770833333333,0.0,-1000.0,121.75694444444444,679.9958333333333,1000.0,0.0,123.77916666666667,44.354166666666664,183.38055555555556,T07,0.3,12.7,5.652083333333334,0.5329166666666666,0.3,12.9,5.676388888888889,0.5363888888888888,17.0,24.0,19.72222222222222,1005.0,1009.0,1006.3402777777778,54.0,92.0,73.43055555555556,0.0,0.0,0.0,0.0,109.81944444444444,110.39583333333333,406.31944444444446,TRANSFORMER,1
2016-05-25 00:00:00+00:00,1672.5,0.0,1129.392361111111,89.54097222222222,38.826388888888886,56.84027777777778,56.88194444444444,56.40972222222222,39.71527777777778,46.61805555555556,49.71527777777778,27.57638888888889,14.8,0.0,9.997222222222222,36.2,0.4,4.723611111111111,0.9777777777777779,-0.9125000000000001,282.15208333333334,19.194444444444443,-288.7638888888889,29747.493055555555,4242050.0,-256.78472222222223,-1709413,65.59027777777777,71.47222222222223,73.83333333333333,37.770833333333336,37.75,30.166666666666668,38.479166666666664,27.270833333333332,23.395833333333332,-3.1,89.8,3.151388888888889,2.14375,84.41666666666667,37.80555555555556,37.72222222222222,39.583333333333336,37.40277777777778,176.71458333333334,0.7979166666666667,49.99930555555555,399.39444444444445,397.82222222222225,396.15833333333336,167.86874999999998,188.14027777777778,175.59444444444443,1281.0,-51.9,35.43055555555556,0.8027777777777778,4.700694444444444,73.45763888888888,-71.2201388888889,1000.6,-948.4,38.172916666666666,184.6222222222222,1312.1,0.0,74.37569444444445,-578.0527777777778,0.0,-1000.0,153.25416666666666,578.0527777777778,1000.0,0.0,153.25416666666666,37.15972222222222,275.5715277777778,T07,1.0,10.1,5.144444444444444,0.4288888888888889,1.1,9.6,5.138194444444444,0.4263888888888889,16.0,21.0,18.21527777777778,1004.0,1007.0,1005.6388888888889,51.0,89.0,71.47222222222223,0.0,0.0,0.0,0.0,99.64583333333333,99.5,405.5833333333333,TRANSFORMER,1
2016-05-26 00:00:00+00:00,1672.4,81.1,888.2215277777777,65.35486111111112,36.61805555555556,50.958333333333336,50.93055555555556,50.5625,34.5,45.25,47.104166666666664,27.32638888888889,14.8,0.0,7.848611111111111,35.8,0.4,4.249305555555555,0.875,1.0013888888888889,280.3465277777778,19.194444444444443,-409.50694444444446,25065.145833333332,3550413.0,-229.95138888888889,-1280312,71.81944444444444,75.49305555555556,76.64583333333333,35.71527777777778,36.34722222222222,29.59027777777778,37.361111111111114,26.0,23.104166666666668,-3.1,77.5,8.747222222222222,1.0541666666666667,70.58333333333333,35.645833333333336,35.53472222222222,37.40972222222222,35.3125,147.94791666666666,0.84375,50.0,399.9736111111111,398.6652777777778,396.7291666666667,140.2798611111111,154.34930555555556,145.44236111111113,1154.2,-48.6,33.333333333333336,0.6000000000000001,4.211805555555555,69.22986111111112,-53.358333333333334,721.0,-513.2,24.280555555555555,152.52222222222224,1196.5,0.0,69.20625000000001,-434.7395833333333,0.0,-1000.0,102.22638888888889,434.7395833333333,1000.0,0.0,102.22638888888889,35.15972222222222,279.34166666666664,T07,1.3,10.7,4.618055555555555,0.42076388888888894,1.3,11.2,4.592361111111111,0.4215277777777778,16.0,21.0,18.45138888888889,1004.0,1007.0,1005.8541666666666,47.0,83.0,67.47222222222223,0.0,0.0,0.0,0.0,89.14583333333333,88.64583333333333,405.74305555555554,TRANSFORMER,1
2016-05-27 00:00:00+00:00,1623.1,0.0,762.6277777777777,66.08333333333333,36.291666666666664,50.49305555555556,50.486111111111114,50.020833333333336,39.770833333333336,43.71527777777778,45.24305555555556,28.17361111111111,14.4,0.0,6.688194444444445,27.1,0.4,3.7222222222222223,0.7756944444444445,12.432638888888889,249.6472222222222,19.82638888888889,-412.96527777777777,19148.82638888889,2697966.0,-188.35416666666666,-1095451,72.36805555555556,75.77083333333333,76.86111111111111,35.645833333333336,36.486111111111114,30.29861111111111,37.43055555555556,26.333333333333332,24.26388888888889,-3.0,89.8,10.378472222222221,1.6597222222222223,67.09027777777777,35.479166666666664,35.361111111111114,37.21527777777778,35.27777777777778,112.41041666666666,0.8708333333333333,49.99930555555555,399.96180555555554,398.7784722222222,396.6409722222222,104.98541666666667,118.52430555555556,108.73680555555556,830.0,-52.0,33.263888888888886,0.6027777777777777,3.709027777777778,48.856944444444444,-45.61388888888889,1000.1,-960.1,14.855555555555554,119.87430555555557,849.7,0.0,49.39722222222222,-398.3180555555556,0.0,-1000.0,91.27638888888889,398.3180555555556,1000.0,0.0,91.27638888888889,34.93055555555556,299.7138888888889,T07,0.0,10.3,3.917361111111111,0.2995138888888889,0.0,10.6,3.913888888888889,0.30645833333333333,15.0,22.0,18.97222222222222,1006.0,1010.0,1008.3402777777778,44.0,83.0,67.4375,0.0,0.0,0.0,0.0,75.19444444444444,75.0,408.28472222222223,TRANSFORMER,1
2016-05-28 00:00:00+00:00,1799.0,0.0,1185.9013888888887,66.44930555555555,45.56944444444444,71.65972222222223,71.29861111111111,69.9375,41.513888888888886,48.4375,52.333333333333336,29.01388888888889,15.8,0.0,10.477777777777778,41.6,0.4,6.404166666666667,1.3118055555555557,-3.199305555555556,251.40625,19.125,-296.4791666666667,113845.27083333333,16351024.0,-195.33333333333334,-2672208,75.61805555555556,81.97916666666667,83.08333333333333,39.083333333333336,39.38194444444444,29.506944444444443,39.77777777777778,30.84722222222222,22.208333333333332,-3.2,45.0,4.773611111111111,1.4604166666666667,86.81944444444444,39.826388888888886,39.65972222222222,41.36805555555556,38.15277777777778,681.3208333333333,0.8625,50.0,400.25694444444446,398.7076388888889,398.2055555555555,587.3986111111111,601.3319444444445,587.463888888889,2106.9,-49.4,38.00694444444444,0.5840277777777778,6.351388888888889,164.38680555555555,-111.31319444444445,999.9,-576.2,27.990972222222222,684.5409722222222,2000.0,0.0,163.76805555555555,-586.3479166666667,0.0,-1000.0,75.20555555555556,543.6486111111111,1000.0,0.0,97.68680555555555,45.708333333333336,262.09166666666664,T07,0.6000000000000001,18.0,6.939583333333333,0.8003472222222222,0.7000000000000001,18.1,6.958333333333333,0.8080555555555555,16.0,21.0,18.47222222222222,1009.0,1014.0,1011.2430555555555,55.0,91.0,77.43055555555556,0.0,1.0,0.013888888888888888,0.0,135.70138888888889,136.02083333333334,411.2013888888889,TRANSFORMER,1
2016-05-29 00:00:00+00:00,1690.4,0.0,1009.8125,77.43333333333334,38.3125,54.84027777777778,54.75694444444444,54.38194444444444,37.81944444444444,48.166666666666664,50.138888888888886,27.541666666666668,14.9,0.0,8.877083333333333,40.3,0.4,4.672916666666667,0.9902777777777777,1.8819444444444444,285.48333333333335,18.51388888888889,-466.09722222222223,38092.97222222222,5418273.0,-441.13194444444446,-1670024,65.00694444444444,71.61805555555556,74.54166666666667,36.72222222222222,37.708333333333336,29.57638888888889,38.486111111111114,27.291666666666668,22.9375,-3.0,89.9,6.452777777777778,1.225,78.4375,36.78472222222222,36.69444444444444,38.5625,36.333333333333336,225.7513888888889,0.8166666666666668,50.0,399.86875,398.13680555555555,396.68958333333336,205.7527777777778,223.69930555555555,210.44583333333333,1775.7,-51.0,35.201388888888886,0.7361111111111112,4.684722222222223,90.70763888888888,-69.55486111111111,1000.5,-805.1,23.375694444444445,231.52499999999998,1823.3,0.0,91.52847222222222,-530.0229166666667,0.0,-1000.0,79.86805555555556,529.7486111111111,1000.0,0.0,80.44930555555555,38.97222222222222,291.08402777777775,T07,0.4,11.7,5.141666666666667,0.47131944444444446,0.4,11.9,5.127777777777777,0.47284722222222225,15.0,20.0,17.65972222222222,1013.0,1015.0,1013.5069444444445,43.0,86.0,69.35416666666667,0.0,0.0,0.0,0.0,99.70833333333333,99.36805555555556,413.4583333333333,TRANSFORMER,1
2016-05-30 00:00:00+00:00,1711.4,0.0,968.0854166666666,78.46388888888889,39.63194444444444,57.423611111111114,57.28472222222222,56.736111111111114,39.86805555555556,46.75694444444444,49.451388888888886,28.8125,15.2,0.0,8.465277777777779,49.0,0.4,4.8493055555555555,0.9826388888888888,-3.8020833333333335,277.53819444444446,19.45138888888889,-529.9583333333334,53506.291666666664,7628595.0,-395.2916666666667,-1800992,75.38194444444444,78.89583333333333,80.13194444444444,36.763888888888886,38.0,29.6875,38.583333333333336,27.5,23.131944444444443,-3.2,89.3,8.228472222222223,1.927777777777778,76.20138888888889,36.958333333333336,36.84722222222222,38.666666666666664,36.36805555555556,317.80625,0.8555555555555556,50.00069444444445,400.1097222222222,398.43611111111113,397.34583333333336,280.3277777777778,293.9736111111111,281.04097222222225,2101.2,-50.7,35.145833333333336,0.7444444444444445,4.840972222222223,93.05347222222223,-75.03194444444445,843.6,-538.1,17.768749999999997,325.5444444444445,2000.0,0.0,93.36736111111111,-479.8701388888889,0.0,-1000.0,86.72847222222222,475.08194444444445,1000.0,0.0,95.92430555555556,40.125,288.8597222222222,T07,1.2,12.9,5.284722222222222,0.5979166666666667,1.0,12.4,5.230555555555556,0.5877777777777777,13.0,24.0,18.631944444444443,1009.0,1014.0,1010.5347222222222,39.0,85.0,64.49305555555556,0.0,0.0,0.0,0.0,102.47222222222223,101.29166666666667,410.5138888888889,TRANSFORMER,1
2016-05-31 00:00:00+00:00,1672.3,0.0,578.2972222222222,121.78194444444443,36.46527777777778,45.43055555555556,45.44444444444444,45.201388888888886,46.71527777777778,45.236111111111114,45.979166666666664,30.868055555555557,14.8,0.0,4.926388888888889,20.4,0.4,3.1166666666666667,0.7486111111111111,4.552083333333333,196.60208333333333,22.854166666666668,-1046.4305555555557,8466.263888888889,1068462.0,-1413.1666666666667,-723567,76.09722222222223,79.0,79.48611111111111,35.923611111111114,38.513888888888886,32.99305555555556,38.604166666666664,29.305555555555557,26.541666666666668,-2.5,89.9,15.13888888888889,3.4618055555555554,57.9375,35.65972222222222,35.53472222222222,37.44444444444444,36.0625,44.52708333333333,0.6270833333333334,50.00069444444445,399.95624999999995,398.64444444444445,396.8048611111111,64.75486111111111,69.86458333333333,65.52638888888889,1345.8,-52.1,34.958333333333336,1.145138888888889,3.1576388888888887,28.282638888888886,-30.153472222222224,1001.3,-987.7,35.09236111111111,59.87916666666667,1365.7,0.0,32.31458333333333,-183.50069444444443,0.0,-1000.0,76.52847222222222,183.50069444444443,1000.0,0.0,76.52847222222222,35.84722222222222,257.0541666666667,T07,0.0,12.6,4.024305555555555,0.39111111111111113,0.2,12.5,3.988194444444444,0.38625,16.0,28.0,21.61111111111111,1008.0,1011.0,1009.3958333333334,30.0,80.0,53.486111111111114,0.0,0.0,0.0,0.0,77.11805555555556,76.65277777777777,409.36805555555554,TRANSFORMER,1
2016-06-01 00:00:00+00:00,1773.8,121.7,1522.579861111111,43.22569444444444,54.15277777777778,85.89583333333333,85.30555555555556,83.66666666666667,40.9375,52.71527777777778,58.638888888888886,33.548611111111114,15.6,0.0,13.486805555555556,42.0,0.7000000000000001,7.94861111111111,1.4604166666666667,-1.3479166666666667,97.01458333333333,23.27777777777778,-15.6875,156761.4375,22571388.0,-10.020833333333334,-3602496,79.16666666666667,86.94444444444444,87.04166666666667,41.763888888888886,43.90277777777778,32.083333333333336,43.59027777777778,37.24305555555556,25.52777777777778,-3.1,64.6,-1.3833333333333335,0.6548611111111111,102.78472222222223,42.78472222222222,42.68055555555556,44.40277777777778,40.75,940.5361111111112,0.9624999999999999,50.0,400.5736111111111,398.6722222222222,398.9777777777778,787.3118055555556,812.0083333333333,788.5506944444445,2104.2,-48.1,42.72222222222222,0.3819444444444444,7.914583333333334,179.75416666666666,-150.1048611111111,6.6,-218.5,5.796527777777778,940.1430555555556,2000.0,0.0,179.51527777777778,-930.0944444444444,0.0,-1000.0,58.46875,884.2527777777777,1000.0,0.0,84.87916666666666,54.173611111111114,98.37708333333333,T07,1.5,14.8,8.131944444444445,0.7670138888888889,1.7000000000000002,14.9,8.211111111111112,0.7813888888888889,18.0,28.0,22.63888888888889,1006.0,1010.0,1008.3055555555555,28.0,69.0,43.15277777777778,0.0,0.0,0.0,0.0,159.55555555555554,161.15277777777777,408.28472222222223,TRANSFORMER,1
2016-06-02 00:00:00+00:00,1695.1,0.0,1302.2027777777778,74.62986111111111,47.55555555555556,69.125,68.97916666666667,68.40972222222223,39.673611111111114,53.03472222222222,56.53472222222222,33.65972222222222,15.0,0.0,11.504166666666666,38.7,0.4,6.168055555555556,1.051388888888889,-2.16875,132.6013888888889,24.256944444444443,-328.5138888888889,77998.5625,11184486.0,-373.9583333333333,-2682328,63.53472222222222,72.75694444444444,73.22916666666667,38.34722222222222,43.145833333333336,33.229166666666664,42.53472222222222,34.88194444444444,26.76388888888889,-3.1,76.8,1.1194444444444445,0.6236111111111111,94.63194444444444,38.93055555555556,38.854166666666664,40.6875,38.236111111111114,466.0493055555556,0.911111111111111,50.00069444444445,400.4715277777778,398.8020833333333,398.31111111111113,400.35555555555555,422.56666666666666,402.04305555555555,1929.7,-49.9,40.3125,0.6611111111111111,6.1506944444444445,109.03958333333334,-111.76111111111112,888.9,-587.7,14.790972222222223,469.77500000000003,1950.9,0.0,110.19027777777778,-822.3215277777778,0.0,-1000.0,46.45,820.1972222222222,1000.0,0.0,48.44652777777778,45.96527777777778,132.27638888888887,T07,1.2,12.3,6.319444444444445,0.630625,1.1,12.7,6.344444444444445,0.6438888888888888,20.0,29.0,23.59027777777778,1003.0,1007.0,1005.1041666666666,25.0,73.0,40.38194444444444,0.0,0.0,0.0,0.0,123.20833333333333,123.8125,405.0416666666667,TRANSFORMER,1
2016-06-03 00:00:00+00:00,1696.1,0.0,1337.0263888888887,100.74583333333334,41.65277777777778,62.99305555555556,62.888888888888886,62.34722222222222,47.49305555555556,51.361111111111114,54.513888888888886,28.77777777777778,15.0,0.0,11.836805555555555,40.0,0.5,5.863888888888889,1.2166666666666668,-1.8194444444444444,225.94305555555556,19.458333333333332,-160.26388888888889,64472.770833333336,9261002.0,-180.84722222222223,-2606413,68.29861111111111,74.54861111111111,76.70833333333333,38.645833333333336,39.59722222222222,30.71527777777778,40.083333333333336,28.868055555555557,23.82638888888889,-3.3,89.8,-0.20000000000000004,1.4340277777777777,91.11111111111111,39.00694444444444,38.90277777777778,40.74305555555556,38.18055555555556,385.84583333333336,0.86875,50.00069444444445,399.5263888888889,397.66319444444446,397.31388888888887,341.1326388888889,362.7444444444444,342.48541666666665,1800.7,-50.1,37.736111111111114,0.8958333333333334,5.870833333333334,143.4972222222222,-108.59027777777777,999.9,-982.4,31.319444444444443,388.2125,1825.4,0.0,143.58749999999998,-822.7437500000001,0.0,-1000.0,101.04374999999999,822.4548611111111,1000.0,0.0,102.00694444444444,41.40277777777778,227.76180555555553,T07,1.9,11.5,6.148611111111111,0.7351388888888889,1.6,11.9,6.126388888888889,0.7681944444444445,17.0,21.0,18.57638888888889,1004.0,1009.0,1006.4375,65.0,96.0,79.43055555555556,0.0,0.0,0.0,0.0,119.81944444444444,119.36805555555556,406.34722222222223,TRANSFORMER,1
2016-06-04 00:00:00+00:00,1679.3,59.5,1228.9180555555556,73.76875000000001,40.86805555555556,60.895833333333336,60.770833333333336,60.354166666666664,38.1875,49.90277777777778,52.80555555555556,27.5625,14.9,0.0,10.870138888888889,38.0,0.4,5.397222222222222,1.0784722222222223,-2.8423611111111113,279.66597222222225,18.993055555555557,-270.0625,50636.40972222222,7252754.0,-218.51388888888889,-2321812,74.77777777777777,78.99305555555556,80.25,38.31944444444444,38.84722222222222,29.59027777777778,39.541666666666664,27.881944444444443,22.79861111111111,-3.2,84.4,1.5208333333333333,0.9375,91.54861111111111,38.479166666666664,38.451388888888886,40.291666666666664,37.86805555555556,302.1388888888889,0.8652777777777778,50.0,400.24583333333334,398.5493055555555,398.1701388888889,267.75625,285.7902777777778,265.275,1529.3,-52.2,36.99305555555556,0.6583333333333333,5.408333333333333,108.025,-96.74166666666666,704.7,-665.4,14.051388888888889,305.65555555555557,1553.9,0.0,108.5875,-741.5326388888889,0.0,-1000.0,109.6236111111111,741.526388888889,1000.0,0.0,109.66041666666666,42.90972222222222,282.50972222222225,T07,1.3,11.3,5.982638888888889,0.5363194444444445,1.3,11.3,5.975,0.5415277777777778,16.0,21.0,18.09027777777778,1007.0,1010.0,1008.4444444444445,56.0,91.0,74.66666666666667,0.0,0.0,0.0,0.0,116.49305555555556,116.3125,408.40972222222223,TRANSFORMER,1
2016-06-05 00:00:00+00:00,1659.9,0.0,586.4493055555555,34.43888888888889,34.3125,45.28472222222222,45.236111111111114,44.88194444444444,35.548611111111114,44.041666666666664,43.47222222222222,29.15972222222222,14.7,0.0,5.070833333333334,23.5,0.4,3.365277777777778,0.7590277777777777,-4.676388888888889,235.17013888888889,21.604166666666668,-542.7708333333334,20202.208333333332,2830959.0,-218.05555555555554,-999367,73.39583333333333,76.63888888888889,77.39583333333333,33.923611111111114,36.513888888888886,31.458333333333332,37.666666666666664,26.770833333333332,25.430555555555557,-3.2,57.0,13.465277777777779,0.33888888888888885,57.44444444444444,33.798611111111114,33.701388888888886,35.548611111111114,33.576388888888886,117.95833333333333,0.9145833333333333,49.99930555555555,400.05902777777777,398.47222222222223,396.6020833333333,110.02777777777777,121.01041666666667,111.44652777777777,1148.0,-47.7,33.1875,0.3111111111111111,3.3625,39.24652777777778,-41.66736111111111,1000.0,-517.9,11.304166666666667,122.32222222222224,1189.0,0.0,38.79097222222222,-341.27708333333334,0.0,-1000.0,39.90694444444445,341.27708333333334,1000.0,0.0,39.90694444444445,35.59027777777778,244.87708333333336,T07,0.0,10.5,3.3854166666666665,0.2940277777777778,0.0,10.5,3.3784722222222223,0.29152777777777783,16.0,26.0,20.569444444444443,1007.0,1010.0,1008.0277777777778,46.0,100.0,76.84722222222223,0.0,1.0,0.006944444444444444,0.0,64.36111111111111,64.11805555555556,407.96527777777777,TRANSFORMER,1
2016-06-06 00:00:00+00:00,1601.9,0.0,716.79375,109.17291666666667,38.770833333333336,49.354166666666664,49.354166666666664,49.15972222222222,41.19444444444444,45.96527777777778,47.111111111111114,30.92361111111111,14.2,0.0,6.229861111111111,39.7,0.4,3.4868055555555557,0.7215277777777778,4.533333333333333,145.22500000000002,23.38888888888889,-833.8402777777778,10715.166666666666,1422909.0,-871.7222222222222,-831745,75.22916666666667,78.50694444444444,79.34027777777777,36.208333333333336,39.09027777777778,34.36805555555556,39.375,29.57638888888889,28.15277777777778,-3.1,89.8,12.180555555555555,2.8152777777777778,65.52777777777777,36.02777777777778,35.923611111111114,37.854166666666664,36.27777777777778,59.28888888888889,0.7270833333333333,50.00138888888889,400.0520833333333,398.70694444444445,397.0541666666667,75.71111111111111,82.65277777777777,76.54652777777778,784.1,-51.2,35.958333333333336,1.0194444444444446,3.5034722222222223,36.61597222222222,-34.62916666666667,1000.3,-917.6,39.16736111111111,72.04722222222222,927.1,0.0,37.297222222222224,-252.64374999999998,0.0,-1000.0,115.62083333333334,252.64374999999998,1000.0,0.0,115.62083333333334,37.458333333333336,168.18680555555557,T07,0.8,8.9,3.8131944444444446,0.31625,0.7000000000000001,8.9,3.8291666666666666,0.3169444444444445,16.0,28.0,22.59722222222222,1007.0,1010.0,1009.0555555555555,33.0,88.0,58.298611111111114,0.0,0.0,0.0,0.0,73.02777777777777,73.28472222222223,409.0138888888889,TRANSFORMER,1
2016-06-07 00:00:00+00:00,1826.1,245.5,1529.673611111111,42.47638888888889,62.46527777777778,102.16666666666667,101.20138888888889,98.51388888888889,46.125,53.583333333333336,59.8125,36.145833333333336,15.9,2.2,13.552777777777777,44.3,0.5,10.01388888888889,1.7486111111111111,-1.2374999999999998,82.20347222222222,24.875,-76.18055555555556,212164.70138888888,30540749.0,-79.875,-3935574,89.56944444444444,97.70138888888889,99.08333333333333,44.53472222222222,47.13194444444444,33.25,47.78472222222222,42.25,27.020833333333332,-3.2,44.6,3.4069444444444446,1.7402777777777778,110.5,45.861111111111114,45.791666666666664,47.25,43.041666666666664,1272.572222222222,0.9201388888888888,50.00416666666667,401.1763888888889,399.31944444444446,399.8694444444444,1070.5743055555556,1089.0944444444444,1069.038888888889,2110.5,-49.1,48.6875,0.36875,9.84375,80.85833333333333,-163.95486111111111,1000.1,-798.9,19.282638888888886,1272.9701388888889,2000.0,0.0,79.77361111111111,-693.7145833333333,0.0,-1000.0,65.36180555555556,590.2173611111111,1000.0,0.0,70.52916666666667,62.21527777777778,83.43680555555555,T07,1.9,18.6,9.752777777777778,0.933125,1.8,19.0,9.810416666666667,0.9553472222222221,21.0,28.0,24.3125,1008.0,1011.0,1009.625,32.0,50.0,40.861111111111114,0.0,0.0,0.0,0.0,192.09027777777777,193.20138888888889,409.59722222222223,TRANSFORMER,1
2016-06-08 00:00:00+00:00,1794.5,1223.5,1636.6201388888887,31.34722222222222,67.39583333333333,110.42361111111111,109.45833333333333,106.64583333333333,46.71527777777778,53.97222222222222,62.104166666666664,38.326388888888886,15.7,10.8,14.497222222222222,41.6,0.5,10.335416666666667,1.8520833333333333,-1.1090277777777777,89.31180555555555,25.65972222222222,0.0,238624.36805555556,34361909.0,0.0,-4198386,89.59027777777777,103.03472222222223,109.0,44.88194444444444,48.84722222222222,33.84722222222222,48.15277777777778,45.736111111111114,27.555555555555557,-3.2,16.7,0.9965277777777778,0.9979166666666668,114.95833333333333,46.326388888888886,46.24305555555556,47.770833333333336,43.208333333333336,1431.7375000000002,0.9986111111111112,50.0,400.96666666666664,399.0847222222222,399.93055555555554,1193.007638888889,1215.023611111111,1192.148611111111,2105.3,83.8,48.916666666666664,0.275,10.16875,136.05416666666667,-174.93194444444444,-94.9,-223.3,4.2875,1430.6666666666667,2000.0,83.1,135.35000000000002,-859.3375000000001,-407.0,-1000.0,41.05486111111111,759.9763888888889,1000.0,406.1,60.84305555555555,68.59027777777777,90.41527777777777,T07,3.6,20.1,10.019444444444444,0.7630555555555555,3.8,20.1,10.086111111111112,0.7845833333333334,21.0,30.0,25.07638888888889,1007.0,1010.0,1008.7847222222222,31.0,74.0,51.8125,0.0,0.0,0.0,0.0,197.45138888888889,198.76388888888889,408.71527777777777,TRANSFORMER,1
2016-06-09 00:00:00+00:00,1668.1,0.0,904.9124999999999,134.77916666666667,44.625,57.25,57.25,57.03472222222222,46.15277777777778,48.763888888888886,50.666666666666664,34.18055555555556,14.8,0.0,7.965277777777778,41.9,0.4,3.865277777777778,0.8027777777777778,0.6944444444444444,165.0388888888889,26.20138888888889,-1038.3194444444443,15984.798611111111,2152286.0,-1138.0069444444443,-1093115,63.125,71.85416666666667,82.56944444444444,38.02777777777778,43.0,35.916666666666664,42.486111111111114,35.02777777777778,29.88888888888889,-2.7,89.8,8.252083333333333,3.813888888888889,77.50694444444444,37.923611111111114,37.861111111111114,39.75694444444444,38.40972222222222,89.65694444444445,0.6791666666666667,49.99861111111111,400.22083333333336,398.7659722222222,396.93333333333334,111.99236111111111,123.38402777777777,114.66458333333334,1227.8,-52.1,39.486111111111114,1.2347222222222223,3.828472222222222,40.91527777777778,-45.50833333333333,1000.3,-901.6,58.33819444444445,103.99375,2000.0,0.0,42.41388888888889,-310.0451388888889,0.0,-1000.0,117.6451388888889,310.0451388888889,1000.0,0.0,117.6451388888889,44.13194444444444,159.33958333333334,T07,0.0,8.4,3.8499999999999996,0.3490972222222222,0.0,8.5,3.842361111111111,0.3578472222222222,21.0,30.0,25.3125,1005.0,1008.0,1006.4166666666666,35.0,85.0,52.729166666666664,0.0,0.0,0.0,0.0,73.75,73.61111111111111,406.3611111111111,TRANSFORMER,1
2016-06-10 00:00:00+00:00,1689.3,0.0,1289.646527777778,104.71180555555556,44.798611111111114,65.08333333333333,65.02083333333333,64.4375,48.88194444444444,49.61805555555556,53.25694444444444,31.444444444444443,14.9,0.0,11.425,42.1,0.4,5.387499999999999,1.0652777777777778,-0.4222222222222222,254.55069444444447,21.9375,-349.4375,53298.65277777778,7624686.0,-351.44444444444446,-2299534,58.3125,66.99305555555556,79.5625,38.333333333333336,41.701388888888886,31.90277777777778,41.708333333333336,32.34027777777778,25.34722222222222,-3.3,89.8,0.9472222222222221,2.4388888888888887,91.98611111111111,38.729166666666664,38.65277777777778,40.513888888888886,38.236111111111114,317.6736111111111,0.8138888888888889,50.0,400.18888888888887,398.2875,397.3972222222222,286.8666666666667,309.9611111111111,290.49097222222224,1708.4,-52.0,39.27777777777778,0.9347222222222222,5.387499999999999,103.69513888888889,-95.82013888888889,999.9,-993.0,35.84166666666667,323.53819444444446,1720.2,0.0,103.93472222222222,-650.9652777777778,0.0,-1000.0,123.30000000000001,650.8499999999999,1000.0,0.0,123.90625,45.423611111111114,254.96666666666664,T07,0.4,12.0,5.758333333333334,0.5897222222222223,0.4,11.7,5.763194444444444,0.6077083333333334,19.0,25.0,21.03472222222222,1005.0,1008.0,1006.3680555555555,53.0,93.0,78.34722222222223,0.0,0.0,0.0,0.0,111.90277777777777,112.11111111111111,406.2638888888889,TRANSFORMER,1
2016-06-11 00:00:00+00:00,1657.7,0.0,888.6159722222222,77.28402777777778,39.68055555555556,53.90972222222222,53.90277777777778,53.520833333333336,40.458333333333336,46.125,47.90972222222222,29.680555555555557,14.7,0.0,7.804861111111112,36.6,0.4,4.041666666666667,0.8729166666666667,2.370138888888889,260.1847222222222,20.805555555555557,-721.2152777777778,23205.104166666668,3237681.0,-788.1388888888889,-1346280,54.9375,63.40972222222222,74.53472222222223,36.861111111111114,38.833333333333336,31.194444444444443,38.986111111111114,29.61111111111111,24.645833333333332,-2.9,59.8,7.550000000000001,1.6208333333333333,76.30555555555556,36.8125,36.729166666666664,38.583333333333336,36.736111111111114,134.89930555555554,0.7715277777777778,50.0,399.76250000000005,398.2986111111111,396.70208333333335,132.29305555555555,146.01875,134.28472222222223,983.0,-52.1,36.083333333333336,0.6937500000000001,4.022222222222222,57.36319444444444,-56.106944444444444,999.8,-816.0,22.199305555555554,142.63333333333333,1001.1,0.0,57.647222222222226,-460.8493055555556,0.0,-1000.0,109.5875,460.8493055555556,1000.0,0.0,109.5875,37.59722222222222,257.8152777777778,T07,0.0,10.0,4.292361111111111,0.3857638888888889,0.0,10.2,4.28125,0.393125,16.0,23.0,19.916666666666668,1006.0,1009.0,1007.1527777777778,50.0,92.0,72.75,0.0,0.0,0.0,0.0,82.54166666666667,82.43055555555556,407.125,TRANSFORMER,1
2016-06-12 00:00:00+00:00,1677.4,0.0,598.1041666666666,71.26041666666667,37.020833333333336,46.958333333333336,46.93055555555556,46.5625,40.44444444444444,44.18055555555556,44.763888888888886,30.770833333333332,14.9,0.0,4.958333333333333,21.3,0.4,3.432638888888889,0.7125,13.081944444444444,206.94583333333333,23.17361111111111,-814.7430555555555,18288.569444444445,2516230.0,-444.38194444444446,-950910,55.15277777777778,62.583333333333336,74.86111111111111,34.916666666666664,37.46527777777778,33.15972222222222,37.81944444444444,30.25,26.895833333333332,-3.2,89.7,14.464583333333334,1.5,55.298611111111114,34.673611111111114,34.5625,36.451388888888886,34.701388888888886,104.81666666666666,0.8791666666666668,50.0,399.83194444444445,398.66041666666666,396.31597222222223,103.5611111111111,113.4125,107.77361111111111,1168.7,-51.2,33.9375,0.6486111111111111,3.425,40.356944444444444,-39.65416666666667,1000.5,-914.9,21.28125,112.97569444444444,1193.6,0.0,40.513888888888886,-298.2013888888889,0.0,-1000.0,48.756249999999994,298.2013888888889,1000.0,0.0,48.756249999999994,37.041666666666664,193.84305555555557,T07,0.2,9.8,3.4805555555555556,0.3157638888888889,0.0,9.8,3.428472222222222,0.3167361111111111,16.0,30.0,22.34027777777778,1008.0,1010.0,1008.7708333333334,36.0,100.0,73.75694444444444,0.0,1.0,0.006944444444444444,0.0,66.25694444444444,65.22916666666667,408.72222222222223,TRANSFORMER,1
2016-06-13 00:00:00+00:00,1697.1,0.0,694.8472222222222,42.47569444444444,41.270833333333336,52.298611111111114,52.24305555555556,51.78472222222222,44.395833333333336,47.56944444444444,48.111111111111114,34.416666666666664,15.0,0.0,6.044444444444444,25.2,0.4,3.9722222222222223,0.7736111111111111,-4.8,247.15833333333336,26.180555555555557,-671.8541666666666,39423.03472222222,5580170.0,-599.1319444444445,-1513804,60.24305555555556,67.71527777777777,79.04861111111111,37.72222222222222,41.22222222222222,34.99305555555556,40.729166666666664,34.173611111111114,29.166666666666668,-3.2,52.0,12.004166666666666,0.37013888888888885,64.22916666666667,37.75,37.645833333333336,39.541666666666664,37.94444444444444,232.52430555555554,0.8652777777777778,50.0,399.80833333333334,398.6118055555555,396.40833333333336,204.1590277777778,218.47708333333333,209.00208333333333,1818.9,-39.7,37.798611111111114,0.36875,3.951388888888889,63.22638888888889,-63.07361111111111,906.0,-553.0,6.396527777777778,237.7590277777778,1842.5,0.0,63.0,-427.53472222222223,0.0,-1000.0,23.386805555555554,427.01180555555555,1000.0,0.0,25.36111111111111,42.173611111111114,281.9576388888889,T07,0.0,11.8,4.075694444444444,0.3950694444444445,0.0,11.8,4.078472222222222,0.39208333333333334,20.0,30.0,25.291666666666668,1006.0,1009.0,1007.7152777777778,43.0,77.0,59.93055555555556,0.0,0.0,0.0,0.0,78.34722222222223,78.21527777777777,407.6666666666667,TRANSFORMER,1
2016-06-14 00:00:00+00:00,1695.5,0.0,1316.6180555555557,108.875,47.65277777777778,67.47222222222223,67.33333333333333,66.83333333333333,48.513888888888886,52.826388888888886,56.36805555555556,33.861111111111114,15.0,0.0,11.652083333333334,41.5,0.4,5.840277777777778,1.0,-0.22361111111111118,298.8645833333333,24.95138888888889,-269.96527777777777,62223.381944444445,8921290.0,-282.43055555555554,-2513074,61.736111111111114,70.39583333333333,81.38888888888889,38.979166666666664,43.4375,33.888888888888886,42.9375,35.548611111111114,27.729166666666668,-3.2,89.7,0.22013888888888886,2.277083333333333,94.01388888888889,39.298611111111114,39.22222222222222,41.09027777777778,38.854166666666664,371.7083333333333,0.8819444444444444,50.0,400.0201388888889,398.1798611111111,397.4951388888889,322.3520833333333,347.275,327.59722222222223,1585.5,-51.1,40.40277777777778,0.9743055555555556,5.788194444444445,94.27569444444445,-104.71041666666666,1000.3,-691.2,18.84513888888889,377.81111111111113,1593.5,0.0,96.10902777777778,-789.088888888889,0.0,-1000.0,67.32499999999999,788.9625000000001,1000.0,0.0,67.80833333333334,48.40277777777778,299.0777777777778,T07,0.4,11.9,6.196527777777778,0.5253472222222223,0.3,11.9,6.153472222222223,0.5205555555555555,19.0,28.0,24.13888888888889,1004.0,1007.0,1005.5416666666666,24.0,77.0,56.3125,0.0,0.0,0.0,0.0,120.78472222222223,119.93055555555556,405.4236111111111,TRANSFORMER,1
2016-06-15 00:00:00+00:00,1770.7,237.8,1526.7506944444444,54.900000000000006,53.27777777777778,87.20138888888889,86.55555555555556,84.61111111111111,48.68055555555556,53.458333333333336,58.84722222222222,32.11805555555556,15.6,2.2,13.522916666666667,44.8,0.6000000000000001,8.302777777777777,1.588888888888889,1.2083333333333333,290.2784722222222,20.520833333333332,-82.92361111111111,172836.00694444444,24876443.0,-62.44444444444444,-3871435,68.19444444444444,78.74305555555556,89.38888888888889,41.861111111111114,43.201388888888886,31.069444444444443,43.03472222222222,36.145833333333336,24.0625,-3.2,47.6,-0.663888888888889,1.176388888888889,104.08333333333333,42.93055555555556,42.895833333333336,44.520833333333336,40.541666666666664,1036.5055555555555,0.9645833333333333,49.99930555555555,400.31319444444443,398.3229166666667,398.7083333333333,869.6791666666667,893.5104166666666,869.8416666666667,2105.0,-49.2,42.625,0.48055555555555557,8.245138888888889,202.85972222222222,-161.30833333333334,622.9,-220.4,6.653472222222223,1036.3229166666667,2000.0,0.0,201.92430555555555,-878.4486111111112,0.0,-1000.0,86.51388888888889,813.1937499999999,1000.0,0.0,117.4375,53.68055555555556,289.0756944444445,T07,2.8,15.6,8.712499999999999,0.9948611111111111,2.8,15.6,8.695833333333333,0.9897222222222223,18.0,22.0,19.84027777777778,1003.0,1005.0,1003.9444444444445,49.0,93.0,72.0,0.0,0.0,0.0,0.0,171.27083333333334,170.81944444444446,403.90277777777777,TRANSFORMER,1
2016-06-16 00:00:00+00:00,1699.4,174.2,1400.2243055555555,73.07291666666667,45.451388888888886,70.63194444444444,70.39583333333333,69.48611111111111,36.201388888888886,52.21527777777778,56.1875,30.194444444444443,15.0,1.5,12.402083333333334,40.7,0.4,6.856944444444444,1.3125,-0.4354166666666667,285.2722222222222,19.041666666666668,-157.60416666666666,106361.08333333333,15293302.0,-126.52777777777777,-3113396,61.77777777777778,72.23611111111111,81.86111111111111,38.645833333333336,41.25,29.53472222222222,41.40972222222222,31.29861111111111,22.305555555555557,-3.2,58.3,-0.0791666666666667,0.5006944444444444,95.44444444444444,39.38194444444444,39.28472222222222,41.111111111111114,38.041666666666664,637.2083333333334,0.9430555555555556,50.0,400.2611111111111,398.40416666666664,398.25347222222223,538.5729166666666,563.0958333333333,541.6416666666667,1978.0,-49.0,39.798611111111114,0.6409722222222223,6.836805555555555,177.97777777777776,-129.70486111111111,897.9,-600.2,11.042361111111111,638.9215277777778,2000.0,0.0,178.80347222222224,-886.4791666666666,0.0,-1000.0,38.296527777777776,880.3826388888889,1000.0,0.0,52.552083333333336,53.298611111111114,285.7138888888889,T07,2.5,12.9,7.146527777777777,0.7234027777777778,2.4,12.9,7.136805555555556,0.7215972222222222,15.0,21.0,18.21527777777778,1004.0,1009.0,1006.6180555555555,47.0,80.0,66.88888888888889,0.0,0.0,0.0,0.0,139.80555555555554,139.63888888888889,406.55555555555554,TRANSFORMER,1
2016-06-17 00:00:00+00:00,1685.0,0.0,768.5354166666667,93.69930555555555,37.55555555555556,50.125,50.05555555555556,49.736111111111114,40.229166666666664,45.916666666666664,47.03472222222222,29.916666666666668,14.9,0.0,6.559027777777778,25.1,0.4,3.886111111111111,0.8152777777777778,5.447916666666667,290.77430555555554,21.22222222222222,-692.9097222222222,25024.61111111111,3503768.0,-466.77777777777777,-1268710,55.291666666666664,63.38194444444444,73.71527777777777,35.38194444444444,38.229166666666664,30.506944444444443,38.50694444444444,29.51388888888889,24.01388888888889,-3.2,89.8,11.039583333333333,2.0277777777777777,67.04861111111111,35.3125,35.166666666666664,37.0625,35.19444444444444,146.00833333333333,0.8375,50.00069444444445,399.8673611111111,398.43541666666664,396.9798611111111,142.32152777777776,151.98819444444445,142.26041666666666,1526.5,-51.8,35.09027777777778,0.8736111111111111,3.855555555555556,58.78819444444444,-52.87569444444445,1000.2,-999.9,24.081249999999997,154.76388888888889,1540.9,0.0,59.9375,-377.97291666666666,0.0,-1000.0,70.88055555555555,377.9659722222222,1000.0,0.0,70.88194444444444,41.229166666666664,292.84166666666664,T07,0.2,11.3,4.240972222222222,0.49916666666666665,0.2,11.6,4.194444444444445,0.4925,16.0,25.0,20.11111111111111,1008.0,1011.0,1009.2361111111111,38.0,81.0,59.708333333333336,0.0,0.0,0.0,0.0,81.54166666666667,80.77083333333333,409.22222222222223,TRANSFORMER,1
2016-06-18 00:00:00+00:00,1721.9,0.0,684.8345070422536,86.46056338028168,40.352112676056336,53.78169014084507,53.640845070422536,53.098591549295776,46.73943661971831,46.15492957746479,47.647887323943664,32.11267605633803,15.2,0.0,5.8605633802816905,24.3,0.4,4.124647887323944,0.8366197183098593,6.186619718309859,238.9387323943662,23.56338028169014,-802.3732394366198,38359.55633802817,5333115.0,-960.0985915492957,-1291597,68.8169014084507,74.28169014084507,81.75352112676056,36.514084507042256,39.17605633802817,32.58450704225352,39.11267605633803,31.225352112676056,26.56338028169014,-3.1,90.0,14.793661971830984,2.0401408450704226,62.66901408450704,36.478873239436616,36.429577464788736,38.359154929577464,36.471830985915496,225.39225352112678,0.7380281690140845,50.0,400.087323943662,398.7204225352113,396.79788732394366,205.66267605633803,216.0225352112676,209.1943661971831,2102.7,-52.2,35.647887323943664,0.854225352112676,4.088028169014085,65.78239436619718,-54.56760563380282,1000.6,-1000.1,22.919014084507044,236.41267605633803,2000.0,0.0,68.2612676056338,-312.6950704225352,0.0,-1000.0,49.86971830985915,307.74295774647885,1000.0,0.0,56.55492957746479,43.67605633802817,286.0084507042253,T07,0.3,13.1,4.449999999999999,0.47583333333333333,0.2,13.2,4.411111111111111,0.46513888888888894,18.0,30.0,22.65972222222222,1010.0,1014.0,1012.0625,22.0,71.0,46.03472222222222,0.0,0.0,0.0,0.0,85.8125,85.01388888888889,412.0,TRANSFORMER,1
2016-06-19 00:00:00+00:00,1778.5,0.0,1273.7777777777778,71.38125,52.048611111111114,78.53472222222223,78.13888888888889,76.82638888888889,47.388888888888886,51.77777777777778,55.916666666666664,34.083333333333336,15.7,0.0,11.265277777777778,40.7,0.4,6.878472222222222,1.2916666666666667,3.0395833333333333,90.27222222222223,24.23611111111111,-529.0277777777778,125549.55555555556,18002953.0,-634.0833333333334,-2748948,69.67361111111111,79.36805555555556,84.56944444444444,40.423611111111114,43.75694444444444,33.02777777777778,43.229166666666664,37.43055555555556,26.71527777777778,-3.2,89.8,3.822222222222222,1.7048611111111112,92.47916666666667,41.229166666666664,41.09722222222222,42.84722222222222,39.736111111111114,750.1069444444444,0.8465277777777778,49.99930555555555,400.8840277777778,398.78263888888887,398.6305555555556,645.1111111111111,664.1027777777778,642.1604166666667,2108.1,-51.5,41.99305555555556,0.6486111111111111,6.827083333333333,137.05833333333334,-114.49791666666667,1000.1,-848.5,28.702083333333334,756.7395833333334,2000.0,0.0,137.82222222222222,-652.2388888888888,0.0,-1000.0,86.35138888888889,603.4000000000001,1000.0,0.0,102.43055555555556,56.05555555555556,84.73055555555555,T07,1.0,15.2,6.709027777777778,0.6992361111111111,0.9,15.4,6.74375,0.7134027777777778,19.0,28.0,23.541666666666668,1013.0,1016.0,1014.5208333333334,36.0,69.0,50.520833333333336,0.0,0.0,0.0,0.0,130.99305555555554,131.75,414.5,TRANSFORMER,1
2016-06-20 00:00:00+00:00,1792.7,0.0,1349.7305555555556,51.800694444444446,51.576388888888886,78.45833333333333,78.05555555555556,76.54861111111111,40.00694444444444,50.61805555555556,55.74305555555556,33.81944444444444,15.8,0.0,11.916666666666666,41.9,0.4,7.460416666666666,1.3118055555555557,2.0416666666666665,88.79722222222222,23.48611111111111,-246.4375,139181.79166666666,20006691.0,-262.3611111111111,-3032957,66.47222222222223,76.19444444444444,82.08333333333333,40.88194444444444,42.895833333333336,32.375,42.68055555555556,36.75694444444444,26.006944444444443,-3.2,44.5,2.608333333333333,0.7645833333333334,92.09027777777777,41.75,41.701388888888886,43.451388888888886,40.06944444444444,833.6548611111111,0.9284722222222221,50.0,400.79999999999995,398.99791666666664,398.80277777777775,701.1305555555556,722.2333333333333,703.3569444444444,2104.3,-49.8,41.59722222222222,0.45625000000000004,7.395833333333333,137.54375,-126.40138888888889,620.2,-575.7,12.621527777777779,836.0736111111112,2000.0,0.0,138.07916666666668,-776.8819444444445,0.0,-1000.0,35.576388888888886,737.325,1000.0,0.0,49.65902777777777,54.638888888888886,86.76249999999999,T07,0.9,16.3,7.410416666666666,0.6072916666666667,0.8,16.3,7.470138888888889,0.6245138888888889,18.0,28.0,22.84027777777778,1010.0,1014.0,1011.9930555555555,32.0,82.0,54.21527777777778,0.0,0.0,0.0,0.0,145.05555555555554,146.20138888888889,411.9236111111111,TRANSFORMER,1
2016-06-21 00:00:00+00:00,1862.4,1393.8,1662.3381944444445,27.583333333333332,68.88194444444444,118.3125,116.84027777777777,113.63888888888889,47.173611111111114,54.270833333333336,62.298611111111114,37.708333333333336,16.3,12.4,14.730555555555554,42.5,0.4,12.572916666666666,2.428472222222222,0.15486111111111103,101.72291666666666,23.77777777777778,0.0,282117.49305555556,40624919.0,0.0,-4829688,88.14583333333333,101.52777777777777,107.125,46.50694444444444,48.36805555555556,32.09027777777778,47.951388888888886,44.84722222222222,25.59027777777778,-2.8,24.3,4.640972222222222,1.7666666666666666,118.22222222222223,48.145833333333336,48.048611111111114,49.548611111111114,44.25694444444444,1692.6916666666666,1.0,49.99930555555555,401.7972222222222,399.8069444444444,401.4861111111111,1412.9347222222223,1429.2312499999998,1400.775,2107.6,465.3,49.916666666666664,0.2340277777777778,12.275694444444445,136.94722222222222,-201.24097222222224,-149.9,-227.3,3.288888888888889,1691.3277777777778,2000.0,449.0,135.48263888888889,-785.182638888889,-583.3,-1000.0,58.09305555555555,645.0715277777778,1000.0,406.1,83.89722222222223,68.94444444444444,101.56458333333333,T07,3.2,25.0,12.898611111111112,2.1915277777777775,3.4,25.6,12.977083333333333,2.242986111111111,20.0,27.0,23.0625,1007.0,1012.0,1009.3402777777778,30.0,70.0,42.388888888888886,0.0,0.0,0.0,0.0,255.02777777777777,256.59722222222223,409.28472222222223,TRANSFORMER,1
2016-06-22 00:00:00+00:00,1827.7,1234.8,1645.0645833333333,33.00694444444444,70.60416666666667,121.38194444444444,119.95833333333333,116.61111111111111,46.59027777777778,54.583333333333336,62.541666666666664,37.375,16.2,10.9,14.578472222222224,44.7,0.5,11.475000000000001,2.334027777777778,0.14791666666666672,103.18263888888889,23.84722222222222,0.0,281820.34027777775,40582129.0,0.0,-4744872,94.29861111111111,109.18055555555556,114.27083333333333,45.68055555555556,49.041666666666664,32.520833333333336,48.888888888888886,46.43055555555556,25.819444444444443,-2.9,17.7,3.1104166666666666,2.2916666666666665,121.08333333333333,47.34722222222222,47.22222222222222,48.673611111111114,43.31944444444444,1690.9562500000002,0.9986111111111112,50.00069444444445,401.9118055555556,399.65555555555557,401.34027777777777,1409.7083333333333,1429.451388888889,1399.3486111111113,2107.2,144.1,51.0625,0.28194444444444444,11.300694444444444,119.625,-197.7,-102.5,-229.5,3.3465277777777778,1688.177777777778,2000.0,135.0,118.68958333333333,-738.8687500000001,-583.3,-1000.0,82.44652777777777,587.182638888889,1000.0,406.1,81.10763888888889,62.875,103.02569444444445,T07,2.0,19.9,10.783333333333333,2.0908333333333333,2.0,20.3,10.851388888888888,2.1154166666666665,20.0,28.0,23.15972222222222,1006.0,1009.0,1007.5763888888889,40.0,70.0,51.65277777777778,0.0,0.0,0.0,0.0,212.71527777777777,214.14583333333334,407.5208333333333,TRANSFORMER,1
2016-06-23 00:00:00+00:00,1742.2,0.0,1490.9333333333334,56.65902777777777,51.71527777777778,78.4375,78.20138888888889,77.0,48.13194444444444,52.583333333333336,58.18055555555556,35.02777777777778,15.4,0.0,13.204166666666667,41.8,0.5,7.317361111111111,1.3173611111111112,-0.12847222222222227,108.55208333333333,24.92361111111111,-23.86111111111111,120153.92361111111,17298729.0,-14.847222222222221,-3408963,68.33333333333333,78.94444444444444,90.66666666666667,41.270833333333336,44.583333333333336,33.36805555555556,43.979166666666664,37.333333333333336,26.95138888888889,-3.2,89.9,-1.511111111111111,0.65625,101.04861111111111,42.06944444444444,42.00694444444444,43.770833333333336,40.791666666666664,720.7375,0.9388888888888888,50.00069444444445,400.24930555555557,398.46527777777777,398.55833333333334,610.0131944444444,632.5180555555556,609.213888888889,2104.1,-46.9,42.34027777777778,0.5013888888888889,7.191666666666666,145.14583333333334,-142.03611111111113,8.3,-218.0,7.2444444444444445,721.0305555555556,2000.0,0.0,145.38333333333333,-924.4277777777778,0.0,-1000.0,62.64097222222222,910.3013888888888,1000.0,0.0,72.18194444444445,49.38194444444444,108.67638888888888,T07,1.6,15.0,7.039583333333334,1.379027777777778,1.6,15.0,7.090277777777778,1.3879166666666667,20.0,31.0,24.07638888888889,1009.0,1012.0,1010.4791666666666,30.0,79.0,57.576388888888886,0.0,0.0,0.0,0.0,137.66666666666666,138.77777777777777,410.43055555555554,TRANSFORMER,1
2016-06-24 00:00:00+00:00,1689.5,0.0,1202.228472222222,112.78472222222223,46.625,65.1875,65.11805555555556,64.70138888888889,48.27777777777778,52.291666666666664,55.09722222222222,33.86805555555556,15.0,0.0,10.625694444444443,21.7,0.4,5.399305555555555,0.9923611111111111,1.0868055555555554,151.74513888888887,25.708333333333332,-514.8194444444445,49642.40972222222,7074375.0,-517.1875,-2038002,61.9375,70.86111111111111,79.89583333333333,39.34722222222222,44.15277777777778,35.34027777777778,44.02777777777778,35.43055555555556,28.916666666666668,-3.1,89.7,4.252083333333333,2.566666666666667,92.74305555555556,39.59722222222222,39.541666666666664,41.361111111111114,39.50694444444444,294.72291666666666,0.8534722222222223,50.0,399.89444444444445,398.3076388888889,397.0444444444445,261.18125,284.5048611111111,269.01180555555555,1827.1,-52.2,41.59027777777778,1.0173611111111112,5.359722222222222,84.89236111111111,-84.90208333333334,1000.5,-806.0,26.874305555555555,305.3930555555555,1836.8,0.0,87.0,-694.1118055555556,0.0,-1000.0,93.58888888888889,693.6770833333334,1000.0,0.0,94.63888888888889,44.28472222222222,150.65208333333334,T07,0.2,10.8,5.535416666666666,0.5636805555555555,0.2,10.9,5.531944444444445,0.5743055555555556,20.0,33.0,24.729166666666668,1008.0,1011.0,1009.5347222222222,28.0,78.0,56.80555555555556,0.0,0.0,0.0,0.0,107.48611111111111,107.48611111111111,409.4791666666667,TRANSFORMER,1
2016-06-25 00:00:00+00:00,1651.5,0.0,722.7701388888888,82.94999999999999,39.395833333333336,50.291666666666664,50.30555555555556,50.020833333333336,45.65277777777778,47.125,47.763888888888886,32.09722222222222,14.6,0.0,6.225,19.9,0.4,3.7125000000000004,0.6909722222222222,-7.527083333333334,223.59583333333333,23.881944444444443,-840.6597222222222,21242.805555555555,2937906.0,-824.1527777777778,-1040435,57.88194444444444,65.59722222222223,78.27083333333333,36.47222222222222,40.15277777777778,33.763888888888886,39.96527777777778,32.03472222222222,27.57638888888889,-3.1,89.8,11.70138888888889,1.8680555555555556,65.38194444444444,36.34027777777778,36.229166666666664,38.11805555555556,36.548611111111114,122.39166666666668,0.7784722222222222,49.99861111111111,399.93888888888887,398.6979166666667,396.4972222222222,120.17291666666668,131.19097222222223,123.85833333333332,953.5,-51.9,36.81944444444444,0.7722222222222223,3.6868055555555554,38.91458333333333,-43.364583333333336,1000.1,-753.0,22.074305555555554,131.5548611111111,970.6,0.0,40.29236111111111,-358.13472222222225,0.0,-1000.0,61.22430555555555,358.13472222222225,1000.0,0.0,61.22430555555555,38.21527777777778,246.12361111111113,T07,0.0,9.3,3.8125,0.2279861111111111,0.3,9.4,3.7819444444444446,0.23694444444444443,18.0,27.0,22.979166666666668,1006.0,1009.0,1007.3055555555555,35.0,96.0,64.48611111111111,0.0,0.0,0.0,0.0,72.89583333333333,72.34027777777777,407.2708333333333,TRANSFORMER,1
2016-06-26 00:00:00+00:00,1658.3,0.0,1047.3548611111112,102.65625,40.236111111111114,56.88194444444444,56.93055555555556,56.611111111111114,48.361111111111114,46.94444444444444,49.49305555555556,30.07638888888889,14.7,0.0,9.212499999999999,40.2,0.4,4.373611111111111,0.9562500000000002,2.6624999999999996,212.63194444444446,20.95138888888889,-620.7569444444445,24395.694444444445,3423593.0,-783.2083333333334,-1493150,55.28472222222222,63.97222222222222,77.36805555555556,37.604166666666664,39.74305555555556,31.944444444444443,39.72222222222222,30.09027777777778,25.28472222222222,-3.1,69.9,4.829166666666667,2.490972222222222,83.875,37.69444444444444,37.576388888888886,39.44444444444444,37.55555555555556,142.66597222222222,0.7395833333333334,50.00138888888889,399.9909722222222,398.30833333333334,396.8409722222222,147.71944444444443,163.89583333333334,149.56875000000002,975.2,-51.7,37.013888888888886,0.9305555555555556,4.331250000000001,72.86944444444445,-62.25694444444444,1000.4,-1000.0,47.22152777777777,151.02708333333334,987.6,0.0,72.51180555555555,-489.15833333333336,0.0,-1000.0,170.5638888888889,489.15833333333336,1000.0,0.0,170.5638888888889,36.520833333333336,209.97291666666666,T07,0.8,9.9,4.686111111111111,0.5103472222222222,0.8,10.1,4.659722222222222,0.6135416666666668,18.0,24.0,19.958333333333332,1006.0,1010.0,1008.1180555555555,57.0,95.0,79.46527777777777,0.0,0.0,0.0,0.0,90.44444444444444,89.9375,408.05555555555554,TRANSFORMER,1
2016-06-27 00:00:00+00:00,1808.6,0.0,1074.6958333333334,42.92986111111111,53.423611111111114,86.57638888888889,85.66666666666667,83.14583333333333,47.88194444444444,48.361111111111114,52.423611111111114,33.3125,15.9,0.0,9.427777777777779,44.5,0.4,8.553472222222222,1.7201388888888889,1.7027777777777777,127.99027777777776,22.78472222222222,-502.1736111111111,182751.18055555556,26243857.0,-615.5486111111111,-3087371,71.375,81.78472222222223,93.38888888888889,41.104166666666664,42.458333333333336,31.4375,43.46527777777778,37.75,24.96527777777778,-2.7,89.8,12.359722222222222,2.5777777777777775,85.15972222222223,42.013888888888886,41.86805555555556,43.416666666666664,39.416666666666664,1093.5319444444444,0.8430555555555556,49.99861111111111,400.8375,399.2291666666667,398.56458333333336,918.7930555555556,932.4520833333333,918.1951388888889,2107.2,-50.5,43.201388888888886,0.3715277777777778,8.314583333333333,79.59930555555555,-128.62708333333333,848.6,-573.9,7.9319444444444445,1096.2486111111111,2000.0,0.0,77.99166666666666,-431.7270833333333,0.0,-1000.0,63.96180555555556,331.9631944444444,1000.0,0.0,63.72361111111112,53.125,121.29444444444445,T07,0.0,20.8,8.522222222222222,1.4734027777777778,0.0,21.1,8.556944444444445,1.5105555555555557,17.0,26.0,22.02777777777778,1006.0,1011.0,1008.6875,59.0,94.0,77.36111111111111,0.0,0.0,0.0,0.0,167.33333333333334,167.94444444444446,408.625,TRANSFORMER,1
2016-06-28 00:00:00+00:00,1800.6,256.9,1554.7833333333333,62.5326388888889,60.18055555555556,95.84027777777777,95.22916666666667,93.15277777777777,47.09722222222222,53.826388888888886,60.145833333333336,36.576388888888886,15.9,2.4,13.771527777777777,42.0,0.4,8.753472222222221,1.6979166666666667,-0.7256944444444444,98.73819444444445,24.881944444444443,-15.097222222222221,177807.48611111112,25602103.0,-12.26388888888889,-3847942,79.88194444444444,92.56944444444444,105.66666666666667,42.15972222222222,46.34027777777778,32.638888888888886,45.395833333333336,41.27777777777778,25.84722222222222,-3.3,45.3,-0.26041666666666674,1.2041666666666666,108.13888888888889,43.34722222222222,43.3125,44.875,41.0,1066.6930555555555,0.9791666666666666,50.00208333333333,400.68888888888887,398.80277777777775,398.81180555555557,888.9875,917.0854166666666,896.8479166666667,2108.3,-50.0,44.861111111111114,0.5493055555555556,8.636805555555556,183.11944444444444,-160.32986111111111,11.8,-222.6,7.429166666666666,1065.4284722222224,2000.0,0.0,182.4298611111111,-881.7402777777778,0.0,-1000.0,79.14375000000001,814.7340277777778,1000.0,0.0,89.06736111111111,57.611111111111114,99.46319444444445,T07,2.3,21.9,8.948611111111111,1.6515972222222224,2.2,22.1,9.0,1.666388888888889,22.0,28.0,24.17361111111111,1005.0,1009.0,1006.4652777777778,48.0,77.0,64.32638888888889,0.0,2.0,0.013888888888888888,0.0,176.01388888888889,176.96527777777777,406.44444444444446,TRANSFORMER,1
2016-06-29 00:00:00+00:00,1692.9,0.0,818.7958333333333,60.18055555555556,41.6875,54.77777777777778,54.770833333333336,54.52777777777778,42.770833333333336,48.201388888888886,49.458333333333336,32.50694444444444,15.0,0.0,7.151388888888889,26.7,0.4,4.074305555555556,0.7875000000000001,2.161805555555555,202.52430555555554,24.40972222222222,-833.7152777777778,25483.555555555555,3549575.0,-811.4097222222222,-1355541,59.72222222222222,68.55555555555556,102.88888888888889,37.19444444444444,41.548611111111114,33.72222222222222,41.28472222222222,32.875,27.680555555555557,-2.9,89.4,10.011111111111111,1.313888888888889,75.45833333333333,37.076388888888886,36.96527777777778,38.861111111111114,37.354166666666664,147.88819444444445,0.8,50.0,399.7298611111111,398.5444444444445,396.52916666666664,141.55833333333334,155.1576388888889,145.7701388888889,2043.9,-52.0,38.416666666666664,0.5375000000000001,4.076388888888889,50.22569444444444,-56.46805555555555,931.8,-587.6,15.818750000000001,156.8548611111111,2000.0,0.0,51.47361111111111,-433.09513888888887,0.0,-1000.0,82.27916666666667,431.4486111111111,1000.0,0.0,83.65138888888889,38.895833333333336,200.35902777777778,T07,0.0,12.8,4.436111111111111,0.34402777777777777,0.0,12.7,4.442361111111111,0.35618055555555556,20.0,26.0,23.34027777777778,1006.0,1009.0,1007.25,63.0,92.0,73.49305555555556,0.0,0.0,0.0,0.0,85.39583333333333,85.54166666666667,407.21527777777777,TRANSFORMER,1
2016-06-30 00:00:00+00:00,1551.1,0.0,850.2395833333334,56.72152777777777,39.97222222222222,52.583333333333336,52.604166666666664,52.3125,41.513888888888886,44.979166666666664,46.86805555555556,30.98611111111111,13.7,0.0,7.401388888888889,38.5,0.4,3.6999999999999997,0.7625,-7.822222222222223,236.3465277777778,23.17361111111111,-643.0833333333334,13294.965277777777,1821866.0,-429.56944444444446,-1070553,55.75694444444444,63.90277777777778,109.47222222222223,36.56944444444444,39.43055555555556,33.541666666666664,39.59027777777778,30.9375,27.34722222222222,-3.3,89.8,8.864583333333334,1.55625,71.88888888888889,36.451388888888886,36.388888888888886,38.270833333333336,36.583333333333336,75.92777777777778,0.8048611111111111,49.99791666666667,399.93125,398.5826388888889,396.73125000000005,84.33958333333334,96.37083333333334,85.5013888888889,600.1,-51.6,36.520833333333336,0.55,3.7222222222222223,44.986111111111114,-44.59583333333333,999.9,-653.4,25.750694444444445,83.99166666666666,615.8,0.0,45.037499999999994,-350.3375,0.0,-1000.0,158.5652777777778,350.3375,1000.0,0.0,158.5652777777778,36.09027777777778,244.17222222222225,T07,0.6000000000000001,8.5,3.9097222222222223,0.30118055555555556,0.6000000000000001,8.7,3.894444444444444,0.32208333333333333,20.0,26.0,22.17361111111111,1008.0,1011.0,1009.0277777777778,48.0,100.0,80.35416666666667,0.0,0.0,0.0,0.0,74.90277777777777,74.53472222222223,408.9861111111111,TRANSFORMER,1
2016-07-01 00:00:00+00:00,1649.2,0.0,851.7243055555556,97.02361111111111,42.0625,53.208333333333336,53.15277777777778,52.875,44.138888888888886,46.576388888888886,48.263888888888886,31.479166666666668,14.6,0.0,7.484027777777778,19.9,0.4,3.917361111111111,0.7847222222222222,-6.85625,229.6361111111111,23.791666666666668,-811.4513888888889,18583.45138888889,2559170.0,-663.7083333333334,-1072723,56.25694444444444,64.25,102.13888888888889,36.326388888888886,39.666666666666664,33.40277777777778,39.71527777777778,31.53472222222222,27.291666666666668,-2.8,89.8,9.21875,2.5465277777777775,70.50694444444444,36.30555555555556,36.19444444444444,38.09027777777778,36.354166666666664,106.6236111111111,0.7701388888888889,49.99791666666667,399.85,398.5680555555556,397.03541666666666,119.85833333333332,129.425,122.39861111111112,842.8,-50.1,36.520833333333336,0.8916666666666667,3.9208333333333334,41.333333333333336,-44.675,1000.2,-896.5,49.20972222222222,117.08402777777776,854.9,0.0,43.21944444444445,-364.9847222222222,0.0,-1000.0,89.37291666666667,364.9847222222222,1000.0,0.0,89.37291666666667,38.361111111111114,236.48611111111111,T07,0.4,10.2,4.143055555555556,0.31548611111111113,0.4,9.9,4.048611111111111,0.36333333333333334,19.0,28.0,22.791666666666668,1008.0,1011.0,1009.3958333333334,40.0,100.0,73.26388888888889,0.0,0.0,0.0,0.0,79.61111111111111,77.75,409.28472222222223,TRANSFORMER,1
2016-07-02 00:00:00+00:00,1766.4,0.0,692.942361111111,88.27152777777778,44.076388888888886,54.56944444444444,54.40972222222222,53.763888888888886,43.645833333333336,45.5625,47.604166666666664,34.861111111111114,15.6,0.0,5.960416666666666,45.1,0.4,4.203472222222222,0.9298611111111111,1.688888888888889,181.15416666666667,26.3125,-839.7222222222222,46073.069444444445,6513603.0,-756.9583333333334,-1331584,60.201388888888886,67.82638888888889,99.21527777777777,38.75,41.61805555555556,34.979166666666664,41.34027777777778,34.86805555555556,29.208333333333332,-2.9,89.9,13.507638888888888,1.9347222222222225,63.270833333333336,38.763888888888886,38.604166666666664,40.46527777777778,38.895833333333336,271.4631944444444,0.8229166666666666,49.99930555555555,399.6652777777778,398.6534722222222,396.7895833333333,246.11180555555555,254.6902777777778,248.67430555555555,2102.8,-51.6,38.666666666666664,0.8256944444444445,4.140972222222222,67.86875,-55.451388888888886,1000.3,-886.6,28.37013888888889,281.32500000000005,2000.0,0.0,69.12708333333333,-317.9347222222222,0.0,-1000.0,62.62013888888888,303.3333333333333,1000.0,0.0,67.86944444444445,43.583333333333336,181.9673611111111,T07,0.0,15.1,4.354861111111111,0.5706944444444445,0.0,15.2,4.345833333333333,0.6054166666666667,19.0,34.0,25.3125,1005.0,1010.0,1008.2152777777778,32.0,99.0,66.40277777777777,0.0,0.0,0.0,0.0,83.77777777777777,83.59027777777777,408.1875,TRANSFORMER,1
2016-07-03 00:00:00+00:00,1801.3,0.0,1463.7270833333334,65.02916666666667,65.08333333333333,102.97916666666667,102.02083333333333,99.56944444444444,45.888888888888886,54.763888888888886,60.65972222222222,38.40972222222222,15.9,0.0,12.947222222222223,45.4,0.4,9.577083333333333,1.9340277777777777,-1.3652777777777778,110.27222222222223,27.01388888888889,-298.0,203524.65277777778,29264641.0,-278.19444444444446,-4010785,80.11805555555556,91.31944444444444,102.1875,45.25,48.548611111111114,34.90972222222222,48.520833333333336,44.576388888888886,28.88888888888889,-3.2,81.1,3.7451388888888886,2.3409722222222222,110.40972222222223,46.40972222222222,46.27777777777778,47.84027777777778,43.90972222222222,1219.2895833333334,0.9388888888888888,49.99930555555555,400.8381944444444,398.9861111111111,399.33402777777775,1023.4895833333334,1044.3152777777777,1024.0479166666667,2106.8,-51.6,49.18055555555556,0.5763888888888888,9.246527777777779,145.82986111111111,-167.10347222222222,1000.4,-310.2,12.149305555555555,1220.6083333333333,2000.0,0.0,144.3326388888889,-710.213888888889,0.0,-1000.0,112.06736111111111,609.536111111111,1000.0,0.0,122.93819444444443,65.5,109.13125,T07,0.2,22.9,9.621527777777779,1.8286805555555554,0.3,23.2,9.676388888888889,1.855,23.0,29.0,26.34027777777778,1004.0,1007.0,1006.0902777777778,34.0,74.0,51.02777777777778,0.0,0.0,0.0,0.0,189.27083333333334,190.47916666666666,406.0486111111111,TRANSFORMER,1
2016-07-04 00:00:00+00:00,1718.3,0.0,983.3965277777778,76.2826388888889,45.34722222222222,60.798611111111114,60.72222222222222,60.46527777777778,48.888888888888886,48.25694444444444,50.423611111111114,32.770833333333336,15.2,0.0,8.630555555555555,21.5,0.4,4.408333333333333,0.9069444444444444,2.5354166666666664,205.36874999999998,23.97222222222222,-854.6597222222222,29325.284722222223,4099774.0,-1028.625,-1507079,64.34027777777777,74.77083333333333,97.32638888888889,37.5625,42.25,33.923611111111114,41.56944444444444,33.40277777777778,27.833333333333332,-3.4,89.9,6.777777777777778,1.978472222222222,82.59722222222223,37.604166666666664,37.520833333333336,39.388888888888886,37.61805555555556,170.76666666666668,0.7458333333333333,50.00208333333333,399.90972222222223,398.8020833333333,397.13750000000005,170.31180555555557,183.45833333333334,173.46249999999998,2099.5,-52.1,38.729166666666664,0.7138888888888889,4.350694444444445,62.517361111111114,-62.75069444444445,1000.3,-811.1,38.82083333333333,181.98055555555555,2000.0,0.0,63.638194444444444,-444.5861111111111,0.0,-1000.0,140.74513888888887,443.7916666666667,1000.0,0.0,141.82638888888889,45.138888888888886,202.82986111111111,T07,0.0,13.6,4.774305555555555,0.6436805555555556,0.0,13.9,4.730555555555556,0.6904861111111111,20.0,26.0,22.77777777777778,1007.0,1010.0,1008.5486111111111,65.0,93.0,77.79166666666667,0.0,0.0,0.0,0.0,92.35416666666667,91.34722222222223,408.4513888888889,TRANSFORMER,1
2016-07-05 00:00:00+00:00,1642.0,0.0,557.3451388888889,36.00763888888889,36.986111111111114,46.111111111111114,46.09027777777778,45.833333333333336,43.59722222222222,43.145833333333336,43.138888888888886,31.54861111111111,14.5,0.0,4.820138888888889,21.2,0.4,3.0118055555555556,0.6354166666666666,4.413888888888889,251.9423611111111,24.125,-782.7361111111111,12728.076388888889,1720128.0,-439.1041666666667,-806470,56.52777777777778,64.49305555555556,103.33333333333333,35.77777777777778,39.03472222222222,33.77777777777778,39.25694444444444,30.59027777777778,27.84722222222222,-3.1,89.8,13.963194444444445,0.76875,58.923611111111114,35.416666666666664,35.3125,37.25,35.763888888888886,71.69166666666666,0.8694444444444445,50.00069444444445,399.8486111111111,399.0263888888889,396.6138888888889,75.87847222222223,84.56319444444445,78.68819444444445,819.6,-50.8,35.94444444444444,0.2965277777777778,2.9875,33.420138888888886,-33.63055555555556,890.8,-880.8,15.064583333333335,78.12291666666667,858.2,0.0,32.66041666666667,-268.3986111111111,0.0,-1000.0,67.43402777777777,268.3986111111111,1000.0,0.0,67.43402777777777,37.43055555555556,262.53333333333336,T07,0.0,9.1,2.9402777777777778,0.26034722222222223,0.0,9.2,2.9388888888888887,0.26222222222222225,19.0,27.0,23.006944444444443,1008.0,1010.0,1009.2916666666666,61.0,98.0,79.23611111111111,0.0,0.0,0.0,0.0,55.36805555555556,55.458333333333336,409.2638888888889,TRANSFORMER,1
2016-07-06 00:00:00+00:00,1707.0,0.0,859.4229166666667,57.28611111111112,42.75694444444444,57.208333333333336,57.104166666666664,56.451388888888886,44.013888888888886,47.28472222222222,49.09027777777778,33.69444444444444,15.1,0.0,7.440277777777778,41.4,0.4,4.74375,0.9618055555555556,22.704166666666666,140.98611111111111,25.583333333333332,-570.6458333333334,56268.46527777778,8020486.0,-409.5625,-1834029,59.8125,67.99305555555556,103.53472222222223,37.77777777777778,40.701388888888886,33.541666666666664,40.270833333333336,33.81944444444444,28.09722222222222,-3.3,86.1,10.354861111111111,0.6958333333333333,69.58333333333333,37.9375,37.86805555555556,39.71527777777778,37.74305555555556,334.2111111111111,0.9173611111111111,49.99930555555555,400.2729166666667,398.87847222222223,397.2756944444444,288.06180555555557,303.24027777777775,291.56111111111113,2097.2,-50.0,37.354166666666664,0.48819444444444443,4.6618055555555555,118.2486111111111,-76.41874999999999,1000.4,-205.5,7.107638888888889,341.12361111111113,2000.0,0.0,118.50416666666666,-537.3854166666666,0.0,-1000.0,51.916666666666664,534.4937500000001,1000.0,0.0,57.4048611111111,44.71527777777778,193.26944444444445,T07,0.5,13.5,4.278472222222223,1.058263888888889,0.4,13.4,4.302777777777778,1.0866666666666667,20.0,30.0,24.72222222222222,1007.0,1010.0,1008.7083333333334,35.0,93.0,65.13194444444444,0.0,0.0,0.0,0.0,82.23611111111111,82.66666666666667,408.65972222222223,TRANSFORMER,1
2016-07-07 00:00:00+00:00,1674.6,0.0,698.0784722222222,97.96805555555555,39.94444444444444,51.5,51.5,51.21527777777778,46.708333333333336,46.201388888888886,47.076388888888886,32.34027777777778,14.8,0.0,5.971527777777777,23.7,0.4,3.507638888888889,0.7534722222222222,7.709722222222222,232.1673611111111,23.75,-1014.4861111111111,15322.576388888889,2060368.0,-1073.0416666666667,-933188,58.333333333333336,66.63194444444444,95.72916666666667,36.666666666666664,40.4375,33.638888888888886,40.166666666666664,32.00694444444444,27.59722222222222,-2.8,89.9,12.05,2.5,67.47222222222223,36.49305555555556,36.38194444444444,38.270833333333336,36.84722222222222,85.78402777777778,0.726388888888889,50.0,400.22013888888887,399.12638888888887,397.1013888888889,97.17361111111111,106.32986111111111,100.37986111111111,1216.8,-51.9,37.229166666666664,0.901388888888889,3.497916666666667,40.11597222222222,-38.91388888888889,999.9,-830.6,34.35208333333333,98.01319444444444,1235.3,0.0,40.96805555555555,-302.90416666666664,0.0,-1000.0,100.60902777777778,302.90416666666664,1000.0,0.0,100.60902777777778,38.77777777777778,236.95902777777778,T07,0.0,9.6,3.513888888888889,0.41631944444444446,0.0,9.8,3.521527777777778,0.4277777777777778,20.0,26.0,22.729166666666668,1007.0,1012.0,1009.3819444444445,58.0,93.0,77.83333333333333,0.0,1.0,0.006944444444444444,0.0,67.03472222222223,67.11805555555556,409.3263888888889,TRANSFORMER,1
2016-07-08 00:00:00+00:00,1571.1,0.0,791.6131944444445,177.09583333333333,42.40972222222222,53.65972222222222,53.61805555555556,53.43055555555556,47.72222222222222,47.3125,49.083333333333336,34.541666666666664,13.9,0.0,6.918055555555555,21.9,0.4,3.5847222222222226,0.8173611111111111,-0.6701388888888888,207.0013888888889,27.430555555555557,-1267.763888888889,8541.333333333334,1047393.0,-1610.736111111111,-927171,58.923611111111114,66.67361111111111,94.39583333333333,39.18055555555556,42.88194444444444,37.263888888888886,42.798611111111114,34.78472222222222,31.041666666666668,-2.9,89.9,11.874305555555557,5.311111111111111,71.75694444444444,39.020833333333336,38.90277777777778,40.84027777777778,39.81944444444444,43.62986111111111,0.6173611111111111,50.00069444444445,400.30069444444445,399.1298611111111,397.60069444444446,86.17152777777778,91.56458333333333,86.80833333333334,596.7,-52.1,39.94444444444444,1.6263888888888889,3.538888888888889,38.770833333333336,-38.58611111111111,1000.5,-999.9,81.45972222222223,61.89861111111111,648.9,0.0,40.766666666666666,-232.5111111111111,0.0,-1000.0,144.34027777777777,232.5111111111111,1000.0,0.0,144.34027777777777,41.30555555555556,205.175,T07,0.4,9.8,4.077777777777778,0.44909722222222226,0.3,9.6,4.061111111111111,0.45048611111111114,19.0,33.0,26.416666666666668,1008.0,1012.0,1010.1458333333334,37.0,96.0,62.916666666666664,0.0,0.0,0.0,0.0,78.22916666666667,77.91666666666667,410.1111111111111,TRANSFORMER,1
2016-07-09 00:00:00+00:00,1798.1,94.3,1516.4069444444444,41.22777777777778,65.71527777777777,103.6875,102.88194444444444,100.40972222222223,45.50694444444444,54.861111111111114,61.104166666666664,40.15972222222222,15.9,0.0,13.418055555555556,45.0,0.4,9.409027777777778,1.6729166666666666,-0.2562500000000001,95.00208333333333,29.229166666666668,-115.65277777777777,204783.79861111112,29472212.0,-140.00694444444446,-3932688,80.21527777777777,90.88194444444444,108.5625,46.99305555555556,50.111111111111114,36.861111111111114,50.111111111111114,46.63194444444444,30.930555555555557,-3.0,46.6,2.1145833333333335,1.7868055555555555,111.52083333333333,48.138888888888886,48.02777777777778,49.63194444444444,45.763888888888886,1227.954861111111,0.9347222222222222,50.00069444444445,401.0486111111111,399.1388888888889,399.59027777777777,1028.8395833333334,1050.9409722222222,1027.8805555555555,2107.3,-49.6,50.729166666666664,0.3729166666666667,9.078472222222222,122.61666666666666,-163.86041666666668,633.8,-238.3,7.91736111111111,1255.0263888888887,2000.0,0.0,125.69722222222224,-769.0590277777778,0.0,-1000.0,88.42361111111111,648.0250000000001,1000.0,0.0,106.42013888888889,68.03472222222223,95.26249999999999,T07,1.2,18.0,9.522916666666667,1.0078472222222221,1.1,18.1,9.574305555555556,1.0292361111111112,25.0,32.0,28.76388888888889,1005.0,1010.0,1007.5277777777778,33.0,60.0,41.701388888888886,0.0,0.0,0.0,0.0,187.45138888888889,188.54166666666666,407.49305555555554,TRANSFORMER,1
2016-07-10 00:00:00+00:00,1796.5,0.0,657.1798611111111,57.862500000000004,51.354166666666664,66.93055555555556,66.70833333333333,65.76388888888889,47.00694444444444,53.013888888888886,53.791666666666664,37.40277777777778,15.8,0.0,5.706944444444444,40.8,0.5,9.250694444444443,1.6798611111111112,-0.970138888888889,94.50972222222222,28.958333333333332,-1639.3125,71663.76388888889,10083525.0,-1902.4305555555557,-1656086,74.22222222222223,84.69444444444444,112.65972222222223,41.25,46.4375,36.65972222222222,45.56944444444444,40.09722222222222,30.79861111111111,-2.8,89.8,48.64791666666667,1.9145833333333333,72.97222222222223,41.354166666666664,41.25694444444444,43.125,41.56944444444444,420.0965277777778,0.7513888888888889,50.0,401.5756944444445,399.9423611111111,400.02986111111113,373.9173611111111,382.1013888888889,374.9270833333333,2103.6,-50.3,43.49305555555556,0.4548611111111111,9.156944444444443,65.91527777777777,-68.99930555555555,537.7,-733.3,11.990972222222222,1145.3131944444444,2000.0,0.0,176.13194444444446,-322.45416666666665,0.0,-1000.0,44.41458333333333,293.79791666666665,1000.0,0.0,46.765277777777776,50.90277777777778,95.49166666666666,T07,1.6,20.0,9.243055555555555,1.1503472222222222,1.7000000000000002,20.2,9.302083333333334,1.1784027777777777,25.0,33.0,28.25,1005.0,1007.0,1006.1111111111111,36.0,62.0,47.24305555555556,0.0,0.0,0.0,0.0,181.86805555555554,183.0,406.05555555555554,TRANSFORMER,1
2016-07-11 00:00:00+00:00,1721.8,0.0,957.7736111111111,106.73888888888888,48.388888888888886,63.40277777777778,63.270833333333336,62.888888888888886,46.88194444444444,50.86805555555556,53.13194444444444,36.72222222222222,15.2,0.0,8.368055555555555,23.1,0.4,4.419444444444444,0.8298611111111112,2.5972222222222223,225.51805555555555,29.02777777777778,-1053.1666666666667,35762.479166666664,4998144.0,-1147.2083333333333,-1268275,64.50694444444444,72.88194444444444,94.31944444444444,40.513888888888886,45.375,37.645833333333336,44.854166666666664,38.236111111111114,31.75,-3.3,89.8,7.543749999999999,2.6069444444444447,82.31944444444444,40.55555555555556,40.458333333333336,42.375,40.951388888888886,208.25625,0.7104166666666667,50.00208333333333,400.1069444444445,398.8777777777778,397.16041666666666,205.39375,218.48194444444445,210.66527777777776,2102.1,-51.6,42.229166666666664,0.9722222222222222,4.331250000000001,54.704861111111114,-52.81736111111111,1000.3,-991.6,44.829861111111114,220.14930555555554,2000.0,0.0,54.174305555555556,-396.7659722222222,0.0,-1000.0,97.1861111111111,389.56944444444446,1000.0,0.0,99.51249999999999,48.99305555555556,225.4138888888889,T07,0.0,12.6,4.420833333333333,0.42006944444444444,0.0,12.9,4.425000000000001,0.4203472222222222,24.0,33.0,28.13888888888889,1005.0,1007.0,1006.1180555555555,30.0,62.0,43.104166666666664,0.0,0.0,0.0,0.0,85.09027777777777,85.22916666666667,406.0763888888889,TRANSFORMER,1
2016-07-12 00:00:00+00:00,1690.5,0.0,801.2402777777778,91.89722222222223,43.74305555555556,55.638888888888886,55.5625,55.1875,45.74305555555556,48.38194444444444,50.166666666666664,35.3125,14.9,0.0,6.963888888888889,24.9,0.4,4.258333333333334,0.7548611111111111,-8.330555555555556,283.08124999999995,26.930555555555557,-1015.1875,36776.979166666664,5149697.0,-1408.423611111111,-1437651,61.916666666666664,69.77777777777777,89.96527777777777,39.423611111111114,43.5625,36.013888888888886,43.09722222222222,35.59722222222222,30.194444444444443,-3.3,89.7,11.347916666666666,1.8527777777777779,69.89583333333333,39.43055555555556,39.34027777777778,41.25694444444444,40.076388888888886,214.57152777777776,0.6861111111111111,49.99861111111111,400.2722222222222,399.19722222222225,397.1951388888889,204.57430555555555,215.17847222222224,209.27777777777777,1558.4,-50.7,40.423611111111114,0.8673611111111111,4.199999999999999,59.3451388888889,-59.8763888888889,942.7,-966.0,28.967361111111114,225.72500000000002,1571.5,0.0,61.40069444444445,-367.46458333333334,0.0,-1000.0,31.83055555555556,367.4513888888889,1000.0,0.0,31.96111111111111,46.638888888888886,291.41319444444446,T07,0.5,11.5,4.622222222222223,0.29965277777777777,0.4,11.4,4.612500000000001,0.2997222222222222,22.0,32.0,25.993055555555557,1006.0,1008.0,1006.5763888888889,29.0,76.0,53.15277777777778,0.0,0.0,0.0,0.0,89.20138888888889,88.91666666666667,406.49305555555554,TRANSFORMER,1
2016-07-13 00:00:00+00:00,1660.5,0.0,554.7375,73.38541666666667,39.34722222222222,47.638888888888886,47.638888888888886,47.43055555555556,47.111111111111114,46.388888888888886,45.6875,34.138888888888886,14.7,0.0,4.75,22.0,0.4,2.852777777777778,0.6722222222222222,11.18611111111111,196.35625,26.541666666666668,-1152.0555555555557,10193.006944444445,1301900.0,-1416.875,-870315,59.479166666666664,67.11111111111111,91.65972222222223,37.638888888888886,41.416666666666664,36.40277777777778,41.13194444444444,33.74305555555556,30.416666666666668,-2.9,86.2,14.540972222222223,2.1055555555555556,59.263888888888886,37.25694444444444,37.19444444444444,39.145833333333336,38.02777777777778,54.25347222222222,0.6472222222222223,50.00069444444445,399.8722222222222,398.8541666666667,396.4715277777778,73.15,79.50277777777778,75.28680555555555,1030.2,-52.3,38.083333333333336,0.6298611111111111,2.8444444444444446,34.43472222222223,-36.31388888888889,1000.6,-980.0,30.657638888888886,66.52013888888888,1049.4,0.0,34.32013888888889,-211.70972222222224,0.0,-1000.0,90.37569444444445,211.70972222222224,1000.0,0.0,90.37569444444445,44.041666666666664,237.67708333333334,T07,0.0,9.4,3.1215277777777777,0.363125,0.0,9.6,3.0791666666666666,0.36118055555555556,21.0,30.0,25.569444444444443,1006.0,1009.0,1007.6736111111111,39.0,75.0,55.986111111111114,0.0,0.0,0.0,0.0,59.0625,58.21527777777778,407.5763888888889,TRANSFORMER,1
2016-07-14 00:00:00+00:00,1855.3,0.0,1498.9965277777778,36.65347222222223,74.13194444444444,121.66666666666667,120.34027777777777,116.8125,45.69444444444444,55.50694444444444,62.798611111111114,39.46527777777778,16.2,0.0,13.259027777777778,45.1,0.4,12.650694444444445,2.401388888888889,-1.2256944444444444,95.2826388888889,26.11111111111111,-459.24305555555554,275229.77777777775,39566957.0,-382.0208333333333,-4528972,90.38888888888889,103.60416666666667,114.16666666666667,47.625,50.576388888888886,33.763888888888886,50.72222222222222,48.583333333333336,27.67361111111111,-2.7,89.8,12.903472222222222,2.675,119.8125,49.173611111111114,49.020833333333336,50.486111111111114,45.50694444444444,1648.5875,0.9784722222222223,50.00069444444445,401.41875000000005,399.43541666666664,400.5451388888889,1379.2312499999998,1397.7312499999998,1376.0715277777776,2111.4,-51.7,53.125,0.3041666666666667,12.269444444444444,98.96180555555556,-188.70277777777778,1.6,-243.3,4.615972222222222,1851.2763888888887,2000.0,187.3,95.04374999999999,-613.85625,0.0,-1000.0,82.61944444444445,459.42986111111105,1000.0,0.0,70.54652777777778,74.24305555555556,96.50277777777778,T07,5.2,20.6,12.692361111111111,1.545,5.4,20.5,12.759722222222223,1.5847222222222221,23.0,28.0,25.319444444444443,1007.0,1010.0,1008.6111111111111,52.0,79.0,67.86111111111111,0.0,0.0,0.0,0.0,250.94444444444446,252.3125,408.56944444444446,TRANSFORMER,1
2016-07-15 00:00:00+00:00,1815.5,0.0,1050.7333333333333,33.93888888888889,60.701388888888886,94.02777777777777,93.15277777777777,90.52777777777777,46.854166666666664,53.861111111111114,56.791666666666664,37.041666666666664,16.0,0.0,9.190277777777778,44.8,0.6000000000000001,14.409027777777778,2.807638888888889,-0.25416666666666665,98.07430555555555,25.979166666666668,-1040.0277777777778,195350.65972222222,27980731.0,-1209.9375,-3272190,84.22916666666667,97.42361111111111,112.75,43.875,46.923611111111114,33.11805555555556,46.65972222222222,43.43055555555556,27.319444444444443,-2.5,89.7,36.795833333333334,2.0243055555555554,91.93055555555556,44.80555555555556,44.72222222222222,46.28472222222222,42.59722222222222,1165.8319444444444,0.8541666666666666,50.00069444444445,401.6736111111111,399.8173611111111,400.8569444444445,986.1770833333334,997.5,982.6555555555556,2111.2,-48.2,47.15277777777778,0.23819444444444443,14.113888888888889,75.20277777777778,-136.33819444444444,14.5,-236.8,4.788194444444445,1906.2395833333333,2000.0,267.1,85.82152777777777,-418.75416666666666,0.0,-1000.0,53.141666666666666,307.0597222222222,1000.0,0.0,51.64791666666667,60.083333333333336,98.33819444444445,T07,4.6,25.8,14.359027777777776,2.4683333333333333,4.9,26.0,14.4375,2.5150694444444444,23.0,28.0,25.28472222222222,1006.0,1009.0,1007.5763888888889,31.0,75.0,54.583333333333336,0.0,0.0,0.0,0.0,284.40277777777777,285.96527777777777,407.5416666666667,TRANSFORMER,1
2016-07-16 00:00:00+00:00,1842.8,0.0,1154.3659722222224,123.59861111111111,65.98611111111111,104.44444444444444,103.27777777777777,100.40972222222223,46.826388888888886,53.6875,60.145833333333336,39.53472222222222,16.1,0.0,10.122222222222224,44.2,0.9,16.552083333333332,3.040972222222222,0.8027777777777777,96.11458333333333,24.98611111111111,-1441.2708333333333,221660.90972222222,31711627.0,-1242.111111111111,-3776410,84.52083333333333,97.47916666666667,106.27083333333333,44.90277777777778,54.44444444444444,32.611111111111114,61.30555555555556,45.111111111111114,26.416666666666668,-2.5,86.3,35.950694444444444,5.961805555555555,129.73611111111111,45.96527777777778,45.826388888888886,47.34722222222222,43.576388888888886,1321.3583333333333,0.9270833333333334,50.0,401.38125,399.23333333333335,400.46736111111113,1120.6999999999998,1131.4270833333333,1114.5590277777778,2103.9,-51.0,68.15972222222223,1.0694444444444444,16.140972222222224,135.6375,-157.34930555555556,11.5,-235.8,14.653472222222222,1988.0638888888889,2000.0,731.4,18.515972222222224,-406.71458333333334,0.0,-1000.0,54.513888888888886,288.62083333333334,1000.0,0.0,47.46041666666667,65.77083333333333,95.32361111111112,T07,7.8,24.8,16.408333333333335,2.6649305555555554,7.9,24.5,16.490277777777777,2.7415972222222225,22.0,27.0,24.395833333333332,1005.0,1008.0,1007.1875,39.0,69.0,54.05555555555556,0.0,0.0,0.0,0.0,325.43055555555554,327.03472222222223,407.13194444444446,TRANSFORMER,1
2016-07-17 00:00:00+00:00,1834.5,0.0,1082.1166666666666,131.02291666666667,63.583333333333336,99.47222222222223,98.43055555555556,95.63888888888889,46.701388888888886,53.3125,59.611111111111114,39.46527777777778,16.1,0.0,9.477083333333333,46.5,1.0,15.639583333333333,2.9319444444444445,0.7402777777777778,99.39513888888888,24.868055555555557,-1626.3680555555557,205050.63194444444,29293095.0,-1393.2152777777778,-3564104,82.34027777777777,95.27083333333333,102.83333333333333,44.1875,55.263888888888886,32.583333333333336,63.09722222222222,44.02777777777778,26.22222222222222,-2.5,89.8,37.87708333333333,6.448611111111111,130.99305555555554,45.104166666666664,45.00694444444444,46.53472222222222,43.11805555555556,1220.4111111111113,0.9187500000000001,50.0,401.22569444444446,398.9215277777778,399.9638888888889,1037.9465277777776,1048.8743055555556,1033.13125,2108.5,-55.5,70.39583333333333,1.1319444444444444,15.26388888888889,158.87916666666666,-148.48958333333334,10.9,-235.3,16.15277777777778,1956.5715277777776,2000.0,182.7,40.953472222222224,-390.93125,0.0,-1000.0,71.40347222222222,280.29375000000005,1000.0,0.0,62.21388888888888,62.048611111111114,98.6625,T07,5.6,25.1,15.126388888888888,2.5974305555555555,5.9,25.4,15.188888888888888,2.659861111111111,21.0,27.0,24.26388888888889,1005.0,1008.0,1006.4305555555555,30.0,74.0,54.013888888888886,0.0,0.0,0.0,0.0,299.68055555555554,300.94444444444446,406.3958333333333,TRANSFORMER,1
2016-07-18 00:00:00+00:00,1814.5,0.0,1214.9833333333333,94.94999999999999,65.22916666666667,104.72916666666667,103.58333333333333,100.96527777777777,46.18055555555556,53.583333333333336,59.80555555555556,38.61805555555556,16.0,0.0,10.6875,44.3,0.8,12.380555555555555,2.3090277777777777,0.20555555555555555,100.86875,25.63888888888889,-861.875,208007.57638888888,29828985.0,-807.6736111111111,-3838872,83.76388888888889,96.27083333333333,103.60416666666667,44.78472222222222,51.49305555555556,33.208333333333336,55.46527777777778,43.625,26.958333333333332,-3.1,89.8,25.82361111111111,4.8375,120.88194444444444,45.826388888888886,45.701388888888886,47.270833333333336,43.55555555555556,1242.8034722222224,0.9090277777777778,50.0,400.1166666666667,398.0680555555556,398.8256944444445,1051.5986111111113,1064.1826388888887,1046.882638888889,2107.4,-53.3,60.138888888888886,0.8201388888888889,12.127777777777778,169.85902777777778,-159.94652777777776,5.3,-232.5,12.072916666666666,1785.3548611111112,2000.0,207.4,107.98263888888889,-536.5972222222222,0.0,-1000.0,85.88680555555555,423.69375,1000.0,0.0,79.47708333333334,65.31944444444444,100.66874999999999,T07,4.9,18.9,11.839583333333334,1.5380555555555555,4.9,19.3,11.900694444444445,1.555625,22.0,29.0,25.07638888888889,1006.0,1008.0,1006.7847222222222,26.0,68.0,49.923611111111114,0.0,0.0,0.0,0.0,233.79861111111111,235.04861111111111,406.7013888888889,TRANSFORMER,1
2016-07-19 00:00:00+00:00,1846.4,0.0,1638.6916666666666,38.142361111111114,69.76388888888889,116.44444444444444,115.43055555555556,112.16666666666667,45.99305555555556,54.354166666666664,62.423611111111114,38.49305555555556,16.0,0.0,14.516666666666667,43.0,0.4,10.931944444444445,2.1215277777777777,1.0013888888888889,101.05416666666666,27.11111111111111,-36.826388888888886,258144.36805555556,37167486.0,-25.569444444444443,-4776380,86.49305555555556,99.5625,105.9375,47.326388888888886,48.138888888888886,34.21527777777778,46.826388888888886,45.43055555555556,28.131944444444443,-3.2,89.8,1.995138888888889,1.9048611111111111,114.61111111111111,48.791666666666664,48.68055555555556,50.270833333333336,45.333333333333336,1548.554861111111,0.9979166666666666,49.99930555555555,399.8638888888889,397.7361111111111,397.80625,1294.3493055555555,1316.5868055555557,1294.4680555555556,2106.2,-51.6,48.28472222222222,0.32916666666666666,10.597222222222221,171.8722222222222,-199.0125,13.6,-299.3,6.241666666666666,1553.992361111111,2000.0,0.0,169.5701388888889,-819.0881944444444,0.0,-1000.0,76.84444444444445,692.9777777777778,1000.0,0.0,93.32222222222222,72.01388888888889,97.55694444444445,T07,2.5,24.7,10.275694444444445,1.609236111111111,2.3,25.5,10.337499999999999,1.6260416666666666,23.0,32.0,26.47222222222222,1005.0,1010.0,1006.6666666666666,34.0,69.0,52.96527777777778,0.0,0.0,0.0,0.0,202.5625,203.85416666666666,406.61805555555554,TRANSFORMER,1
2016-07-20 00:00:00+00:00,1770.3,0.0,1071.9097222222222,122.65277777777777,50.104166666666664,69.79861111111111,69.66666666666667,69.03472222222223,46.888888888888886,52.236111111111114,55.03472222222222,36.19444444444444,15.6,0.0,9.425694444444444,39.8,0.4,5.411111111111111,1.1770833333333333,-2.307638888888889,163.33472222222224,28.9375,-935.7847222222222,60634.375,8596595.0,-1016.4652777777778,-2203069,66.49305555555556,76.26388888888889,95.67361111111111,41.104166666666664,45.40972222222222,37.18055555555556,44.520833333333336,37.611111111111114,31.256944444444443,-3.2,89.7,6.072222222222222,2.482638888888889,87.56944444444444,41.326388888888886,41.22222222222222,43.048611111111114,41.40277777777778,358.18888888888887,0.7916666666666666,49.99861111111111,399.20000000000005,397.9138888888889,396.3659722222222,325.3798611111111,342.4090277777778,330.34166666666664,2100.0,-52.1,42.576388888888886,1.1062500000000002,5.300694444444444,117.8138888888889,-91.81319444444445,1000.6,-816.6,35.326388888888886,370.0777777777778,2000.0,0.0,118.77152777777776,-564.5118055555555,0.0,-1000.0,101.91180555555555,556.3083333333333,1000.0,0.0,106.24375,53.90972222222222,165.63958333333332,T07,0.0,21.3,5.090972222222223,1.0634722222222224,0.0,21.8,5.104166666666667,1.0758333333333332,24.0,35.0,28.07638888888889,1005.0,1009.0,1007.4861111111111,30.0,73.0,51.0,0.0,0.0,0.0,0.0,98.63888888888889,98.84722222222223,407.43055555555554,TRANSFORMER,1
2016-07-21 00:00:00+00:00,1692.7,0.0,753.7888888888889,67.88958333333333,43.11805555555556,54.798611111111114,54.708333333333336,54.298611111111114,46.333333333333336,48.625,50.145833333333336,35.72222222222222,15.0,0.0,6.519444444444444,41.9,0.4,4.106944444444444,0.7027777777777778,1.7534722222222225,246.36458333333334,28.15972222222222,-884.5902777777778,32751.86111111111,4588887.0,-1286.3958333333333,-1421609,61.52777777777778,69.36805555555556,85.57638888888889,39.854166666666664,43.583333333333336,37.958333333333336,43.076388888888886,36.34027777777778,31.98611111111111,-3.2,89.7,11.51736111111111,1.1625,67.59722222222223,39.798611111111114,39.666666666666664,41.583333333333336,40.40972222222222,191.18125,0.6986111111111112,50.0,399.0173611111111,398.1222222222222,395.9583333333333,180.05277777777778,189.65555555555557,185.4138888888889,1376.5,-50.2,40.451388888888886,0.601388888888889,4.036111111111111,51.68263888888889,-59.243750000000006,999.9,-854.0,17.459722222222222,200.89930555555554,1406.6,0.0,53.37638888888889,-402.275,0.0,-1000.0,30.001388888888886,402.275,1000.0,0.0,30.001388888888886,47.49305555555556,247.10208333333333,T07,0.0,11.0,4.004861111111111,0.2882638888888889,0.0,10.9,3.997916666666667,0.289375,22.0,32.0,27.17361111111111,1006.0,1009.0,1007.3888888888889,22.0,76.0,52.111111111111114,0.0,0.0,0.0,0.0,76.79861111111111,76.74305555555556,407.3541666666667,TRANSFORMER,1
2016-07-22 00:00:00+00:00,1687.2,0.0,817.8645833333334,78.99930555555555,41.375,55.71527777777778,55.71527777777778,55.361111111111114,47.97222222222222,48.833333333333336,49.875,31.65277777777778,14.9,0.0,7.186111111111111,27.1,0.4,4.065277777777777,0.7972222222222222,-0.8965277777777781,255.93333333333334,24.17361111111111,-912.375,28770.166666666668,4011519.0,-1186.6319444444443,-1557638,57.75,66.47916666666667,84.02083333333333,37.625,40.548611111111114,34.55555555555556,40.05555555555556,31.70138888888889,28.52777777777778,-3.1,89.7,10.18611111111111,1.8722222222222225,73.22916666666667,37.5,37.361111111111114,39.291666666666664,37.65277777777778,167.16527777777776,0.7354166666666667,50.0,399.6715277777778,398.48749999999995,396.61249999999995,160.8138888888889,173.53333333333333,163.7215277777778,1710.9,-51.6,37.541666666666664,0.6930555555555555,4.017361111111111,62.88472222222222,-64.90833333333333,869.1,-794.6,19.625694444444445,180.88680555555555,1738.0,0.0,63.173611111111114,-433.26458333333335,0.0,-1000.0,85.90625,433.14930555555554,1000.0,0.0,86.56319444444445,48.888888888888886,259.3305555555555,T07,0.0,11.8,4.324999999999999,0.37701388888888887,0.0,11.9,4.3180555555555555,0.3811805555555556,20.0,27.0,23.17361111111111,1006.0,1008.0,1007.4305555555555,51.0,84.0,68.85416666666667,0.0,0.0,0.0,0.0,83.19444444444444,83.18055555555556,407.3611111111111,TRANSFORMER,1
2016-07-23 00:00:00+00:00,1784.7,0.0,1141.1715277777778,85.525,48.145833333333336,71.75,71.42361111111111,70.02777777777777,47.763888888888886,48.53472222222222,52.986111111111114,33.74305555555556,15.7,0.0,10.082638888888889,29.7,0.4,6.450694444444444,1.2840277777777778,-7.606944444444445,126.41111111111111,25.70138888888889,-555.0208333333334,111436.94444444444,15966998.0,-784.25,-2405667,62.583333333333336,71.39583333333333,88.92361111111111,41.36805555555556,42.09027777777778,34.75,41.625,36.111111111111114,28.78472222222222,-3.0,84.2,6.300000000000001,2.058333333333333,80.39583333333333,41.923611111111114,41.84722222222222,43.645833333333336,40.798611111111114,665.3958333333334,0.8013888888888889,50.00069444444445,399.9173611111111,398.45694444444445,397.0159722222222,571.3763888888889,586.0701388888889,575.0659722222222,2105.5,-50.3,40.201388888888886,0.7590277777777777,6.302777777777778,116.45069444444445,-100.21458333333334,1000.3,-987.3,27.355555555555554,672.879861111111,2000.0,0.0,118.70694444444445,-561.3069444444444,0.0,-1000.0,71.99791666666667,527.870138888889,1000.0,0.0,80.84791666666666,55.34027777777778,134.02430555555554,T07,0.0,15.4,6.299305555555556,0.6497916666666668,0.0,15.3,6.211805555555555,0.7011805555555556,20.0,31.0,24.881944444444443,1006.0,1008.0,1007.3402777777778,48.0,97.0,72.10416666666667,0.0,0.0,0.0,0.0,122.75694444444444,121.03472222222223,407.28472222222223,TRANSFORMER,1
2016-07-24 00:00:00+00:00,1822.2,0.0,1261.6569444444444,27.77638888888889,66.79861111111111,110.65972222222223,109.47916666666667,106.28472222222223,46.145833333333336,54.25,59.36805555555556,37.208333333333336,16.1,0.0,11.108333333333334,44.7,0.7000000000000001,13.79861111111111,2.5854166666666667,-0.10902777777777788,95.97222222222223,26.333333333333332,-730.4791666666666,239775.38194444444,34422465.0,-809.875,-3831190,85.91666666666667,98.59027777777777,111.80555555555556,46.048611111111114,47.125,33.77777777777778,46.15277777777778,44.916666666666664,27.805555555555557,-2.5,88.0,26.021527777777777,2.0493055555555557,103.08333333333333,47.22222222222222,47.041666666666664,48.63194444444444,44.048611111111114,1434.2666666666667,0.9090277777777778,50.0,401.2659722222222,398.95902777777775,399.7965277777778,1202.802777777778,1218.1527777777778,1199.7923611111112,2108.5,-49.6,47.583333333333336,0.20277777777777778,13.497916666666667,72.25625,-159.62916666666666,7.0,-249.9,4.506944444444445,1942.8902777777778,2000.0,556.7,69.01249999999999,-488.8847222222222,0.0,-1000.0,62.200694444444444,351.4826388888889,1000.0,0.0,54.68263888888889,70.40972222222223,96.09791666666666,T07,6.3,21.5,13.838194444444445,1.609513888888889,6.4,21.6,13.913888888888888,1.6593749999999998,23.0,29.0,25.65277777777778,1006.0,1008.0,1006.875,44.0,80.0,61.65277777777778,0.0,0.0,0.0,0.0,273.9166666666667,275.4791666666667,406.7986111111111,TRANSFORMER,1
2016-07-25 00:00:00+00:00,1821.3,0.0,1430.5284722222223,28.801388888888887,71.31944444444444,119.52777777777777,118.3125,115.16666666666667,45.520833333333336,55.47222222222222,62.09027777777778,39.111111111111114,16.0,0.0,12.636805555555556,43.1,0.8,13.31388888888889,2.3631944444444444,0.2798611111111112,93.20625000000001,27.041666666666668,-522.9513888888889,253042.60416666666,36362829.0,-503.50694444444446,-4294422,89.54166666666667,102.90972222222223,113.02777777777777,47.53472222222222,49.0625,34.166666666666664,47.74305555555556,46.361111111111114,28.1875,-2.7,86.1,17.540972222222223,1.9888888888888887,114.17361111111111,48.798611111111114,48.701388888888886,50.208333333333336,45.46527777777778,1515.0395833333334,0.9597222222222221,50.0,401.0805555555555,398.95902777777775,399.34791666666666,1268.2875,1284.6444444444444,1265.853472222222,2106.6,-50.8,49.25694444444444,0.2326388888888889,12.865972222222222,79.89097222222222,-178.92708333333334,-15.4,-375.2,5.338888888888889,1838.4541666666669,2000.0,36.5,63.40902777777777,-646.3090277777778,0.0,-1000.0,59.233333333333334,490.11249999999995,1000.0,0.0,56.69097222222222,72.95833333333333,92.93958333333333,T07,3.8,21.3,12.93888888888889,1.39625,3.6,21.2,13.027777777777779,1.437361111111111,24.0,30.0,26.430555555555557,1006.0,1008.0,1007.2638888888889,41.0,66.0,52.479166666666664,0.0,0.0,0.0,0.0,256.0208333333333,257.6041666666667,407.24305555555554,TRANSFORMER,1
2016-07-26 00:00:00+00:00,1762.0,0.0,1412.1090277777778,43.12986111111111,64.52083333333333,102.47222222222223,101.70138888888889,99.18055555555556,45.65972222222222,54.1875,60.25,38.61805555555556,15.6,0.0,12.477083333333333,42.1,0.4,9.46736111111111,1.626388888888889,2.0416666666666665,115.44583333333334,29.02777777777778,-468.0486111111111,202519.52777777778,29095414.0,-488.71527777777777,-3434517,82.25694444444444,94.24305555555556,105.51388888888889,46.423611111111114,47.84722222222222,36.138888888888886,46.65972222222222,44.81944444444444,30.131944444444443,-3.1,89.8,6.330555555555556,1.525,102.91666666666667,47.49305555555556,47.354166666666664,48.986111111111114,45.125,1212.3000000000002,0.9208333333333333,49.99930555555555,400.7076388888889,398.8979166666667,398.12708333333336,1018.5374999999999,1038.5013888888889,1024.0513888888888,2104.2,-50.6,46.833333333333336,0.38333333333333336,9.1375,135.29027777777776,-143.07222222222222,926.1,-916.1,18.37847222222222,1304.263888888889,2000.0,0.0,128.25,-707.6805555555555,0.0,-1000.0,70.59375,608.463888888889,1000.0,0.0,86.49583333333334,68.45833333333333,113.41874999999999,T07,0.4,16.4,8.931944444444445,0.6768055555555557,0.4,16.5,8.990277777777777,0.6888194444444444,24.0,34.0,28.32638888888889,1007.0,1009.0,1007.9930555555555,31.0,65.0,44.30555555555556,0.0,0.0,0.0,0.0,175.59722222222223,176.85416666666666,407.94444444444446,TRANSFORMER,1
2016-07-27 00:00:00+00:00,1631.4,0.0,730.4715277777777,49.06805555555556,41.048611111111114,53.291666666666664,53.28472222222222,53.02777777777778,47.19444444444444,47.208333333333336,47.93055555555556,32.923611111111114,14.4,0.0,6.302777777777778,23.3,0.4,3.5395833333333333,0.7118055555555556,9.3,204.8951388888889,25.11111111111111,-957.2083333333334,13419.888888888889,1794621.0,-1357.326388888889,-1199388,59.645833333333336,68.65277777777777,86.29861111111111,37.513888888888886,41.27777777777778,36.229166666666664,40.81944444444444,32.59027777777778,30.458333333333332,-3.1,89.8,11.159027777777778,1.1222222222222222,69.59722222222223,37.24305555555556,37.15972222222222,39.0625,37.74305555555556,74.76458333333333,0.6444444444444445,49.99861111111111,399.1965277777778,398.2680555555555,395.8388888888889,99.34097222222222,109.24097222222223,102.93819444444445,909.1,-52.2,37.986111111111114,0.4395833333333334,3.486111111111111,36.00416666666667,-50.03819444444444,848.2,-957.8,50.12013888888889,83.74166666666666,921.6,0.0,36.300694444444446,-322.9631944444444,0.0,-1000.0,107.5923611111111,322.9631944444444,1000.0,0.0,107.5923611111111,43.5625,218.0965277777778,T07,0.0,8.9,3.6284722222222223,0.26694444444444443,0.0,9.1,3.5812500000000003,0.32534722222222223,20.0,28.0,24.354166666666668,1007.0,1010.0,1008.7777777777778,37.0,98.0,71.97916666666667,0.0,0.0,0.0,0.0,69.29166666666667,68.23611111111111,408.68055555555554,TRANSFORMER,1
2016-07-28 00:00:00+00:00,1704.3,0.0,746.0854166666667,72.15,40.25694444444444,53.208333333333336,53.104166666666664,52.479166666666664,47.31944444444444,46.03472222222222,47.958333333333336,33.65277777777778,15.1,0.0,6.445833333333334,39.8,0.4,4.383333333333334,0.9409722222222222,-2.0069444444444446,150.88402777777776,26.444444444444443,-776.5208333333334,45847.04861111111,6490157.0,-1019.1111111111111,-1690469,58.763888888888886,66.8125,82.57638888888889,38.5625,41.02777777777778,35.5,41.06944444444444,33.56944444444444,29.895833333333332,-3.1,89.5,14.0125,1.4041666666666666,62.354166666666664,38.55555555555556,38.451388888888886,40.34722222222222,38.72222222222222,270.44166666666666,0.74375,49.99930555555555,399.5993055555556,398.3888888888889,396.38194444444446,240.28125,251.27499999999998,243.31180555555557,2099.2,-50.2,37.951388888888886,0.65625,4.290972222222222,87.9048611111111,-70.42152777777778,935.7,-895.9,8.325694444444444,279.5493055555555,2000.0,0.0,90.51944444444445,-420.7395833333333,0.0,-1000.0,35.15138888888889,416.2729166666667,1000.0,0.0,39.56805555555556,46.083333333333336,145.39305555555555,T07,0.2,15.0,4.270833333333333,0.9242361111111111,0.2,15.0,4.223611111111111,0.9658333333333334,20.0,32.0,25.319444444444443,1006.0,1009.0,1007.7152777777778,34.0,98.0,68.61805555555556,0.0,0.0,0.0,0.0,82.0625,81.1875,407.6111111111111,TRANSFORMER,1
2016-07-29 00:00:00+00:00,1702.5,0.0,1351.2180555555556,88.80486111111111,49.90277777777778,73.63194444444444,73.52083333333333,72.84027777777777,47.34027777777778,52.416666666666664,56.513888888888886,34.11805555555556,15.1,0.0,11.963888888888889,42.6,0.4,6.1819444444444445,1.1583333333333334,-0.48750000000000004,140.8138888888889,26.76388888888889,-247.52777777777777,74908.27777777778,10751149.0,-232.54166666666666,-2767287,63.229166666666664,72.54166666666667,88.79166666666667,40.25694444444444,44.15277777777778,36.06944444444444,43.22222222222222,36.00694444444444,30.07638888888889,-3.2,89.9,-0.0034722222222222407,1.6555555555555557,96.93055555555556,40.736111111111114,40.68055555555556,42.5,40.208333333333336,447.90208333333334,0.8777777777777778,50.0,399.3805555555556,397.57222222222225,397.15763888888887,390.8840277777778,411.3486111111111,390.82708333333335,2097.1,-50.6,41.34722222222222,0.79375,6.027083333333334,123.72083333333333,-115.31666666666666,902.5,-709.5,20.41736111111111,451.375,2000.0,0.0,123.96041666666666,-797.1076388888889,0.0,-1000.0,91.76875000000001,791.4006944444444,1000.0,0.0,97.82986111111111,56.923611111111114,141.3013888888889,T07,1.3,14.0,6.264583333333333,1.198888888888889,1.2,14.3,6.311805555555555,1.2381944444444446,21.0,32.0,25.90972222222222,1005.0,1009.0,1006.4513888888889,41.0,89.0,68.02083333333333,0.0,0.0,0.0,0.0,122.125,123.1875,406.36805555555554,TRANSFORMER,1
2016-07-30 00:00:00+00:00,1689.1,0.0,673.745138888889,100.86319444444445,37.63194444444444,48.46527777777778,48.44444444444444,48.138888888888886,44.736111111111114,44.736111111111114,45.958333333333336,31.73611111111111,14.9,0.0,5.792361111111111,20.6,0.4,3.4479166666666665,0.7541666666666668,4.185416666666667,258.52152777777775,23.944444444444443,-940.75,13255.576388888889,1773336.0,-833.6875,-784660,56.548611111111114,64.97222222222223,83.30555555555556,36.291666666666664,39.38194444444444,34.19444444444444,39.229166666666664,31.3125,28.305555555555557,-2.7,89.8,13.109027777777778,2.5923611111111113,62.50694444444444,36.111111111111114,36.03472222222222,37.88194444444444,36.479166666666664,73.88819444444444,0.7881944444444444,50.0,399.6479166666667,398.3888888888889,395.99861111111113,84.26249999999999,92.31666666666666,87.44166666666666,1645.9,-51.9,36.25,0.9645833333333333,3.4229166666666666,43.72569444444444,-32.68263888888889,1000.5,-923.5,31.595138888888886,87.13055555555555,1664.8,0.0,44.82222222222222,-263.5875,0.0,-1000.0,94.56527777777778,263.53055555555557,1000.0,0.0,94.61597222222223,39.25,259.34027777777777,T07,0.0,9.9,3.55,0.403125,0.0,10.0,3.5576388888888886,0.40423611111111113,20.0,27.0,22.770833333333332,1008.0,1011.0,1009.5555555555555,52.0,92.0,74.15972222222223,0.0,0.0,0.0,0.0,67.65277777777777,67.79166666666667,409.52777777777777,TRANSFORMER,1
2016-07-31 00:00:00+00:00,1673.0,0.0,784.0076388888889,134.47916666666666,40.083333333333336,52.56944444444444,52.50694444444444,52.27777777777778,46.125,47.4375,49.145833333333336,32.31944444444444,14.8,0.0,6.767361111111111,28.3,0.4,3.8118055555555554,0.8083333333333333,5.457638888888889,265.0798611111111,25.194444444444443,-894.5972222222222,19215.833333333332,2638260.0,-1123.173611111111,-1120966,56.826388888888886,65.05555555555556,84.15277777777777,37.68055555555556,40.4375,34.229166666666664,40.21527777777778,32.5,28.34722222222222,-3.1,89.8,10.286805555555555,3.2972222222222225,68.17361111111111,37.53472222222222,37.416666666666664,39.3125,37.861111111111114,109.91180555555555,0.7027777777777778,50.0,399.18888888888887,397.71666666666664,395.6048611111111,113.74722222222222,127.76666666666668,120.00625000000001,1057.7,-50.1,37.458333333333336,1.25,3.775694444444445,50.77013888888889,-46.68472222222223,1000.2,-613.1,38.67777777777778,121.82777777777778,1078.2,0.0,52.65416666666667,-375.6020833333333,0.0,-1000.0,109.19861111111112,375.6020833333333,1000.0,0.0,109.19861111111112,41.861111111111114,269.61041666666665,T07,0.0,10.2,3.9749999999999996,0.4484027777777778,0.0,10.3,3.9506944444444443,0.4481944444444445,20.0,30.0,24.256944444444443,1007.0,1011.0,1009.1041666666666,44.0,93.0,75.25,0.0,0.0,0.0,0.0,76.24305555555556,75.74305555555556,409.06944444444446,TRANSFORMER,1
2016-08-01 00:00:00+00:00,1648.2,0.0,470.0708333333333,47.87222222222223,39.638888888888886,48.15972222222222,48.0625,47.78472222222222,46.81944444444444,46.59027777777778,45.604166666666664,34.354166666666664,14.6,0.0,3.9972222222222222,18.6,0.4,2.738888888888889,0.6083333333333334,-13.65625,239.70833333333334,27.20138888888889,-1186.173611111111,11977.159722222223,1553902.0,-1526.638888888889,-781985,58.77777777777778,66.63194444444444,84.74305555555556,38.166666666666664,41.701388888888886,36.270833333333336,41.375,33.576388888888886,30.73611111111111,-3.2,56.9,15.853472222222223,0.9826388888888888,60.11805555555556,37.833333333333336,37.75,39.68055555555556,38.71527777777778,64.74583333333334,0.6375000000000001,50.00208333333333,399.58402777777775,398.80625,396.0180555555555,78.6548611111111,83.80208333333333,82.32499999999999,1019.5,-51.8,38.40972222222222,0.41944444444444445,2.701388888888889,28.197916666666668,-32.55347222222222,1000.2,-999.8,21.94375,73.82291666666667,1032.7,0.0,26.18402777777778,-205.2625,0.0,-1000.0,48.15902777777777,205.2625,1000.0,0.0,48.15902777777777,40.583333333333336,278.37152777777777,T07,0.0,9.9,2.91875,0.2297916666666667,0.0,10.3,2.9256944444444444,0.23055555555555557,21.0,32.0,26.229166666666668,1008.0,1010.0,1008.7569444444445,28.0,91.0,61.270833333333336,0.0,0.0,0.0,0.0,54.986111111111114,55.09027777777778,408.69444444444446,TRANSFORMER,1
2016-08-02 00:00:00+00:00,1715.6,0.0,1172.8138888888889,81.71944444444445,48.423611111111114,68.13888888888889,68.02777777777777,67.38194444444444,47.013888888888886,50.854166666666664,54.46527777777778,35.395833333333336,15.2,0.0,10.347222222222221,40.7,0.4,5.702083333333333,1.0902777777777777,2.245833333333333,100.92916666666666,27.98611111111111,-552.7986111111111,65358.96527777778,9332090.0,-660.0416666666666,-2266941,62.40972222222222,71.11111111111111,87.40972222222223,40.986111111111114,44.798611111111114,36.541666666666664,44.25694444444444,36.80555555555556,30.819444444444443,-3.1,89.9,4.734027777777778,1.386111111111111,87.875,41.388888888888886,41.31944444444444,43.173611111111114,41.333333333333336,388.84305555555557,0.8256944444444445,49.99930555555555,399.39444444444445,397.60555555555555,396.6472222222222,346.85625000000005,366.95416666666665,349.8576388888889,1918.8,-50.1,42.263888888888886,0.7423611111111111,5.585416666666666,124.59583333333333,-94.50902777777777,1000.7,-924.9,24.381944444444443,401.9506944444445,1934.8,0.0,129.12152777777777,-680.3326388888888,0.0,-1000.0,73.88402777777777,679.4465277777778,1000.0,0.0,76.80138888888888,50.97222222222222,118.68680555555557,T07,0.7000000000000001,12.7,5.640277777777778,0.9314583333333333,0.7000000000000001,12.8,5.679861111111111,0.9425,24.0,32.0,27.09722222222222,1007.0,1010.0,1009.125,45.0,83.0,65.33333333333333,0.0,0.0,0.0,0.0,109.63888888888889,110.38888888888889,409.0833333333333,TRANSFORMER,1
2016-08-03 00:00:00+00:00,1671.4,0.0,756.7819444444444,92.69513888888889,41.81944444444444,53.71527777777778,53.68055555555556,53.49305555555556,47.00694444444444,48.25694444444444,49.548611111111114,34.03472222222222,14.8,0.0,6.628472222222222,19.3,0.4,3.5909722222222222,0.7215277777777778,7.269444444444444,204.20625,26.881944444444443,-1027.75,12789.076388888889,1693634.0,-1434.3680555555557,-1009465,59.34722222222222,67.61111111111111,85.40277777777777,38.1875,42.229166666666664,37.541666666666664,41.69444444444444,34.3125,31.61111111111111,-2.9,89.9,10.718055555555557,2.4520833333333334,69.63194444444444,37.986111111111114,37.895833333333336,39.75694444444444,38.583333333333336,70.57638888888889,0.6298611111111111,49.99930555555555,399.2215277777778,397.9555555555555,395.78819444444446,92.87291666666667,103.89097222222222,97.82638888888889,846.0,-51.4,38.84722222222222,0.8409722222222222,3.540277777777778,35.486111111111114,-42.08125,1000.1,-972.9,53.675694444444446,83.29236111111112,857.1,0.0,37.15694444444445,-299.29583333333335,0.0,-1000.0,104.23611111111111,299.29583333333335,1000.0,0.0,104.23611111111111,41.736111111111114,189.44652777777776,T07,0.0,10.2,3.582638888888889,0.3695833333333333,0.0,10.2,3.5687499999999996,0.37562500000000004,23.0,30.0,25.694444444444443,1006.0,1010.0,1008.0625,60.0,91.0,74.35416666666667,0.0,0.0,0.0,0.0,68.38194444444444,68.16666666666667,408.02777777777777,TRANSFORMER,1
2016-08-04 00:00:00+00:00,1671.4,0.0,649.6875,73.0298611111111,39.25694444444444,49.80555555555556,49.736111111111114,49.43055555555556,45.02777777777778,46.0625,46.708333333333336,32.854166666666664,14.8,0.0,5.550000000000001,19.5,0.4,3.5673611111111114,0.7027777777777778,1.6090277777777773,249.8409722222222,25.833333333333332,-945.8958333333334,20728.215277777777,2848655.0,-924.5138888888889,-998146,57.71527777777778,65.84722222222223,83.64583333333333,37.25694444444444,40.166666666666664,35.625,39.9375,32.729166666666664,29.84722222222222,-3.1,89.9,13.238888888888889,1.5493055555555555,61.513888888888886,37.125,37.048611111111114,38.951388888888886,37.548611111111114,118.69166666666666,0.7819444444444446,50.00069444444445,399.2951388888889,398.30277777777775,395.78472222222223,116.02083333333333,125.54652777777778,120.70694444444445,1119.5,-52.1,36.791666666666664,0.6486111111111111,3.5145833333333334,44.36597222222222,-41.59722222222222,867.4,-878.0,17.352083333333333,129.49444444444444,1136.1,0.0,45.38333333333333,-314.9284722222222,0.0,-1000.0,60.949999999999996,314.9284722222222,1000.0,0.0,60.949999999999996,40.09722222222222,250.7451388888889,T07,0.0,10.6,3.654166666666667,0.29631944444444447,0.0,10.4,3.65625,0.3047222222222222,20.0,30.0,24.881944444444443,1007.0,1009.0,1007.9375,44.0,100.0,75.60416666666667,0.0,0.0,0.0,0.0,69.73611111111111,69.78472222222223,407.8611111111111,TRANSFORMER,1
2016-08-05 00:00:00+00:00,1599.8,0.0,659.6652777777778,85.36944444444445,40.30555555555556,50.50694444444444,50.479166666666664,50.22222222222222,46.861111111111114,46.763888888888886,47.5,33.75,14.2,0.0,5.688194444444445,23.1,0.4,3.423611111111111,0.7159722222222222,0.6416666666666669,232.48263888888889,26.73611111111111,-1049.138888888889,11192.236111111111,1460607.0,-1598.576388888889,-915427,58.59722222222222,66.44444444444444,85.36805555555556,37.979166666666664,41.638888888888886,36.541666666666664,41.1875,33.78472222222222,30.70138888888889,-2.9,89.8,13.06111111111111,1.9659722222222225,63.65972222222222,37.673611111111114,37.576388888888886,39.46527777777778,38.361111111111114,60.87152777777778,0.6090277777777778,50.00069444444445,399.4236111111111,398.2888888888889,396.1506944444444,83.70277777777778,90.78125,85.22777777777777,848.8,-52.0,38.3125,0.8083333333333333,3.3944444444444444,31.99583333333333,-38.140277777777776,1000.5,-948.6,40.37430555555555,72.91597222222222,879.2,0.0,34.2625,-259.49027777777775,0.0,-1000.0,84.0638888888889,259.49027777777775,1000.0,0.0,84.0638888888889,39.798611111111114,231.8388888888889,T07,0.3,8.9,3.6631944444444446,0.32319444444444445,0.0,9.1,3.6590277777777778,0.3260416666666667,23.0,29.0,25.70138888888889,1008.0,1011.0,1009.1458333333334,37.0,83.0,64.79166666666667,0.0,0.0,0.0,0.0,70.03472222222223,69.90277777777777,409.0625,TRANSFORMER,1
2016-08-06 00:00:00+00:00,1806.0,0.0,1463.867361111111,33.265277777777776,69.34722222222223,115.45138888888889,114.27777777777777,110.98611111111111,45.09722222222222,55.40972222222222,61.88194444444444,38.236111111111114,15.9,0.0,12.940972222222221,42.5,0.6000000000000001,12.64236111111111,2.372916666666667,-0.31805555555555554,99.62222222222222,27.319444444444443,-465.02777777777777,258734.5,37190804.0,-413.09027777777777,-4382420,83.875,95.91666666666667,109.74305555555556,47.729166666666664,48.229166666666664,34.736111111111114,47.548611111111114,45.888888888888886,28.604166666666668,-2.6,89.7,13.586111111111112,2.3569444444444443,111.38888888888889,49.19444444444444,48.99305555555556,50.520833333333336,45.638888888888886,1549.6923611111113,0.9701388888888888,50.0,400.6305555555556,398.13958333333335,398.81388888888887,1297.7340277777778,1318.1597222222222,1294.2069444444444,2107.2,-47.6,49.22222222222222,0.2708333333333333,12.222222222222221,96.69166666666666,-182.60208333333333,13.3,-235.5,4.0569444444444445,1782.0555555555557,2000.0,149.2,92.45694444444445,-626.3243055555555,0.0,-1000.0,77.57847222222222,482.04999999999995,1000.0,0.0,72.53888888888889,69.52083333333333,99.94652777777777,T07,3.3,22.2,12.899999999999999,1.7695138888888888,3.4,22.3,12.977777777777778,1.8028472222222223,25.0,30.0,26.680555555555557,1009.0,1012.0,1010.4583333333334,43.0,78.0,64.18055555555556,0.0,0.0,0.0,0.0,255.20833333333334,256.6388888888889,410.38194444444446,TRANSFORMER,1
2016-08-07 00:00:00+00:00,1828.1,0.0,1586.617361111111,32.704861111111114,72.82638888888889,125.21527777777777,123.82638888888889,120.1875,45.13194444444444,55.333333333333336,63.09722222222222,38.986111111111114,16.1,0.0,14.04375,52.5,0.5,12.840277777777779,2.4312500000000004,2.1444444444444444,96.45833333333333,26.67361111111111,-230.52083333333334,288143.52777777775,41459474.0,-197.77083333333334,-4553942,91.28472222222223,105.08333333333333,115.16666666666667,48.59722222222222,48.861111111111114,33.86805555555556,47.611111111111114,47.02777777777778,27.67361111111111,-3.2,89.8,8.827083333333333,2.39375,117.375,50.236111111111114,50.125,51.486111111111114,46.111111111111114,1727.486111111111,0.9868055555555555,49.99930555555555,401.0673611111111,398.5340277777778,399.2916666666667,1441.0777777777778,1461.8708333333334,1435.725,2111.7,-52.2,49.645833333333336,0.27222222222222225,12.352083333333333,117.92430555555555,-189.7472222222222,9.9,-241.2,5.352777777777778,1826.5819444444444,2000.0,96.3,114.77361111111112,-675.026388888889,0.0,-1000.0,79.02708333333334,515.2423611111111,1000.0,0.0,83.06666666666666,73.31944444444444,94.31736111111111,T07,3.4,23.2,12.760416666666666,1.7128472222222222,3.8,22.9,12.834027777777777,1.7482638888888888,24.0,29.0,25.96527777777778,1009.0,1012.0,1010.5416666666666,41.0,70.0,55.84027777777778,0.0,0.0,0.0,0.0,252.29166666666666,253.83333333333334,410.49305555555554,TRANSFORMER,1
2016-08-08 00:00:00+00:00,1840.4,0.0,1627.3138888888889,38.416666666666664,74.25,129.15277777777777,127.59027777777777,123.94444444444444,44.93055555555556,55.31944444444444,63.34027777777778,39.02777777777778,16.2,0.0,14.413194444444445,44.7,0.8,13.680555555555555,2.6645833333333333,-0.626388888888889,94.06805555555555,25.979166666666668,-128.08333333333334,300074.7083333333,43192314.0,-110.43055555555556,-5003783,93.17361111111111,107.66666666666667,118.11111111111111,48.61805555555556,49.06944444444444,33.166666666666664,47.736111111111114,46.861111111111114,26.958333333333332,-2.6,89.8,8.802083333333334,3.0611111111111113,120.35416666666667,50.236111111111114,50.13194444444444,51.625,45.99305555555556,1799.68125,0.9930555555555556,49.99930555555555,400.6138888888889,398.2722222222222,398.9659722222222,1503.2833333333333,1521.7847222222222,1497.3006944444444,2112.4,-47.7,50.083333333333336,0.3236111111111111,13.190277777777778,124.89583333333333,-208.49027777777778,10.0,-240.2,4.979166666666667,1855.315277777778,2000.0,148.1,110.55763888888889,-674.6659722222222,0.0,-1000.0,79.90138888888889,508.44027777777774,1000.0,0.0,86.98888888888888,74.04166666666667,94.69236111111111,T07,6.1,24.6,14.051388888888889,2.423541666666667,5.9,23.8,14.12638888888889,2.4747222222222223,23.0,29.0,25.40277777777778,1009.0,1011.0,1009.8472222222222,42.0,75.0,59.270833333333336,0.0,0.0,0.0,0.0,278.19444444444446,279.69444444444446,409.8125,TRANSFORMER,1
2016-08-09 00:00:00+00:00,1767.3,1225.9,1586.2381944444444,36.544444444444444,65.45833333333333,106.22222222222223,105.44444444444444,102.90972222222223,46.270833333333336,54.18055555555556,61.52777777777778,37.75,15.6,10.9,14.05,42.7,0.5,9.414583333333333,1.702777777777778,0.2937499999999999,101.64097222222222,27.77777777777778,0.0,207782.53472222222,29920685.0,0.0,-4270345,83.41666666666667,96.38888888888889,105.84027777777777,45.84722222222222,47.701388888888886,35.298611111111114,46.333333333333336,43.8125,29.07638888888889,-3.2,14.1,-0.5375000000000001,0.882638888888889,110.97916666666667,47.03472222222222,46.94444444444444,48.5625,44.5,1246.6750000000002,0.9763888888888889,50.0,399.7951388888889,397.67499999999995,397.4236111111111,1039.8055555555557,1067.0055555555555,1046.1472222222224,2103.4,-43.4,46.59722222222222,0.3159722222222222,9.02986111111111,174.92291666666668,-177.93263888888887,0.6000000000000001,-264.5,5.936805555555555,1245.1118055555555,2000.0,0.0,173.9138888888889,-901.0194444444445,0.0,-1000.0,83.93819444444445,795.1006944444445,1000.0,0.0,107.42847222222223,65.02083333333333,101.3451388888889,T07,1.6,16.0,8.59236111111111,1.2624305555555555,1.3,16.2,8.652777777777779,1.2827777777777778,24.0,32.0,26.9375,1006.0,1010.0,1008.0902777777778,28.0,58.0,42.21527777777778,0.0,0.0,0.0,0.0,168.79166666666666,170.08333333333334,408.0416666666667,TRANSFORMER,1
2016-08-10 00:00:00+00:00,1811.2,0.0,1362.6916666666666,47.075694444444444,60.38194444444444,99.20138888888889,98.35416666666667,95.93055555555556,45.97222222222222,53.00694444444444,58.395833333333336,36.52777777777778,15.9,0.0,12.072916666666666,43.8,0.4,9.1125,1.7027777777777777,-0.6083333333333333,105.02152777777778,26.083333333333332,-393.96527777777777,195828.24305555556,28142535.0,-508.40972222222223,-3759921,76.40972222222223,87.85416666666667,95.92361111111111,45.05555555555556,46.013888888888886,33.958333333333336,45.354166666666664,41.50694444444444,27.72222222222222,-3.0,89.8,5.938888888888889,2.4361111111111113,102.07638888888889,46.076388888888886,45.951388888888886,47.548611111111114,43.548611111111114,1172.6958333333334,0.85625,50.0,400.4006944444444,398.1736111111111,397.87083333333334,990.8937500000001,1008.5194444444444,988.4333333333333,2109.2,-49.6,45.8125,0.41874999999999996,8.777777777777779,106.36875,-156.67083333333332,914.2,-508.5,14.409027777777778,1177.009722222222,2000.0,0.0,106.30416666666666,-565.8430555555556,0.0,-1000.0,91.84861111111111,461.28333333333336,1000.0,0.0,95.7486111111111,64.49305555555556,105.63263888888889,T07,1.1,17.9,9.080555555555556,1.4025694444444445,1.3,18.2,9.152777777777779,1.4109027777777776,22.0,30.0,25.381944444444443,1005.0,1008.0,1006.3125,41.0,78.0,56.13194444444444,0.0,0.0,0.0,0.0,178.58333333333334,179.94444444444446,406.27777777777777,TRANSFORMER,1
2016-08-11 00:00:00+00:00,1804.3,0.0,1296.2388888888888,33.357638888888886,66.16666666666667,109.49305555555556,108.36111111111111,105.27083333333333,46.173611111111114,54.3125,59.576388888888886,37.145833333333336,15.9,0.0,11.406944444444445,42.8,0.6000000000000001,13.261111111111111,2.627083333333333,-0.03263888888888889,99.05000000000001,26.15972222222222,-666.3125,235670.17361111112,33840555.0,-736.75,-4013418,86.59027777777777,99.90972222222223,112.3125,45.708333333333336,46.729166666666664,33.388888888888886,45.56944444444444,44.24305555555556,27.22222222222222,-2.5,89.9,23.041666666666668,2.5472222222222225,103.5,46.923611111111114,46.854166666666664,48.4375,43.729166666666664,1409.982638888889,0.9152777777777779,49.99861111111111,400.98125000000005,398.6986111111111,399.4826388888889,1184.8020833333333,1200.6048611111112,1180.5187500000002,2107.1,-47.7,46.625,0.25486111111111115,12.961111111111112,106.07152777777777,-167.22291666666666,13.2,-233.9,4.416666666666667,1864.7993055555553,2000.0,44.9,104.75694444444444,-536.8402777777778,0.0,-1000.0,80.48194444444444,404.2965277777778,1000.0,0.0,80.01944444444445,61.201388888888886,99.07986111111111,T07,3.0,23.1,13.23125,2.3336805555555555,3.0,23.4,13.299305555555556,2.3665972222222225,23.0,29.0,25.395833333333332,1007.0,1010.0,1008.3333333333334,44.0,74.0,60.53472222222222,0.0,0.0,0.0,0.0,261.72222222222223,263.1666666666667,408.28472222222223,TRANSFORMER,1
2016-08-12 00:00:00+00:00,1839.2,0.0,1066.8618055555555,39.10208333333333,63.55555555555556,102.68055555555556,101.59027777777777,98.93055555555556,46.041666666666664,53.90972222222222,57.4375,36.479166666666664,16.2,0.0,9.329166666666667,44.7,0.7000000000000001,15.282638888888888,3.0277777777777777,1.5909722222222222,100.89444444444445,25.645833333333332,-1026.6805555555557,205513.50694444444,29446104.0,-1178.4583333333333,-3361528,84.39583333333333,97.25,112.875,44.291666666666664,46.125,32.88194444444444,44.916666666666664,42.701388888888886,26.78472222222222,-2.5,89.9,37.986111111111114,2.665277777777778,96.96527777777777,45.25,45.11805555555556,46.68055555555556,42.65972222222222,1226.8625000000002,0.8555555555555556,49.99930555555555,401.37638888888887,399.25416666666666,400.24305555555554,1036.990277777778,1046.1513888888887,1030.7527777777777,2109.1,-48.3,45.604166666666664,0.28194444444444444,15.002777777777778,50.954861111111114,-140.05763888888887,15.2,-236.6,4.5159722222222225,1940.0590277777778,2000.0,176.3,62.92916666666666,-385.4513888888889,0.0,-1000.0,41.22013888888889,271.7444444444444,1000.0,0.0,33.46180555555556,56.56944444444444,99.29722222222222,T07,1.7000000000000002,26.2,14.413888888888888,3.802430555555555,1.7000000000000002,26.0,14.480555555555554,3.860347222222222,23.0,28.0,24.9375,1009.0,1012.0,1010.4166666666666,41.0,71.0,56.80555555555556,0.0,0.0,0.0,0.0,285.4513888888889,286.84722222222223,410.3888888888889,TRANSFORMER,1
2016-08-13 00:00:00+00:00,1809.9,0.0,988.5916666666667,27.791666666666668,59.048611111111114,93.29861111111111,92.29861111111111,89.88194444444444,46.583333333333336,53.5,55.81944444444444,35.458333333333336,16.0,0.0,8.645833333333334,41.3,0.5,13.573611111111111,2.676388888888889,0.3569444444444445,99.89236111111111,25.194444444444443,-1003.3194444444445,186902.97222222222,26769551.0,-1235.0902777777778,-3111166,78.67361111111111,90.46527777777777,106.22222222222223,43.19444444444444,44.55555555555556,32.84027777777778,43.47222222222222,40.8125,26.65277777777778,-2.5,86.2,40.03958333333333,1.9666666666666666,88.05555555555556,44.02777777777778,43.86805555555556,45.5,41.638888888888886,1115.4083333333333,0.8277777777777778,49.99861111111111,401.3034722222222,399.21875,400.13680555555555,943.8819444444445,951.0055555555555,937.6680555555556,2110.3,-47.4,43.763888888888886,0.1826388888888889,13.320833333333333,58.770833333333336,-129.63055555555556,16.2,-239.7,3.391666666666667,1889.534027777778,2000.0,253.0,115.79722222222222,-381.8854166666667,0.0,-1000.0,49.763888888888886,274.87847222222223,1000.0,0.0,46.136805555555554,52.63194444444444,99.53541666666666,T07,2.6,23.5,13.40763888888889,2.583263888888889,2.6,23.4,13.466666666666667,2.6213194444444445,22.0,28.0,24.46527777777778,1008.0,1011.0,1009.7083333333334,46.0,73.0,58.833333333333336,0.0,0.0,0.0,0.0,265.2361111111111,266.47222222222223,409.7013888888889,TRANSFORMER,1
2016-08-14 00:00:00+00:00,1808.4,0.0,1108.7513888888889,38.462500000000006,62.583333333333336,97.69444444444444,96.60416666666667,93.92361111111111,46.36805555555556,54.013888888888886,57.166666666666664,35.979166666666664,15.9,0.0,9.723611111111111,47.3,0.7000000000000001,12.843055555555557,2.3555555555555556,-0.0791666666666667,95.84166666666667,25.555555555555557,-878.6736111111111,205246.31944444444,29428941.0,-1051.048611111111,-3496094,81.16666666666667,93.50694444444444,109.49305555555556,44.229166666666664,45.18055555555556,32.99305555555556,44.354166666666664,41.84722222222222,26.84027777777778,-3.2,89.9,33.806250000000006,2.451388888888889,91.74305555555556,45.15277777777778,45.02777777777778,46.65972222222222,42.611111111111114,1226.2624999999998,0.8638888888888889,49.99930555555555,401.1965277777778,399.0173611111111,399.96736111111113,1036.2972222222222,1045.798611111111,1029.5868055555557,2107.6,-50.9,44.97222222222222,0.29375,12.65763888888889,51.06597222222222,-145.67569444444445,22.5,-232.6,4.217361111111111,1852.5541666666666,2000.0,236.9,85.45833333333333,-423.12291666666664,0.0,-1000.0,34.36597222222222,315.4527777777778,1000.0,0.0,27.904166666666665,54.111111111111114,95.91874999999999,T07,5.2,20.1,12.899305555555555,1.7787499999999998,5.5,20.5,12.962499999999999,1.8079166666666664,23.0,28.0,24.930555555555557,1007.0,1009.0,1007.9583333333334,53.0,71.0,62.09027777777778,0.0,0.0,0.0,0.0,255.09722222222223,256.36805555555554,407.88194444444446,TRANSFORMER,1
2016-08-15 00:00:00+00:00,1785.4,0.0,1538.2916666666667,60.99305555555556,58.138888888888886,94.5,93.89583333333333,91.8125,47.46527777777778,53.44444444444444,59.63194444444444,34.77777777777778,15.7,0.0,13.627083333333333,44.4,0.4,8.799305555555556,1.5930555555555557,0.041666666666666664,96.56041666666667,25.34027777777778,-74.50694444444444,177618.88888888888,25566392.0,-57.166666666666664,-3732943,73.6875,85.14583333333333,97.93055555555556,42.93055555555556,44.77777777777778,32.36805555555556,43.8125,39.02777777777778,26.243055555555557,-3.1,89.9,0.3506944444444444,1.4993055555555557,104.97222222222223,44.0625,43.958333333333336,45.604166666666664,41.69444444444444,1065.2631944444445,0.9562499999999999,50.00069444444445,399.9402777777778,397.7659722222222,397.725,892.90625,917.4965277777778,893.6590277777777,2104.8,-52.4,43.61805555555556,0.5375000000000001,8.59513888888889,157.59444444444443,-155.53194444444443,925.3,-677.4,12.234722222222222,1066.0715277777776,2000.0,0.0,156.48819444444445,-838.5687499999999,0.0,-1000.0,83.04166666666667,767.0965277777777,1000.0,0.0,94.79722222222222,53.958333333333336,96.52777777777777,T07,1.5,17.8,8.39375,1.2011111111111112,1.1,17.9,8.443750000000001,1.2070138888888888,23.0,28.0,24.70138888888889,1006.0,1010.0,1008.3333333333334,56.0,77.0,68.125,0.0,0.0,0.0,0.0,164.76388888888889,165.66666666666666,408.31944444444446,TRANSFORMER,1
2016-08-16 00:00:00+00:00,1641.8,0.0,881.2555555555556,132.1888888888889,44.55555555555556,58.03472222222222,57.979166666666664,57.78472222222222,46.625,49.90277777777778,51.59027777777778,35.645833333333336,14.5,0.0,7.745138888888889,21.0,0.4,4.106249999999999,0.80625,1.3763888888888889,131.28333333333333,28.555555555555557,-1077.6805555555557,18778.479166666668,2548918.0,-1351.048611111111,-1299069,60.673611111111114,69.28472222222223,86.69444444444444,39.701388888888886,44.236111111111114,37.52777777777778,43.895833333333336,35.791666666666664,31.625,-3.1,89.8,8.927083333333334,3.6611111111111114,78.54166666666667,39.548611111111114,39.44444444444444,41.34722222222222,40.28472222222222,106.18472222222222,0.6875,50.0,399.46736111111113,398.0875,396.5680555555556,122.7298611111111,134.13541666666666,123.08958333333334,921.2,-52.1,41.25,1.2333333333333334,4.061805555555555,42.19861111111111,-54.15208333333333,1000.4,-907.7,44.16527777777778,123.36944444444445,939.0,0.0,46.42916666666667,-373.17083333333335,0.0,-1000.0,107.48124999999999,373.17083333333335,1000.0,0.0,107.48124999999999,43.74305555555556,129.90416666666667,T07,0.2,10.0,4.238888888888889,0.49347222222222226,0.2,9.9,4.216666666666667,0.4964583333333333,23.0,34.0,27.65277777777778,1006.0,1009.0,1007.5486111111111,32.0,77.0,56.111111111111114,0.0,0.0,0.0,0.0,81.64583333333333,81.11805555555556,407.52777777777777,TRANSFORMER,1
2016-08-17 00:00:00+00:00,1686.1,0.0,779.2534722222222,79.60138888888889,43.236111111111114,55.40972222222222,55.361111111111114,54.986111111111114,46.958333333333336,48.84027777777778,50.34722222222222,34.673611111111114,14.9,0.0,6.737500000000001,37.4,0.4,4.004166666666666,0.7361111111111112,-16.025694444444444,215.6361111111111,27.36111111111111,-885.1527777777778,27088.1875,3773239.0,-1297.0208333333333,-1329865,60.47222222222222,68.33333333333333,88.01388888888889,39.31944444444444,42.94444444444444,36.65277777777778,42.49305555555556,35.138888888888886,30.868055555555557,-3.3,89.4,10.866666666666667,1.754861111111111,70.13194444444444,39.291666666666664,39.18055555555556,41.05555555555556,39.791666666666664,157.23125,0.6763888888888889,49.99861111111111,399.29583333333335,398.00347222222223,396.07500000000005,157.50972222222222,168.49583333333334,161.50833333333333,1439.1,-51.8,39.8125,0.7173611111111111,4.013194444444444,50.450694444444444,-55.416666666666664,1000.0,-815.0,30.60138888888889,166.80347222222224,2000.0,0.0,52.40833333333333,-382.47569444444446,0.0,-1000.0,62.77916666666667,382.4743055555556,1000.0,0.0,62.795138888888886,44.208333333333336,191.66944444444445,T07,0.3,11.1,4.036111111111111,0.28402777777777777,0.2,11.7,4.0256944444444445,0.28444444444444444,23.0,32.0,26.34027777777778,1006.0,1008.0,1006.9583333333334,21.0,72.0,54.861111111111114,0.0,0.0,0.0,0.0,77.36111111111111,77.18055555555556,406.875,TRANSFORMER,1
2016-08-18 00:00:00+00:00,1659.8,0.0,631.7715277777778,58.29652777777778,39.013888888888886,49.270833333333336,49.18055555555556,48.94444444444444,47.166666666666664,47.048611111111114,46.958333333333336,32.986111111111114,14.7,0.0,5.299305555555556,23.5,0.4,3.4069444444444446,0.6583333333333333,-5.208333333333333,222.64097222222222,25.333333333333332,-946.2569444444445,18453.5625,2521051.0,-1242.7291666666667,-1086095,58.00694444444444,66.10416666666667,88.17361111111111,37.34722222222222,40.548611111111114,36.28472222222222,40.145833333333336,32.47222222222222,30.28472222222222,-3.1,89.6,13.297916666666667,1.1666666666666667,62.4375,37.09027777777778,36.958333333333336,38.895833333333336,37.576388888888886,105.07777777777778,0.6819444444444445,50.0,399.2868055555556,398.28125,396.4222222222222,108.98888888888888,115.89583333333333,111.56805555555555,1059.7,-51.5,37.15277777777778,0.5125,3.3805555555555555,39.35625,-45.275000000000006,1000.2,-798.7,18.64097222222222,113.33958333333334,1076.4,0.0,38.518055555555556,-317.1763888888889,0.0,-1000.0,62.73055555555556,317.1763888888889,1000.0,0.0,62.73055555555556,39.729166666666664,225.34722222222223,T07,0.0,10.9,3.577777777777778,0.22722222222222221,0.0,10.3,3.577777777777778,0.22868055555555555,20.0,29.0,24.118055555555557,1004.0,1008.0,1005.5208333333334,22.0,98.0,71.63194444444444,0.0,0.0,0.0,0.0,68.1875,68.20833333333333,405.4861111111111,TRANSFORMER,1
2016-08-19 00:00:00+00:00,1668.9,0.0,670.0013888888889,57.449999999999996,37.875,48.5625,48.50694444444444,48.15972222222222,44.145833333333336,45.84027777777778,46.84027777777778,31.569444444444443,14.8,0.0,5.717361111111111,27.0,0.4,3.814583333333333,0.7201388888888889,-6.488888888888889,223.39375,24.604166666666668,-827.8611111111111,23083.729166666668,3204844.0,-715.3402777777778,-1114661,56.27777777777778,64.54166666666667,85.55555555555556,36.3125,39.013888888888886,34.56944444444444,39.02777777777778,31.45138888888889,28.541666666666668,-3.2,68.6,13.102777777777778,0.8180555555555555,60.52777777777778,36.15972222222222,36.02777777777778,37.951388888888886,36.40277777777778,133.51527777777778,0.84375,50.0,399.09166666666664,398.21180555555554,396.24791666666664,124.18680555555557,133.52916666666667,128.43194444444444,1071.7,-51.8,35.576388888888886,0.5694444444444444,3.7847222222222223,41.400000000000006,-46.43194444444444,825.4,-515.2,7.987500000000001,142.04305555555555,1078.4,0.0,43.239583333333336,-369.1923611111111,0.0,-1000.0,40.06111111111111,369.1923611111111,1000.0,0.0,40.06111111111111,38.52777777777778,229.89374999999998,T07,0.3,9.9,3.9305555555555554,0.27631944444444445,0.3,9.6,3.884722222222222,0.29194444444444445,19.0,29.0,23.645833333333332,1004.0,1007.0,1005.9236111111111,35.0,100.0,74.65972222222223,0.0,1.0,0.006944444444444444,0.0,75.29861111111111,74.47222222222223,405.8541666666667,TRANSFORMER,1
2016-08-20 00:00:00+00:00,1696.4,0.0,681.1673611111112,63.57847222222222,40.44444444444444,51.611111111111114,51.548611111111114,51.104166666666664,46.701388888888886,46.96527777777778,47.63194444444444,33.666666666666664,15.0,0.0,5.838888888888889,28.0,0.4,3.863888888888889,0.7548611111111111,-4.447916666666667,256.68819444444443,26.26388888888889,-886.2361111111111,32832.04861111111,4600196.0,-1184.7916666666667,-1341472,59.24305555555556,67.36805555555556,88.77083333333333,38.49305555555556,41.50694444444444,35.666666666666664,41.201388888888886,33.861111111111114,29.555555555555557,-3.0,89.8,12.92361111111111,1.3715277777777777,63.53472222222222,38.388888888888886,38.30555555555556,40.21527777777778,38.81944444444444,191.64652777777778,0.7090277777777778,49.99930555555555,399.68611111111113,398.4659722222222,396.4506944444445,175.38958333333332,186.41458333333333,179.02569444444444,1641.1,-50.7,38.44444444444444,0.6048611111111112,3.810416666666667,54.3875,-55.912499999999994,1000.3,-683.0,11.61111111111111,200.09027777777777,1664.8,0.0,55.011805555555554,-377.82222222222225,0.0,-1000.0,43.40486111111111,377.7451388888889,1000.0,0.0,43.86736111111111,43.09722222222222,258.64652777777775,T07,0.0,11.1,3.923611111111111,0.3222916666666667,0.0,11.7,3.9090277777777778,0.32104166666666667,21.0,31.0,25.32638888888889,1006.0,1010.0,1008.0138888888889,35.0,98.0,71.65277777777777,0.0,0.0,0.0,0.0,75.14583333333333,74.88194444444444,407.9583333333333,TRANSFORMER,1
2016-08-21 00:00:00+00:00,1781.4,0.0,873.7006944444444,41.427083333333336,51.09027777777778,75.47916666666667,74.85416666666667,73.24305555555556,44.96527777777778,49.88194444444444,52.729166666666664,34.8125,15.7,0.0,7.558333333333334,42.3,0.4,6.689583333333333,1.2520833333333334,-2.8180555555555555,129.6125,25.84027777777778,-924.3888888888889,122877.32638888889,17561223.0,-1024.2222222222222,-2201741,67.99305555555556,77.47916666666667,97.02777777777777,41.708333333333336,42.63194444444444,34.388888888888886,42.25,37.65277777777778,28.229166666666668,-2.7,89.6,15.617361111111112,1.5916666666666666,76.14583333333333,42.18055555555556,42.013888888888886,43.763888888888886,40.923611111111114,731.8055555555555,0.8097222222222222,50.0,400.25347222222223,398.6458333333333,397.4972222222222,625.3236111111112,634.3638888888888,623.6979166666666,2108.0,-49.8,40.90972222222222,0.3958333333333333,6.464583333333334,93.59861111111111,-91.74930555555555,1000.2,-634.8,12.00138888888889,847.8062500000001,2000.0,0.0,96.93958333333333,-386.5597222222222,0.0,-1000.0,89.8111111111111,310.76458333333335,1000.0,0.0,94.99097222222223,52.611111111111114,132.44652777777776,T07,0.0,16.9,6.35,0.6793055555555555,0.0,16.9,6.388194444444444,0.686875,19.0,31.0,25.1875,1009.0,1011.0,1010.1736111111111,52.0,100.0,73.84722222222223,0.0,0.0,0.0,0.0,123.77083333333333,124.57638888888889,410.13194444444446,TRANSFORMER,1
2016-08-22 00:00:00+00:00,1810.2,0.0,949.8625000000001,29.485416666666666,55.395833333333336,81.79166666666667,81.25694444444444,79.59722222222223,46.770833333333336,52.416666666666664,54.71527777777778,35.53472222222222,15.9,0.0,8.305555555555555,46.0,0.6000000000000001,12.318055555555555,2.361111111111111,0.9548611111111112,102.99236111111111,26.8125,-1005.0069444444445,137574.0625,19665943.0,-1241.0277777777778,-2665560,74.90277777777777,85.4375,101.50694444444444,42.22222222222222,44.395833333333336,33.923611111111114,43.03472222222222,39.69444444444444,28.006944444444443,-3.1,86.4,37.547222222222224,1.0472222222222223,83.95833333333333,42.8125,42.736111111111114,44.451388888888886,41.513888888888886,819.3909722222222,0.820138888888889,49.99930555555555,401.12569444444443,399.2604166666667,399.8333333333333,699.8583333333333,707.925,693.4958333333333,2107.6,-48.8,42.020833333333336,0.19861111111111113,12.152777777777779,99.60833333333333,-111.0625,1.9,-221.3,3.5381944444444446,1568.5423611111112,2000.0,42.3,121.27708333333334,-490.75208333333336,0.0,-1000.0,36.97638888888889,432.4527777777778,1000.0,0.0,51.37222222222223,56.05555555555556,102.02777777777777,T07,2.3,22.7,12.240277777777777,1.9384027777777777,2.4,23.0,12.315277777777778,1.9678472222222223,24.0,29.0,26.125,1009.0,1012.0,1010.4652777777778,55.0,82.0,68.63888888888889,0.0,0.0,0.0,0.0,241.92361111111111,243.40277777777777,410.375,TRANSFORMER,1
2016-08-23 00:00:00+00:00,1810.9,0.0,764.307638888889,32.05902777777778,53.99305555555556,79.56944444444444,78.88194444444444,76.97222222222223,44.61805555555556,52.298611111111114,53.513888888888886,35.048611111111114,15.9,0.0,6.677083333333333,40.6,0.5,13.1875,2.3902777777777775,-0.7319444444444445,96.96875,26.493055555555557,-1171.3125,139369.72916666666,19900573.0,-894.9236111111111,-2307065,74.54166666666667,84.90972222222223,104.5625,41.94444444444444,43.576388888888886,32.53472222222222,42.69444444444444,39.888888888888886,27.493055555555557,-2.5,89.5,50.15625,1.8145833333333334,76.14583333333333,42.5,42.3125,44.02777777777778,41.06944444444444,829.2972222222222,0.8868055555555556,49.99930555555555,401.9847222222222,399.97083333333336,400.7006944444445,704.9347222222223,711.9305555555555,701.7284722222222,2105.2,-51.8,42.020833333333336,0.2243055555555556,13.077777777777778,76.12430555555555,-96.12708333333333,15.0,-221.2,4.731944444444444,1843.204861111111,2000.0,19.5,115.20208333333332,-326.5875,0.0,-1000.0,60.763888888888886,241.1986111111111,1000.0,0.0,58.49722222222223,56.47222222222222,97.69027777777778,T07,2.1,23.0,12.965972222222222,1.5685416666666667,2.0,22.4,13.043055555555556,1.5917361111111112,24.0,29.0,25.92361111111111,1007.0,1011.0,1009.0902777777778,44.0,67.0,55.923611111111114,0.0,0.0,0.0,0.0,256.5138888888889,257.94444444444446,409.0486111111111,TRANSFORMER,1
2016-08-24 00:00:00+00:00,1832.9,0.0,840.9590277777778,29.85694444444444,54.06944444444444,81.32638888888889,80.65972222222223,78.68055555555556,47.06944444444444,51.201388888888886,52.81944444444444,35.0625,16.1,0.0,7.303472222222222,43.4,0.7000000000000001,12.852777777777778,2.415972222222222,-0.3222222222222222,97.36805555555556,25.916666666666668,-1079.3055555555557,147473.24305555556,21080727.0,-1407.5833333333333,-2584328,74.90277777777777,85.5,102.98611111111111,42.0625,43.548611111111114,33.916666666666664,42.611111111111114,39.61805555555556,27.59027777777778,-2.6,89.5,45.09027777777778,1.5152777777777777,78.4375,42.5625,42.40972222222222,44.145833333333336,40.958333333333336,878.4277777777778,0.7770833333333333,49.99930555555555,401.5833333333333,399.3611111111111,400.14166666666665,747.8444444444444,756.2034722222222,743.7555555555556,2104.3,-47.4,42.111111111111114,0.19166666666666668,12.736805555555556,73.23055555555555,-107.68125,11.2,-224.7,3.6458333333333335,1863.2930555555556,2000.0,34.8,116.38194444444444,-365.47083333333336,0.0,-1000.0,51.045138888888886,280.5,1000.0,0.0,53.635416666666664,56.076388888888886,97.70625000000001,T07,2.4,20.9,12.90763888888889,1.766875,2.5,20.9,12.978472222222223,1.7984722222222222,23.0,36.0,25.28472222222222,1005.0,1008.0,1006.5,43.0,76.0,61.5625,0.0,0.0,0.0,0.0,255.33333333333334,256.6041666666667,406.4861111111111,,0
2016-08-25 00:00:00+00:00,1813.2,0.0,956.7027777777779,30.729166666666668,59.71527777777778,88.11111111111111,87.19444444444444,84.72916666666667,46.74305555555556,52.46527777777778,54.791666666666664,35.263888888888886,15.9,0.0,8.37361111111111,41.0,0.5,12.413888888888888,2.3736111111111113,-0.9006944444444444,97.82916666666667,25.819444444444443,-984.7708333333334,179916.52083333334,25766173.0,-1250.5069444444443,-2910758,77.0,87.88194444444444,103.01388888888889,43.375,44.02777777777778,33.43055555555556,43.46527777777778,40.84027777777778,27.604166666666668,-2.7,89.5,40.13402777777778,1.945138888888889,82.84722222222223,44.104166666666664,44.02777777777778,45.666666666666664,42.041666666666664,1073.5875,0.8118055555555556,49.99930555555555,401.7944444444445,399.5875,400.38125,906.9930555555555,918.0999999999999,904.4486111111112,2110.3,-47.8,43.53472222222222,0.21250000000000002,12.288194444444445,55.34652777777777,-121.2840277777778,23.5,-223.6,4.225694444444445,1886.9534722222222,2000.0,161.1,133.42152777777778,-371.24861111111113,0.0,-1000.0,49.77222222222222,269.3020833333333,1000.0,0.0,40.638888888888886,58.541666666666664,98.74097222222223,T07,6.1,21.1,12.406944444444443,1.735,6.2,20.9,12.479166666666666,1.760486111111111,23.0,29.0,25.166666666666668,1003.0,1006.0,1004.3333333333334,50.0,75.0,64.38194444444444,0.0,0.0,0.0,0.0,245.31944444444446,246.56944444444446,404.28472222222223,,0
2016-08-26 00:00:00+00:00,1825.8,0.0,1112.1138888888888,30.21388888888889,60.77777777777778,96.375,95.52083333333333,93.11805555555556,46.49305555555556,53.27777777777778,57.083333333333336,36.388888888888886,15.8,0.0,9.761111111111111,40.9,1.1,11.450694444444444,2.0854166666666667,-0.6145833333333333,97.29791666666667,26.4375,-897.8611111111111,189751.52083333334,27194926.0,-1061.423611111111,-3301946,80.80555555555556,92.20138888888889,105.69444444444444,44.145833333333336,45.486111111111114,33.763888888888886,44.145833333333336,42.09722222222222,27.78472222222222,-2.7,89.7,29.877083333333335,1.6166666666666667,92.77083333333333,45.03472222222222,44.958333333333336,46.59027777777778,42.81944444444444,1133.1381944444445,0.8673611111111111,49.99930555555555,401.24791666666664,399.0548611111111,399.63958333333335,956.5715277777776,968.8701388888888,951.6750000000001,2107.2,-47.9,44.229166666666664,0.22569444444444445,11.272222222222222,121.63819444444445,-137.5826388888889,15.4,-234.4,4.704166666666667,1734.9576388888888,2000.0,181.0,167.4451388888889,-521.6666666666666,0.0,-1000.0,73.04861111111111,414.3333333333333,1000.0,0.0,80.81736111111111,62.451388888888886,97.92569444444445,T07,3.1,21.7,11.238888888888889,1.3921527777777778,2.8,22.0,11.31388888888889,1.412638888888889,23.0,30.0,25.805555555555557,1004.0,1008.0,1005.0763888888889,44.0,76.0,60.861111111111114,0.0,0.0,0.0,0.0,221.83333333333334,223.3125,405.0486111111111,,0
2016-08-27 00:00:00+00:00,1709.9,248.9,1503.6520833333334,52.794444444444444,54.013888888888886,81.375,81.14583333333333,80.0,47.048611111111114,52.75694444444444,58.673611111111114,35.6875,15.1,2.3,13.317361111111111,29.5,0.6000000000000001,7.384722222222223,1.1798611111111112,-1.2111111111111112,95.54236111111112,27.930555555555557,-67.04166666666667,120848.875,17392587.0,-51.3125,-3390263,67.36111111111111,76.82638888888889,96.36805555555556,42.78472222222222,45.25694444444444,35.520833333333336,44.520833333333336,38.645833333333336,29.520833333333332,-3.3,44.9,-1.5597222222222222,0.6006944444444444,99.43055555555556,43.59722222222222,43.5,45.30555555555556,42.47222222222222,724.6590277777777,0.9444444444444444,50.0,399.33194444444445,397.28194444444443,397.09791666666666,614.2159722222223,636.45,610.8354166666667,2098.4,-49.1,43.15972222222222,0.4666666666666667,7.213888888888889,129.6951388888889,-141.2527777777778,741.4,-204.4,8.457638888888889,725.7208333333333,2000.0,0.0,130.01041666666666,-915.4138888888889,0.0,-1000.0,36.52291666666667,907.317361111111,1000.0,0.0,50.13055555555556,60.05555555555556,96.76388888888889,T07,1.2,12.5,7.3500000000000005,0.6267361111111112,1.4,12.3,7.415277777777778,0.6324305555555556,24.0,32.0,27.32638888888889,1007.0,1010.0,1008.2430555555555,42.0,77.0,57.791666666666664,0.0,0.0,0.0,0.0,143.88888888888889,145.13888888888889,408.1666666666667,,0
2016-08-28 00:00:00+00:00,1676.9,0.0,752.9763888888889,56.75,44.52777777777778,56.5625,56.59722222222222,56.34722222222222,46.31944444444444,49.201388888888886,50.27777777777778,35.479166666666664,14.8,0.0,6.527083333333334,20.8,0.4,3.9131944444444446,0.6666666666666666,0.12083333333333328,169.55902777777777,28.645833333333332,-1081.388888888889,24961.479166666668,3438732.0,-1497.2847222222222,-1214681,62.77777777777778,71.20138888888889,88.04166666666667,39.86805555555556,43.895833333333336,38.076388888888886,43.13194444444444,36.0625,32.03472222222222,-3.0,89.6,12.535416666666666,1.613888888888889,72.07638888888889,39.75,39.65972222222222,41.583333333333336,40.520833333333336,143.25555555555556,0.695138888888889,49.99930555555555,399.53819444444446,398.13958333333335,395.8638888888889,140.8138888888889,154.6236111111111,146.3152777777778,1118.3,-51.6,40.43055555555556,0.5347222222222222,3.8645833333333335,32.109027777777776,-50.599999999999994,818.0,-711.5,19.241666666666667,154.68263888888887,1130.9,0.0,34.18541666666667,-359.5,0.0,-1000.0,64.35069444444444,359.5,1000.0,0.0,64.35069444444444,44.958333333333336,166.9388888888889,T07,0.0,9.4,3.997916666666667,0.23159722222222223,0.0,9.5,4.013194444444444,0.23416666666666666,23.0,33.0,27.71527777777778,1009.0,1012.0,1010.3333333333334,39.0,78.0,57.229166666666664,0.0,0.0,0.0,0.0,76.69444444444444,77.06944444444444,410.25,,0
2016-08-29 00:00:00+00:00,1596.5,0.0,572.4208333333333,41.60138888888889,41.80555555555556,50.63194444444444,50.50694444444444,50.263888888888886,45.80555555555556,47.36805555555556,47.27777777777778,36.125,14.1,0.0,4.975,21.3,0.4,3.2131944444444445,0.5631944444444446,6.363194444444444,237.01319444444445,28.805555555555557,-1037.4097222222222,12083.215277777777,1590595.0,-1473.875,-931118,61.28472222222222,69.10416666666667,85.70833333333333,40.138888888888886,43.520833333333336,37.52777777777778,43.1875,35.854166666666664,32.15277777777778,-3.0,89.7,14.055555555555555,1.0645833333333334,63.701388888888886,39.833333333333336,39.701388888888886,41.59722222222222,40.833333333333336,66.30000000000001,0.6319444444444444,50.00208333333333,399.03263888888887,398.0715277777778,395.2965277777778,81.08541666666666,89.54027777777777,86.41458333333334,697.1,-51.9,40.19444444444444,0.36944444444444446,3.1819444444444445,29.403472222222224,-38.81736111111111,1000.1,-984.5,28.291666666666668,75.36875,832.7,0.0,28.595138888888886,-265.3034722222222,0.0,-1000.0,71.94166666666666,265.3034722222222,1000.0,0.0,71.94166666666666,41.59027777777778,285.65208333333334,T07,0.0,9.0,3.3499999999999996,0.1938888888888889,0.3,8.7,3.3375000000000004,0.19555555555555557,24.0,34.0,27.95138888888889,1008.0,1012.0,1010.3055555555555,22.0,71.0,48.104166666666664,0.0,0.0,0.0,0.0,63.61805555555556,63.451388888888886,410.28472222222223,,0
2016-08-30 00:00:00+00:00,1400.6,0.0,242.1875,81.15277777777777,34.986111111111114,40.19444444444444,40.111111111111114,39.875,44.72222222222222,42.708333333333336,41.763888888888886,31.36111111111111,12.4,0.0,1.875,18.8,0.4,2.3499999999999996,0.43194444444444446,-10.286111111111111,188.675,22.708333333333332,-1381.625,456.30555555555554,-66619.0,-1719.4305555555557,-124211,55.263888888888886,61.875,78.125,36.09722222222222,37.47222222222222,31.52777777777778,37.263888888888886,29.65277777777778,26.055555555555557,-2.3,90.0,25.129166666666666,2.6666666666666665,41.90277777777778,35.77777777777778,35.59722222222222,37.583333333333336,36.56944444444444,-5.623611111111111,0.625,50.00277777777777,399.34583333333336,398.6611111111111,395.16805555555555,20.538888888888888,19.1625,21.370833333333334,221.8,-51.0,34.041666666666664,0.7875000000000001,2.341666666666667,7.655555555555556,-10.43888888888889,1000.0,-488.6,19.63611111111111,9.18611111111111,223.8,0.0,8.702777777777778,-14.154166666666667,0.0,-1000.0,20.375,14.154166666666667,1000.0,0.0,20.375,35.388888888888886,203.96944444444443,T07,0.0,9.5,4.179861111111111,0.265,0.0,9.7,3.9777777777777774,0.3348611111111111,20.0,29.0,23.90972222222222,1008.0,1011.0,1009.3333333333334,39.0,100.0,73.66666666666667,0.0,0.0,0.0,0.0,80.34722222222223,76.27083333333333,409.2638888888889,,0
2016-08-31 00:00:00+00:00,1612.8,0.0,634.6044776119403,70.29552238805971,36.223880597014926,47.71641791044776,47.67164179104478,47.3134328358209,41.014925373134325,40.92537313432836,42.23880597014925,29.19402985074627,14.3,0.0,5.464179104477611,17.3,0.4,3.3417910447761194,0.6313432835820896,-4.917910447761194,174.85373134328358,21.55223880597015,-605.9402985074627,7370.537313432836,453225.0,-395.94029850746267,-371659,55.59701492537314,57.26865671641791,77.29850746268657,35.791044776119406,35.25373134328358,30.059701492537314,35.8955223880597,27.62686567164179,24.238805970149254,-2.4,90.0,16.571641791044776,2.2850746268656716,51.97014925373134,35.67164179104478,35.417910447761194,37.37313432835821,35.74626865671642,40.713432835820896,0.7940298507462688,49.9955223880597,399.09104477611936,397.9343283582089,395.6626865671642,55.61194029850746,63.20746268656716,55.51940298507463,794.8,-49.2,32.61194029850746,0.6701492537313433,3.3492537313432837,30.444776119402984,-33.080597014925374,1000.2,-580.9,29.32089552238806,51.864179104477614,801.8,0.0,32.13283582089552,-195.27910447761195,0.0,-1000.0,106.02537313432836,195.27910447761195,1000.0,0.0,106.02537313432836,36.11940298507463,179.76865671641792,T07,0.9,10.6,4.188888888888889,0.47923611111111114,0.9,9.5,3.998611111111111,0.555625,19.0,27.0,22.166666666666668,1009.0,1012.0,1010.0416666666666,50.0,100.0,76.78472222222223,0.0,0.0,0.0,0.0,80.50694444444444,76.65972222222223,409.9861111111111,,0
2016-09-01 00:00:00+00:00,1806.0,0.0,1482.822222222222,35.00555555555556,64.79166666666667,102.77083333333333,101.875,99.38194444444444,44.291666666666664,54.229166666666664,60.458333333333336,36.708333333333336,15.8,0.0,13.12638888888889,44.1,0.6000000000000001,9.940972222222221,1.7493055555555557,-1.5138888888888888,97.21527777777777,26.38888888888889,-274.4791666666667,205947.61111111112,29616931.0,-231.77777777777777,-3935707,78.28472222222223,85.35416666666667,103.63888888888889,45.4375,46.25694444444444,34.298611111111114,45.93055555555556,42.1875,27.79861111111111,-3.2,86.1,6.315972222222222,1.473611111111111,107.80555555555556,46.6875,46.53472222222222,48.083333333333336,43.979166666666664,1234.0333333333333,0.9680555555555556,49.99930555555555,399.90277777777777,397.8986111111111,397.87847222222223,1033.6520833333334,1053.7611111111112,1033.7618055555556,2108.1,-50.2,46.576388888888886,0.30000000000000004,9.64375,114.75972222222224,-163.99444444444444,255.0,-384.1,5.547222222222222,1334.5333333333333,2000.0,0.0,132.57291666666666,-764.7402777777778,0.0,-1000.0,77.71666666666667,665.675,1000.0,0.0,76.61736111111111,60.61805555555556,96.21805555555555,T07,3.2,18.8,10.064583333333333,0.8946527777777779,3.4,18.8,10.129861111111111,0.9195138888888889,23.0,29.0,25.604166666666668,1009.0,1012.0,1010.3472222222222,53.0,85.0,69.71527777777777,0.0,0.0,0.0,0.0,198.20833333333334,199.58333333333334,410.31944444444446,,0
2016-09-02 00:00:00+00:00,1759.5,0.0,878.2055555555556,44.361111111111114,48.541666666666664,66.90972222222223,66.6875,65.64583333333333,47.40277777777778,51.270833333333336,52.979166666666664,34.94444444444444,15.6,0.0,7.692361111111111,25.8,0.5,8.239583333333334,1.4590277777777778,-1.7673611111111112,99.74513888888889,27.1875,-966.6805555555555,88639.77083333333,12624926.0,-1292.5,-2184553,69.17361111111111,79.11111111111111,111.27083333333333,40.604166666666664,43.458333333333336,34.81944444444444,42.458333333333336,36.861111111111114,28.805555555555557,-3.0,89.8,36.625,1.1368055555555554,75.27083333333333,40.791666666666664,40.69444444444444,42.53472222222222,40.40277777777778,526.075,0.7833333333333333,50.00069444444445,400.34305555555557,398.5534722222222,398.76874999999995,456.4159722222222,466.5180555555556,453.21666666666664,2103.2,-48.6,40.52777777777778,0.34305555555555556,8.114583333333334,106.00277777777778,-91.02777777777777,15.4,-218.2,6.257638888888889,998.2479166666667,2000.0,0.0,216.85069444444446,-531.5138888888889,0.0,-1000.0,40.17777777777778,505.2145833333333,1000.0,0.0,52.52222222222222,46.173611111111114,101.51527777777778,T07,1.5,15.3,8.280555555555557,1.0815972222222223,1.7000000000000002,15.2,8.34513888888889,1.0909722222222222,24.0,31.0,26.25,1009.0,1012.0,1010.3402777777778,47.0,78.0,65.49305555555556,0.0,0.0,0.0,0.0,162.50694444444446,163.88194444444446,410.3263888888889,,0
2016-09-03 00:00:00+00:00,1779.8,0.0,324.21527777777777,51.390972222222224,40.666666666666664,48.798611111111114,48.65972222222222,48.083333333333336,47.44444444444444,50.208333333333336,48.486111111111114,34.125,15.7,0.0,2.720833333333333,27.3,0.8,9.77986111111111,1.6611111111111112,-0.9173611111111113,96.51736111111111,27.67361111111111,-1666.6041666666667,32864.67361111111,4492520.0,-2320.7291666666665,-1078732,61.673611111111114,69.6875,113.45833333333333,38.61805555555556,41.673611111111114,35.326388888888886,41.041666666666664,34.96527777777778,29.42361111111111,-3.3,89.6,68.43055555555556,2.0006944444444446,54.25694444444444,38.36805555555556,38.173611111111114,40.11805555555556,38.96527777777778,187.17152777777778,0.6270833333333333,50.0,401.47083333333336,399.61041666666665,399.5368055555556,180.98402777777778,183.17291666666668,179.82430555555555,2101.2,-50.3,38.423611111111114,0.38958333333333334,9.75138888888889,59.00069444444445,-44.93958333333333,14.9,-233.5,6.0993055555555555,1198.5944444444444,2000.0,0.0,124.96944444444443,-178.00486111111113,0.0,-1000.0,28.19861111111111,164.42430555555555,1000.0,0.0,24.563888888888886,38.78472222222222,97.43680555555555,T07,1.9,20.2,9.986805555555556,0.8997916666666667,2.0,20.4,10.070833333333333,0.9254861111111112,24.0,31.0,26.90277777777778,1007.0,1011.0,1009.2222222222222,37.0,77.0,56.84722222222222,0.0,0.0,0.0,0.0,196.875,198.38888888888889,409.1875,,0
2016-09-04 00:00:00+00:00,1766.4,0.0,1138.0305555555556,33.202777777777776,55.604166666666664,78.85416666666667,78.53472222222223,77.20833333333333,45.951388888888886,53.041666666666664,57.020833333333336,38.15277777777778,15.6,0.0,10.038888888888888,43.3,0.7000000000000001,8.396527777777777,1.4083333333333334,0.09166666666666666,97.75486111111111,30.51388888888889,-581.3611111111111,119887.91666666667,17180144.0,-794.8263888888889,-2757481,70.44444444444444,79.22222222222223,105.35416666666667,44.333333333333336,46.53472222222222,38.05555555555556,45.729166666666664,41.673611111111114,32.18055555555556,-3.1,86.1,22.36111111111111,0.6673611111111112,87.27777777777777,44.916666666666664,44.791666666666664,46.59722222222222,44.25,715.83125,0.8645833333333334,49.99930555555555,400.3326388888889,398.34375,397.93958333333336,606.1847222222223,623.0722222222222,608.2986111111111,2102.8,-44.7,44.34027777777778,0.2736111111111111,8.179861111111112,119.1986111111111,-114.89652777777776,10.8,-207.3,4.273611111111111,995.5979166666667,2000.0,46.6,170.1125,-712.7638888888889,0.0,-1000.0,23.22361111111111,680.1555555555556,1000.0,0.0,47.12986111111111,53.9375,97.67291666666667,T07,1.6,14.2,8.265972222222222,0.8015277777777778,1.8,14.4,8.325,0.809375,25.0,36.0,29.90972222222222,1009.0,1011.0,1009.8819444444445,21.0,59.0,37.833333333333336,0.0,0.0,0.0,0.0,162.14583333333334,163.47916666666666,409.84027777777777,,0
2016-09-05 00:00:00+00:00,1693.1,0.0,1175.6986111111112,64.02083333333333,55.88194444444444,76.27083333333333,76.24305555555556,75.45138888888889,45.86805555555556,52.88194444444444,57.423611111111114,40.71527777777778,15.0,0.0,10.385416666666666,29.1,0.4,6.603472222222222,1.0395833333333335,-1.1493055555555556,95.35833333333333,34.138888888888886,-853.3680555555555,74957.55555555556,10671005.0,-833.7222222222222,-2411462,71.02083333333333,79.97916666666667,101.84027777777777,45.173611111111114,49.375,41.125,48.361111111111114,43.145833333333336,35.38194444444444,-3.1,89.8,14.359722222222224,1.3527777777777779,93.23611111111111,45.541666666666664,45.513888888888886,47.3125,45.9375,444.58402777777775,0.8534722222222223,49.99930555555555,398.74305555555554,397.27708333333334,395.8513888888889,390.6430555555555,413.2263888888889,398.7423611111111,1834.7,-52.0,46.56944444444444,0.5451388888888888,6.453472222222222,81.0638888888889,-100.44513888888889,768.3,-838.8,26.660416666666666,538.3680555555555,1853.2,0.0,113.51111111111112,-689.8215277777778,0.0,-1000.0,55.18680555555555,684.2513888888889,1000.0,0.0,60.16180555555555,55.270833333333336,96.50347222222223,T07,0.7000000000000001,12.2,6.676388888888889,0.5621527777777778,0.6000000000000001,12.5,6.719444444444445,0.5671527777777778,28.0,40.0,33.486111111111114,1008.0,1011.0,1009.8541666666666,13.0,31.0,20.555555555555557,0.0,0.0,0.0,0.0,130.40972222222223,131.09722222222223,409.78472222222223,,0
2016-09-06 00:00:00+00:00,1414.4,0.0,520.7230158730159,63.42777777777778,46.04761904761905,54.48412698412698,54.42857142857143,54.29365079365079,45.388888888888886,49.888888888888886,49.317460317460316,38.992063492063494,12.5,0.0,4.425396825396826,20.2,0.4,3.1214285714285714,0.6190476190476191,-17.178571428571427,195.06031746031744,32.07936507936508,-1553.563492063492,4977.912698412699,431472.0,-1983.1666666666667,-554819,64.53968253968254,71.76190476190476,92.86507936507937,42.198412698412696,46.58730158730159,40.79365079365079,45.98412698412698,38.976190476190474,35.198412698412696,-2.5,90.0,17.4484126984127,1.8309523809523809,66.73809523809524,41.833333333333336,41.76190476190476,43.77777777777778,43.44444444444444,20.523809523809526,0.5912698412698413,50.0015873015873,399.7944444444444,398.88730158730164,396.27698412698413,56.55238095238096,60.34444444444444,58.67857142857143,421.2,-52.3,43.023809523809526,0.6126984126984127,3.015873015873016,18.237301587301587,-26.373015873015873,777.7,-833.5,42.227777777777774,37.83095238095238,476.8,0.0,21.969841269841268,-144.2420634920635,0.0,-1000.0,68.37936507936507,144.2420634920635,1000.0,0.0,68.37936507936507,45.95238095238095,189.38968253968252,T07,0.0,10.2,3.1618055555555555,0.24333333333333332,0.0,9.7,3.1187500000000004,0.26993055555555556,26.0,37.0,31.743055555555557,1007.0,1010.0,1008.3263888888889,17.0,49.0,30.15972222222222,0.0,0.0,0.0,0.0,59.826388888888886,59.041666666666664,408.24305555555554,,0
2016-09-07 00:00:00+00:00,1603.1,0.0,575.7083333333334,97.3138888888889,40.111111111111114,47.770833333333336,47.75694444444444,47.53472222222222,46.958333333333336,46.673611111111114,46.979166666666664,34.44444444444444,14.2,0.0,4.961111111111111,17.1,0.4,3.1312499999999996,0.6291666666666668,-7.07361111111111,224.53750000000002,26.84722222222222,-1290.826388888889,8143.381944444444,986770.0,-1875.1041666666667,-730076,60.479166666666664,68.03472222222223,87.70833333333333,38.263888888888886,42.28472222222222,37.861111111111114,41.701388888888886,34.40277777777778,32.041666666666664,-2.8,89.8,15.077083333333333,2.4756944444444446,58.673611111111114,37.9375,37.8125,39.763888888888886,38.90277777777778,41.11805555555556,0.5972222222222222,49.99930555555555,399.4506944444445,398.60347222222225,396.1298611111111,66.5,70.55277777777778,68.89722222222223,838.5,-51.8,38.68055555555556,0.9027777777777778,3.1104166666666666,26.470833333333335,-30.431944444444444,999.9,-909.4,35.78472222222222,55.89861111111111,871.9,0.0,28.782638888888886,-184.85555555555555,0.0,-1000.0,72.83263888888888,184.85555555555555,1000.0,0.0,72.83263888888888,40.56944444444444,249.1048611111111,T07,0.0,9.0,3.586111111111111,0.23055555555555557,0.0,9.1,3.542361111111111,0.2511111111111111,22.0,30.0,26.04861111111111,1007.0,1009.0,1007.5347222222222,31.0,96.0,62.5,0.0,0.0,0.0,0.0,68.31944444444444,67.46527777777777,407.4861111111111,,0
2016-09-08 00:00:00+00:00,1663.6,0.0,834.0374999999999,117.36527777777776,39.72222222222222,52.986111111111114,52.86805555555556,52.576388888888886,46.138888888888886,46.875,48.666666666666664,31.493055555555557,14.7,0.0,7.272222222222222,38.4,0.4,4.025,0.7965277777777778,-1.3562500000000002,236.7138888888889,23.63888888888889,-856.0416666666666,21208.145833333332,2930705.0,-913.5763888888889,-1105822,56.52777777777778,64.88888888888889,89.14583333333333,36.9375,39.611111111111114,34.34722222222222,39.36805555555556,31.270833333333332,28.54861111111111,-3.1,85.0,9.940972222222221,2.6979166666666665,68.95833333333333,36.916666666666664,36.77777777777778,38.666666666666664,37.020833333333336,122.07777777777778,0.7312500000000001,50.0,399.29583333333335,398.19375,396.7548611111111,127.78055555555557,136.12708333333333,130.35208333333333,1141.4,-50.1,36.61805555555556,1.1097222222222223,3.998611111111111,49.89791666666667,-46.108333333333334,1000.4,-932.1,40.368750000000006,133.625,1163.9,0.0,52.763888888888886,-375.1354166666667,0.0,-1000.0,85.35069444444444,375.1354166666667,1000.0,0.0,85.35069444444444,40.21527777777778,238.0715277777778,T07,0.9,9.4,4.245833333333334,0.32409722222222226,0.8,9.6,4.274305555555555,0.3359722222222222,20.0,26.0,22.680555555555557,1008.0,1010.0,1008.5694444444445,58.0,95.0,80.84027777777777,0.0,0.0,0.0,0.0,81.66666666666667,82.27777777777777,408.5486111111111,,0
2016-09-09 00:00:00+00:00,1605.2,0.0,706.4465277777778,50.077083333333334,38.041666666666664,49.861111111111114,49.80555555555556,49.47222222222222,43.84027777777778,45.541666666666664,46.0,31.270833333333332,14.2,0.0,6.195833333333333,23.1,0.4,3.464583333333333,0.6819444444444445,6.618055555555555,252.64374999999998,23.76388888888889,-682.2083333333334,13725.736111111111,1878271.0,-426.59027777777777,-932161,56.138888888888886,64.49305555555556,88.84722222222223,36.49305555555556,39.083333333333336,33.36805555555556,39.104166666666664,30.52777777777778,27.708333333333332,-2.9,89.5,11.036805555555555,1.4131944444444444,64.66666666666667,36.333333333333336,36.166666666666664,38.041666666666664,36.46527777777778,78.27013888888888,0.8145833333333334,50.0,399.1222222222222,398.0222222222222,396.7076388888889,85.92777777777778,93.08263888888888,85.56944444444444,751.9,-51.2,35.916666666666664,0.4506944444444445,3.426388888888889,38.729166666666664,-38.857638888888886,933.3,-582.1,23.056944444444444,85.21388888888889,767.4,0.0,37.047916666666666,-331.9625,0.0,-1000.0,108.67291666666667,331.9625,1000.0,0.0,108.67291666666667,37.71527777777778,251.01458333333332,T07,0.3,8.4,3.504166666666667,0.2575,0.3,8.5,3.4965277777777777,0.25916666666666666,20.0,27.0,22.666666666666668,1008.0,1010.0,1008.9097222222222,26.0,96.0,62.6875,0.0,0.0,0.0,0.0,66.75,66.58333333333333,408.8888888888889,,0
2016-09-10 00:00:00+00:00,1667.5,0.0,650.4465277777778,67.69166666666666,37.28472222222222,48.24305555555556,48.21527777777778,47.96527777777778,43.34027777777778,45.75694444444444,46.40277777777778,30.805555555555557,14.8,0.0,5.554166666666666,24.5,0.4,3.5152777777777775,0.6819444444444445,1.1222222222222218,227.7868055555556,23.23611111111111,-870.7013888888889,15419.25,2094991.0,-708.6111111111111,-841608,55.451388888888886,63.875,86.36805555555556,35.6875,38.47222222222222,33.520833333333336,38.625,30.125,27.65972222222222,-3.0,89.7,13.462499999999999,1.6347222222222222,62.208333333333336,35.56944444444444,35.451388888888886,37.30555555555556,35.736111111111114,87.29722222222222,0.79375,50.0,399.4451388888889,398.1013888888889,396.65833333333336,96.56666666666666,102.20972222222223,96.47291666666666,975.6,-51.5,35.083333333333336,0.6256944444444444,3.4972222222222222,36.5625,-34.99513888888889,787.2,-773.5,26.910416666666666,96.54374999999999,986.3,0.0,36.71805555555555,-277.68680555555557,0.0,-1000.0,58.94861111111111,277.68680555555557,1000.0,0.0,58.94861111111111,37.298611111111114,229.16319444444446,T07,0.4,10.4,3.8659722222222226,0.21284722222222222,0.4,10.6,3.8659722222222226,0.2204861111111111,19.0,26.0,22.256944444444443,1007.0,1010.0,1008.5208333333334,48.0,99.0,75.27083333333333,0.0,0.0,0.0,0.0,74.09722222222223,73.97916666666667,408.40277777777777,,0
2016-09-11 00:00:00+00:00,1726.4,0.0,993.188888888889,70.81944444444444,42.61805555555556,58.888888888888886,58.78472222222222,58.138888888888886,43.375,47.958333333333336,50.958333333333336,32.50694444444444,15.2,0.0,8.665972222222223,29.5,0.4,5.1194444444444445,0.911111111111111,-3.1708333333333334,120.32013888888888,25.03472222222222,-479.28472222222223,56123.041666666664,8012705.0,-318.6458333333333,-1800390,58.423611111111114,66.63194444444444,88.59027777777777,38.611111111111114,40.19444444444444,34.50694444444444,39.770833333333336,33.19444444444444,28.53472222222222,-3.1,51.2,7.647222222222222,1.0319444444444443,71.8125,38.861111111111114,38.74305555555556,40.63194444444444,38.513888888888886,333.8173611111111,0.8736111111111111,49.99930555555555,399.47569444444446,397.7451388888889,396.71527777777777,293.99652777777777,306.54375000000005,293.6923611111111,2100.8,-52.1,37.298611111111114,0.6368055555555556,5.057638888888889,85.29374999999999,-75.00972222222222,967.2,-763.4,19.842361111111114,340.8597222222222,2000.0,0.0,86.02291666666666,-540.8909722222222,0.0,-1000.0,59.18541666666667,534.6784722222222,1000.0,0.0,60.86736111111111,45.833333333333336,123.49791666666667,T07,0.7000000000000001,12.0,4.734722222222222,0.6710416666666666,0.7000000000000001,12.3,4.745138888888889,0.6909722222222222,19.0,30.0,24.47222222222222,1005.0,1009.0,1007.1458333333334,40.0,97.0,70.875,0.0,0.0,0.0,0.0,91.50694444444444,91.65277777777777,407.1111111111111,,0
2016-09-12 00:00:00+00:00,1713.9,153.5,1448.2840277777777,62.650000000000006,51.298611111111114,78.05555555555556,77.78472222222223,76.97916666666667,47.31944444444444,52.770833333333336,57.645833333333336,34.013888888888886,15.2,0.0,12.82638888888889,41.5,0.4,6.846527777777777,1.3,0.2777777777777778,134.88194444444446,26.006944444444443,-32.53472222222222,99652.59027777778,14345288.0,-25.006944444444443,-3179867,64.70833333333333,74.15972222222223,90.80555555555556,41.104166666666664,43.611111111111114,34.798611111111114,42.65277777777778,36.18055555555556,28.90972222222222,-3.3,57.4,-1.51875,0.6145833333333334,98.96527777777777,41.75694444444444,41.65972222222222,43.513888888888886,40.736111111111114,597.7409722222222,0.9201388888888888,49.99930555555555,398.9173611111111,397.0597222222222,396.81041666666664,511.6020833333333,531.8784722222222,507.6972222222222,2100.3,-52.0,40.951388888888886,0.5493055555555556,6.696527777777778,163.66597222222222,-132.48333333333332,611.2,-708.4,11.222916666666666,598.3270833333333,2000.0,0.0,163.75694444444446,-886.5097222222222,0.0,-1000.0,87.32083333333334,876.6416666666667,1000.0,0.0,102.52291666666666,58.34722222222222,134.5965277777778,T07,0.8,13.3,6.877083333333333,1.1606944444444445,0.9,13.3,6.902777777777778,1.219513888888889,21.0,30.0,25.270833333333332,1004.0,1009.0,1005.6180555555555,54.0,94.0,73.55555555555556,0.0,0.0,0.0,0.0,134.375,134.91666666666666,405.5625,,0
2016-09-13 00:00:00+00:00,1782.9,0.0,1333.4347222222223,57.25972222222222,46.229166666666664,71.65972222222223,71.40972222222223,70.59722222222223,49.388888888888886,50.0,53.99305555555556,30.65277777777778,15.7,0.0,11.809722222222222,42.1,0.4,5.977083333333334,1.1604166666666667,0.9520833333333333,238.4597222222222,22.26388888888889,-182.125,78004.13888888889,11206371.0,-162.90972222222223,-2576934,60.5,70.58333333333333,89.5625,39.798611111111114,40.861111111111114,31.92361111111111,40.673611111111114,32.09027777777778,25.256944444444443,-3.1,89.7,0.2513888888888889,1.6027777777777779,95.84722222222223,40.19444444444444,40.145833333333336,41.94444444444444,39.22222222222222,466.90277777777777,0.8479166666666668,50.00069444444445,399.0826388888889,397.18680555555557,396.53125,406.56180555555557,427.02152777777775,405.8180555555556,2105.2,-50.1,39.048611111111114,0.5097222222222223,5.938888888888889,115.8638888888889,-107.35,666.6,-804.4,19.49375,468.72013888888887,2000.0,0.0,114.98055555555555,-706.2055555555556,0.0,-1000.0,153.5284722222222,682.4541666666667,1000.0,0.0,161.1263888888889,48.451388888888886,237.51527777777775,T07,1.6,16.0,6.483333333333333,0.6876388888888889,1.6,16.5,6.530555555555555,0.69875,19.0,24.0,21.506944444444443,1007.0,1010.0,1008.2777777777778,70.0,97.0,80.59027777777777,0.0,12.0,0.2222222222222222,0.0,126.59027777777777,127.53472222222223,408.2083333333333,,0
2016-09-14 00:00:00+00:00,1718.0,76.8,1304.4847222222222,70.95277777777778,42.638888888888886,65.95138888888889,65.78472222222223,65.14583333333333,48.77777777777778,48.59722222222222,52.604166666666664,28.78472222222222,15.2,0.0,11.56111111111111,43.0,0.4,5.643055555555556,1.077777777777778,-0.41944444444444445,305.2451388888889,20.125,-208.30555555555554,64631.5625,9276948.0,-235.36111111111111,-2545141,55.86805555555556,65.76388888888889,83.50694444444444,39.229166666666664,39.125,30.208333333333332,39.00694444444444,29.229166666666668,23.166666666666668,-3.2,82.4,0.3173611111111111,1.1743055555555555,91.63888888888889,39.604166666666664,39.548611111111114,41.40972222222222,38.854166666666664,386.45624999999995,0.8270833333333334,50.0,398.85347222222225,396.80277777777775,396.4,341.88472222222225,360.52916666666664,335.90208333333334,2103.6,-52.2,37.25,0.6263888888888889,5.640277777777778,121.98611111111111,-106.03541666666666,1000.2,-337.8,15.11597222222222,389.525,2000.0,0.0,122.32499999999999,-690.3979166666667,0.0,-1000.0,102.54027777777777,683.2534722222222,1000.0,0.0,112.88680555555555,43.38194444444444,305.6645833333333,T07,0.4,16.7,6.334027777777778,0.5891666666666667,0.5,17.4,6.280555555555555,0.5834027777777778,15.0,22.0,19.270833333333332,1009.0,1012.0,1010.3055555555555,37.0,78.0,62.020833333333336,0.0,0.0,0.0,0.0,123.5625,122.51388888888889,410.2291666666667,,0
2016-09-15 00:00:00+00:00,1689.1,0.0,796.0055555555556,85.19166666666666,38.125,52.854166666666664,52.6875,52.298611111111114,44.52777777777778,45.38194444444444,47.138888888888886,28.805555555555557,14.9,0.0,6.981249999999999,27.2,0.4,4.155555555555555,0.8722222222222222,4.510416666666667,272.90486111111113,20.180555555555557,-742.5069444444445,32178.840277777777,4526833.0,-635.8125,-1316809,53.979166666666664,62.736111111111114,80.02777777777777,35.611111111111114,37.1875,29.82638888888889,37.388888888888886,28.666666666666668,23.541666666666668,-3.2,89.6,11.324305555555556,1.8680555555555556,65.65972222222223,35.72222222222222,35.611111111111114,37.49305555555556,35.4375,188.60902777777778,0.8138888888888889,50.00069444444445,399.44444444444446,398.1340277777778,396.6673611111111,178.14375,186.0652777777778,178.14305555555555,1581.0,-50.1,33.888888888888886,0.7805555555555556,4.1506944444444445,76.19791666666667,-54.87986111111111,1000.3,-835.9,21.790277777777778,199.5201388888889,1596.3,0.0,78.34444444444445,-353.4125,0.0,-1000.0,67.85694444444444,353.34305555555557,1000.0,0.0,68.30486111111111,39.40277777777778,288.39166666666665,T07,0.0,12.2,4.647222222222222,0.48972222222222217,0.3,11.9,4.610416666666667,0.48430555555555554,15.0,23.0,19.22222222222222,1009.0,1012.0,1010.6388888888889,39.0,75.0,59.3125,0.0,0.0,0.0,0.0,89.71527777777777,88.90972222222223,410.5486111111111,,0
2016-09-16 00:00:00+00:00,1686.8,0.0,529.1756944444445,101.27013888888888,35.833333333333336,45.208333333333336,45.145833333333336,44.861111111111114,47.875,43.833333333333336,43.645833333333336,30.34722222222222,14.9,0.0,4.452777777777778,21.3,0.4,3.0465277777777775,0.7729166666666667,16.15972222222222,163.9263888888889,23.04861111111111,-1096.9444444444443,10412.166666666666,1341394.0,-1405.4444444444443,-813979,54.99305555555556,63.138888888888886,80.56944444444444,35.145833333333336,37.736111111111114,32.38194444444444,37.94444444444444,29.73611111111111,26.48611111111111,-2.6,89.7,14.996527777777779,2.6319444444444446,54.791666666666664,34.888888888888886,34.77777777777778,36.701388888888886,35.173611111111114,55.89513888888889,0.6243055555555556,50.0,399.5576388888889,398.30277777777775,396.4770833333333,76.82222222222222,80.91736111111112,77.19791666666667,1609.2,-52.1,34.0,0.8812500000000001,3.0562500000000004,34.829861111111114,-33.920833333333334,1001.6,-1000.3,39.381249999999994,68.76805555555556,1634.8,0.0,34.79027777777778,-203.89305555555555,0.0,-1000.0,83.33055555555556,203.8826388888889,1000.0,0.0,83.43819444444445,36.958333333333336,205.27638888888887,T07,0.0,10.6,3.0791666666666666,0.4020138888888889,0.0,10.5,3.0458333333333334,0.3959722222222222,18.0,28.0,22.09027777777778,1010.0,1013.0,1011.4513888888889,31.0,79.0,59.46527777777778,0.0,0.0,0.0,0.0,58.22222222222222,57.513888888888886,411.3958333333333,,0
2016-09-17 00:00:00+00:00,1783.9,1214.6,1509.8284722222222,38.13194444444444,56.75694444444444,92.36805555555556,91.77083333333333,89.86111111111111,47.520833333333336,53.86805555555556,59.270833333333336,33.6875,15.6,10.8,13.375694444444443,32.5,0.6000000000000001,8.331944444444444,1.4472222222222222,0.39305555555555555,94.9701388888889,24.61111111111111,-5.715277777777778,166288.51388888888,23944724.0,-4.909722222222222,-3612765,70.53472222222223,81.03472222222223,100.00694444444444,43.041666666666664,44.229166666666664,33.048611111111114,43.75694444444444,38.541666666666664,26.59722222222222,-3.2,13.0,-0.46041666666666664,0.9430555555555556,105.0625,44.0625,43.97222222222222,45.611111111111114,41.81944444444444,997.6361111111112,0.9624999999999999,49.99930555555555,399.65763888888887,397.5388888888889,397.69722222222225,835.5388888888889,858.7666666666667,833.7208333333333,2106.4,-49.4,43.53472222222222,0.33125000000000004,8.209027777777777,129.05624999999998,-150.53125,151.0,-284.1,6.697916666666667,996.0916666666667,2000.0,0.0,128.10347222222222,-860.7277777777778,0.0,-1000.0,82.82361111111112,789.8916666666667,1000.0,0.0,90.6576388888889,61.916666666666664,94.57777777777777,T07,1.9,16.8,8.570138888888888,0.7360416666666666,2.0,16.9,8.630555555555555,0.7517361111111112,20.0,29.0,24.006944444444443,1007.0,1012.0,1009.8125,22.0,58.0,40.25694444444444,0.0,0.0,0.0,0.0,168.19444444444446,169.57638888888889,409.75694444444446,,0
2016-09-18 00:00:00+00:00,1657.2,0.0,1166.8548611111112,95.07291666666667,45.166666666666664,64.02083333333333,63.90972222222222,63.68055555555556,48.395833333333336,50.895833333333336,53.375,32.916666666666664,14.7,0.0,10.290972222222223,39.1,0.4,4.902083333333334,0.8958333333333334,-1.4548611111111114,137.9375,25.78472222222222,-537.6805555555555,33940.77777777778,4810047.0,-544.875,-1792965,60.49305555555556,69.95138888888889,91.25,39.18055555555556,42.673611111111114,35.645833333333336,42.36805555555556,33.541666666666664,29.46527777777778,-3.5,89.7,2.3069444444444445,2.277083333333333,90.50694444444444,39.25694444444444,39.22222222222222,41.02777777777778,39.208333333333336,200.4048611111111,0.8006944444444445,50.00069444444445,399.3902777777778,397.57222222222225,396.8611111111111,191.45347222222222,209.45902777777778,190.8736111111111,1060.8,-52.2,40.09027777777778,0.8618055555555556,4.861111111111111,66.27430555555556,-74.69722222222222,999.9,-746.9,32.552083333333336,209.74166666666667,1074.4,0.0,67.06180555555555,-620.7993055555556,0.0,-1000.0,132.90625,620.7993055555556,1000.0,0.0,132.90625,47.19444444444444,139.38888888888889,T07,0.3,9.9,5.045138888888889,0.5090277777777777,0.2,9.8,5.05625,0.5166666666666667,21.0,31.0,24.979166666666668,1008.0,1011.0,1008.9236111111111,26.0,73.0,40.208333333333336,0.0,0.0,0.0,0.0,97.61111111111111,97.89583333333333,408.90277777777777,,0
2016-09-19 00:00:00+00:00,1678.1,0.0,895.5222222222222,130.20277777777778,39.63194444444444,54.0625,54.02777777777778,53.770833333333336,48.69444444444444,46.576388888888886,48.75694444444444,30.28472222222222,14.9,0.0,7.885416666666667,38.9,0.4,3.9312500000000004,0.7625000000000001,2.646527777777778,156.82847222222222,22.77777777777778,-856.7083333333334,16526.88888888889,2256502.0,-1190.3125,-1148826,55.80555555555556,64.71527777777777,82.52083333333333,37.52777777777778,39.22222222222222,32.56944444444444,38.96527777777778,30.28472222222222,26.583333333333332,-2.5,84.9,8.240972222222222,3.3854166666666665,73.69444444444444,37.388888888888886,37.25694444444444,39.145833333333336,37.520833333333336,93.99305555555556,0.6527777777777778,50.0,399.4430555555556,398.0368055555556,396.5548611111111,115.47916666666667,124.66458333333334,116.5965277777778,1099.5,-50.6,36.395833333333336,1.1895833333333334,3.952777777777778,42.981944444444444,-47.94513888888889,1000.9,-953.0,56.35069444444444,107.18194444444445,1126.5,0.0,44.705555555555556,-358.3979166666667,0.0,-1000.0,116.18402777777777,358.3979166666667,1000.0,0.0,116.18402777777777,38.791666666666664,156.68541666666667,T07,0.0,9.0,3.9618055555555554,0.51,0.4,9.4,3.9131944444444446,0.5464583333333333,19.0,25.0,22.13888888888889,1009.0,1012.0,1010.0,32.0,94.0,71.30555555555556,0.0,0.0,0.0,0.0,75.90277777777777,75.02083333333333,409.9861111111111,,0
2016-09-20 00:00:00+00:00,1666.2,0.0,745.4847222222222,102.82013888888889,38.61805555555556,50.80555555555556,50.729166666666664,50.520833333333336,47.986111111111114,46.486111111111114,47.951388888888886,30.708333333333332,14.8,0.0,6.44375,37.6,0.4,3.5694444444444446,0.7423611111111111,0.8965277777777779,218.59791666666666,23.104166666666668,-1058.798611111111,14375.104166666666,1917551.0,-1460.548611111111,-938800,55.43055555555556,63.86805555555556,89.66666666666667,36.72222222222222,39.104166666666664,33.86805555555556,38.708333333333336,30.42361111111111,27.88888888888889,-3.0,89.8,11.460416666666667,2.4659722222222222,66.81944444444444,36.63194444444444,36.50694444444444,38.40972222222222,36.81944444444444,79.90902777777778,0.6284722222222222,49.99930555555555,399.2763888888889,398.09444444444443,396.1340277777778,104.81319444444445,110.1576388888889,105.21041666666666,997.7,-51.6,36.0,0.9298611111111111,3.5493055555555557,40.068749999999994,-39.080555555555556,1000.5,-686.4,50.24791666666667,91.65,1010.8,0.0,40.947916666666664,-275.95416666666665,0.0,-1000.0,96.94375,275.95416666666665,1000.0,0.0,96.94375,38.93055555555556,217.69930555555555,T07,0.0,9.6,3.6868055555555554,0.3109722222222222,0.0,9.6,3.642361111111111,0.33631944444444445,19.0,26.0,22.180555555555557,1007.0,1010.0,1008.4305555555555,42.0,99.0,74.22916666666667,0.0,0.0,0.0,0.0,70.46527777777777,69.52777777777777,408.40277777777777,,0
2016-09-21 00:00:00+00:00,1616.1,0.0,427.9597222222222,37.62847222222222,33.25694444444444,42.84722222222222,42.80555555555556,42.46527777777778,48.61805555555556,41.854166666666664,41.625,28.79861111111111,14.3,0.0,3.711111111111111,23.5,0.4,3.0243055555555554,0.6548611111111111,-0.19583333333333364,242.35208333333333,21.40972222222222,-1069.5972222222222,8956.006944444445,1135644.0,-1342.0069444444443,-763287,53.40277777777778,61.875,83.6875,34.201388888888886,35.84027777777778,32.104166666666664,36.354166666666664,27.333333333333332,26.208333333333332,-3.1,89.8,20.644444444444446,1.4847222222222223,49.90277777777778,33.8125,33.666666666666664,35.583333333333336,33.986111111111114,47.31388888888889,0.6597222222222223,49.99791666666667,399.26250000000005,398.2076388888889,396.20694444444445,64.54652777777778,67.15694444444445,64.18194444444445,768.8,-47.5,31.895833333333332,0.3326388888888889,3.029166666666667,24.197222222222223,-31.770138888888887,893.6,-920.1,19.381944444444443,73.17222222222222,784.6,0.0,28.328472222222224,-191.0638888888889,0.0,-1000.0,56.22430555555556,191.0638888888889,1000.0,0.0,56.22430555555556,33.68055555555556,245.03125,T07,0.0,10.0,3.1597222222222223,0.19215277777777778,0.0,10.3,3.177777777777778,0.1984027777777778,17.0,24.0,20.36111111111111,1008.0,1010.0,1008.7777777777778,62.0,100.0,84.19444444444444,0.0,1.0,0.006944444444444444,0.0,59.8125,60.22222222222222,408.75,,0
2016-09-22 00:00:00+00:00,1708.2,0.0,871.9993055555556,70.79166666666667,38.80555555555556,55.13194444444444,55.00694444444444,54.5,39.90277777777778,46.43055555555556,48.451388888888886,29.03472222222222,15.1,0.0,7.625,45.0,0.4,4.527777777777778,0.9173611111111111,-3.979861111111111,210.50069444444443,20.916666666666668,-686.3402777777778,41115.34027777778,5821776.0,-576.4097222222222,-1614004,54.6875,63.40972222222222,85.67361111111111,36.18055555555556,37.61805555555556,31.36111111111111,37.88194444444444,28.756944444444443,24.6875,-3.1,58.6,9.839583333333334,0.9791666666666666,68.41666666666667,36.36805555555556,36.19444444444444,38.06944444444444,35.979166666666664,242.55555555555554,0.8347222222222223,50.0,399.5375,398.0715277777778,396.82222222222225,223.1888888888889,232.6201388888889,223.09444444444443,2097.5,-50.1,34.5625,0.6423611111111112,4.496527777777778,89.2125,-67.22291666666666,1000.8,-761.3,21.99722222222222,251.55902777777777,2000.0,0.0,91.225,-440.5756944444445,0.0,-1000.0,58.056250000000006,440.0090277777778,1000.0,0.0,60.358333333333334,41.548611111111114,216.98333333333332,T07,0.0,12.6,5.044444444444444,0.4652777777777778,0.0,12.8,5.0881944444444445,0.5017361111111112,19.0,22.0,20.04861111111111,1009.0,1014.0,1011.5763888888889,54.0,89.0,77.13888888888889,0.0,0.0,0.0,0.0,97.73611111111111,98.5625,411.5625,,0
2016-09-23 00:00:00+00:00,1454.3,0.0,399.52777777777777,27.575,32.3125,40.71527777777778,40.65277777777778,40.333333333333336,48.71527777777778,40.61805555555556,40.05555555555556,28.88888888888889,12.9,0.0,3.3777777777777778,18.6,0.4,2.6416666666666666,0.6736111111111112,17.240277777777777,185.24097222222224,21.680555555555557,-1046.7430555555557,4495.902777777777,496681.0,-1436.375,-634467,53.05555555555556,61.458333333333336,81.8125,33.80555555555556,35.52777777777778,31.46527777777778,36.173611111111114,27.25,26.07638888888889,-2.4,89.1,18.50486111111111,0.9993055555555556,48.00694444444444,33.44444444444444,33.25694444444444,35.1875,33.52777777777778,20.69097222222222,0.6062500000000001,49.99791666666667,399.5083333333333,398.3173611111111,396.2423611111111,41.62916666666667,43.00138888888889,39.64513888888889,438.8,-50.2,31.65277777777778,0.2576388888888889,2.642361111111111,18.158333333333335,-26.388194444444444,1000.9,-733.0,15.55763888888889,30.665277777777778,452.2,0.0,18.196527777777778,-128.53750000000002,0.0,-1000.0,66.775,128.53750000000002,1000.0,0.0,66.775,32.673611111111114,243.0048611111111,T07,0.0,7.5,2.6430555555555557,0.1832638888888889,0.0,7.7,2.6534722222222222,0.18381944444444442,17.0,25.0,20.645833333333332,1012.0,1015.0,1013.7777777777778,55.0,90.0,73.375,0.0,0.0,0.0,0.0,49.43055555555556,49.75694444444444,413.71527777777777,,0
2016-09-24 00:00:00+00:00,1749.8,0.0,1316.7645833333333,42.21388888888889,47.395833333333336,72.19444444444444,72.02083333333333,70.96527777777777,48.201388888888886,49.701388888888886,54.479166666666664,31.73611111111111,15.5,0.0,11.647916666666667,40.3,0.4,6.322916666666667,1.0763888888888888,-0.9736111111111114,90.01875000000001,23.73611111111111,-266.52777777777777,91354.94444444444,13116734.0,-257.3541666666667,-2806019,60.24305555555556,69.66666666666667,90.03472222222223,40.77777777777778,41.104166666666664,32.645833333333336,40.50694444444444,33.520833333333336,26.29861111111111,-3.2,84.7,0.7513888888888888,0.6548611111111111,90.6875,41.263888888888886,41.145833333333336,42.958333333333336,40.21527777777778,546.59375,0.8854166666666666,49.99930555555555,399.42291666666665,397.5340277777778,396.97083333333336,471.6201388888889,492.54791666666665,468.87708333333336,2101.2,-46.9,38.798611111111114,0.3680555555555556,6.268055555555556,118.94166666666666,-116.87708333333333,901.1,-867.2,18.78402777777778,548.8875,2000.0,0.0,119.04930555555555,-793.6270833333333,0.0,-1000.0,71.94999999999999,780.7131944444444,1000.0,0.0,84.17708333333333,50.479166666666664,98.49375,T07,0.3,13.5,6.5368055555555555,0.502013888888889,0.4,13.4,6.588888888888889,0.5152083333333333,19.0,28.0,23.104166666666668,1010.0,1014.0,1011.8333333333334,40.0,90.0,64.70138888888889,0.0,0.0,0.0,0.0,127.59722222222223,128.58333333333334,411.7083333333333,,0
2016-09-25 00:00:00+00:00,1684.4,0.0,1144.670138888889,74.95138888888889,44.236111111111114,63.701388888888886,63.604166666666664,63.25,48.208333333333336,51.05555555555556,53.611111111111114,31.79861111111111,14.9,0.0,10.065277777777778,23.7,0.4,5.115277777777778,0.9111111111111112,5.751388888888889,127.57916666666668,24.166666666666668,-489.9513888888889,44941.78472222222,6401066.0,-575.4861111111111,-2023522,58.69444444444444,68.03472222222223,85.52777777777777,38.611111111111114,41.71527777777778,33.916666666666664,41.548611111111114,32.604166666666664,27.541666666666668,-3.2,89.4,3.125,1.43125,89.13888888888889,38.708333333333336,38.68055555555556,40.541666666666664,38.479166666666664,266.71736111111113,0.8173611111111111,50.0,399.3930555555555,397.53472222222223,397.04791666666665,244.48263888888889,262.86041666666665,242.41250000000002,1558.7,-52.0,39.291666666666664,0.6868055555555556,5.1,81.61041666666667,-84.31597222222223,1000.3,-980.2,27.50625,273.1826388888889,1566.4,0.0,81.97361111111111,-664.9034722222223,0.0,-1000.0,114.61111111111111,664.8763888888889,1000.0,0.0,114.7472222222222,49.048611111111114,131.82916666666668,T07,0.8,10.4,5.336111111111111,0.4673611111111111,0.3,10.6,5.363888888888889,0.47923611111111114,20.0,29.0,23.333333333333332,1009.0,1012.0,1011.0763888888889,38.0,87.0,70.47916666666667,0.0,0.0,0.0,0.0,103.48611111111111,103.98611111111111,411.0208333333333,,0
2016-09-26 00:00:00+00:00,1726.9,0.0,1192.24375,90.21805555555555,45.541666666666664,66.07638888888889,65.85416666666667,65.16666666666667,48.27777777777778,51.145833333333336,54.4375,32.25,15.3,0.0,10.554166666666667,23.2,0.4,5.776388888888889,0.9993055555555556,0.33333333333333326,94.55138888888888,24.493055555555557,-490.34027777777777,68365.26388888889,9773988.0,-596.1111111111111,-2244387,60.111111111111114,69.15972222222223,84.96527777777777,39.49305555555556,41.451388888888886,33.298611111111114,40.90972222222222,33.59722222222222,27.17361111111111,-3.2,89.8,3.6458333333333335,1.7791666666666666,84.90277777777777,39.861111111111114,39.78472222222222,41.55555555555556,39.236111111111114,407.2451388888889,0.8479166666666668,50.00069444444445,399.0729166666667,397.32708333333335,396.8333333333333,357.00069444444443,373.8618055555555,356.99861111111113,2103.4,-50.5,38.923611111111114,0.7972222222222222,5.726388888888889,106.37708333333333,-93.46597222222222,1000.4,-1000.8,23.3375,414.9125,2000.0,0.0,107.95833333333333,-703.1347222222222,0.0,-1000.0,66.35555555555555,693.1368055555555,1000.0,0.0,72.85624999999999,49.416666666666664,94.21944444444445,T07,1.1,12.8,6.004861111111111,0.46541666666666665,1.0,12.9,6.052083333333333,0.4769444444444445,20.0,29.0,23.729166666666668,1009.0,1013.0,1010.2986111111111,35.0,83.0,63.986111111111114,0.0,0.0,0.0,0.0,116.95138888888889,117.76388888888889,410.25694444444446,,0
2016-09-27 00:00:00+00:00,1789.2,0.0,1315.9215277777778,67.79652777777778,53.388888888888886,83.50694444444444,82.96527777777777,81.38888888888889,48.263888888888886,52.1875,57.25694444444444,32.9375,15.7,0.0,11.632638888888888,44.3,0.4,8.175694444444444,1.4875,-0.2416666666666667,100.40416666666667,24.27777777777778,-549.4930555555555,137509.29166666666,19722214.0,-461.53472222222223,-3085024,67.49305555555556,77.70138888888889,97.04861111111111,41.74305555555556,42.90277777777778,32.895833333333336,42.451388888888886,37.13194444444444,26.868055555555557,-3.2,89.8,9.320833333333333,2.4430555555555555,96.61111111111111,42.458333333333336,42.38194444444444,44.06944444444444,40.69444444444444,821.6833333333333,0.9083333333333334,50.0,399.75,397.75416666666666,397.9145833333333,700.0472222222222,717.9437499999999,697.4791666666666,2105.3,-51.5,41.75694444444444,0.5965277777777778,8.06388888888889,152.35416666666666,-128.59375,846.4,-604.9,16.984027777777776,997.7437500000001,2000.0,0.0,166.4263888888889,-729.2340277777778,0.0,-1000.0,105.26388888888889,666.2430555555555,1000.0,0.0,114.62916666666666,56.88194444444444,100.64861111111111,T07,1.3,16.5,8.147916666666667,1.0024305555555555,1.2,16.4,8.218055555555557,1.016736111111111,21.0,28.0,23.70138888888889,1011.0,1014.0,1012.4583333333334,42.0,84.0,67.625,0.0,0.0,0.0,0.0,159.83333333333334,161.22222222222223,412.375,,0
2016-09-28 00:00:00+00:00,1805.0,0.0,1282.8909722222222,32.59375,60.44444444444444,99.32638888888889,98.27083333333333,95.50694444444444,47.43055555555556,53.44444444444444,58.21527777777778,34.041666666666664,15.8,0.0,11.291666666666666,45.4,0.6000000000000001,12.807638888888889,2.5319444444444446,0.3020833333333335,100.42847222222223,23.82638888888889,-644.0416666666666,220864.54166666666,31711752.0,-739.8333333333334,-3734935,78.33333333333333,89.99305555555556,109.43055555555556,43.923611111111114,43.96527777777778,32.25,43.166666666666664,40.65972222222222,25.708333333333332,-3.2,86.2,23.018055555555556,1.865277777777778,96.97222222222223,45.06944444444444,44.958333333333336,46.53472222222222,41.97222222222222,1321.2652777777778,0.9090277777777778,49.99861111111111,401.15277777777777,398.91875000000005,400.04583333333335,1110.9361111111111,1124.1020833333334,1103.1131944444444,2107.8,-52.5,43.833333333333336,0.24444444444444446,12.661111111111111,110.83333333333333,-155.625,12.7,-224.5,4.091666666666667,1785.6708333333333,2000.0,268.6,118.96666666666667,-579.8187499999999,0.0,-1000.0,61.51180555555556,462.3222222222222,1000.0,0.0,70.52222222222223,64.83333333333333,100.11944444444445,T07,3.3,24.4,13.184027777777779,2.282916666666667,3.2,24.5,13.258333333333333,2.321041666666667,21.0,26.0,23.055555555555557,1012.0,1014.0,1013.0,50.0,77.0,65.20833333333333,0.0,0.0,0.0,0.0,260.84027777777777,262.44444444444446,412.96527777777777,,0
2016-09-29 00:00:00+00:00,1822.8,0.0,1057.8229166666667,38.224999999999994,59.94444444444444,95.64583333333333,94.61111111111111,91.99305555555556,47.34027777777778,51.68055555555556,55.541666666666664,33.895833333333336,16.0,0.0,9.247916666666667,45.7,0.6000000000000001,15.074305555555554,2.834722222222222,-0.6743055555555555,96.00555555555555,23.48611111111111,-924.5347222222222,198462.75,28445502.0,-1035.076388888889,-3315795,79.44444444444444,91.52777777777777,109.13194444444444,42.486111111111114,43.31944444444444,32.208333333333336,42.25694444444444,40.0,25.32638888888889,-2.5,89.8,37.47222222222222,2.261111111111111,90.06944444444444,43.479166666666664,43.3125,44.854166666666664,40.673611111111114,1185.1999999999998,0.8500000000000001,49.99930555555555,401.72222222222223,399.6791666666667,400.6298611111111,999.5041666666667,1009.0784722222221,995.1458333333334,2105.8,-51.7,42.71527777777778,0.27847222222222223,14.864583333333334,65.92916666666666,-138.16041666666666,18.1,-226.1,4.4743055555555555,1944.0638888888889,2000.0,512.1,55.609027777777776,-406.1354166666667,0.0,-1000.0,38.24722222222223,297.68611111111113,1000.0,0.0,39.06180555555555,61.076388888888886,96.69236111111111,T07,3.1,26.3,15.20486111111111,2.5763194444444446,3.2,26.7,15.274999999999999,2.6297916666666667,21.0,25.0,22.958333333333332,1008.0,1014.0,1011.0,47.0,74.0,62.479166666666664,0.0,0.0,0.0,0.0,301.1875,302.71527777777777,410.9583333333333,,0
2016-09-30 00:00:00+00:00,1789.4,1224.3,1630.0006944444444,26.560416666666665,66.47222222222223,115.55555555555556,114.39583333333333,111.30555555555556,47.138888888888886,52.93055555555556,60.895833333333336,34.923611111111114,15.8,10.9,14.440277777777778,46.3,0.6000000000000001,10.506944444444445,2.022222222222222,-0.9437500000000001,96.96111111111111,23.40972222222222,0.0,258679.39583333334,37249833.0,0.0,-4481127,86.00694444444444,99.02083333333333,112.35416666666667,45.34027777777778,45.25,31.98611111111111,43.90972222222222,42.201388888888886,24.805555555555557,-3.2,17.1,0.8076388888888889,1.6222222222222222,113.16666666666667,46.798611111111114,46.68055555555556,48.22222222222222,42.875,1552.1395833333333,0.9888888888888889,50.0,400.3833333333333,398.12361111111113,398.83958333333334,1297.773611111111,1316.1930555555555,1288.4888888888888,2106.0,18.8,45.208333333333336,0.2277777777777778,10.206944444444444,185.65555555555557,-186.71041666666667,286.0,-651.9,6.375,1549.054861111111,2000.0,17.4,183.40069444444444,-816.7159722222223,-85.3,-1000.0,115.3736111111111,673.7770833333333,1000.0,85.3,135.54375,71.22222222222223,97.9125,T07,2.2,20.0,10.620138888888889,1.2518055555555554,2.2,20.2,10.682638888888889,1.2741666666666667,21.0,26.0,22.77777777777778,1006.0,1010.0,1007.4652777777778,52.0,77.0,68.625,0.0,0.0,0.0,0.0,209.40972222222223,210.76388888888889,407.4513888888889,,0
2016-10-01 00:00:00+00:00,1697.7,0.0,601.3284722222222,35.03680555555556,40.68055555555556,57.076388888888886,56.888888888888886,56.21527777777778,42.798611111111114,46.604166666666664,46.6875,31.48611111111111,15.0,0.0,5.233333333333333,21.7,0.4,4.666666666666667,0.7972222222222223,11.386111111111111,159.3423611111111,22.875,-595.6527777777778,34742.819444444445,4917193.0,-420.86805555555554,-1105396,65.75,74.27083333333333,93.72916666666667,37.56944444444444,39.6875,33.083333333333336,40.65277777777778,30.868055555555557,26.04861111111111,-3.2,90.0,38.014583333333334,2.23125,66.35416666666667,37.458333333333336,37.30555555555556,38.99305555555556,37.798611111111114,204.87569444444443,0.8381944444444445,49.99930555555555,399.7736111111111,398.2034722222222,396.525,181.22569444444446,193.38402777777776,184.25347222222223,1996.4,-44.3,36.22222222222222,0.31875000000000003,4.179166666666666,44.45902777777778,-46.045138888888886,1001.3,-490.2,10.90486111111111,243.76319444444445,2000.0,0.0,59.74305555555556,-335.5208333333333,0.0,-1000.0,37.71388888888889,333.60069444444446,1000.0,0.0,41.572916666666664,41.923611111111114,147.95902777777778,T07,0.0,12.1,4.684027777777778,0.39291666666666664,0.0,12.4,4.699305555555556,0.4007638888888889,19.0,27.0,21.8125,1006.0,1008.0,1006.6111111111111,51.0,85.0,75.29861111111111,0.0,0.0,0.0,0.0,90.43055555555556,90.79861111111111,406.56944444444446,,0
2016-10-02 00:00:00+00:00,1551.7,0.0,537.3104166666667,43.70972222222222,34.84027777777778,44.583333333333336,44.583333333333336,44.236111111111114,36.93055555555556,41.208333333333336,41.80555555555556,29.854166666666668,13.7,0.0,4.616666666666666,39.1,0.4,3.0694444444444446,0.6159722222222223,11.836805555555555,230.8034722222222,21.79861111111111,-729.7083333333334,9480.104166666666,1260057.0,-334.3541666666667,-621353,55.31944444444444,63.895833333333336,86.47222222222223,34.958333333333336,36.84722222222222,33.458333333333336,37.52777777777778,29.083333333333332,26.333333333333332,-2.9,89.8,14.990277777777777,1.0381944444444444,54.15277777777778,34.69444444444444,34.576388888888886,36.416666666666664,34.75694444444444,52.50486111111111,0.8555555555555556,50.0,399.51180555555555,397.97847222222225,395.77916666666664,62.736805555555556,70.67500000000001,65.44513888888889,632.9,-52.2,33.53472222222222,0.44027777777777777,3.0555555555555554,22.300694444444446,-25.895833333333332,1000.1,-823.2,24.411805555555556,59.607638888888886,648.0,0.0,23.12222222222222,-232.6902777777778,0.0,-1000.0,55.422222222222224,232.6902777777778,1000.0,0.0,55.422222222222224,33.93055555555556,233.9736111111111,T07,0.0,7.9,3.1125,0.23111111111111113,0.0,8.3,3.0458333333333334,0.24791666666666667,17.0,24.0,20.73611111111111,1006.0,1009.0,1007.5486111111111,47.0,97.0,76.29861111111111,0.0,0.0,0.0,0.0,59.013888888888886,57.645833333333336,407.5138888888889,,0
2016-10-03 00:00:00+00:00,1700.2,0.0,1025.6,54.08819444444444,43.25,60.9375,60.77777777777778,60.05555555555556,36.25,46.77777777777778,50.02777777777778,32.125,15.1,0.0,9.009722222222223,40.4,0.4,5.405555555555555,0.9437500000000001,5.004861111111111,107.49166666666666,23.270833333333332,-457.8888888888889,69187.45138888889,9897059.0,-288.875,-1901800,59.19444444444444,68.15277777777777,93.09027777777777,37.486111111111114,39.645833333333336,32.895833333333336,39.55555555555556,32.84722222222222,25.98611111111111,-3.2,56.4,7.388194444444445,0.8895833333333333,72.86805555555556,37.84027777777778,37.708333333333336,39.583333333333336,37.03472222222222,412.3645833333333,0.85625,50.00069444444445,399.8909722222222,398.28055555555557,397.2576388888889,364.3972222222222,374.08680555555554,361.5701388888889,1980.0,-50.1,36.625,0.4965277777777778,5.315277777777777,91.54027777777777,-79.23124999999999,868.3,-557.4,23.993055555555557,419.32222222222225,1995.1,0.0,92.87222222222222,-525.4944444444444,0.0,-1000.0,35.84791666666667,520.7833333333333,1000.0,0.0,46.079166666666666,45.541666666666664,134.9972222222222,T07,0.8,12.1,5.418749999999999,0.5297222222222222,0.8,12.4,5.450694444444444,0.5352083333333333,19.0,29.0,22.76388888888889,1008.0,1010.0,1008.9861111111111,35.0,82.0,60.59722222222222,0.0,0.0,0.0,0.0,105.20833333333333,105.77777777777777,408.9583333333333,,0
2016-10-04 00:00:00+00:00,1743.7,0.0,1495.2006944444445,65.25486111111111,52.77777777777778,81.65277777777777,81.27083333333333,79.86111111111111,37.604166666666664,53.125,58.326388888888886,34.625,15.4,0.0,13.235416666666667,41.5,0.4,7.688194444444444,1.3902777777777777,-1.2402777777777778,92.31805555555555,24.38888888888889,-118.19444444444444,139220.11805555556,20030675.0,-74.25694444444444,-3351200,67.61111111111111,77.81944444444444,96.49305555555556,40.27777777777778,43.833333333333336,33.583333333333336,43.270833333333336,37.3125,26.26388888888889,-3.3,89.8,-0.9236111111111112,0.9222222222222223,98.97222222222223,41.173611111111114,41.076388888888886,42.75,39.30555555555556,834.6326388888889,0.9590277777777777,50.00138888888889,399.5201388888889,397.6430555555555,397.4625,702.4347222222223,724.4701388888889,702.1583333333333,2102.8,-50.3,41.736111111111114,0.5805555555555556,7.552083333333333,160.69166666666666,-139.6326388888889,999.9,-689.8,10.609722222222222,835.8263888888889,2000.0,0.0,160.93263888888887,-923.6118055555556,0.0,-1000.0,55.493750000000006,890.5465277777778,1000.0,0.0,76.03541666666666,57.326388888888886,93.56666666666666,T07,1.5,13.8,7.728472222222223,0.6718055555555557,1.0,14.0,7.779166666666667,0.6838194444444444,21.0,28.0,23.6875,1008.0,1012.0,1009.8472222222222,48.0,80.0,68.70833333333333,0.0,0.0,0.0,0.0,151.41666666666666,152.48611111111111,409.7638888888889,,0
2016-10-05 00:00:00+00:00,1794.4,1229.2,1619.2055555555555,41.68541666666667,58.895833333333336,97.32638888888889,96.47222222222223,94.19444444444444,41.125,53.673611111111114,60.395833333333336,35.583333333333336,15.8,10.9,14.342361111111112,41.9,0.6000000000000001,9.50138888888889,1.6840277777777777,-0.4812499999999999,92.09166666666667,23.791666666666668,0.0,213470.89583333334,30739809.0,0.0,-4145338,75.38194444444444,86.66666666666667,102.28472222222223,42.3125,45.951388888888886,33.06944444444444,45.55555555555556,40.395833333333336,25.506944444444443,-3.3,12.3,-0.5951388888888889,0.9291666666666667,106.97916666666667,43.65972222222222,43.52777777777778,45.1875,40.6875,1280.8715277777778,0.9993055555555556,49.99930555555555,400.3722222222222,398.40416666666664,398.74583333333334,1070.5555555555557,1088.8493055555555,1062.634722222222,2104.6,149.3,45.361111111111114,0.3652777777777778,9.289583333333333,184.16597222222222,-172.7201388888889,-80.5,-228.6,4.655555555555555,1279.420138888889,2000.0,128.0,183.54722222222222,-914.4145833333334,-583.3,-1000.0,57.24583333333333,830.3972222222222,1000.0,406.1,80.86736111111111,64.54861111111111,92.57569444444444,T07,3.5,16.5,9.435416666666667,0.8676388888888888,3.3,16.7,9.504861111111111,0.8840972222222222,21.0,27.0,23.09027777777778,1005.0,1009.0,1007.1666666666666,54.0,84.0,71.61805555555556,0.0,0.0,0.0,0.0,185.57638888888889,187.14583333333334,407.1388888888889,,0
2016-10-06 00:00:00+00:00,1778.8,0.0,1144.6459016393442,62.126229508196715,49.15573770491803,73.45081967213115,73.15573770491804,72.18852459016394,40.14754098360656,50.057377049180324,53.114754098360656,32.83606557377049,15.7,0.0,10.026229508196721,27.9,0.4,6.018852459016393,1.0,2.3040983606557375,157.9688524590164,22.770491803278688,-527.0901639344262,87462.10655737705,10606074.0,-393.4754098360656,-1750239,67.99180327868852,78.40163934426229,96.45081967213115,38.795081967213115,42.50819672131148,33.057377049180324,42.23770491803279,34.77049180327869,25.918032786885245,-3.2,90.0,7.047540983606557,2.0024590163934426,88.15573770491804,39.385245901639344,39.26229508196721,41.07377049180328,38.24590163934426,521.5639344262295,0.8442622950819673,49.99426229508197,399.6098360655738,398.08032786885246,397.1565573770492,455.622131147541,471.0,457.06475409836065,2105.0,-50.1,40.13934426229508,0.5631147540983606,5.9286885245901635,69.19590163934426,-86.01229508196721,1000.9,-875.9,34.84590163934426,528.3688524590164,2000.0,0.0,70.18114754098362,-569.5344262295082,0.0,-1000.0,69.75491803278689,540.3319672131148,1000.0,0.0,70.56557377049181,53.08196721311475,155.65655737704918,T07,0.0,15.9,5.65625,0.4516666666666667,0.2,16.0,5.704861111111111,0.4634722222222222,18.0,29.0,22.541666666666668,1003.0,1006.0,1004.3333333333334,49.0,99.0,76.15277777777777,0.0,0.0,0.0,0.0,109.97916666666667,110.79166666666667,404.28472222222223,,0
2016-10-07 00:00:00+00:00,1461.6,0.0,361.2347222222222,58.1888888888889,31.583333333333332,38.541666666666664,38.541666666666664,38.298611111111114,37.388888888888886,39.145833333333336,38.59027777777778,28.618055555555557,12.9,0.0,3.0076388888888888,14.6,0.4,2.3715277777777777,0.5916666666666667,8.077777777777778,204.7263888888889,21.125,-950.2291666666666,3193.277777777778,322999.0,-494.47222222222223,-291289,53.19444444444444,61.36805555555556,82.30555555555556,33.30555555555556,35.15972222222222,33.30555555555556,36.1875,27.145833333333332,25.833333333333332,-2.3,89.0,18.070833333333333,1.5444444444444445,44.56944444444444,33.013888888888886,32.94444444444444,34.80555555555556,33.145833333333336,13.460416666666667,0.8368055555555556,49.99930555555555,399.2923611111111,398.40694444444443,396.1736111111111,36.78402777777778,38.56180555555555,38.40833333333333,483.4,-51.8,31.208333333333332,0.5069444444444444,2.372916666666667,14.958333333333334,-12.164583333333333,1000.3,-737.6,37.181250000000006,22.80625,490.4,0.0,13.220833333333333,-87.10416666666667,0.0,-1000.0,49.34444444444445,87.10416666666667,1000.0,0.0,49.34444444444445,35.11805555555556,231.65416666666664,T07,0.0,7.8,2.35625,0.17479166666666668,0.0,8.1,2.367361111111111,0.17708333333333334,16.0,25.0,20.0625,1004.0,1009.0,1006.3472222222222,66.0,100.0,89.61111111111111,0.0,1.0,0.020833333333333332,0.0,43.666666666666664,43.916666666666664,406.2291666666667,,0
2016-10-08 00:00:00+00:00,1478.0,0.0,408.89444444444445,42.44027777777777,33.75694444444444,41.34027777777778,41.34027777777778,41.104166666666664,38.486111111111114,39.826388888888886,39.27777777777778,30.180555555555557,13.1,0.0,3.5277777777777777,15.9,0.4,2.4569444444444444,0.48124999999999996,15.894444444444446,257.8972222222222,22.4375,-850.3680555555555,4518.083333333333,528155.0,-413.46527777777777,-428899,55.041666666666664,63.11805555555556,83.95833333333333,34.645833333333336,36.916666666666664,33.173611111111114,37.541666666666664,29.07638888888889,26.36111111111111,-2.6,89.4,17.34375,1.25625,49.583333333333336,34.27777777777778,34.1875,36.125,34.65972222222222,22.00625,0.8520833333333333,49.99930555555555,399.5548611111111,398.3798611111111,396.14444444444445,40.37291666666667,43.986111111111114,41.229166666666664,492.9,-50.2,33.388888888888886,0.38333333333333336,2.4604166666666667,16.898611111111112,-17.862499999999997,999.5,-889.7,28.884027777777778,30.399305555555557,527.2,0.0,15.9375,-128.10763888888889,0.0,-1000.0,61.97222222222222,128.10763888888889,1000.0,0.0,61.97222222222222,36.86805555555556,271.9888888888889,T07,0.0,7.3,2.5756944444444443,0.13402777777777777,0.0,7.2,2.5791666666666666,0.13541666666666666,18.0,26.0,21.70138888888889,1008.0,1010.0,1009.0208333333334,38.0,97.0,70.63194444444444,0.0,1.0,0.006944444444444444,0.0,48.15972222222222,48.236111111111114,409.00694444444446,,0
2016-10-09 00:00:00+00:00,1575.0,0.0,610.3527777777778,50.53819444444444,34.97222222222222,45.15972222222222,45.18055555555556,44.90277777777778,35.31944444444444,42.604166666666664,43.74305555555556,28.881944444444443,13.9,0.0,5.2868055555555555,21.5,0.4,3.4583333333333335,0.6611111111111111,-2.5999999999999996,240.9284722222222,20.77777777777778,-767.4166666666666,12629.736111111111,1708176.0,-416.9375,-800631,53.923611111111114,62.49305555555556,86.0625,34.875,36.458333333333336,32.083333333333336,37.18055555555556,28.493055555555557,24.680555555555557,-2.7,89.8,14.418055555555554,1.2270833333333333,56.395833333333336,34.604166666666664,34.52777777777778,36.38194444444444,34.486111111111114,71.15902777777778,0.8576388888888888,50.00069444444445,399.84375,398.3354166666667,396.725,77.6875,83.53333333333333,75.63958333333333,705.2,-50.0,32.798611111111114,0.47777777777777775,3.4409722222222223,35.232638888888886,-33.360416666666666,1000.0,-725.5,17.46875,80.40555555555555,715.9,0.0,36.71458333333333,-276.7395833333333,0.0,-1000.0,77.79513888888889,276.7395833333333,1000.0,0.0,77.79513888888889,38.708333333333336,243.52708333333334,T07,0.4,8.2,3.6937499999999996,0.28958333333333336,0.5,8.6,3.7041666666666666,0.29465277777777776,18.0,23.0,20.006944444444443,1009.0,1012.0,1010.3472222222222,53.0,97.0,81.72916666666667,0.0,0.0,0.0,0.0,70.61111111111111,70.84027777777777,410.3263888888889,,0
2016-10-10 00:00:00+00:00,1631.7,0.0,578.5138888888889,61.47569444444444,32.666666666666664,42.020833333333336,42.020833333333336,41.84027777777778,34.173611111111114,41.208333333333336,41.736111111111114,27.5,14.4,0.0,4.986805555555556,21.3,0.4,3.207638888888889,0.7368055555555556,-7.466666666666665,212.2076388888889,19.54861111111111,-825.5138888888889,8367.833333333334,1086095.0,-454.1666666666667,-705958,52.013888888888886,60.708333333333336,84.97222222222223,33.81944444444444,34.90277777777778,30.95138888888889,35.701388888888886,26.5625,23.555555555555557,-3.2,67.8,14.91111111111111,1.5625,52.125,33.541666666666664,33.34722222222222,35.24305555555556,33.298611111111114,45.25347222222222,0.8347222222222223,50.0,399.07708333333335,398.0,396.1430555555555,60.84166666666667,63.915277777777774,60.037499999999994,664.1,-50.2,31.07638888888889,0.5673611111111111,3.1888888888888887,32.922916666666666,-29.41111111111111,1000.1,-925.8,28.34375,55.52569444444444,687.4,0.0,33.41388888888889,-204.39236111111111,0.0,-1000.0,98.81805555555555,204.39236111111111,1000.0,0.0,98.81805555555555,35.5,232.1673611111111,T07,0.0,8.6,3.3958333333333335,0.24284722222222221,0.0,8.8,3.3569444444444443,0.25486111111111115,16.0,22.0,18.916666666666668,1009.0,1012.0,1010.2916666666666,63.0,97.0,78.94444444444444,0.0,0.0,0.0,0.0,64.71527777777777,63.854166666666664,410.2083333333333,,0
2016-10-11 00:00:00+00:00,1681.0,0.0,857.1618055555556,77.62222222222222,35.173611111111114,48.11805555555556,48.06944444444444,47.75694444444444,33.583333333333336,43.486111111111114,45.583333333333336,28.07638888888889,14.9,0.0,7.460416666666666,40.1,0.4,4.307638888888889,0.86875,-0.5868055555555557,227.6826388888889,19.645833333333332,-528.9513888888889,28442.95138888889,4019613.0,-245.68055555555554,-1481730,52.59722222222222,61.46527777777778,83.20138888888889,35.25694444444444,35.895833333333336,30.805555555555557,36.99305555555556,27.819444444444443,22.98611111111111,-3.0,89.8,9.640277777777778,1.4895833333333333,62.84027777777778,35.11805555555556,35.020833333333336,36.895833333333336,34.611111111111114,167.5013888888889,0.8770833333333333,50.00138888888889,399.6138888888889,398.2409722222222,397.34375,158.07152777777776,166.5125,155.18055555555554,1241.0,-50.1,32.69444444444444,0.7541666666666668,4.290972222222222,70.42291666666667,-61.75,907.8,-784.2,18.45763888888889,174.96319444444444,1261.6,0.0,71.5875,-460.2590277777778,0.0,-1000.0,91.49166666666666,460.2590277777778,1000.0,0.0,91.49166666666666,39.25694444444444,228.26458333333332,T07,0.8,10.4,4.659027777777777,0.40437500000000004,0.7000000000000001,10.5,4.711111111111111,0.4150694444444445,17.0,21.0,18.993055555555557,1006.0,1011.0,1008.0208333333334,61.0,80.0,71.1875,0.0,0.0,0.0,0.0,89.97222222222223,90.90277777777777,407.9166666666667,,0
2016-10-12 00:00:00+00:00,1805.1,0.0,1439.5847222222224,65.17013888888889,52.770833333333336,86.5625,85.94444444444444,84.09027777777777,41.541666666666664,52.15972222222222,57.09027777777778,30.756944444444443,15.9,0.0,12.733333333333333,46.4,0.5,8.970833333333333,1.927777777777778,1.1569444444444443,216.55833333333334,19.020833333333332,-219.45138888888889,165355.68055555556,23779617.0,-185.98611111111111,-3665248,67.53472222222223,79.18055555555556,100.39583333333333,41.09722222222222,42.0625,29.944444444444443,42.111111111111114,34.34722222222222,20.95138888888889,-3.2,86.1,5.231249999999999,1.6215277777777777,101.09722222222223,42.02777777777778,41.93055555555556,43.63194444444444,39.423611111111114,990.8562499999999,0.9576388888888889,49.99930555555555,400.10555555555555,397.80833333333334,398.53263888888887,834.91875,854.70625,826.1326388888889,2107.2,-48.4,41.604166666666664,0.5673611111111111,9.02986111111111,157.28333333333333,-152.7173611111111,7.2,-251.2,7.2958333333333325,1092.1222222222223,2000.0,0.0,153.82430555555555,-803.7388888888888,0.0,-1000.0,80.86250000000001,736.6819444444444,1000.0,0.0,88.60138888888889,57.40972222222222,215.41597222222222,T07,2.8,21.2,9.84375,1.7080555555555557,2.7,21.7,9.895833333333334,1.8752083333333331,16.0,20.0,18.541666666666668,997.0,1007.0,1000.3958333333334,63.0,96.0,84.66666666666667,0.0,15.0,0.9930555555555556,0.0,193.86805555555554,194.93055555555554,400.375,,0
2016-10-13 00:00:00+00:00,1698.5,0.0,782.3827067669173,75.87443609022556,37.045112781954884,52.7593984962406,52.59398496240601,51.984962406015036,33.19548872180451,46.24812030075188,47.11278195488722,27.203007518796994,15.0,0.0,6.842857142857143,41.2,0.4,4.408270676691729,0.9421052631578947,-5.426315789473684,242.96917293233085,18.338345864661655,-583.827067669173,43232.42857142857,5672264.0,-341.6616541353383,-1394981,58.3609022556391,66.46616541353383,82.33834586466165,35.59398496240601,36.24812030075188,29.097744360902254,37.30075187969925,26.796992481203006,21.18045112781955,-3.2,90.0,13.61127819548872,1.5270676691729324,65.97744360902256,35.75187969924812,35.54887218045113,37.36842105263158,35.16541353383459,255.9300751879699,0.9135338345864662,49.99774436090225,399.9466165413534,398.33308270676696,397.7812030075188,228.28045112781953,237.29624060150377,225.92105263157896,1825.5,-50.0,33.42857142857143,0.6593984962406015,4.35187969924812,73.82330827067669,-62.954887218045116,1002.1,-593.9,16.229323308270676,265.5781954887218,1839.6,0.0,76.72706766917294,-479.503007518797,0.0,-1000.0,33.96390977443609,478.77744360902255,1000.0,0.0,35.87293233082707,42.233082706766915,267.34060150375944,T07,0.0,11.0,4.745138888888889,0.39819444444444446,0.0,11.0,4.735416666666667,0.405625,15.0,20.0,17.625,995.0,1001.0,997.2777777777778,65.0,98.0,82.38888888888889,0.0,9.0,0.5555555555555556,0.0,91.70138888888889,91.45833333333333,397.2013888888889,,0
2016-10-14 00:00:00+00:00,1660.2,0.0,1070.6916666666666,49.881249999999994,39.68055555555556,57.75694444444444,57.736111111111114,57.513888888888886,32.736111111111114,46.729166666666664,49.326388888888886,27.51388888888889,14.7,0.0,9.417361111111111,38.4,0.4,4.460416666666666,0.8645833333333334,-0.6312500000000001,278.34305555555557,18.791666666666668,-290.65972222222223,27259.006944444445,3883442.0,-229.54166666666666,-1842476,71.78472222222223,76.6875,84.24305555555556,37.63194444444444,38.15972222222222,30.84722222222222,38.9375,27.145833333333332,22.520833333333332,-3.3,89.8,4.008333333333334,1.1916666666666669,86.125,37.61805555555556,37.55555555555556,39.388888888888886,37.00694444444444,161.81041666666667,0.8090277777777778,49.99861111111111,398.86249999999995,397.06875,396.5673611111111,157.41319444444446,172.52430555555554,154.24930555555557,949.3,-50.4,35.8125,0.4361111111111111,4.534027777777777,57.52847222222223,-76.73611111111111,692.3,-999.5,22.272916666666667,166.16944444444445,959.4,0.0,57.87291666666667,-597.9868055555556,0.0,-1000.0,134.51736111111111,597.9868055555556,1000.0,0.0,134.51736111111111,42.97222222222222,283.9861111111111,T07,0.3,9.7,4.810416666666667,0.3002777777777778,0.3,9.4,4.791666666666667,0.3015277777777778,16.0,20.0,17.993055555555557,1000.0,1006.0,1002.6597222222222,48.0,95.0,71.04166666666667,0.0,14.0,0.18055555555555555,0.0,92.95833333333333,92.65277777777777,402.65277777777777,,0
2016-10-15 00:00:00+00:00,1630.5,0.0,390.3354166666667,80.6888888888889,30.98611111111111,36.47222222222222,36.40277777777778,36.13194444444444,34.423611111111114,38.625,38.77777777777778,26.944444444444443,14.4,0.0,3.1312499999999996,19.3,0.4,2.792361111111111,0.6347222222222223,6.207638888888889,116.96111111111112,18.67361111111111,-691.7222222222222,7173.576388888889,933385.0,-346.1666666666667,-372102,70.18055555555556,73.40277777777777,79.31944444444444,32.65972222222222,33.94444444444444,30.53472222222222,34.15277777777778,23.694444444444443,23.354166666666668,-3.1,89.7,18.747916666666665,1.9562499999999998,40.104166666666664,32.43055555555556,32.333333333333336,33.888888888888886,31.930555555555557,38.87777777777777,0.8861111111111112,49.99861111111111,400.1798611111111,398.7673611111111,396.81944444444446,45.03472222222222,49.586111111111116,47.34652777777777,854.9,-50.2,28.583333333333332,0.7861111111111111,2.8055555555555554,15.332638888888889,-15.507638888888888,1000.0,-686.0,17.15902777777778,48.44652777777778,869.7,0.0,17.30625,-123.87152777777777,0.0,-1000.0,28.188194444444445,123.87152777777777,1000.0,0.0,28.188194444444445,31.09027777777778,145.75347222222223,T07,0.0,9.3,2.51875,0.2640972222222222,0.0,9.1,2.495833333333333,0.27416666666666667,14.0,23.0,18.17361111111111,1005.0,1008.0,1006.4236111111111,42.0,80.0,66.63888888888889,0.0,0.0,0.0,0.0,46.96527777777778,46.47222222222222,406.34027777777777,,0
2016-10-16 00:00:00+00:00,1658.9,0.0,1037.5368055555555,75.18472222222222,41.28472222222222,55.59027777777778,55.604166666666664,55.30555555555556,33.65277777777778,45.47222222222222,48.1875,28.15277777777778,14.7,0.0,9.172916666666666,20.0,0.4,4.28125,0.8486111111111111,-2.1097222222222225,106.18055555555556,20.833333333333332,-413.6736111111111,22083.284722222223,3120422.0,-345.80555555555554,-1506455,72.97222222222223,76.96527777777777,83.11111111111111,37.21527777777778,37.548611111111114,31.833333333333332,38.270833333333336,27.72222222222222,24.229166666666668,-2.9,89.8,5.2555555555555555,1.8916666666666666,78.27777777777777,37.236111111111114,37.09027777777778,38.93055555555556,36.770833333333336,130.06180555555557,0.7506944444444446,49.99930555555555,399.34236111111113,397.17499999999995,396.7340277777778,139.49305555555554,153.47847222222222,134.90625,1050.6,-50.5,34.65277777777778,0.6798611111111111,4.3493055555555555,56.03541666666667,-62.77708333333333,925.8,-999.9,41.31180555555555,138.24097222222224,1060.1,0.0,56.885416666666664,-464.31041666666664,0.0,-1000.0,137.4375,464.31041666666664,1000.0,0.0,137.4375,39.44444444444444,108.29374999999999,T07,1.0,9.3,4.106944444444444,0.5058333333333334,1.1,9.6,4.103472222222222,0.510625,17.0,25.0,20.131944444444443,1007.0,1011.0,1008.7361111111111,56.0,85.0,71.17361111111111,0.0,0.0,0.0,0.0,79.00694444444444,78.875,408.69444444444446,,0
2016-10-17 00:00:00+00:00,1411.7,0.0,612.2076388888888,105.52430555555556,36.513888888888886,45.49305555555556,45.47222222222222,45.22222222222222,36.52777777777778,42.99305555555556,44.104166666666664,29.48611111111111,12.5,0.0,5.261805555555555,12.6,0.4,3.2152777777777777,0.5847222222222223,-1.8652777777777776,160.86805555555554,21.96527777777778,-850.6666666666666,6012.298611111111,743275.0,-675.0972222222222,-615650,73.52083333333333,77.29166666666667,83.44444444444444,35.666666666666664,37.24305555555556,33.88194444444444,37.55555555555556,27.67361111111111,26.34027777777778,-2.4,67.4,14.552083333333334,2.6506944444444445,59.78472222222222,35.416666666666664,35.28472222222222,37.22222222222222,35.701388888888886,30.962500000000002,0.7381944444444445,49.99861111111111,399.87291666666664,398.28541666666666,396.49861111111113,56.74861111111111,63.447916666666664,58.05763888888888,420.3,-51.1,33.71527777777778,0.9666666666666666,3.23125,17.450694444444444,-25.762500000000003,1000.8,-795.2,46.33125,45.581944444444446,428.0,0.0,20.18263888888889,-166.8152777777778,0.0,-1000.0,63.362500000000004,166.8152777777778,1000.0,0.0,63.362500000000004,35.15972222222222,165.23263888888889,T07,0.2,8.1,3.3777777777777778,0.2926388888888889,0.2,8.2,3.3784722222222223,0.2888888888888889,18.0,26.0,21.17361111111111,1011.0,1015.0,1013.3125,47.0,91.0,70.15277777777777,0.0,0.0,0.0,0.0,64.29166666666667,64.3125,413.25,,0
2016-10-18 00:00:00+00:00,1741.0,0.0,798.0451388888889,64.87847222222223,41.416666666666664,54.15277777777778,54.020833333333336,53.5,39.93055555555556,45.666666666666664,47.81944444444444,31.875,15.3,0.0,6.9430555555555555,27.7,0.4,4.110416666666667,0.7076388888888889,-4.428472222222222,96.2826388888889,23.8125,-555.1111111111111,34061.22222222222,4824881.0,-423.97222222222223,-1103224,76.70833333333333,80.52777777777777,85.91666666666667,36.916666666666664,39.291666666666664,34.145833333333336,39.548611111111114,31.27777777777778,27.40277777777778,-3.0,89.8,13.256250000000001,1.8381944444444445,65.22222222222223,36.94444444444444,36.798611111111114,38.673611111111114,36.770833333333336,201.07291666666666,0.7972222222222223,50.0,399.9597222222222,398.3597222222222,397.2902777777778,196.2375,205.4402777777778,197.94583333333333,2102.8,-50.3,36.69444444444444,0.5993055555555555,4.120138888888889,44.33958333333333,-45.99166666666667,1000.1,-869.8,47.25347222222222,208.8409722222222,2000.0,0.0,44.92916666666667,-373.49930555555557,0.0,-1000.0,60.41111111111112,365.1090277777778,1000.0,0.0,63.59027777777778,41.28472222222222,83.20972222222223,T07,0.6000000000000001,11.7,3.9854166666666666,0.30520833333333336,0.5,12.0,3.9909722222222226,0.31201388888888887,20.0,29.0,23.479166666666668,1013.0,1015.0,1013.8333333333334,41.0,82.0,58.27777777777778,0.0,0.0,0.0,0.0,76.45138888888889,76.60416666666667,413.8125,,0
2016-10-19 00:00:00+00:00,1681.3,0.0,1178.5152777777778,57.41180555555555,46.5,66.03472222222223,65.81944444444444,65.30555555555556,35.0,50.86805555555556,53.63194444444444,31.90972222222222,14.9,0.0,10.42361111111111,24.1,0.4,6.154861111111111,1.0590277777777777,0.24097222222222228,99.23541666666667,22.40972222222222,-197.52777777777777,63428.11111111111,9105204.0,-86.61111111111111,-2334443,63.13194444444444,72.70138888888889,78.05555555555556,38.701388888888886,41.458333333333336,32.22222222222222,41.81944444444444,33.22222222222222,24.46527777777778,-3.2,89.8,11.317361111111111,1.0125000000000002,88.19444444444444,39.03472222222222,38.958333333333336,40.68055555555556,38.375,379.3666666666667,0.8972222222222221,50.00069444444445,399.6381944444445,397.6451388888889,398.0180555555555,332.8034722222222,348.60069444444446,326.29305555555555,1713.6,-48.3,39.0,0.5013888888888889,6.191666666666666,81.67569444444445,-97.29097222222222,785.4,-852.8,13.065277777777778,455.6076388888889,1736.0,0.0,112.54166666666667,-743.6701388888889,0.0,-1000.0,61.52291666666666,743.5229166666667,1000.0,0.0,62.099999999999994,47.958333333333336,98.99375,T07,1.3,10.7,6.219444444444445,0.6184027777777777,1.2,10.8,6.28125,0.6354861111111112,19.0,26.0,21.84027777777778,1008.0,1014.0,1011.0625,55.0,84.0,72.95138888888889,0.0,0.0,0.0,0.0,121.27777777777777,122.51388888888889,411.02777777777777,,0
2016-10-20 00:00:00+00:00,1678.6,0.0,939.4124999999999,76.62847222222223,41.145833333333336,55.40972222222222,55.34722222222222,55.0625,36.24305555555556,47.68055555555556,49.56944444444444,30.96527777777778,14.9,0.0,8.26875,21.5,0.4,4.324305555555556,0.7354166666666667,-4.745833333333334,112.58194444444445,22.381944444444443,-678.4722222222222,29565.61111111111,4159741.0,-537.6736111111111,-1339989,57.40972222222222,67.02777777777777,73.15972222222223,37.72222222222222,40.09027777777778,32.68055555555556,40.18055555555556,31.11111111111111,24.75,-3.1,89.8,7.439583333333333,1.9798611111111113,77.92361111111111,37.708333333333336,37.673611111111114,39.56944444444444,37.604166666666664,173.30694444444444,0.7951388888888888,50.00069444444445,399.68819444444443,398.0465277777778,397.01180555555555,171.30694444444444,184.74583333333334,172.69444444444446,1397.1,-51.6,37.30555555555556,0.7006944444444445,4.331250000000001,38.66388888888889,-55.82222222222222,1000.8,-902.9,42.015277777777776,181.85902777777778,1407.1,0.0,39.22361111111111,-464.3951388888888,0.0,-1000.0,73.30972222222222,464.3951388888888,1000.0,0.0,73.30972222222222,40.49305555555556,117.34027777777777,T07,0.0,10.1,4.356944444444444,0.24777777777777776,0.0,10.1,4.375694444444445,0.25493055555555555,19.0,25.0,21.541666666666668,1004.0,1009.0,1006.0277777777778,59.0,90.0,77.20138888888889,0.0,0.0,0.0,0.0,83.81944444444444,84.20138888888889,405.97222222222223,,0
2016-10-21 00:00:00+00:00,1649.6,0.0,517.901388888889,42.46180555555556,34.208333333333336,43.541666666666664,43.53472222222222,43.166666666666664,35.90277777777778,40.895833333333336,40.88194444444444,28.770833333333332,14.6,0.0,4.543749999999999,26.2,0.4,3.0229166666666667,0.6229166666666667,43.08263888888889,146.35069444444446,21.145833333333332,-790.3819444444445,13444.791666666666,1822232.0,-424.00694444444446,-850590,54.15972222222222,62.875,69.82638888888889,34.395833333333336,35.951388888888886,31.42361111111111,36.77777777777778,27.59027777777778,25.27777777777778,-2.8,89.8,14.646527777777777,1.1215277777777777,53.15972222222222,34.111111111111114,33.99305555555556,35.833333333333336,33.93055555555556,75.9375,0.8506944444444444,49.99930555555555,399.68888888888887,398.3701388888889,396.6979166666667,81.57222222222222,88.27708333333334,82.16111111111111,1091.7,-50.2,32.395833333333336,0.39375000000000004,3.038888888888889,33.105555555555554,-35.4375,949.2,-604.4,16.647222222222222,82.48402777777778,1107.8,0.0,32.175694444444446,-276.00208333333336,0.0,-1000.0,69.92847222222223,276.00208333333336,1000.0,0.0,69.92847222222223,33.125,263.2451388888889,T07,0.0,9.5,3.2027777777777775,0.29750000000000004,0.3,9.8,3.097916666666667,0.37729166666666664,18.0,24.0,20.32638888888889,1003.0,1005.0,1004.25,56.0,93.0,81.93055555555556,0.0,0.0,0.0,0.0,60.638888888888886,58.520833333333336,404.15972222222223,,0
2016-10-22 00:00:00+00:00,1793.0,144.2,1473.4715277777777,59.66458333333334,49.59722222222222,78.5,78.09722222222223,76.5,36.638888888888886,50.81944444444444,56.02777777777778,30.0625,15.9,0.0,13.046527777777778,46.9,0.4,7.590972222222222,1.55625,2.5298611111111113,182.83472222222224,20.145833333333332,-43.076388888888886,140921.54861111112,20286500.0,-40.951388888888886,-3428013,61.68055555555556,72.42361111111111,79.05555555555556,40.354166666666664,40.645833333333336,31.28472222222222,40.90972222222222,33.77777777777778,22.256944444444443,-3.2,46.6,-0.8340277777777778,0.9423611111111112,96.52777777777777,41.15277777777778,41.09722222222222,42.84027777777778,38.99305555555556,845.3402777777778,0.9506944444444445,49.99930555555555,399.12152777777777,396.90972222222223,397.32430555555555,713.5916666666667,735.3458333333333,709.3812499999999,2106.9,-49.5,39.75,0.5229166666666667,7.574999999999999,186.18541666666667,-142.83749999999998,388.5,-436.0,8.897222222222222,844.7777777777778,2000.0,0.0,185.56319444444443,-899.9659722222223,0.0,-1000.0,84.02569444444445,852.7534722222222,1000.0,0.0,105.87083333333334,49.888888888888886,180.30833333333334,T07,1.7000000000000002,18.2,8.065972222222221,1.3624305555555556,1.4,18.5,7.704861111111111,1.7834722222222221,18.0,22.0,19.4375,1000.0,1005.0,1002.2916666666666,77.0,96.0,89.02777777777777,0.0,9.0,0.1527777777777778,0.0,158.34027777777777,151.08333333333334,402.2291666666667,,0
2016-10-23 00:00:00+00:00,1798.4,0.0,760.6979166666666,51.08680555555556,46.80555555555556,69.57638888888889,69.10416666666667,67.65972222222223,40.416666666666664,47.4375,48.90972222222222,30.0,15.9,0.0,6.643750000000001,70.0,0.4,6.610416666666667,1.6979166666666667,4.584027777777778,192.52222222222224,18.305555555555557,-897.5347222222222,103826.625,14821791.0,-665.1666666666666,-1972015,67.25,79.06944444444444,93.70138888888889,37.583333333333336,39.020833333333336,29.631944444444443,38.71527777777778,31.17361111111111,21.13888888888889,-2.5,89.9,34.765277777777776,2.3743055555555554,72.20138888888889,38.02777777777778,37.888888888888886,39.645833333333336,36.513888888888886,617.4756944444445,0.8673611111111111,49.99861111111111,400.2895833333333,398.51458333333335,397.3201388888889,529.9756944444445,540.8916666666667,529.8986111111111,2107.6,-47.4,36.27777777777778,0.43680555555555556,6.598611111111111,89.29930555555556,-82.16458333333334,1001.4,-716.9,17.293055555555558,793.7715277777778,2000.0,0.0,113.73124999999999,-333.24027777777775,0.0,-1000.0,74.35486111111112,277.3513888888889,1000.0,0.0,79.40625,46.736111111111114,212.95486111111111,T07,0.0,20.2,6.718055555555555,1.2647222222222223,0.0,20.3,6.65625,1.4130555555555555,14.0,21.0,17.618055555555557,998.0,1002.0,1000.5347222222222,80.0,98.0,93.96527777777777,0.0,37.0,1.2916666666666667,0.0,131.11111111111111,129.97222222222223,400.43055555555554,,0
2016-10-24 00:00:00+00:00,1683.3,0.0,867.3618055555556,109.52152777777778,38.15972222222222,52.25,52.173611111111114,51.93055555555556,33.0,44.298611111111114,46.736111111111114,27.84722222222222,14.9,0.0,7.592361111111111,41.1,0.4,3.926388888888889,0.8798611111111111,-3.434027777777778,132.29513888888889,18.57638888888889,-741.6180555555555,22974.347222222223,3201512.0,-637.0069444444445,-1195569,52.125,61.15972222222222,73.61805555555556,36.6875,36.513888888888886,29.78472222222222,36.94444444444444,26.930555555555557,21.833333333333332,-3.1,89.7,8.784027777777778,2.745833333333333,71.25,36.701388888888886,36.576388888888886,38.47222222222222,36.36805555555556,133.40694444444443,0.7555555555555556,50.0,399.1770833333333,397.81180555555557,396.67291666666665,140.04930555555555,148.85694444444445,140.50972222222222,1489.7,-52.1,33.111111111111114,0.9798611111111111,4.0,52.15902777777777,-49.83263888888889,1000.0,-736.8,44.78541666666667,143.61874999999998,1518.1,0.0,53.72569444444444,-388.11041666666665,0.0,-1000.0,112.88611111111112,388.09375,1000.0,0.0,112.95277777777778,44.25694444444444,135.72708333333333,T07,0.4,8.9,3.53125,0.47236111111111106,0.4,8.7,3.4847222222222225,0.4945138888888889,13.0,22.0,17.868055555555557,999.0,1003.0,1001.1805555555555,70.0,97.0,84.84722222222223,0.0,7.0,0.3125,0.0,67.30555555555556,66.39583333333333,401.1041666666667,,0
2016-10-25 00:00:00+00:00,1678.6,0.0,859.9430555555556,78.97222222222223,40.298611111111114,53.74305555555556,53.701388888888886,53.34722222222222,34.93055555555556,46.24305555555556,48.28472222222222,30.631944444444443,14.9,0.0,7.533333333333333,22.3,0.4,4.073611111111111,0.7298611111111112,-2.8868055555555556,91.42013888888889,22.57638888888889,-820.0763888888889,26085.833333333332,3638271.0,-660.5347222222222,-1253533,55.75694444444444,64.78472222222223,76.09027777777777,37.15972222222222,39.05555555555556,32.104166666666664,39.21527777777778,30.458333333333332,24.569444444444443,-2.9,80.7,9.125694444444443,1.7006944444444445,71.29861111111111,37.125,37.020833333333336,38.923611111111114,37.02777777777778,151.59722222222223,0.7798611111111112,50.00138888888889,399.10833333333335,397.66597222222225,396.46458333333334,153.4673611111111,164.4076388888889,154.64305555555555,1442.1,-50.6,36.25,0.7444444444444445,4.113888888888889,47.46041666666667,-52.22291666666667,1001.1,-783.5,37.482638888888886,160.6048611111111,1458.6,0.0,48.41319444444444,-417.37361111111113,0.0,-1000.0,75.88680555555555,417.3722222222222,1000.0,0.0,75.9076388888889,42.90972222222222,94.30000000000001,T07,0.0,9.5,4.115277777777778,0.38083333333333336,0.0,10.0,4.142361111111111,0.3877083333333333,19.0,26.0,22.15277777777778,1003.0,1010.0,1005.9930555555555,53.0,85.0,67.66666666666667,0.0,0.0,0.0,0.0,79.04166666666667,79.53472222222223,405.9513888888889,,0
2016-10-26 00:00:00+00:00,1737.7,1213.6,1514.2041666666667,48.03125,52.97222222222222,80.99305555555556,80.625,79.33333333333333,37.4375,53.291666666666664,58.423611111111114,34.68055555555556,15.3,10.8,13.408333333333333,30.2,0.6000000000000001,7.570138888888888,1.2270833333333333,-0.5201388888888889,84.62222222222222,24.27777777777778,0.0,136060.07638888888,19592651.0,0.0,-3295618,66.19444444444444,76.55555555555556,86.09722222222223,40.020833333333336,43.77777777777778,32.84722222222222,43.43055555555556,37.43055555555556,25.541666666666668,-3.3,4.7,-1.76875,0.38333333333333336,99.51388888888889,40.958333333333336,40.888888888888886,42.63194444444444,39.09027777777778,816.2798611111111,0.9715277777777778,50.00069444444445,399.5416666666667,397.63750000000005,397.71180555555554,685.7562499999999,707.0,684.20625,2101.1,-49.9,41.78472222222222,0.4236111111111111,7.558333333333334,148.9361111111111,-137.31666666666666,0.9,-211.3,6.922222222222222,816.2645833333333,2000.0,0.0,149.13819444444445,-954.7631944444444,0.0,-1000.0,50.888888888888886,930.1090277777779,1000.0,0.0,67.4625,59.13194444444444,85.14444444444445,T07,1.7000000000000002,13.6,7.489583333333333,0.64875,1.5,13.5,7.5249999999999995,0.6561805555555555,21.0,27.0,23.631944444444443,1009.0,1014.0,1011.0486111111111,55.0,75.0,69.1875,0.0,0.0,0.0,0.0,146.56944444444446,147.43055555555554,411.0138888888889,,0
2016-10-27 00:00:00+00:00,1809.1,0.0,1438.4229166666667,44.43680555555555,64.72916666666667,104.86805555555556,103.74305555555556,100.88888888888889,46.25,52.93055555555556,59.1875,36.104166666666664,16.0,0.0,12.708333333333334,45.9,0.4,12.031944444444443,2.3284722222222225,-1.245138888888889,99.16041666666666,23.59027777777778,-442.74305555555554,235730.82638888888,33881484.0,-438.43055555555554,-4102703,81.375,93.76388888888889,108.21527777777777,43.43055555555556,46.236111111111114,32.63194444444444,45.59722222222222,42.44444444444444,25.125,-2.9,89.7,13.45625,1.942361111111111,105.80555555555556,44.75694444444444,44.673611111111114,46.15277777777778,41.333333333333336,1411.6944444444443,0.9590277777777777,50.00208333333333,400.4465277777778,398.27916666666664,399.56458333333336,1188.1652777777776,1198.572222222222,1175.9104166666666,2106.0,-47.2,46.31944444444444,0.36875,11.853472222222223,137.66111111111113,-170.94444444444446,10.4,-229.6,6.511805555555556,1659.5652777777777,2000.0,0.0,126.34791666666666,-665.4805555555555,0.0,-1000.0,68.28402777777778,544.1645833333333,1000.0,0.0,76.32499999999999,63.166666666666664,100.41805555555555,T07,2.5,23.5,11.933333333333334,1.7135416666666667,2.8,23.8,12.0125,1.7533333333333332,21.0,25.0,23.03472222222222,1011.0,1015.0,1013.1666666666666,55.0,83.0,69.00694444444444,0.0,0.0,0.0,0.0,235.73611111111111,237.38194444444446,413.1458333333333,,0
2016-10-28 00:00:00+00:00,1829.5,0.0,1006.3520833333334,41.81388888888889,57.93055555555556,89.45833333333333,88.65972222222223,86.48611111111111,45.638888888888886,51.673611111111114,54.97222222222222,34.59722222222222,16.1,0.0,8.824305555555556,41.4,0.7000000000000001,13.059027777777779,2.573611111111111,0.8152777777777778,108.87569444444445,22.583333333333332,-1121.673611111111,177227.5,25359241.0,-1147.9930555555557,-3081164,78.74305555555556,91.01388888888889,109.39583333333333,40.9375,44.03472222222222,32.11805555555556,42.826388888888886,39.291666666666664,24.5625,-2.5,89.8,37.96458333333333,2.3,88.34722222222223,41.77777777777778,41.673611111111114,43.270833333333336,39.34027777777778,1056.709027777778,0.86875,50.00069444444445,401.2868055555556,398.8659722222222,400.2361111111111,897.1402777777778,906.411111111111,890.51875,2109.4,-48.4,42.55555555555556,0.3159722222222222,12.911111111111111,117.94583333333334,-128.3777777777778,18.2,-242.1,6.061111111111111,1817.367361111111,2000.0,182.6,145.39791666666667,-430.13750000000005,0.0,-1000.0,58.237500000000004,337.61875,1000.0,0.0,69.60208333333334,54.638888888888886,108.04930555555556,T07,3.0,24.3,12.765972222222222,2.5368055555555555,2.9,24.1,12.841666666666667,2.567430555555555,20.0,24.0,22.09027777777778,1014.0,1018.0,1016.1805555555555,48.0,79.0,66.54861111111111,0.0,0.0,0.0,0.0,252.47916666666666,254.01388888888889,416.1111111111111,,0
2016-10-29 00:00:00+00:00,1815.5,0.0,1349.771527777778,30.306944444444444,62.736111111111114,106.16666666666667,104.88194444444444,101.75,47.673611111111114,51.729166666666664,57.625,35.048611111111114,15.9,0.0,11.902083333333334,44.3,0.4,13.087499999999999,2.5854166666666667,0.7486111111111111,103.13125,21.26388888888889,-588.9236111111111,251331.63888888888,36106953.0,-747.1041666666666,-4206180,82.29166666666667,95.23611111111111,108.53472222222223,43.833333333333336,44.798611111111114,32.13194444444444,43.88194444444444,40.104166666666664,23.270833333333332,-2.7,86.1,21.324305555555554,2.2805555555555554,100.83333333333333,45.21527777777778,45.083333333333336,46.56944444444444,41.30555555555556,1504.4305555555557,0.9159722222222223,50.0,401.1513888888889,398.75069444444443,400.1451388888889,1264.2763888888887,1276.3416666666667,1256.0645833333333,2107.8,-49.5,45.041666666666664,0.2340277777777778,12.885416666666666,81.29652777777778,-175.2527777777778,11.1,-233.4,3.7993055555555557,1898.1840277777778,2000.0,173.3,88.36250000000001,-548.0840277777778,0.0,-1000.0,55.84722222222222,409.5736111111111,1000.0,0.0,58.73402777777778,65.97222222222223,102.39583333333333,T07,5.3,22.0,13.219444444444443,1.8672916666666666,5.5,22.0,13.295833333333333,1.8987500000000002,19.0,23.0,20.71527777777778,1013.0,1016.0,1014.8680555555555,53.0,75.0,65.59027777777777,0.0,0.0,0.0,0.0,261.40277777777777,262.9791666666667,414.8333333333333,,0
2016-10-30 00:00:00+00:00,1771.2,1226.8,1628.2953333333332,32.973333333333336,58.61333333333334,99.04,98.28666666666666,95.84666666666666,41.67333333333333,53.13333333333333,59.833333333333336,32.833333333333336,15.6,10.9,14.419333333333334,42.1,0.5,9.493333333333334,1.7086666666666668,1.288,100.71,20.30666666666667,0.0,222765.9,33414885.0,0.0,-4427377,77.03333333333333,90.38666666666667,101.56,42.026666666666664,44.026666666666664,31.166666666666668,43.18,37.8,22.606666666666666,-3.2,11.8,-0.9213333333333334,0.7240000000000001,105.94,43.43333333333333,43.373333333333335,44.92,40.12,1336.5286666666666,0.9973333333333333,49.99933333333333,400.24600000000004,397.8953333333333,398.56466666666665,1117.634,1138.1693333333333,1112.6713333333335,2106.0,123.4,43.233333333333334,0.2853333333333334,9.361333333333334,166.30733333333333,-177.09199999999998,-107.0,-226.9,4.322,1335.3533333333332,2000.0,121.5,165.79933333333335,-924.91,-583.3,-1000.0,47.812000000000005,835.2420000000001,1000.0,406.1,76.49666666666667,64.18666666666667,99.41733333333333,T07,1.8,14.7,9.060416666666667,0.8703472222222222,1.6,15.0,9.13888888888889,0.8811805555555555,18.0,23.0,19.631944444444443,1010.0,1014.0,1011.2777777777778,44.0,78.0,66.86111111111111,0.0,0.0,0.0,0.0,178.14583333333334,179.70833333333334,411.1875,,0
2016-10-31 00:00:00+00:00,1786.0,1251.5,1619.8416666666667,35.111111111111114,58.46527777777778,100.20833333333333,99.13888888888889,96.82638888888889,41.111111111111114,53.5,59.923611111111114,33.4375,15.8,11.1,14.347222222222221,41.2,0.7000000000000001,9.666666666666666,1.8125,0.601388888888889,104.47361111111111,20.42361111111111,0.0,230774.49305555556,33231527.0,0.0,-4552359,75.94444444444444,88.49305555555556,101.375,42.354166666666664,44.479166666666664,30.71527777777778,44.19444444444444,38.125,22.291666666666668,-3.2,12.0,-0.3104166666666667,1.2090277777777778,107.26388888888889,43.93055555555556,43.854166666666664,45.40277777777778,40.4375,1384.6097222222222,1.0,50.00208333333333,400.09027777777777,397.79791666666665,399.31597222222223,1165.2868055555555,1175.9131944444443,1144.6,2105.1,221.3,44.49305555555556,0.30833333333333335,9.616666666666667,166.31805555555556,-189.68055555555554,-112.1,-238.2,3.6458333333333335,1382.1958333333334,2000.0,218.5,165.19097222222223,-880.2979166666667,-583.3,-1000.0,75.35972222222222,780.7125000000001,1000.0,406.1,89.64444444444445,64.98611111111111,103.86805555555556,T07,3.9,16.8,10.175,1.095902777777778,4.0,17.3,10.243055555555555,1.1094444444444445,18.0,23.0,19.583333333333332,1009.0,1012.0,1010.3819444444445,49.0,77.0,65.20833333333333,0.0,0.0,0.0,0.0,200.59722222222223,201.9375,410.30555555555554,,0
2016-11-01 00:00:00+00:00,1755.2,1225.9,1585.1819444444445,33.54236111111111,56.736111111111114,94.60416666666667,93.76388888888889,91.84722222222223,44.09027777777778,53.09722222222222,59.236111111111114,33.90972222222222,15.5,10.8,14.040972222222223,40.2,0.5,8.818055555555555,1.6368055555555556,0.10694444444444441,111.05763888888889,20.9375,0.0,199758.02083333334,28765155.0,0.0,-4458746,75.33333333333333,88.04166666666667,98.46527777777777,41.326388888888886,43.673611111111114,31.305555555555557,42.604166666666664,37.173611111111114,22.63888888888889,-3.2,8.7,-1.3486111111111112,0.7222222222222222,103.64583333333333,42.59722222222222,42.541666666666664,44.083333333333336,39.548611111111114,1198.5812500000002,0.9743055555555556,50.00069444444445,399.75069444444443,397.5875,398.90486111111113,1016.3069444444445,1025.7604166666667,996.0888888888888,2104.8,-7.0,42.18055555555556,0.29375,8.76875,197.95694444444445,-185.77916666666667,1000.2,-227.8,9.052083333333334,1196.9993055555556,2000.0,0.0,196.77430555555554,-936.2347222222221,0.0,-1000.0,76.64444444444445,855.0729166666666,1000.0,0.0,115.11527777777776,58.72222222222222,110.95069444444444,T07,1.9,15.9,8.521527777777777,1.7574305555555556,2.1,16.2,8.58125,1.751111111111111,18.0,24.0,20.21527777777778,1011.0,1014.0,1012.7222222222222,57.0,80.0,69.41666666666667,0.0,1.0,0.006944444444444444,0.0,167.36805555555554,168.68055555555554,412.625,,0
2016-11-02 00:00:00+00:00,1491.2,0.0,900.317361111111,75.30625,38.736111111111114,52.173611111111114,52.111111111111114,52.0,35.93055555555556,45.736111111111114,47.791666666666664,30.09722222222222,13.2,0.0,7.8895833333333325,39.8,0.4,3.9625000000000004,0.6895833333333334,-4.875,116.60208333333334,21.541666666666668,-626.3402777777778,16279.75,2254088.0,-641.5416666666666,-1360251,56.826388888888886,66.64583333333333,79.4375,37.736111111111114,39.18055555555556,32.798611111111114,39.208333333333336,30.104166666666668,24.72222222222222,-3.0,89.6,7.9944444444444445,2.3354166666666667,75.72916666666667,37.611111111111114,37.49305555555556,39.36805555555556,37.5625,93.90416666666667,0.7166666666666667,50.00069444444445,399.4298611111111,397.53194444444443,397.49583333333334,108.73472222222222,116.6048611111111,100.63263888888889,550.4,-50.8,36.19444444444444,0.69375,3.9555555555555557,33.736111111111114,-56.767361111111114,867.5,-886.3,29.049999999999997,103.02013888888888,555.8,0.0,33.984722222222224,-403.81319444444443,0.0,-1000.0,104.49236111111111,403.81319444444443,1000.0,0.0,104.49236111111111,37.666666666666664,121.48055555555555,T07,0.4,7.8,4.029166666666667,0.2889583333333333,0.4,8.1,4.040277777777778,0.29583333333333334,18.0,26.0,21.09722222222222,1011.0,1014.0,1011.9930555555555,44.0,82.0,66.89583333333333,0.0,0.0,0.0,0.0,77.27777777777777,77.53472222222223,411.9375,,0
2016-11-03 00:00:00+00:00,1656.1,0.0,1027.8902777777778,91.73888888888888,41.583333333333336,58.05555555555556,58.048611111111114,57.77777777777778,35.96527777777778,46.0625,48.90972222222222,30.48611111111111,14.7,0.0,9.09513888888889,23.8,0.4,4.251388888888889,0.7395833333333334,6.377777777777777,125.99652777777777,22.46527777777778,-620.6527777777778,21120.76388888889,2952016.0,-614.6875,-1375468,56.263888888888886,65.31944444444444,79.97222222222223,37.8125,39.6875,32.31944444444444,39.923611111111114,31.243055555555557,24.76388888888889,-2.8,89.8,7.728472222222223,2.5611111111111113,80.91666666666667,37.861111111111114,37.763888888888886,39.61805555555556,37.6875,123.00347222222223,0.6833333333333333,49.99652777777778,399.2875,397.38750000000005,397.26250000000005,150.53472222222223,159.8673611111111,147.29861111111111,1015.8,-49.8,37.09027777777778,0.8125,4.284722222222222,44.99305555555556,-57.294444444444444,1000.5,-906.4,71.89375000000001,133.10277777777776,1035.9,0.0,45.84236111111111,-454.1847222222222,0.0,-1000.0,106.89791666666666,454.1847222222222,1000.0,0.0,106.89791666666666,39.375,122.125,T07,0.6000000000000001,8.8,4.404861111111111,0.34486111111111106,0.6000000000000001,8.6,4.446527777777778,0.3488888888888889,19.0,26.0,22.09722222222222,1007.0,1012.0,1009.0486111111111,44.0,67.0,54.99305555555556,0.0,1.0,0.013888888888888888,0.0,84.88888888888889,85.64583333333333,408.99305555555554,,0
2016-11-04 00:00:00+00:00,1683.8,0.0,886.1548611111111,99.69999999999999,38.979166666666664,53.083333333333336,53.0625,52.71527777777778,35.958333333333336,45.673611111111114,47.791666666666664,29.854166666666668,14.9,0.0,7.762499999999999,20.8,0.4,4.163194444444445,0.776388888888889,2.9638888888888886,140.7423611111111,21.67361111111111,-793.0694444444445,28839.097222222223,4038623.0,-878.5833333333334,-1343012,56.00694444444444,65.15277777777777,78.54861111111111,37.40277777777778,38.59027777777778,31.79861111111111,38.59027777777778,29.854166666666668,23.88888888888889,-3.1,62.6,8.625,1.9895833333333333,70.23611111111111,37.395833333333336,37.28472222222222,39.145833333333336,37.15972222222222,168.27430555555554,0.7243055555555556,49.99930555555555,399.2125,397.5048611111111,396.64166666666665,170.9375,183.64583333333334,172.49930555555557,1583.5,-50.1,35.78472222222222,0.9201388888888888,4.235416666666667,61.58402777777778,-55.94097222222222,1000.5,-908.5,46.99444444444444,179.9263888888889,1600.5,0.0,62.82430555555556,-430.8840277777778,0.0,-1000.0,86.48402777777778,430.7131944444444,1000.0,0.0,86.85,37.201388888888886,137.77916666666667,T07,0.0,11.4,4.575694444444444,0.4160416666666667,0.0,11.2,4.529861111111111,0.4900694444444445,19.0,25.0,21.21527777777778,1008.0,1011.0,1008.5,44.0,76.0,60.02777777777778,0.0,1.0,0.020833333333333332,0.0,88.3125,87.40972222222223,408.47222222222223,,0
2016-11-05 00:00:00+00:00,1767.9,157.5,1434.0888888888887,81.9,44.49305555555556,69.125,68.97222222222223,67.95833333333333,33.21527777777778,52.013888888888886,55.763888888888886,29.479166666666668,15.7,0.0,12.702777777777778,40.1,0.4,6.721527777777777,1.3305555555555555,0.2638888888888889,220.95208333333332,19.32638888888889,-66.43055555555556,102201.24305555556,14707413.0,-42.770833333333336,-3192422,58.71527777777778,69.3125,82.29861111111111,39.111111111111114,40.61805555555556,30.15972222222222,41.263888888888886,31.4375,21.07638888888889,-3.2,58.5,-1.3993055555555556,0.8076388888888889,95.79166666666667,39.798611111111114,39.69444444444444,41.520833333333336,38.22222222222222,612.8847222222222,0.9479166666666666,50.00069444444445,399.0055555555556,396.61875,396.4090277777778,515.5513888888888,546.5215277777778,525.7118055555555,2106.2,-50.0,39.451388888888886,0.7229166666666668,6.846527777777777,177.81041666666667,-133.0111111111111,946.8,-811.7,16.18472222222222,613.379861111111,2000.0,0.0,177.36944444444444,-917.2819444444444,0.0,-1000.0,69.03611111111111,905.2604166666666,1000.0,0.0,80.77638888888889,43.38194444444444,220.6888888888889,T07,2.6,16.5,7.746527777777778,0.9621527777777779,2.5,16.5,7.763194444444445,1.0381944444444444,15.0,21.0,18.569444444444443,1004.0,1009.0,1006.2638888888889,74.0,95.0,87.09027777777777,0.0,44.0,0.6666666666666666,0.0,151.84722222222223,152.1875,406.1736111111111,,0
2016-11-06 00:00:00+00:00,1657.1,0.0,1022.1430555555556,104.42430555555556,36.625,55.03472222222222,55.03472222222222,54.701388888888886,30.666666666666668,45.861111111111114,48.513888888888886,25.979166666666668,14.7,0.0,9.020833333333334,22.6,0.4,4.530555555555555,0.8729166666666667,0.9527777777777777,308.18055555555554,15.006944444444445,-547.8888888888889,28694.930555555555,4053178.0,-574.9444444444445,-1498037,51.625,61.770833333333336,73.91666666666667,36.263888888888886,36.076388888888886,26.944444444444443,36.25694444444444,24.26388888888889,18.25,-3.0,89.6,5.697222222222222,2.6166666666666667,79.79166666666667,36.28472222222222,36.1875,38.013888888888886,35.576388888888886,168.85694444444445,0.7784722222222222,50.00069444444445,399.4604166666667,397.3902777777778,396.6472222222222,159.9701388888889,178.23541666666668,163.89722222222224,1112.5,-50.7,33.25694444444444,0.9395833333333334,4.572916666666667,51.44583333333333,-62.45694444444444,1000.8,-808.7,30.550694444444446,177.30416666666667,1122.8,0.0,53.324305555555554,-542.3583333333333,0.0,-1000.0,89.57083333333334,542.3583333333333,1000.0,0.0,89.57083333333334,35.59722222222222,319.7326388888889,T07,1.5,9.1,5.030555555555555,0.29041666666666666,1.5,9.0,4.961111111111111,0.288125,11.0,17.0,14.194444444444445,1005.0,1009.0,1006.7361111111111,46.0,93.0,67.4375,0.0,3.0,0.04861111111111111,0.0,97.32638888888889,95.97916666666667,406.6875,,0
2016-11-07 00:00:00+00:00,1695.6,0.0,1194.6456896551724,97.12155172413793,36.508620689655174,57.88793103448276,57.66379310344828,57.03448275862069,28.03448275862069,47.327586206896555,50.61206896551724,23.75,15.0,0.0,10.575000000000001,26.6,0.4,5.580172413793103,1.0422413793103449,-0.27155172413793105,294.1896551724138,13.508620689655173,-262.2241379310345,61835.543103448275,7142503.0,-277.9051724137931,-1659957,54.327586206896555,60.60344827586207,65.09482758620689,35.560344827586206,33.75,24.67241379310345,34.98275862068966,23.70689655172414,16.18103448275862,-3.1,90.0,7.070689655172413,2.2732758620689655,78.4396551724138,36.077586206896555,35.956896551724135,37.724137931034484,34.456896551724135,369.4120689655173,0.7905172413793103,50.00086206896552,399.0284482758621,397.00172413793103,396.86034482758623,335.4681034482759,350.66637931034484,335.3051724137931,2097.0,-49.4,32.23275862068966,0.8551724137931035,5.554310344827586,85.20258620689656,-86.06810344827586,1000.5,-767.9,47.49568965517241,386.41379310344826,2000.0,0.0,91.95948275862068,-616.3974137931035,0.0,-1000.0,60.158620689655166,611.9431034482758,1000.0,0.0,65.1646551724138,38.28448275862069,322.39741379310345,T07,0.4,11.6,5.6930555555555555,0.3958333333333333,0.4,11.4,5.628472222222222,0.39375000000000004,8.0,16.0,12.541666666666666,1005.0,1011.0,1007.4861111111111,37.0,78.0,56.84722222222222,0.0,0.0,0.0,0.0,110.70833333333333,109.19444444444444,407.4375,,0
2016-11-08 00:00:00+00:00,1587.1,0.0,792.9138888888889,89.19166666666666,32.104166666666664,47.46527777777778,47.416666666666664,47.145833333333336,28.46527777777778,45.486111111111114,46.923611111111114,23.416666666666668,14.1,0.0,6.789583333333333,20.8,0.4,3.7687500000000003,0.8423611111111112,-0.8381944444444446,281.26458333333335,13.04861111111111,-489.46527777777777,16785.45138888889,2346622.0,-366.6458333333333,-975155,66.45833333333333,68.97222222222223,65.38194444444444,33.53472222222222,32.791666666666664,24.9375,33.00694444444444,20.444444444444443,16.375,-3.1,89.5,11.475694444444445,2.964583333333333,66.85416666666667,33.50694444444444,33.4375,34.916666666666664,32.0,97.77708333333334,0.8187500000000001,50.00069444444445,399.67777777777775,398.30069444444445,396.58680555555554,97.67152777777778,109.61041666666667,101.1576388888889,824.3,-50.0,28.993055555555557,0.8090277777777778,3.793055555555556,34.40069444444444,-40.639583333333334,1000.1,-781.9,24.93888888888889,107.14027777777777,830.7,0.0,33.954861111111114,-371.37430555555557,0.0,-1000.0,88.86319444444445,371.37430555555557,1000.0,0.0,88.86319444444445,31.3125,264.59375,T07,0.5,9.0,4.354861111111111,0.20409722222222224,0.4,9.1,4.285416666666666,0.2025,9.0,16.0,12.36111111111111,1011.0,1020.0,1016.2083333333334,37.0,63.0,53.78472222222222,0.0,0.0,0.0,0.0,83.90972222222223,82.52083333333333,416.125,,0
2016-11-09 00:00:00+00:00,1680.4,0.0,882.7819444444444,64.36527777777778,34.28472222222222,50.048611111111114,49.97222222222222,49.479166666666664,29.34722222222222,44.736111111111114,46.21527777777778,24.34722222222222,14.9,0.0,7.702777777777778,22.2,0.4,4.079861111111111,0.8916666666666667,12.14236111111111,230.6826388888889,15.76388888888889,-335.2916666666667,33069.881944444445,4713781.0,-173.16666666666666,-1436400,68.86111111111111,71.09027777777777,66.76388888888889,34.65972222222222,33.65277777777778,26.59722222222222,34.048611111111114,22.78472222222222,18.29861111111111,-3.2,89.7,8.32638888888889,1.4020833333333333,65.56944444444444,34.93055555555556,34.81944444444444,36.1875,33.15277777777778,196.40694444444443,0.8347222222222223,49.99722222222223,399.01180555555555,397.44375,395.88680555555555,184.3777777777778,198.17847222222224,187.73958333333334,1427.5,-50.0,30.07638888888889,0.5770833333333334,4.169444444444444,67.49583333333334,-59.87847222222222,1000.4,-613.7,30.849999999999998,200.66180555555556,1444.4,0.0,67.38541666666667,-444.42569444444445,0.0,-1000.0,67.62013888888889,444.4243055555555,1000.0,0.0,67.63472222222222,36.354166666666664,263.5388888888889,T07,0.0,12.5,4.511111111111111,0.31527777777777777,0.0,12.3,4.509722222222222,0.3219444444444444,12.0,18.0,15.3125,1018.0,1021.0,1019.1875,50.0,89.0,67.65972222222223,0.0,0.0,0.0,0.0,86.99305555555556,87.04166666666667,419.125,,0
2016-11-10 00:00:00+00:00,1719.5,0.0,1185.1625,53.731944444444444,38.40277777777778,57.99305555555556,57.96527777777778,57.5625,29.70138888888889,47.74305555555556,50.638888888888886,25.006944444444443,15.2,0.0,10.497916666666667,21.7,0.4,5.188888888888889,0.8930555555555555,-1.1597222222222223,313.0201388888889,16.180555555555557,-197.65277777777777,45157.305555555555,6474189.0,-137.9375,-1948747,73.29861111111111,76.44444444444444,73.19444444444444,37.854166666666664,36.31944444444444,27.72222222222222,37.270833333333336,25.01388888888889,18.86111111111111,-3.2,89.7,2.379861111111111,1.0416666666666667,87.04166666666667,38.02777777777778,37.9375,39.833333333333336,37.173611111111114,269.75,0.8604166666666667,49.99791666666667,399.31041666666664,397.4236111111111,396.9270833333333,240.90833333333336,259.6333333333333,242.03263888888887,2102.1,-49.5,34.43055555555556,0.47500000000000003,5.236805555555556,67.33402777777778,-81.25555555555555,726.4,-706.8,23.477083333333333,274.53263888888887,2000.0,0.0,68.08333333333333,-686.6368055555555,0.0,-1000.0,84.63472222222222,686.2159722222223,1000.0,0.0,85.16180555555555,40.00694444444444,314.1923611111111,T07,1.8,10.9,5.592361111111111,0.29270833333333335,1.8,11.0,5.520833333333333,0.2923611111111111,13.0,18.0,15.354166666666666,1016.0,1019.0,1017.5208333333334,52.0,96.0,70.45138888888889,0.0,10.0,0.11805555555555555,0.0,108.71527777777777,107.34027777777777,417.4166666666667,,0
2016-11-11 00:00:00+00:00,1623.0,0.0,852.1263888888889,101.25902777777777,34.03472222222222,48.78472222222222,48.74305555555556,48.458333333333336,29.92361111111111,43.36805555555556,45.75,24.520833333333332,14.4,0.0,7.465972222222222,20.4,0.4,3.7722222222222226,0.7958333333333334,-0.7493055555555556,270.69930555555555,14.979166666666666,-493.71527777777777,13250.006944444445,1836904.0,-349.9513888888889,-834734,68.82638888888889,71.18055555555556,66.97222222222223,34.888888888888886,33.21527777777778,26.444444444444443,33.68055555555556,21.98611111111111,17.95138888888889,-3.2,89.8,9.477777777777778,2.6993055555555556,65.13194444444444,34.854166666666664,34.770833333333336,36.604166666666664,34.28472222222222,76.54652777777778,0.7368055555555556,49.99861111111111,399.44930555555555,397.8333333333333,396.19097222222223,93.30555555555556,103.98541666666667,96.41180555555555,911.6,-50.1,29.59027777777778,0.9215277777777777,3.782638888888889,34.49930555555555,-34.769444444444446,1000.1,-706.0,50.3875,85.96666666666667,919.9,0.0,35.91458333333333,-296.5388888888889,0.0,-1000.0,90.9,296.5388888888889,1000.0,0.0,90.9,33.53472222222222,291.44166666666666,T07,1.3,8.4,4.581944444444444,0.175,1.2,8.4,4.511111111111111,0.17541666666666667,11.0,17.0,14.54861111111111,1016.0,1018.0,1016.7986111111111,49.0,72.0,61.0625,0.0,0.0,0.0,0.0,88.48611111111111,86.875,416.7708333333333,,0
2016-11-12 00:00:00+00:00,1622.3,0.0,787.3444444444444,93.85277777777777,33.55555555555556,48.09027777777778,48.06944444444444,47.770833333333336,29.76388888888889,42.458333333333336,44.71527777777778,24.95138888888889,14.4,0.0,6.926388888888889,33.3,0.4,3.726388888888889,0.7423611111111111,-1.1569444444444443,308.0083333333333,15.756944444444445,-556.9305555555555,10976.645833333334,1500432.0,-395.8888888888889,-769734,69.1875,71.53472222222223,67.34722222222223,34.90277777777778,34.208333333333336,26.868055555555557,34.326388888888886,22.305555555555557,18.555555555555557,-3.0,89.8,11.121527777777779,2.492361111111111,65.95138888888889,34.895833333333336,34.75,36.43055555555556,34.30555555555556,62.50486111111112,0.7520833333333334,49.99930555555555,399.59444444444443,398.22291666666666,396.0673611111111,78.29374999999999,88.37916666666666,82.56875,844.8,-50.4,29.993055555555557,0.8659722222222223,3.7180555555555554,25.81875,-32.08472222222222,1000.0,-976.0,42.53680555555556,74.80555555555556,855.6,0.0,28.56736111111111,-251.78819444444446,0.0,-1000.0,72.44513888888889,251.78819444444446,1000.0,0.0,72.44513888888889,33.40972222222222,329.1743055555555,T07,1.0,8.3,4.214583333333334,0.14944444444444444,0.9,8.3,4.141666666666667,0.1482638888888889,11.0,19.0,15.25,1013.0,1016.0,1014.7361111111111,47.0,76.0,64.09027777777777,0.0,0.0,0.0,0.0,81.0625,79.5625,414.7013888888889,,0
2016-11-13 00:00:00+00:00,1674.9,0.0,1008.9729166666667,49.172222222222224,36.236111111111114,53.47222222222222,53.40972222222222,52.75,30.006944444444443,46.013888888888886,48.11805555555556,24.618055555555557,14.8,0.0,8.904166666666667,39.1,0.4,4.882638888888889,0.938888888888889,8.365277777777777,94.85277777777777,16.180555555555557,-250.72916666666666,50807.15277777778,7280127.0,-119.06944444444444,-1876144,70.77777777777777,73.52083333333333,69.32638888888889,35.30555555555556,34.59722222222222,28.22222222222222,35.59027777777778,23.9375,19.53472222222222,-3.2,86.1,7.114583333333333,0.788888888888889,71.51388888888889,35.625,35.541666666666664,37.05555555555556,34.15972222222222,303.31458333333336,0.9194444444444445,49.99930555555555,399.0236111111111,397.2902777777778,395.4243055555555,257.6930555555556,282.5368055555556,269.93055555555554,1509.8,-50.1,31.92361111111111,0.4256944444444445,4.990277777777778,72.30972222222222,-78.17638888888888,796.7,-883.2,12.903472222222222,306.3881944444445,1525.5,0.0,72.20138888888889,-617.7326388888889,0.0,-1000.0,47.7375,617.7229166666667,1000.0,0.0,47.80277777777778,38.52777777777778,93.98472222222222,T07,0.0,11.1,5.138194444444444,0.3447222222222222,0.0,10.9,5.157638888888889,0.35291666666666666,13.0,19.0,15.67361111111111,1012.0,1014.0,1012.6944444444445,53.0,81.0,67.9375,0.0,0.0,0.0,0.0,99.5,99.95833333333333,412.68055555555554,,0
2016-11-14 00:00:00+00:00,1760.4,0.0,1413.9381944444444,66.97083333333333,42.3125,66.05555555555556,65.85416666666667,64.98611111111111,30.819444444444443,51.86805555555556,55.291666666666664,26.625,15.5,0.0,12.525694444444445,42.2,0.4,6.440972222222222,1.1333333333333335,1.9236111111111112,91.00486111111111,17.86111111111111,-85.625,92702.91666666667,13336887.0,-49.888888888888886,-2908375,77.1875,80.66666666666667,77.40277777777777,39.00694444444444,38.34027777777778,29.020833333333332,39.416666666666664,27.743055555555557,20.041666666666668,-3.2,89.6,-1.167361111111111,1.0409722222222222,93.08333333333333,39.611111111111114,39.56944444444444,41.388888888888886,38.145833333333336,555.7597222222222,0.9173611111111111,50.0,398.7263888888889,396.7638888888889,396.2548611111111,472.00208333333336,498.75763888888895,481.49652777777777,2102.8,-50.0,37.1875,0.5909722222222222,6.574999999999999,117.33125000000001,-121.18819444444443,1000.0,-695.9,19.597916666666666,556.8583333333333,2000.0,0.0,117.03541666666666,-875.7340277777778,0.0,-1000.0,60.43541666666667,867.3687500000001,1000.0,0.0,66.71111111111111,44.486111111111114,89.07222222222222,T07,0.0,15.1,6.853846153846154,0.4513986013986014,0.0,15.1,6.909090909090909,0.46272727272727276,-40.0,22.0,17.09090909090909,1010.0,1014.0,1012.2937062937064,34.0,80.0,60.15492957746479,0.0,2.0,0.027972027972027972,1.0,133.95104895104896,135.03496503496504,412.27972027972027,,0
2016-11-15 00:00:00+00:00,1805.3,1223.3,1648.0069444444443,25.842361111111114,61.77777777777778,109.6875,108.29861111111111,105.15277777777777,44.65972222222222,53.15972222222222,60.104166666666664,30.78472222222222,15.9,10.8,14.59861111111111,44.7,0.4,10.523611111111112,2.0444444444444443,-2.9020833333333336,90.86944444444445,17.09722222222222,0.0,269483.61805555556,38805641.0,0.0,-4815781,82.64583333333333,96.21527777777777,91.01388888888889,43.05555555555556,43.541666666666664,29.006944444444443,43.111111111111114,36.923611111111114,19.67361111111111,-3.2,16.8,1.0291666666666666,1.6534722222222222,110.72222222222223,44.791666666666664,44.666666666666664,46.138888888888886,40.479166666666664,1616.9166666666667,0.9944444444444444,50.0,400.14444444444445,398.0,398.6388888888889,1353.3548611111112,1369.4375,1343.8722222222223,2109.1,9.8,44.56944444444444,0.22847222222222222,10.561805555555557,156.04930555555555,-200.65138888888887,-48.1,-231.2,3.3097222222222222,1614.429861111111,2000.0,9.2,154.8125,-812.3493055555556,-45.0,-1000.0,91.75416666666666,676.0388888888889,1000.0,45.0,109.68263888888889,68.28472222222223,93.76805555555556,T07,4.1,18.9,11.022222222222222,1.2322916666666666,4.0,18.8,11.079166666666667,1.2490277777777776,15.0,19.0,16.319444444444443,1012.0,1016.0,1014.5416666666666,50.0,79.0,66.39583333333333,0.0,0.0,0.0,0.0,217.47222222222223,218.63888888888889,414.47222222222223,,0
2016-11-16 00:00:00+00:00,1734.4,1212.2,1513.4125,54.61388888888889,46.28472222222222,74.66666666666667,74.29861111111111,73.04166666666667,30.979166666666668,52.645833333333336,57.02777777777778,28.01388888888889,15.4,10.7,13.402083333333334,39.9,0.6000000000000001,7.518055555555555,1.3472222222222223,-0.29375,88.84930555555555,16.833333333333332,-1.0763888888888888,136857.52083333334,19707327.0,-0.7222222222222222,-3563747,62.63194444444444,73.6875,68.02777777777777,39.21527777777778,40.263888888888886,28.256944444444443,40.5625,30.625,19.02777777777778,-3.2,6.7,-1.843055555555556,0.37222222222222223,97.11111111111111,40.3125,40.24305555555556,41.99305555555556,38.28472222222222,821.1770833333334,0.9819444444444445,49.99861111111111,399.4951388888889,397.52708333333334,397.63958333333335,690.2159722222223,711.5104166666666,687.8791666666667,2100.5,-43.2,39.34027777777778,0.48055555555555557,7.613194444444444,162.23680555555555,-148.48402777777778,17.9,-215.1,5.75625,821.1347222222222,2000.0,0.0,162.69791666666666,-975.0090277777776,0.0,-1000.0,32.24027777777778,953.8479166666667,1000.0,0.0,51.43194444444444,52.75694444444444,89.15833333333333,T07,2.6,14.0,7.794444444444445,0.634375,2.4,13.9,7.83263888888889,0.6492361111111111,14.0,19.0,16.131944444444443,1014.0,1016.0,1014.7152777777778,47.0,78.0,64.49305555555556,0.0,0.0,0.0,0.0,152.70833333333334,153.63888888888889,414.6875,,0
2016-11-17 00:00:00+00:00,1685.6,0.0,981.0548611111111,98.84097222222222,36.38194444444444,52.52777777777778,52.5,52.104166666666664,31.520833333333332,46.77777777777778,49.15972222222222,26.20138888888889,14.9,0.0,8.577777777777778,22.6,0.4,4.402777777777778,0.8562500000000001,-2.0416666666666665,98.03541666666666,16.90277777777778,-465.6388888888889,34787.34027777778,4942321.0,-373.24305555555554,-1484264,63.048611111111114,69.34722222222223,65.70833333333333,37.326388888888886,36.00694444444444,28.770833333333332,36.5,25.055555555555557,20.208333333333332,-3.2,89.7,6.764583333333333,2.601388888888889,74.5625,37.38194444444444,37.31944444444444,39.18055555555556,36.986111111111114,205.90416666666667,0.7798611111111112,49.99791666666667,399.0402777777778,397.34583333333336,396.74305555555554,196.8875,209.7263888888889,196.9375,1922.9,-50.1,33.395833333333336,0.9055555555555556,4.461805555555555,41.62013888888889,-61.90625,1000.0,-818.8,38.517361111111114,213.53055555555557,1949.0,0.0,42.65347222222223,-458.30625000000003,0.0,-1000.0,72.29027777777777,457.9583333333333,1000.0,0.0,72.96388888888889,40.13194444444444,95.07777777777778,T07,0.0,11.2,4.824305555555556,0.2627083333333333,0.2,11.3,4.865277777777778,0.26993055555555556,13.0,21.0,16.15972222222222,1010.0,1014.0,1011.9583333333334,40.0,85.0,67.18055555555556,0.0,0.0,0.0,0.0,93.33333333333333,94.04166666666667,411.9236111111111,,0
2016-11-18 00:00:00+00:00,1426.2,0.0,672.8944444444445,86.95486111111111,33.354166666666664,45.27777777777778,45.24305555555556,45.0625,32.041666666666664,41.701388888888886,43.25694444444444,26.13888888888889,12.6,0.0,5.809027777777778,17.7,0.4,3.321527777777778,0.6506944444444445,-7.922916666666666,187.49513888888887,16.729166666666668,-631.5902777777778,7622.506944444444,1006689.0,-465.4166666666667,-641408,69.77083333333333,72.22916666666667,68.0,34.84027777777778,34.479166666666664,28.82638888888889,35.111111111111114,22.979166666666668,21.01388888888889,-2.5,89.3,13.09236111111111,2.5013888888888887,62.791666666666664,34.71527777777778,34.59027777777778,36.451388888888886,34.5,41.93680555555555,0.7680555555555556,50.0,399.93333333333334,398.6722222222222,397.0541666666667,61.01111111111111,67.57013888888889,62.42916666666666,510.4,-49.7,30.28472222222222,0.7840277777777778,3.3499999999999996,18.260416666666668,-26.686111111111114,1000.8,-728.0,39.99166666666667,54.06111111111111,521.6,0.0,19.85763888888889,-211.31458333333333,0.0,-1000.0,64.98194444444444,211.31458333333333,1000.0,0.0,64.98194444444444,33.888888888888886,167.925,T07,0.0,7.2,3.4319444444444445,0.12958333333333333,0.0,7.2,3.4180555555555556,0.13041666666666668,13.0,21.0,16.28472222222222,1008.0,1011.0,1009.4305555555555,41.0,84.0,60.61805555555556,0.0,0.0,0.0,0.0,65.375,65.07638888888889,409.3888888888889,,0
2016-11-19 00:00:00+00:00,1658.0,0.0,547.9055555555556,53.34236111111111,29.930555555555557,40.125,40.11805555555556,39.77777777777778,30.319444444444443,39.833333333333336,40.701388888888886,24.26388888888889,14.7,0.0,4.540277777777778,19.6,0.4,3.1902777777777778,0.6618055555555555,-5.643055555555556,274.65972222222223,15.6875,-563.0277777777778,13171.590277777777,1815633.0,-248.46527777777777,-650940,69.15972222222223,71.0625,66.42361111111111,32.479166666666664,32.86805555555556,27.67361111111111,33.111111111111114,21.40972222222222,19.78472222222222,-3.0,76.7,15.669444444444444,1.00625,48.763888888888886,32.486111111111114,32.36805555555556,33.708333333333336,31.34027777777778,75.66805555555555,0.8875,50.0,400.08124999999995,398.86805555555554,396.5,77.95138888888889,84.98472222222223,80.63888888888889,1084.5,-50.1,27.5,0.5486111111111112,3.2173611111111113,28.033333333333335,-27.115277777777777,1000.4,-747.2,19.25625,83.025,1100.8,0.0,28.37013888888889,-209.72222222222223,0.0,-1000.0,39.474999999999994,209.72222222222223,1000.0,0.0,39.474999999999994,31.20138888888889,290.31666666666666,T07,0.4,8.9,3.761111111111111,0.14965277777777777,0.4,9.0,3.720138888888889,0.15083333333333332,12.0,18.0,15.215277777777779,1008.0,1011.0,1009.4097222222222,58.0,95.0,76.01388888888889,0.0,0.0,0.0,0.0,71.9375,71.125,409.375,,0
2016-11-20 00:00:00+00:00,1798.1,0.0,998.2722222222224,51.458333333333336,40.02777777777778,63.479166666666664,63.02777777777778,61.423611111111114,32.9375,45.895833333333336,48.798611111111114,26.069444444444443,15.9,0.0,8.690277777777778,44.0,0.4,6.012499999999999,1.3763888888888889,-0.15972222222222235,217.6048611111111,16.75,-324.4166666666667,119625.72222222222,17179388.0,-112.82638888888889,-2575708,73.375,78.0625,72.5,35.84722222222222,36.236111111111114,27.65972222222222,36.763888888888886,26.54861111111111,19.006944444444443,-3.2,84.9,8.916666666666666,1.1687500000000002,68.50694444444444,36.68055555555556,36.583333333333336,37.923611111111114,34.270833333333336,715.8006944444445,0.9659722222222222,50.0,400.0395833333333,398.3486111111111,396.87083333333334,601.9930555555555,617.6506944444444,605.6409722222222,2105.1,-49.8,33.604166666666664,0.46319444444444446,6.044444444444444,165.09791666666666,-107.30902777777777,837.6,-503.0,8.754166666666666,718.1083333333333,2000.0,0.0,163.61666666666667,-525.625,0.0,-1000.0,59.43541666666667,480.15625,1000.0,0.0,88.86875,46.979166666666664,235.2576388888889,T07,0.0,16.5,7.077083333333333,0.9161805555555556,0.0,16.8,7.109722222222222,0.9287500000000001,13.0,18.0,16.430555555555557,1003.0,1010.0,1006.5694444444445,66.0,95.0,80.97222222222223,0.0,20.0,0.3125,0.0,138.45833333333334,139.10416666666666,406.4791666666667,,0
2016-11-21 00:00:00+00:00,1791.7,0.0,1285.0791666666667,62.05833333333333,52.84027777777778,86.5,85.81944444444444,83.83333333333333,45.625,50.52777777777778,55.166666666666664,29.5625,15.8,0.0,11.31388888888889,42.6,0.4,7.55138888888889,1.6222222222222222,-1.3840277777777776,224.675,17.67361111111111,-338.9513888888889,165460.95138888888,23777565.0,-293.7083333333333,-3210775,72.67361111111111,85.11805555555556,80.02083333333333,40.104166666666664,41.00694444444444,29.38888888888889,40.53472222222222,33.46527777777778,20.319444444444443,-3.1,89.7,4.454861111111111,2.2534722222222223,94.9375,41.145833333333336,41.041666666666664,42.61805555555556,38.5,990.6520833333333,0.9131944444444444,50.00069444444445,400.14652777777775,398.1173611111111,397.5472222222222,833.95625,853.7756944444444,833.2145833333333,2106.8,-49.8,39.46527777777778,0.5527777777777778,7.578472222222222,166.00972222222222,-133.7576388888889,1000.7,-611.0,15.368749999999999,991.7833333333333,2000.0,0.0,164.01041666666666,-661.2729166666667,0.0,-1000.0,110.75347222222223,579.0444444444444,1000.0,0.0,134.59791666666666,53.81944444444444,226.05624999999998,T07,0.6000000000000001,20.0,7.79236111111111,1.720902777777778,0.6000000000000001,20.3,7.779166666666667,1.740138888888889,14.0,20.0,17.03472222222222,998.0,1003.0,999.9930555555555,80.0,96.0,91.65277777777777,0.0,20.0,0.3958333333333333,0.0,152.72222222222223,152.43055555555554,399.9583333333333,,0
2016-11-22 00:00:00+00:00,1422.5,0.0,136.5388888888889,46.400000000000006,23.47222222222222,28.895833333333332,28.8125,28.430555555555557,30.38888888888889,34.6875,33.30555555555556,22.40972222222222,12.6,0.0,0.9201388888888888,14.2,0.4,2.1493055555555554,0.6145833333333334,11.24861111111111,167.41666666666666,14.333333333333334,-745.6527777777778,624.9930555555555,-17376.0,-267.9861111111111,-94320,64.03472222222223,66.74305555555556,62.576388888888886,29.3125,30.45138888888889,25.916666666666668,30.26388888888889,18.166666666666668,17.868055555555557,-2.3,89.7,23.102777777777778,0.8319444444444444,27.618055555555557,29.26388888888889,29.256944444444443,29.76388888888889,27.22222222222222,-0.7111111111111111,0.9493055555555555,50.0,399.9715277777778,398.81111111111113,396.05625,10.838194444444445,11.95486111111111,13.026388888888889,322.6,-44.6,23.11111111111111,0.3770833333333333,2.1500000000000004,5.151388888888889,-3.954861111111111,1000.9,-999.9,13.747916666666665,7.290277777777778,324.1,0.0,5.717361111111111,-17.681944444444444,0.0,-1000.0,9.030555555555557,17.681944444444444,1000.0,0.0,9.030555555555557,24.444444444444443,198.67361111111111,T07,0.0,6.3,2.0590277777777777,0.15256944444444442,0.0,6.6,1.9874999999999998,0.16534722222222223,11.0,15.0,13.479166666666666,994.0,1000.0,996.3055555555555,70.0,97.0,87.61805555555556,0.0,9.0,0.5138888888888888,0.0,37.6875,36.333333333333336,396.25694444444446,,0
2016-11-23 00:00:00+00:00,1606.3,0.0,480.1645833333333,61.66111111111112,29.01388888888889,39.34722222222222,39.27777777777778,38.99305555555556,28.51388888888889,41.40277777777778,41.44444444444444,22.569444444444443,14.2,0.0,4.030555555555555,22.5,0.4,2.9493055555555556,0.776388888888889,-5.682638888888889,214.67291666666668,13.055555555555555,-623.1527777777778,9720.097222222223,1309960.0,-347.81944444444446,-633939,66.46527777777777,68.25,63.451388888888886,31.0,30.71527777777778,24.97222222222222,30.67361111111111,19.104166666666668,16.77777777777778,-3.1,61.0,16.33263888888889,1.2583333333333335,45.986111111111114,30.98611111111111,30.916666666666668,31.854166666666668,28.78472222222222,54.56875,0.86875,49.99930555555555,399.7993055555555,398.3361111111111,396.90416666666664,61.71041666666666,67.03402777777778,61.43958333333333,849.5,-49.9,25.569444444444443,0.5736111111111111,2.982638888888889,26.913888888888888,-26.41736111111111,1000.2,-565.4,19.310416666666665,62.81041666666667,861.1,0.0,27.650694444444444,-195.23819444444445,0.0,-1000.0,54.47847222222222,195.23819444444445,1000.0,0.0,54.47847222222222,28.506944444444443,212.86111111111111,T07,0.0,9.6,3.2604166666666665,0.2361111111111111,0.0,9.5,3.223611111111111,0.24708333333333332,10.0,15.0,12.520833333333334,996.0,1002.0,998.6805555555555,55.0,92.0,74.36805555555556,0.0,1.0,0.006944444444444444,0.0,61.861111111111114,61.1875,398.6458333333333,,0
2016-11-24 00:00:00+00:00,1662.8,0.0,341.49791666666664,79.21111111111111,25.98611111111111,34.604166666666664,34.479166666666664,34.13194444444444,28.743055555555557,37.00694444444444,37.166666666666664,22.270833333333332,14.7,0.0,2.7375,20.1,0.4,2.545138888888889,0.7298611111111112,6.8798611111111105,179.3451388888889,12.229166666666666,-655.8263888888889,1926.763888888889,183013.0,-334.5763888888889,-190135,65.95833333333333,67.4375,62.52777777777778,30.229166666666668,30.22222222222222,24.34027777777778,29.604166666666668,18.20138888888889,16.36111111111111,-2.3,89.8,19.515972222222224,2.09375,35.47222222222222,30.23611111111111,30.166666666666668,30.9375,28.01388888888889,7.636805555555556,0.8361111111111111,49.99791666666667,399.69722222222225,398.74930555555557,396.0909722222222,26.012500000000003,28.411805555555556,28.44513888888889,961.9,-49.5,23.61111111111111,0.7597222222222223,2.5638888888888887,12.67361111111111,-7.947222222222223,1000.2,-995.8,33.239583333333336,17.581944444444446,984.6,0.0,14.1875,-50.77777777777778,0.0,-1000.0,39.36736111111111,50.77777777777778,1000.0,0.0,39.36736111111111,26.416666666666668,172.46388888888887,T07,0.0,8.4,2.6534722222222222,0.20458333333333334,0.0,8.2,2.6125,0.20409722222222224,9.0,14.0,11.694444444444445,1002.0,1006.0,1004.0972222222222,54.0,88.0,70.56944444444444,0.0,6.0,0.1597222222222222,0.0,49.763888888888886,48.97222222222222,404.05555555555554,,0
2016-11-25 00:00:00+00:00,1808.5,0.0,1402.9833333333333,87.22430555555555,43.43055555555556,72.46527777777777,71.88194444444444,70.42361111111111,31.444444444444443,51.958333333333336,55.826388888888886,23.70138888888889,15.9,0.0,12.42361111111111,40.9,0.4,7.147222222222222,1.7131944444444445,1.9256944444444446,167.82638888888889,13.930555555555555,-125.59027777777777,132564.8125,19071247.0,-103.99305555555556,-2982863,71.27083333333333,77.20138888888889,71.77083333333333,35.38194444444444,34.604166666666664,25.520833333333332,35.81944444444444,26.743055555555557,16.34027777777778,-3.1,89.8,0.7972222222222222,1.8819444444444444,88.50694444444444,36.486111111111114,36.36805555555556,38.125,33.52777777777778,794.6708333333333,0.9006944444444444,49.99930555555555,398.92083333333335,397.03333333333336,396.93819444444443,679.7159722222223,695.6708333333333,677.6743055555556,2108.5,-51.5,34.451388888888886,0.7701388888888889,7.26111111111111,228.76597222222225,-124.25,1000.5,-779.2,28.29861111111111,796.60625,2000.0,0.0,227.44583333333333,-781.1493055555555,0.0,-1000.0,110.13125,738.3361111111111,1000.0,0.0,137.51805555555555,42.65277777777778,165.89375,T07,0.2,19.4,7.955555555555555,1.8485416666666667,0.3,19.5,7.435416666666667,2.5795138888888887,10.0,15.0,13.506944444444445,996.0,1006.0,1000.6944444444445,73.0,96.0,89.34722222222223,0.0,18.0,1.6319444444444444,0.0,156.03472222222223,145.66666666666666,400.68055555555554,,0
2016-11-26 00:00:00+00:00,1768.6,0.0,1110.6458333333333,98.63472222222222,39.041666666666664,60.40972222222222,60.1875,59.388888888888886,33.81944444444444,48.77777777777778,51.47222222222222,24.368055555555557,15.6,0.0,9.769444444444444,70.0,0.4,5.555555555555555,2.191666666666667,0.7694444444444446,171.02638888888887,14.381944444444445,-464.0486111111111,68886.61111111111,9852847.0,-419.9583333333333,-2101587,64.59722222222223,72.11805555555556,68.1875,33.979166666666664,34.65972222222222,25.618055555555557,34.90277777777778,24.944444444444443,16.88888888888889,-3.0,89.8,7.762499999999999,3.7256944444444446,78.40972222222223,34.416666666666664,34.31944444444444,35.986111111111114,32.55555555555556,410.5076388888889,0.8500000000000001,50.00069444444445,398.88194444444446,397.1111111111111,396.1076388888889,359.98125000000005,378.90625,365.31319444444443,2109.6,-52.1,32.56944444444444,0.8951388888888889,5.673611111111111,134.50972222222222,-87.52013888888888,1000.4,-819.1,34.02361111111111,429.0736111111111,2000.0,0.0,154.17152777777778,-627.4458333333333,0.0,-1000.0,109.10069444444444,613.5729166666666,1000.0,0.0,118.78819444444444,37.75,175.25555555555556,T07,0.3,17.2,5.964583333333334,1.2141666666666666,0.3,17.8,5.5881944444444445,1.5734027777777777,12.0,16.0,13.777777777777779,995.0,998.0,996.1041666666666,71.0,97.0,88.61805555555556,0.0,30.0,1.8194444444444444,0.0,116.125,108.52777777777777,396.03472222222223,,0
2016-11-27 00:00:00+00:00,1800.3,0.0,897.8923611111111,115.13819444444445,34.61805555555556,52.86805555555556,52.673611111111114,51.951388888888886,29.055555555555557,47.27777777777778,48.666666666666664,22.27777777777778,15.9,0.0,7.865277777777777,70.0,0.4,4.971527777777777,1.9180555555555554,2.0597222222222222,138.1222222222222,12.520833333333334,-649.625,57688.97222222222,8213667.0,-542.4305555555555,-1734325,72.23611111111111,75.22916666666667,71.52777777777777,33.0625,32.65972222222222,24.02777777777778,32.875,21.20138888888889,14.902777777777779,-3.3,89.9,12.01388888888889,3.845138888888889,68.54861111111111,33.5,33.375,34.798611111111114,31.5,342.25694444444446,0.8638888888888889,50.0,399.6388888888889,397.8958333333333,396.6506944444444,302.5777777777778,316.7006944444445,304.09513888888887,2106.5,-52.1,29.77777777777778,1.0416666666666667,5.0625,103.88472222222222,-72.27847222222222,1000.7,-739.8,30.599999999999998,367.0513888888889,2000.0,0.0,121.27638888888889,-481.6645833333333,0.0,-1000.0,89.43333333333334,472.44097222222223,1000.0,0.0,95.16527777777777,31.82638888888889,136.05555555555554,T07,0.0,17.0,4.737500000000001,1.246736111111111,0.0,16.2,4.698611111111111,1.3147916666666668,9.0,14.0,12.090277777777779,994.0,1001.0,997.0138888888889,67.0,94.0,86.6875,0.0,79.0,4.701388888888889,0.0,91.50694444444444,90.72916666666667,396.9375,,0
2016-11-28 00:00:00+00:00,1430.2,0.0,415.1277777777778,32.111111111111114,29.65972222222222,39.645833333333336,39.55555555555556,39.229166666666664,28.020833333333332,38.958333333333336,39.125,22.993055555555557,12.7,0.0,3.545833333333333,20.1,0.4,2.7173611111111113,0.651388888888889,20.293750000000003,240.6826388888889,13.604166666666666,-609.9236111111111,5404.0625,690356.0,-310.06944444444446,-423867,66.58333333333333,68.27083333333333,63.576388888888886,31.51388888888889,31.381944444444443,24.88888888888889,31.46527777777778,19.25,17.29861111111111,-2.3,84.6,17.65277777777778,0.8534722222222223,45.013888888888886,31.47222222222222,31.430555555555557,32.31944444444444,29.583333333333332,28.76805555555556,0.8604166666666667,49.99930555555555,399.9430555555556,398.6770833333333,396.7444444444444,43.260416666666664,47.44166666666667,44.47083333333333,524.7,-49.9,25.34722222222222,0.2923611111111111,2.727777777777778,15.045833333333333,-17.645833333333332,993.4,-787.2,25.904861111111114,36.99861111111111,537.3,0.0,15.927083333333334,-142.3097222222222,0.0,-1000.0,44.26111111111111,142.3097222222222,1000.0,0.0,44.26111111111111,28.15972222222222,317.90208333333334,T07,0.0,7.6,2.6729166666666666,0.09465277777777778,0.0,7.4,2.6277777777777778,0.09722222222222222,10.0,17.0,12.9375,1000.0,1008.0,1004.4791666666666,68.0,95.0,82.54861111111111,0.0,1.0,0.006944444444444444,0.0,50.208333333333336,49.31944444444444,404.38194444444446,,0
2016-11-29 00:00:00+00:00,1776.4,0.0,1056.9875000000002,54.50069444444444,40.479166666666664,59.81944444444444,59.34722222222222,58.138888888888886,29.868055555555557,46.298611111111114,49.326388888888886,23.67361111111111,15.7,0.0,9.304166666666667,40.3,0.4,5.9625,1.1687500000000002,0.5979166666666664,101.5951388888889,14.73611111111111,-285.3888888888889,98242.5625,14105829.0,-109.58333333333333,-2223803,72.90277777777777,75.84027777777777,71.07638888888889,35.4375,34.048611111111114,27.104166666666668,34.951388888888886,24.006944444444443,18.40277777777778,-3.1,89.8,7.972222222222222,1.4590277777777778,68.38888888888889,36.13194444444444,36.0625,37.24305555555556,33.15277777777778,587.7097222222222,0.901388888888889,49.99583333333333,399.3034722222222,397.75138888888887,397.2125,511.8173611111111,519.5972222222222,507.03125,2106.9,-51.2,31.48611111111111,0.4937500000000001,6.041666666666667,99.57430555555555,-92.72430555555555,986.5,-851.4,29.040277777777778,595.3881944444444,2000.0,0.0,101.74513888888889,-526.20625,0.0,-1000.0,52.50138888888889,491.53749999999997,1000.0,0.0,61.11944444444445,37.69444444444444,98.49930555555555,T07,0.8,17.5,5.913194444444445,0.8795138888888889,0.7000000000000001,17.8,5.963888888888889,0.8854166666666666,11.0,18.0,14.527777777777779,1007.0,1011.0,1008.6736111111111,61.0,90.0,75.59027777777777,0.0,1.0,0.006944444444444444,0.0,115.13194444444444,116.08333333333333,408.61805555555554,,0
2016-11-30 00:00:00+00:00,1806.0,1556.9,1677.6,23.374305555555555,69.06944444444444,126.07638888888889,124.39583333333333,120.22222222222223,49.34027777777778,52.71527777777778,60.53472222222222,34.34722222222222,15.9,13.8,14.868749999999999,42.8,0.6000000000000001,12.54375,2.58125,0.16597222222222213,110.28680555555555,17.09722222222222,0.0,325070.80555555556,46810196.0,0.0,-5129700,89.77777777777777,104.97222222222223,101.15277777777777,45.541666666666664,44.75694444444444,28.5625,43.1875,38.59722222222222,19.23611111111111,-2.5,18.3,5.210416666666666,2.7874999999999996,117.88194444444444,47.354166666666664,47.28472222222222,48.638888888888886,42.0625,1950.4215277777778,1.0,49.99722222222223,400.98749999999995,398.42569444444445,399.77430555555554,1627.8159722222222,1644.1666666666667,1614.320138888889,2108.5,838.1,45.736111111111114,0.19791666666666666,12.586111111111112,82.85416666666667,-213.73611111111111,-186.0,-224.2,2.448611111111111,1947.3541666666667,2000.0,824.3,80.85069444444444,-643.625,-583.3,-1000.0,86.72847222222222,456.7131944444444,1000.0,406.1,76.82152777777777,73.49305555555556,110.11944444444445,T07,3.6,21.8,12.434027777777779,2.9908333333333332,3.9,21.9,12.509027777777778,3.0096527777777777,15.0,18.0,16.65277777777778,1010.0,1014.0,1011.9375,64.0,81.0,74.45833333333333,0.0,0.0,0.0,0.0,245.75694444444446,247.25694444444446,411.875,,0
2016-12-01 00:00:00+00:00,1776.4,0.0,1319.8715277777778,79.73055555555555,44.826388888888886,69.99305555555556,69.70138888888889,68.70833333333333,35.361111111111114,50.34722222222222,53.93055555555556,27.34722222222222,15.7,0.0,11.679861111111112,38.3,0.4,6.276388888888889,1.1569444444444443,0.4854166666666666,111.75,16.75,-286.2013888888889,94766.36111111111,13605144.0,-210.31944444444446,-2611837,67.61805555555556,77.89583333333333,74.36111111111111,38.861111111111114,38.74305555555556,28.041666666666668,38.86805555555556,28.430555555555557,19.0,-3.1,89.6,1.3534722222222222,1.71875,91.20833333333333,39.49305555555556,39.395833333333336,41.21527777777778,37.979166666666664,566.95625,0.8729166666666667,49.99861111111111,399.1388888888889,397.4013888888889,397.6173611111111,496.22569444444446,508.89930555555554,489.77430555555554,2105.0,-50.2,37.06944444444444,0.7166666666666667,6.367361111111111,109.69236111111111,-108.80138888888888,1000.6,-924.0,34.57152777777778,570.8006944444445,2000.0,0.0,109.64861111111111,-749.3020833333334,0.0,-1000.0,81.77638888888889,727.8354166666667,1000.0,0.0,91.14166666666667,43.6875,111.25486111111111,T07,1.0,16.8,4.963888888888889,1.0997916666666667,0.9,16.8,5.009027777777778,1.1230555555555555,15.0,18.0,15.98611111111111,1013.0,1016.0,1014.3888888888889,73.0,93.0,84.70138888888889,0.0,1.0,0.006944444444444444,0.0,96.02777777777777,96.97222222222223,414.3125,,0
2016-12-02 00:00:00+00:00,1698.9,11.9,1284.1840277777778,48.70902777777778,39.99305555555556,62.18055555555556,62.06944444444444,61.479166666666664,30.430555555555557,48.895833333333336,52.27777777777778,25.833333333333332,15.0,0.0,11.37638888888889,25.9,0.4,5.552083333333333,0.9812500000000001,-0.04375000000000008,106.69097222222223,16.243055555555557,-105.19444444444444,61050.506944444445,8776126.0,-112.41666666666667,-2486343,72.78472222222223,76.59722222222223,73.34027777777777,38.49305555555556,37.104166666666664,28.09027777777778,37.90277777777778,25.756944444444443,19.26388888888889,-3.2,86.1,0.41874999999999996,0.7298611111111112,89.31944444444444,38.84027777777778,38.770833333333336,40.666666666666664,37.798611111111114,365.6763888888889,0.851388888888889,50.0,398.9118055555556,396.9611111111111,397.4777777777778,329.12569444444443,342.75,321.74305555555554,1962.2,-47.7,35.40277777777778,0.4270833333333333,5.7243055555555555,78.30763888888889,-103.6,937.4,-755.0,22.836111111111112,367.2583333333333,1981.1,0.0,78.77222222222223,-791.4444444444445,0.0,-1000.0,53.075,790.338888888889,1000.0,0.0,55.69861111111111,37.666666666666664,106.73263888888889,T07,1.1,11.9,4.895138888888889,0.6291666666666667,1.0,12.0,4.940972222222222,0.6326388888888889,14.0,18.0,15.784722222222221,1006.0,1014.0,1009.8333333333334,70.0,96.0,85.06944444444444,0.0,2.0,0.08333333333333333,0.0,94.73611111111111,95.57638888888889,409.75694444444446,,0
2016-12-03 00:00:00+00:00,1786.5,0.0,1580.7840277777777,47.993750000000006,54.125,93.79166666666667,92.84722222222223,90.47916666666667,38.84027777777778,54.701388888888886,59.77777777777778,28.6875,15.8,0.0,14.0,43.1,0.4,9.102083333333333,1.788888888888889,0.145138888888889,120.18958333333333,16.53472222222222,-31.208333333333332,213183.17361111112,30693883.0,-20.09027777777778,-4110447,81.69444444444444,90.80555555555556,86.16666666666667,41.40277777777778,41.15277777777778,27.78472222222222,41.298611111111114,32.8125,18.61111111111111,-3.3,89.7,0.06458333333333331,1.5881944444444445,103.84722222222223,42.875,42.77777777777778,44.388888888888886,39.458333333333336,1278.9555555555555,0.9909722222222221,50.0,399.91319444444446,397.5965277777778,398.25,1070.646527777778,1091.226388888889,1064.482638888889,2106.6,-43.9,41.50694444444444,0.42430555555555555,9.28263888888889,166.3763888888889,-171.2611111111111,1000.0,-223.8,7.070138888888889,1277.8020833333333,2000.0,0.0,165.37916666666666,-867.9743055555556,0.0,-1000.0,72.14444444444445,777.3819444444445,1000.0,0.0,84.38333333333334,54.270833333333336,120.04444444444445,T07,1.1,17.6,7.530555555555556,2.3902083333333333,1.1,17.0,7.565277777777778,2.3670833333333334,14.0,18.0,15.993055555555555,998.0,1006.0,1001.5625,74.0,97.0,88.05555555555556,0.0,3.0,0.3125,0.0,147.54861111111111,148.30555555555554,401.50694444444446,,0
2016-12-04 00:00:00+00:00,1777.5,0.0,1451.0638888888889,76.1236111111111,47.138888888888886,77.49305555555556,77.08333333333333,75.38194444444444,35.21527777777778,52.104166666666664,56.40972222222222,26.979166666666668,15.6,0.0,12.846527777777778,41.2,0.4,7.331944444444444,1.5194444444444446,0.30069444444444465,132.3513888888889,16.76388888888889,-135.44444444444446,140703.6875,20241829.0,-108.42361111111111,-3233635,68.98611111111111,78.73611111111111,74.24305555555556,39.798611111111114,39.09027777777778,28.11111111111111,39.69444444444444,29.875,19.03472222222222,-3.2,89.9,-0.5104166666666666,1.421527777777778,96.43055555555556,40.729166666666664,40.673611111111114,42.388888888888886,38.46527777777778,843.3791666666667,0.9569444444444445,50.0,400.025,397.5263888888889,397.8048611111111,708.6048611111112,735.3159722222222,709.5201388888888,2102.6,-51.0,38.645833333333336,0.6777777777777778,7.557638888888889,164.92222222222222,-134.71180555555554,1000.2,-876.3,16.868055555555557,845.7006944444444,2000.0,0.0,164.6361111111111,-877.3784722222222,0.0,-1000.0,87.93958333333333,826.6722222222222,1000.0,0.0,100.63611111111112,50.645833333333336,132.04444444444445,T07,0.7000000000000001,17.8,5.913194444444445,1.7684027777777778,0.5,17.9,5.792361111111111,1.7524305555555555,14.0,18.0,16.1875,998.0,1001.0,999.9027777777778,72.0,96.0,88.53472222222223,0.0,69.0,2.0694444444444446,0.0,115.03472222222223,112.65277777777777,399.80555555555554,,0
2016-12-05 00:00:00+00:00,1776.2,0.0,1460.8097222222223,51.05277777777778,48.43055555555556,80.40972222222223,79.89583333333333,78.21527777777777,36.395833333333336,51.833333333333336,56.44444444444444,28.34722222222222,15.6,0.0,12.925694444444444,41.2,0.4,7.538888888888888,1.4736111111111112,-1.2902777777777779,104.05208333333333,16.59027777777778,-116.82638888888889,152353.46527777778,21922075.0,-86.89583333333333,-3537436,67.06944444444444,78.68055555555556,73.20833333333333,39.55555555555556,40.763888888888886,27.666666666666668,40.94444444444444,31.166666666666668,18.520833333333332,-3.3,89.7,-0.17291666666666675,1.0979166666666667,98.70138888888889,40.708333333333336,40.65972222222222,42.326388888888886,38.291666666666664,913.3319444444444,0.9291666666666667,49.99930555555555,399.7736111111111,397.66041666666666,397.8527777777778,776.692361111111,795.7027777777778,771.40625,2105.6,-45.4,40.09722222222222,0.4534722222222222,7.726388888888888,160.05,-147.34583333333333,498.6,-675.1,20.757638888888888,914.1340277777776,2000.0,0.0,160.13125000000002,-855.4083333333333,0.0,-1000.0,58.24166666666666,811.1895833333333,1000.0,0.0,81.81458333333333,48.18055555555556,105.3375,T07,1.0,15.2,7.4430555555555555,1.061736111111111,1.2,15.5,7.497916666666667,1.0745833333333334,14.0,18.0,15.972222222222221,1001.0,1012.0,1004.9027777777778,78.0,97.0,88.98611111111111,0.0,32.0,2.3958333333333335,0.0,145.72222222222223,146.88194444444446,404.84027777777777,,0
2016-12-06 00:00:00+00:00,1680.1,107.0,1059.2743055555557,77.40416666666667,37.0,54.03472222222222,53.90972222222222,53.52777777777778,31.1875,46.611111111111114,49.354166666666664,26.28472222222222,14.9,0.0,9.369444444444445,23.8,0.4,4.779166666666667,0.8534722222222223,-0.5055555555555554,84.71666666666667,17.493055555555557,-363.28472222222223,38609.02777777778,5507386.0,-339.5486111111111,-1671951,67.79861111111111,72.59722222222223,69.39583333333333,37.048611111111114,36.40972222222222,29.22222222222222,37.13194444444444,25.381944444444443,20.916666666666668,-3.1,48.1,5.340972222222223,1.4236111111111112,78.90277777777777,37.229166666666664,37.13194444444444,38.986111111111114,36.5625,229.51597222222225,0.7854166666666668,50.0,399.13472222222225,397.3208333333333,396.78263888888887,215.56944444444446,228.83055555555555,215.29791666666668,1652.4,-49.5,33.166666666666664,0.6916666666666668,4.852083333333334,60.884027777777774,-69.68333333333334,1000.1,-913.7,34.955555555555556,237.43680555555557,1666.8,0.0,62.74305555555556,-537.5131944444444,0.0,-1000.0,58.63055555555555,537.4097222222222,1000.0,0.0,59.01597222222222,37.333333333333336,85.22222222222223,T07,1.0,10.6,5.088888888888889,0.3395138888888889,1.0,11.1,5.106249999999999,0.3475694444444445,15.0,20.0,16.96527777777778,1012.0,1019.0,1015.6736111111111,64.0,88.0,76.34027777777777,0.0,0.0,0.0,0.0,98.57638888888889,98.90277777777777,415.59722222222223,,0
2016-12-07 00:00:00+00:00,1760.7,1228.5,1557.3249999999998,42.513194444444444,47.80555555555556,80.6875,80.20138888888889,78.31944444444444,32.84027777777778,53.736111111111114,58.513888888888886,27.5,15.6,10.9,13.79513888888889,40.9,0.6000000000000001,8.131250000000001,1.4298611111111112,0.4784722222222221,95.975,16.77777777777778,0.0,172004.83333333334,24768696.0,0.0,-4053909,79.72222222222223,86.04166666666667,81.72916666666667,39.861111111111114,40.25694444444444,28.256944444444443,40.97222222222222,30.27777777777778,18.958333333333332,-3.2,6.6,-1.7479166666666668,0.46041666666666664,98.77083333333333,41.15277777777778,41.048611111111114,42.729166666666664,38.520833333333336,1032.048611111111,0.9937499999999999,50.0,399.85833333333335,397.59305555555557,397.9215277777778,865.0680555555556,888.5284722222223,861.5458333333333,2102.3,78.2,40.166666666666664,0.375,8.327083333333333,168.28958333333333,-168.91458333333333,-76.6,-216.3,4.625,1031.4541666666667,2000.0,77.8,168.5923611111111,-970.0868055555555,-381.3,-1000.0,40.22638888888889,922.436111111111,1000.0,381.3,67.04791666666667,49.25,95.50486111111111,T07,3.2,13.7,8.883333333333333,0.6626388888888889,3.3,14.5,8.938194444444443,0.6618055555555555,15.0,18.0,16.22222222222222,1017.0,1020.0,1018.7430555555555,63.0,85.0,76.8125,0.0,0.0,0.0,0.0,174.55555555555554,175.6875,418.6736111111111,,0
2016-12-08 00:00:00+00:00,1801.0,1444.9,1674.3277777777778,23.831249999999997,65.06944444444444,121.3125,119.56944444444444,115.61111111111111,46.833333333333336,53.38194444444444,60.729166666666664,31.96527777777778,15.8,12.8,14.837499999999999,43.2,0.5,12.086111111111112,2.5013888888888887,0.6430555555555556,107.43680555555555,16.53472222222222,0.0,319323.63194444444,45982603.0,0.0,-5126420,85.98611111111111,100.84722222222223,97.09027777777777,44.84027777777778,43.75694444444444,28.131944444444443,42.71527777777778,37.9375,18.770833333333332,-2.8,19.2,4.495138888888889,2.658333333333333,115.56944444444444,46.74305555555556,46.638888888888886,48.0,41.43055555555556,1916.0069444444443,1.0,50.0,400.8701388888889,398.2916666666667,399.88125,1601.7381944444444,1616.2173611111111,1583.7756944444445,2106.8,600.7,45.083333333333336,0.20555555555555557,12.300694444444444,97.04861111111111,-213.6013888888889,-146.7,-228.4,2.5770833333333334,1913.0048611111113,2000.0,574.2,94.88611111111112,-664.8819444444445,-583.3,-1000.0,90.05347222222223,482.63124999999997,1000.0,406.1,84.69583333333334,61.90972222222222,106.79236111111112,T07,4.5,20.7,12.481944444444444,2.3472916666666666,4.9,20.5,12.534722222222221,2.371111111111111,15.0,17.0,15.875,1018.0,1021.0,1019.375,64.0,82.0,72.97916666666667,0.0,0.0,0.0,0.0,246.68055555555554,247.81944444444446,419.3541666666667,,0
2016-12-09 00:00:00+00:00,1825.0,1232.8,1652.2222222222222,29.770833333333332,61.458333333333336,111.36111111111111,109.83333333333333,106.54166666666667,46.90277777777778,53.458333333333336,60.3125,32.06944444444444,15.9,10.9,14.637500000000001,41.6,0.6000000000000001,10.629166666666666,2.1069444444444443,1.5298611111111111,113.66111111111111,17.38888888888889,0.0,279558.7361111111,40256458.0,0.0,-4719724,83.51388888888889,97.8125,94.38194444444444,43.21527777777778,43.583333333333336,29.208333333333332,42.388888888888886,37.104166666666664,20.01388888888889,-3.1,16.3,1.2930555555555554,1.7270833333333333,111.18055555555556,44.979166666666664,44.86805555555556,46.28472222222222,40.36805555555556,1677.3055555555557,0.9993055555555556,49.99861111111111,400.5569444444444,398.27777777777777,399.6722222222222,1405.6201388888887,1417.21875,1386.617361111111,2108.0,124.7,43.81944444444444,0.2569444444444444,10.776388888888889,170.3423611111111,-196.65138888888887,-116.3,-224.4,4.497916666666667,1674.6131944444444,2000.0,118.1,168.08333333333334,-790.9979166666667,-578.6,-1000.0,96.89791666666666,636.8506944444445,1000.0,406.1,114.23541666666668,54.951388888888886,112.14027777777778,T07,1.6,19.5,9.947916666666666,2.5586805555555556,1.6,19.5,10.009027777777778,2.563472222222222,16.0,18.0,16.479166666666668,1019.0,1022.0,1019.9791666666666,70.0,85.0,79.45138888888889,0.0,0.0,0.0,0.0,196.00694444444446,197.22222222222223,419.9513888888889,,0
2016-12-10 00:00:00+00:00,1716.6,1227.9,1515.8416666666667,48.72986111111111,47.03472222222222,76.95833333333333,76.57638888888889,75.26388888888889,32.736111111111114,52.36805555555556,57.020833333333336,28.53472222222222,15.2,10.9,13.431944444444445,40.8,0.8,7.597916666666666,1.2916666666666667,-0.6819444444444445,103.96458333333334,17.041666666666668,0.0,141383.40277777778,20359210.0,0.0,-3651961,65.875,76.96527777777777,71.99305555555556,39.458333333333336,40.701388888888886,28.680555555555557,40.90277777777778,31.3125,19.38888888888889,-3.3,2.3,-1.9000000000000001,0.30833333333333335,98.45833333333333,40.31944444444444,40.25,42.041666666666664,38.25,848.2611111111112,0.9798611111111111,49.99791666666667,399.69097222222223,397.4847222222222,398.09166666666664,714.0423611111112,735.651388888889,707.370138888889,2100.5,73.1,39.729166666666664,0.4291666666666667,7.714583333333334,137.78472222222223,-152.16250000000002,-90.3,-207.4,5.2875,848.1520833333333,2000.0,71.6,138.3722222222222,-992.8291666666667,-350.6,-1000.0,13.859027777777778,970.7861111111112,1000.0,350.6,33.08888888888889,49.77777777777778,104.64652777777778,T07,2.2,14.4,7.522916666666666,1.2909027777777777,1.9,14.3,7.594444444444444,1.2940277777777778,15.0,19.0,16.458333333333332,1018.0,1020.0,1018.8541666666666,63.0,86.0,77.78472222222223,0.0,0.0,0.0,0.0,147.38888888888889,148.625,418.78472222222223,,0
2016-12-11 00:00:00+00:00,1668.9,32.8,1297.0395833333334,50.43611111111111,38.75694444444444,60.49305555555556,60.423611111111114,59.88194444444444,29.618055555555557,48.5625,51.97222222222222,25.27777777777778,14.8,0.0,11.493055555555555,40.6,0.4,5.459722222222222,0.9229166666666667,0.31527777777777793,87.43402777777777,16.40972222222222,-120.54861111111111,53520.90972222222,7689651.0,-84.8125,-2203385,66.22222222222223,72.125,69.09027777777777,38.59722222222222,36.40277777777778,28.07638888888889,37.201388888888886,25.881944444444443,19.194444444444443,-3.2,85.7,-0.1701388888888889,0.8131944444444446,89.25,38.923611111111114,38.875,40.72222222222222,37.916666666666664,320.3958333333333,0.8645833333333334,50.0,399.27916666666664,396.90972222222223,396.94722222222225,285.00069444444443,309.42569444444445,284.87569444444443,1244.6,-49.7,34.729166666666664,0.44583333333333336,5.592361111111111,64.40069444444445,-91.80833333333334,1000.2,-701.0,29.604166666666668,322.6979166666667,1261.2,0.0,64.92152777777778,-788.5854166666667,0.0,-1000.0,71.20138888888889,788.5854166666667,1000.0,0.0,71.20138888888889,43.083333333333336,87.12083333333334,T07,2.3,9.9,5.6930555555555555,0.21423611111111113,2.4,10.0,5.740277777777778,0.22208333333333333,14.0,19.0,15.82638888888889,1015.0,1018.0,1016.5972222222222,65.0,89.0,78.40972222222223,0.0,0.0,0.0,0.0,110.60416666666667,111.72916666666667,416.55555555555554,,0
2016-12-12 00:00:00+00:00,1403.4,0.0,305.45208333333335,49.193749999999994,27.63888888888889,35.86805555555556,35.78472222222222,35.49305555555556,31.541666666666668,37.604166666666664,37.71527777777778,25.006944444444443,12.4,0.0,2.5631944444444446,16.5,0.4,2.5972222222222223,0.5951388888888889,9.40763888888889,129.69791666666666,15.590277777777779,-688.3888888888889,1082.5902777777778,56768.0,-289.0625,-154395,68.61111111111111,70.71527777777777,66.24305555555556,31.631944444444443,32.458333333333336,28.04861111111111,32.833333333333336,20.493055555555557,20.416666666666668,-2.3,89.7,20.729166666666668,1.3208333333333333,40.451388888888886,31.430555555555557,31.38888888888889,32.72222222222222,30.67361111111111,2.365972222222222,0.8840277777777777,50.00069444444445,400.4236111111111,398.97847222222225,397.1430555555555,15.209027777777777,17.70138888888889,16.696527777777778,214.6,-49.9,26.680555555555557,0.44999999999999996,2.602777777777778,6.229861111111111,-6.43125,999.9,-445.6,14.483333333333333,13.706944444444444,219.5,0.0,7.7875000000000005,-32.10138888888889,0.0,-1000.0,16.231250000000003,32.10138888888889,1000.0,0.0,16.231250000000003,28.95138888888889,152.8,T07,0.0,6.4,2.6500000000000004,0.07444444444444445,0.0,6.4,2.6305555555555555,0.08097222222222222,13.0,19.0,14.875,1014.0,1017.0,1015.3541666666666,61.0,91.0,81.20833333333333,0.0,0.0,0.0,0.0,49.68055555555556,49.24305555555556,415.2916666666667,,0
2016-12-13 00:00:00+00:00,1422.2,0.0,599.41875,68.71805555555555,29.0,39.298611111111114,39.236111111111114,39.05555555555556,29.881944444444443,39.0,40.701388888888886,23.506944444444443,12.6,0.0,5.265972222222222,15.6,0.4,3.3569444444444443,0.6868055555555556,-1.934722222222222,101.20902777777778,15.07638888888889,-668.875,5122.076388888889,641262.0,-476.24305555555554,-517183,67.75694444444444,69.48611111111111,64.58333333333333,32.72222222222222,31.96527777777778,27.541666666666668,32.15972222222222,20.583333333333332,19.27777777777778,-2.3,89.7,15.574305555555554,1.9826388888888888,48.083333333333336,32.65972222222222,32.52777777777778,33.75694444444444,31.17361111111111,26.725,0.7861111111111111,50.00069444444445,399.9347222222222,398.3493055555556,397.06319444444443,43.92916666666667,48.52430555555556,43.49027777777778,412.9,-50.0,26.333333333333332,0.6229166666666667,3.411111111111111,14.384722222222223,-21.501388888888886,999.9,-704.7,25.308333333333334,43.18819444444445,415.5,0.0,17.803472222222222,-143.39097222222222,0.0,-1000.0,51.389583333333334,143.39097222222222,1000.0,0.0,51.389583333333334,30.28472222222222,103.14027777777778,T07,0.0,7.0,3.0729166666666665,0.1961111111111111,0.0,7.5,3.084722222222222,0.19972222222222225,13.0,18.0,14.715277777777779,1014.0,1017.0,1015.4444444444445,64.0,93.0,81.35416666666667,0.0,1.0,0.006944444444444444,0.0,58.1875,58.50694444444444,415.4236111111111,,0
2016-12-14 00:00:00+00:00,1756.8,0.0,980.0277777777778,80.25138888888888,35.40277777777778,54.06944444444444,54.0,53.44444444444444,28.86111111111111,46.104166666666664,48.19444444444444,23.479166666666668,15.5,0.0,8.565277777777778,41.9,0.4,4.55625,0.9583333333333334,-5.173611111111111,183.8826388888889,13.708333333333334,-449.0486111111111,43761.82638888889,6237038.0,-312.74305555555554,-1634225,70.84027777777777,73.88888888888889,69.80555555555556,33.916666666666664,33.958333333333336,25.63888888888889,34.048611111111114,22.03472222222222,16.63888888888889,-3.2,46.4,6.807638888888889,1.7256944444444444,75.52777777777777,34.229166666666664,34.145833333333336,35.59722222222222,32.50694444444444,259.9125,0.8125,49.99861111111111,399.64652777777775,397.7784722222222,396.69444444444446,238.71736111111113,254.87569444444443,239.45069444444445,2106.9,-49.5,30.78472222222222,0.7152777777777778,4.627777777777777,70.3625,-68.1,933.5,-785.8,32.72291666666667,266.05277777777775,2000.0,0.0,70.93958333333333,-470.21111111111105,0.0,-1000.0,69.11736111111111,462.9729166666667,1000.0,0.0,74.73333333333333,36.458333333333336,141.55347222222224,T07,0.6000000000000001,14.8,4.293055555555556,0.5301388888888889,0.6000000000000001,14.7,4.140972222222222,0.6471527777777778,11.0,16.0,13.291666666666666,1011.0,1016.0,1014.3541666666666,78.0,96.0,85.3125,0.0,31.0,0.5625,0.0,82.54861111111111,79.47916666666667,414.2638888888889,,0
2016-12-15 00:00:00+00:00,1547.3,0.0,694.7881944444445,79.87777777777778,30.694444444444443,44.52777777777778,44.4375,44.1875,27.833333333333332,44.81944444444444,45.708333333333336,22.63888888888889,13.7,0.0,6.042361111111111,37.1,0.4,3.5875000000000004,0.8111111111111112,-1.7881944444444444,264.0881944444444,12.444444444444445,-554.4930555555555,12802.833333333334,1763763.0,-357.40972222222223,-871100,67.03472222222223,69.28472222222223,64.74305555555556,31.791666666666668,31.04861111111111,24.270833333333332,31.104166666666668,19.53472222222222,15.61111111111111,-2.9,89.8,14.738888888888889,2.1819444444444445,55.875,31.84722222222222,31.805555555555557,33.05555555555556,30.208333333333332,73.47222222222223,0.7847222222222222,50.00069444444445,399.76250000000005,398.22222222222223,396.7125,86.9048611111111,95.59652777777778,87.51111111111112,880.7,-49.9,26.53472222222222,0.7333333333333334,3.6145833333333335,28.85138888888889,-36.31388888888889,1000.2,-748.9,39.989583333333336,88.05069444444445,888.8,0.0,32.75972222222222,-272.9826388888889,0.0,-1000.0,71.61944444444445,272.9826388888889,1000.0,0.0,71.61944444444445,33.375,283.4013888888889,T07,0.0,9.3,3.9541666666666666,0.20520833333333333,0.0,9.2,3.8777777777777778,0.2101388888888889,9.0,15.0,11.6875,1013.0,1017.0,1014.8333333333334,62.0,94.0,78.0,0.0,1.0,0.006944444444444444,0.0,75.83333333333333,74.375,414.77777777777777,,0
2016-12-16 00:00:00+00:00,1788.0,0.0,1021.0527777777778,88.28611111111111,36.291666666666664,57.11805555555556,56.90972222222222,56.104166666666664,28.73611111111111,49.63194444444444,51.208333333333336,22.22222222222222,15.8,0.0,8.885416666666666,39.3,0.4,5.304861111111111,1.1708333333333334,1.761111111111111,252.6611111111111,12.333333333333334,-486.36805555555554,73696.75,10542293.0,-349.2361111111111,-2016836,73.90277777777777,76.68055555555556,72.85416666666667,33.44444444444444,32.520833333333336,24.229166666666668,33.65972222222222,21.53472222222222,15.277777777777779,-3.1,89.8,7.415972222222223,1.929861111111111,72.90277777777777,33.923611111111114,33.791666666666664,35.27777777777778,31.666666666666668,439.2444444444444,0.8715277777777778,50.0,399.7298611111111,398.0826388888889,396.87847222222223,380.8180555555556,395.33124999999995,381.9743055555556,2106.7,-50.6,30.98611111111111,0.8076388888888889,5.401388888888889,124.94999999999999,-84.05138888888888,1000.5,-826.4,23.864583333333332,446.84236111111113,2000.0,0.0,125.56458333333333,-527.9465277777778,0.0,-1000.0,72.40347222222222,510.2854166666667,1000.0,0.0,86.17152777777778,40.333333333333336,250.90555555555557,T07,1.0,22.6,6.007638888888889,0.8447916666666667,0.9,22.3,5.958333333333333,0.8386111111111112,9.0,16.0,11.645833333333334,1006.0,1013.0,1008.7361111111111,59.0,96.0,78.10416666666667,0.0,27.0,0.7013888888888888,0.0,116.9375,115.91666666666667,408.69444444444446,,0
2016-12-17 00:00:00+00:00,1756.8,0.0,1087.632638888889,87.02916666666667,36.229166666666664,54.861111111111114,54.770833333333336,53.979166666666664,28.041666666666668,47.888888888888886,50.423611111111114,23.04861111111111,15.5,0.0,9.610416666666667,38.9,0.4,5.139583333333333,1.1062500000000002,-0.47777777777777775,82.76249999999999,13.597222222222221,-343.1666666666667,57355.65277777778,8209795.0,-274.15972222222223,-1974914,70.38194444444444,73.08333333333333,68.80555555555556,35.02777777777778,32.986111111111114,25.458333333333332,34.083333333333336,22.479166666666668,16.6875,-3.1,89.8,6.529166666666667,2.41875,73.03472222222223,35.388888888888886,35.30555555555556,36.861111111111114,33.548611111111114,342.07500000000005,0.8326388888888889,49.99930555555555,399.2895833333333,397.2638888888889,395.91597222222225,298.56041666666664,320.3326388888889,306.4868055555555,2103.0,-50.2,30.791666666666668,0.7854166666666668,5.249305555555555,98.94722222222222,-82.26249999999999,1000.3,-758.3,26.155555555555555,349.1590277777778,2000.0,0.0,101.01319444444444,-569.8201388888889,0.0,-1000.0,81.95208333333333,560.5534722222222,1000.0,0.0,88.34930555555555,38.020833333333336,78.23958333333333,T07,0.4,15.2,5.340277777777778,0.6333333333333333,0.3,15.1,5.346527777777777,0.6388194444444444,9.0,17.0,12.916666666666666,1009.0,1014.0,1012.4097222222222,49.0,92.0,69.02777777777777,0.0,0.0,0.0,0.0,103.67361111111111,103.65277777777777,412.34722222222223,,0
2016-12-18 00:00:00+00:00,1779.5,0.0,1307.5048611111113,74.01875000000001,43.451388888888886,69.90972222222223,69.66666666666667,68.31944444444444,32.61805555555556,51.958333333333336,54.94444444444444,25.32638888888889,15.8,0.0,11.542361111111111,43.6,0.4,6.481249999999999,1.251388888888889,0.17499999999999996,77.24583333333334,14.6875,-254.88194444444446,105328.79861111111,15130644.0,-185.55555555555554,-2777469,76.41666666666667,81.59027777777777,77.07638888888889,36.11805555555556,36.99305555555556,26.40972222222222,37.3125,26.42361111111111,17.28472222222222,-3.3,85.6,1.6222222222222222,1.3611111111111112,89.375,36.729166666666664,36.666666666666664,38.361111111111114,34.46527777777778,630.4493055555555,0.9152777777777779,49.99930555555555,399.4347222222222,397.1819444444444,396.6027777777778,531.1048611111112,559.0333333333333,540.2625,2107.1,-50.0,35.65277777777778,0.6631944444444444,6.621527777777778,122.46805555555557,-115.72083333333333,786.9,-787.1,14.43263888888889,632.9833333333333,2000.0,0.0,122.88888888888889,-767.1847222222223,0.0,-1000.0,69.57152777777777,739.5597222222223,1000.0,0.0,76.1548611111111,45.583333333333336,77.06319444444445,T07,0.3,16.7,6.578472222222222,0.8943749999999999,0.0,17.0,6.577083333333333,0.9070833333333334,12.0,15.0,14.0625,1008.0,1014.0,1010.8402777777778,62.0,80.0,67.75,0.0,1.0,0.006944444444444444,0.0,128.5,128.43055555555554,410.81944444444446,,0
2016-12-19 00:00:00+00:00,1667.2,0.0,911.5104166666666,79.91319444444444,33.833333333333336,50.19444444444444,50.166666666666664,49.77777777777778,28.01388888888889,45.53472222222222,47.69444444444444,21.95138888888889,14.8,0.0,7.980555555555556,36.8,0.4,3.9375,0.8638888888888889,-3.834027777777778,273.49027777777775,12.79861111111111,-399.90972222222223,19066.88888888889,2688042.0,-259.5416666666667,-1206614,64.125,68.28472222222223,64.74305555555556,32.94444444444444,31.583333333333332,24.756944444444443,32.68055555555556,20.79861111111111,15.895833333333334,-3.2,89.8,7.590277777777778,2.145138888888889,69.90972222222223,32.979166666666664,32.88194444444444,34.458333333333336,31.520833333333332,112.00069444444445,0.7784722222222222,50.00138888888889,399.36527777777775,397.6798611111111,396.0465277777778,118.87291666666667,134.03819444444446,124.22777777777777,1226.1,-50.0,28.756944444444443,0.7409722222222223,4.000694444444445,44.769444444444446,-50.298611111111114,999.9,-651.8,43.41736111111111,118.62569444444443,1246.0,0.0,45.201388888888886,-402.9548611111111,0.0,-1000.0,112.65625,402.9548611111111,1000.0,0.0,112.65625,41.979166666666664,274.80902777777777,T07,0.0,8.8,4.419444444444444,0.18902777777777777,0.0,8.5,4.373611111111111,0.19166666666666668,8.0,15.0,12.11111111111111,1006.0,1009.0,1007.0555555555555,58.0,87.0,71.27083333333333,0.0,0.0,0.0,0.0,85.13888888888889,84.27777777777777,407.0208333333333,,0
2016-12-20 00:00:00+00:00,1652.2,0.0,548.2118055555555,68.31805555555555,29.875,40.875,40.84027777777778,40.520833333333336,27.868055555555557,43.548611111111114,43.52777777777778,22.6875,14.6,0.0,4.592361111111111,27.3,0.4,3.2493055555555554,0.7201388888888889,9.468055555555557,270.2868055555556,12.82638888888889,-628.25,12265.534722222223,1675769.0,-351.6875,-644257,66.6875,69.03472222222223,64.77777777777777,31.15277777777778,31.069444444444443,24.65277777777778,31.09722222222222,19.229166666666668,16.34027777777778,-3.1,83.9,15.75,1.4027777777777777,49.958333333333336,31.13888888888889,31.069444444444443,32.020833333333336,28.916666666666668,69.83680555555556,0.8597222222222222,49.99930555555555,399.69930555555555,398.4909722222222,396.7395833333333,76.93125,82.45069444444444,78.27847222222222,1043.7,-50.0,26.20138888888889,0.6708333333333333,3.2805555555555554,29.533333333333335,-26.838194444444444,1001.1,-791.0,25.85486111111111,78.53194444444445,1054.8,0.0,30.452083333333334,-219.83680555555554,0.0,-1000.0,52.16319444444444,219.83680555555554,1000.0,0.0,52.16319444444444,33.076388888888886,290.8256944444445,T07,0.9,8.9,3.9326388888888886,0.16965277777777776,0.8,9.0,3.8756944444444446,0.17020833333333335,10.0,15.0,12.333333333333334,1009.0,1017.0,1013.0277777777778,56.0,77.0,67.74305555555556,0.0,0.0,0.0,0.0,75.38194444444444,74.19444444444444,412.94444444444446,,0
2016-12-21 00:00:00+00:00,1690.4,0.0,691.379861111111,60.581250000000004,31.95138888888889,46.166666666666664,46.06944444444444,45.458333333333336,28.291666666666668,42.22222222222222,43.5,22.9375,15.0,0.0,5.963888888888889,23.6,0.4,3.8305555555555557,0.8354166666666667,10.591666666666667,103.81319444444445,13.51388888888889,-496.80555555555554,34884.743055555555,4951861.0,-223.26388888888889,-1071285,68.25,70.47222222222223,65.90277777777777,32.86805555555556,32.00694444444444,24.958333333333332,32.333333333333336,20.65277777777778,16.319444444444443,-3.1,89.8,12.98125,1.2694444444444446,54.083333333333336,33.02777777777778,32.951388888888886,34.041666666666664,30.770833333333332,206.31875000000002,0.8958333333333334,49.99861111111111,399.5756944444445,398.1791666666667,396.3173611111111,186.4798611111111,197.53472222222223,191.70694444444445,1839.4,-48.4,27.625,0.5548611111111111,3.925694444444444,52.11527777777778,-44.613194444444446,1000.0,-668.9,24.09861111111111,213.38819444444445,1851.0,0.0,52.32152777777778,-348.1791666666667,0.0,-1000.0,48.89930555555556,344.67499999999995,1000.0,0.0,53.4875,36.22222222222222,85.69583333333334,T07,0.3,11.8,3.779166666666667,0.3736111111111111,0.0,11.6,3.7215277777777778,0.35986111111111113,11.0,16.0,12.92361111111111,1016.0,1021.0,1018.4305555555555,45.0,72.0,57.31944444444444,0.0,0.0,0.0,0.0,72.29166666666667,71.19444444444444,418.375,,0
2016-12-22 00:00:00+00:00,1658.2,47.7,1214.6590277777777,57.19305555555555,37.56944444444444,57.888888888888886,57.86805555555556,57.30555555555556,28.055555555555557,46.75694444444444,50.19444444444444,24.01388888888889,14.7,0.0,10.752083333333333,22.5,0.4,5.186805555555555,0.9173611111111111,-0.6062500000000001,82.77361111111111,14.652777777777779,-154.45138888888889,44100.569444444445,6328239.0,-136.52777777777777,-2077006,70.28472222222223,73.45138888888889,69.625,36.1875,34.201388888888886,26.770833333333332,34.65972222222222,23.34027777777778,17.645833333333332,-3.0,84.0,1.3430555555555557,0.9618055555555556,81.63194444444444,36.38194444444444,36.263888888888886,38.041666666666664,35.0625,263.67569444444445,0.851388888888889,49.99791666666667,399.04791666666665,396.9840277777778,396.5048611111111,233.84375,257.3388888888889,240.0368055555556,1256.1,-44.3,32.06944444444444,0.5111111111111112,5.246527777777778,56.22222222222222,-86.54513888888889,946.3,-568.7,21.425694444444446,266.3722222222222,1270.2,0.0,56.62708333333333,-719.8979166666667,0.0,-1000.0,65.28472222222223,719.8979166666667,1000.0,0.0,65.28472222222223,40.5625,83.38402777777777,T07,1.9,11.0,4.966666666666667,0.6299305555555555,2.5,9.8,5.588888888888889,0.26333333333333336,12.0,18.0,14.25,1021.0,1026.0,1023.3402777777778,46.0,77.0,62.1875,0.0,0.0,0.0,0.0,96.14583333333333,108.61111111111111,423.2916666666667,,0
2016-12-23 00:00:00+00:00,1721.0,0.0,1414.6875,64.87222222222222,41.55555555555556,66.20138888888889,66.02777777777777,65.02777777777777,28.979166666666668,52.451388888888886,55.9375,24.98611111111111,15.2,0.0,12.522222222222222,24.8,0.5,6.782638888888889,1.136111111111111,0.11527777777777774,88.06736111111111,15.847222222222221,-91.1875,101046.375,14537546.0,-54.30555555555556,-3130618,76.63888888888889,80.29861111111111,77.08333333333333,37.361111111111114,37.111111111111114,27.42361111111111,37.94444444444444,26.305555555555557,18.368055555555557,-3.3,89.8,0.14444444444444435,1.275,91.88888888888889,38.11805555555556,38.020833333333336,39.74305555555556,36.1875,605.7201388888889,0.9527777777777777,50.0,399.09444444444443,396.8694444444444,396.62847222222223,510.2909722222222,539.3576388888889,517.4034722222223,2100.5,-46.2,36.083333333333336,0.5743055555555556,6.947916666666667,122.50347222222223,-130.40833333333333,588.9,-976.3,11.427777777777779,628.9159722222222,2000.0,0.0,122.07083333333334,-938.2229166666667,0.0,-1000.0,41.97430555555556,932.0388888888889,1000.0,0.0,48.25416666666666,47.076388888888886,87.94444444444444,T07,1.8,15.0,6.935416666666667,1.094861111111111,1.8,13.4,7.231249999999999,0.45819444444444446,13.0,18.0,15.3125,1025.0,1027.0,1025.7152777777778,44.0,73.0,53.24305555555556,0.0,0.0,0.0,0.0,135.59722222222223,141.5,425.69444444444446,,0
2016-12-24 00:00:00+00:00,1787.4,1240.1,1615.4666666666667,32.141666666666666,53.94444444444444,96.05555555555556,95.26388888888889,92.27777777777777,37.736111111111114,54.013888888888886,59.59027777777778,26.958333333333332,15.8,11.0,14.309722222222222,40.9,0.5,9.70625,1.74375,-0.11041666666666672,86.52222222222223,15.541666666666666,0.0,236571.52083333334,34066299.0,0.0,-4401922,82.70138888888889,91.44444444444444,87.26388888888889,41.826388888888886,40.18055555555556,27.569444444444443,40.611111111111114,32.56944444444444,18.11111111111111,-3.3,13.4,0.2993055555555555,1.1229166666666666,104.20138888888889,43.40972222222222,43.326388888888886,44.923611111111114,39.451388888888886,1419.445138888889,0.9958333333333333,50.00138888888889,400.49027777777775,397.7472222222222,397.93402777777777,1178.8395833333334,1211.93125,1184.3958333333333,2105.3,136.6,41.145833333333336,0.27847222222222223,9.848611111111111,123.61736111111112,-183.40972222222223,-64.8,-223.3,3.773611111111111,1417.69375,2000.0,135.6,122.31944444444444,-844.1444444444445,-583.3,-1000.0,66.50069444444445,729.3979166666667,1000.0,406.1,72.2826388888889,56.923611111111114,86.63055555555555,T07,2.7,18.9,9.584027777777777,1.9913194444444444,3.7,16.7,9.906944444444443,0.7251388888888889,13.0,17.0,14.95138888888889,1024.0,1027.0,1025.4097222222222,65.0,81.0,74.375,0.0,0.0,0.0,0.0,188.68055555555554,195.11805555555554,425.3541666666667,,0
2016-12-25 00:00:00+00:00,1837.2,1206.8,1589.7305555555556,33.205555555555556,56.270833333333336,98.96527777777777,98.10416666666667,95.49305555555556,43.55555555555556,52.81944444444444,58.77777777777778,28.15972222222222,16.1,10.7,14.075,41.6,0.5,9.336805555555555,1.8402777777777777,-0.5604166666666666,103.71666666666667,16.02777777777778,0.0,226515.65277777778,32618254.0,0.0,-4535782,78.54166666666667,91.67361111111111,87.59027777777777,41.52777777777778,41.645833333333336,28.375,41.40972222222222,34.375,19.15972222222222,-3.3,15.3,-0.17638888888888893,1.2743055555555556,106.25694444444444,42.93055555555556,42.895833333333336,44.354166666666664,39.229166666666664,1359.0680555555555,0.9819444444444445,50.0,400.51458333333335,397.7395833333333,398.94444444444446,1139.1333333333334,1162.4465277777776,1126.3333333333333,2108.0,59.6,41.84722222222222,0.2902777777777778,9.465277777777779,164.31666666666666,-188.98819444444445,-105.9,-222.3,3.984722222222222,1356.8937500000002,2000.0,59.0,162.88541666666666,-861.1868055555556,-289.3,-1000.0,86.17708333333333,752.0486111111111,1000.0,289.3,104.64652777777778,51.166666666666664,104.28125,T07,2.0,19.4,10.290277777777778,1.9581250000000001,1.7000000000000002,18.7,9.652777777777779,1.3760416666666666,14.0,18.0,15.381944444444445,1021.0,1025.0,1022.3125,62.0,83.0,72.79166666666667,0.0,0.0,0.0,0.0,202.83333333333334,190.10416666666666,422.2708333333333,,0
2016-12-26 00:00:00+00:00,1685.3,176.1,1328.646527777778,37.056250000000006,37.52777777777778,59.21527777777778,59.21527777777778,58.736111111111114,28.90972222222222,48.36805555555556,51.78472222222222,24.4375,14.9,1.7000000000000002,11.769444444444444,39.4,0.4,5.5368055555555555,0.963888888888889,1.0465277777777777,96.85902777777778,15.152777777777779,-44.0,55171.27777777778,7938329.0,-25.21527777777778,-2325432,63.3125,70.00694444444444,66.83333333333333,38.125,35.93055555555556,27.84722222222222,36.65277777777778,24.9375,18.666666666666668,-3.1,56.8,-1.145138888888889,0.5965277777777778,90.59027777777777,38.44444444444444,38.416666666666664,40.19444444444444,37.173611111111114,330.7673611111111,0.8999999999999999,49.99861111111111,399.2416666666667,396.70624999999995,396.46944444444443,281.5361111111111,313.88125,286.39444444444445,1477.5,-50.3,34.236111111111114,0.32430555555555557,5.677083333333333,64.30694444444445,-96.9076388888889,645.5,-691.1,11.875,331.6826388888889,1492.3,0.0,64.15347222222222,-836.65625,0.0,-1000.0,99.93819444444445,836.6506944444444,1000.0,0.0,99.99236111111111,35.604166666666664,95.82013888888889,T07,1.1,11.8,5.808333333333334,0.6131944444444444,1.1,10.3,5.717361111111111,0.3115972222222222,13.0,18.0,14.597222222222221,1020.0,1023.0,1021.1597222222222,57.0,86.0,74.84027777777777,0.0,0.0,0.0,0.0,113.00694444444444,111.22222222222223,421.13194444444446,,0
2016-12-27 00:00:00+00:00,1773.6,50.6,1531.6881944444444,42.674305555555556,48.375,84.59722222222223,84.02777777777777,81.59027777777777,35.895833333333336,51.96527777777778,57.11805555555556,25.4375,15.6,0.0,13.570833333333333,40.1,0.4,8.60763888888889,1.5416666666666667,-1.3548611111111113,89.89166666666667,14.92361111111111,-23.53472222222222,185636.22222222222,26728225.0,-15.472222222222221,-3765102,77.125,84.29861111111111,80.08333333333333,39.88194444444444,37.86805555555556,26.868055555555557,38.43055555555556,29.631944444444443,17.48611111111111,-3.2,85.9,0.009027777777777721,1.11875,99.15972222222223,41.13194444444444,41.06944444444444,42.6875,37.75,1113.7416666666666,0.9722222222222222,49.99861111111111,399.9145833333333,397.3097222222222,397.56388888888887,928.7159722222223,958.654861111111,933.0972222222222,2103.2,-43.5,38.111111111111114,0.3729166666666667,8.71736111111111,122.55763888888889,-156.8777777777778,741.2,-456.5,8.514583333333333,1113.0256944444445,2000.0,0.0,122.06736111111111,-842.1791666666667,0.0,-1000.0,64.03125,763.54375,1000.0,0.0,69.1888888888889,45.291666666666664,91.24583333333334,T07,1.9,17.7,8.324305555555556,1.6341666666666665,2.8,15.9,8.702777777777778,0.6386805555555556,12.0,17.0,14.375,1020.0,1022.0,1020.6805555555555,63.0,85.0,75.47916666666667,0.0,0.0,0.0,0.0,163.45138888888889,170.875,420.65972222222223,,0
2016-12-28 00:00:00+00:00,1803.2,46.1,1635.615277777778,36.25,59.013888888888886,106.26388888888889,105.20138888888889,101.96527777777777,44.326388888888886,53.46527777777778,59.8125,29.875,15.9,0.0,14.489583333333334,40.9,0.5,10.403472222222222,2.08125,0.1972222222222223,101.30694444444445,16.20138888888889,-15.090277777777779,264160.9791666667,38037008.0,-8.75,-4671765,79.54861111111111,92.65277777777777,88.54861111111111,42.75,42.50694444444444,28.15277777777778,42.020833333333336,35.604166666666664,18.930555555555557,-3.2,84.5,1.4277777777777778,1.973611111111111,109.41666666666667,44.298611111111114,44.22222222222222,45.75694444444444,39.986111111111114,1584.78125,0.9923611111111111,49.99930555555555,401.0083333333333,398.18611111111113,399.08124999999995,1321.6118055555555,1348.25625,1315.173611111111,2105.8,-50.1,43.3125,0.3159722222222222,10.54861111111111,163.35833333333332,-194.65416666666667,495.7,-667.6,7.213888888888889,1582.8527777777776,2000.0,0.0,161.63333333333333,-792.8604166666667,0.0,-1000.0,92.2125,660.3027777777778,1000.0,0.0,103.71458333333334,53.729166666666664,101.11875,T07,1.9,23.3,11.832638888888889,2.9991666666666665,2.0,20.5,11.031944444444443,1.8038888888888889,14.0,17.0,15.479166666666666,1020.0,1023.0,1021.2222222222222,60.0,78.0,70.46527777777777,0.0,0.0,0.0,0.0,233.66666666666666,217.625,421.1666666666667,,0
2016-12-29 00:00:00+00:00,1796.5,0.0,1575.2472222222223,51.73888888888889,56.09027777777778,98.38888888888889,97.50694444444444,94.79861111111111,45.229166666666664,53.24305555555556,59.138888888888886,28.51388888888889,15.8,0.0,13.949305555555556,50.0,0.7000000000000001,9.649305555555555,1.9625000000000001,2.165972222222222,108.75555555555555,16.17361111111111,-81.06944444444444,227531.36111111112,32752842.0,-64.89583333333333,-4342224,78.00694444444444,91.20138888888889,87.18055555555556,41.65972222222222,41.81944444444444,28.67361111111111,41.423611111111114,34.673611111111114,19.520833333333332,-3.2,89.8,1.8368055555555556,2.0243055555555554,105.33333333333333,43.125,43.020833333333336,44.576388888888886,39.44444444444444,1364.6534722222223,0.9861111111111112,50.0,400.58680555555554,397.92083333333335,398.74861111111113,1140.8937500000002,1165.3256944444445,1133.704861111111,2108.8,-49.2,41.875,0.4541666666666667,9.758333333333333,199.87708333333333,-180.92430555555555,11.5,-224.2,5.833333333333333,1396.2270833333334,2000.0,22.8,191.45555555555555,-821.5666666666667,0.0,-1000.0,94.59930555555555,714.026388888889,1000.0,0.0,113.34305555555555,50.854166666666664,106.59375,T07,2.5,19.7,10.304861111111112,2.206875,2.5,18.6,9.95138888888889,1.7786111111111111,14.0,17.0,15.520833333333334,1020.0,1023.0,1021.4861111111111,61.0,80.0,72.00694444444444,0.0,0.0,0.0,0.0,203.05555555555554,196.05555555555554,421.4513888888889,,0
2016-12-30 00:00:00+00:00,1786.7,261.3,1547.8076388888887,48.390972222222224,48.0,82.23611111111111,81.70138888888889,79.74305555555556,35.19444444444444,53.236111111111114,57.9375,26.604166666666668,15.8,2.5,13.709027777777777,40.0,0.4,8.214583333333334,1.5305555555555557,-0.26041666666666674,96.27708333333334,15.340277777777779,-25.07638888888889,176909.68055555556,25471383.0,-12.590277777777779,-3918980,70.58333333333333,80.26388888888889,76.0625,40.19444444444444,39.49305555555556,27.458333333333332,39.86805555555556,30.13888888888889,17.97222222222222,-3.2,44.2,-1.30625,0.7444444444444445,98.97222222222223,41.486111111111114,41.38194444444444,43.041666666666664,38.63194444444444,1061.3548611111112,0.9784722222222223,49.99722222222223,400.54583333333335,397.9583333333333,398.7055555555555,889.5638888888889,914.1465277777778,881.8756944444444,2106.0,-49.2,39.451388888888886,0.4291666666666667,8.368055555555555,167.27083333333334,-163.29305555555555,578.2,-218.5,5.7555555555555555,1060.8465277777777,2000.0,0.0,167.0076388888889,-921.6784722222224,0.0,-1000.0,61.733333333333334,860.2118055555555,1000.0,0.0,83.77013888888888,44.208333333333336,96.53888888888889,T07,2.2,16.0,9.086805555555555,1.6159722222222221,2.9,14.4,8.653472222222222,0.6990972222222223,13.0,17.0,14.868055555555555,1021.0,1024.0,1022.4930555555555,55.0,81.0,70.34027777777777,0.0,0.0,0.0,0.0,178.66666666666666,170.0,422.4236111111111,,0
2016-12-31 00:00:00+00:00,1762.5,1228.2,1568.013888888889,36.08541666666667,49.0,85.45138888888889,84.83333333333333,82.84722222222223,39.145833333333336,54.638888888888886,59.27777777777778,26.958333333333332,15.6,10.9,13.889583333333333,43.0,0.5,8.507638888888888,1.5256944444444445,0.8374999999999999,100.04722222222222,14.604166666666666,0.0,189582.70833333334,27299910.0,0.0,-4210846,68.27777777777777,79.24305555555556,74.54166666666667,40.25694444444444,40.34722222222222,27.0,40.520833333333336,30.583333333333332,17.51388888888889,-3.1,9.9,-1.370138888888889,0.6159722222222223,100.84722222222223,41.583333333333336,41.52777777777778,43.19444444444444,38.59027777777778,1137.4951388888887,0.9923611111111111,50.0,400.12430555555557,397.5090277777778,398.43958333333336,953.9451388888889,978.4708333333333,944.5034722222222,2104.4,153.6,40.4375,0.31319444444444444,8.658333333333333,150.50972222222222,-175.44791666666666,-100.8,-221.9,3.640972222222222,1136.3909722222222,2000.0,152.1,149.99444444444444,-937.0506944444444,-583.3,-1000.0,50.268055555555556,868.0965277777777,1000.0,406.1,67.62708333333333,46.486111111111114,99.21180555555556,T07,3.0,17.3,9.550694444444444,1.510625,4.8,15.5,9.089583333333334,0.8927083333333334,13.0,16.0,13.9375,1019.0,1022.0,1020.3472222222222,50.0,74.0,63.50694444444444,0.0,0.0,0.0,0.0,187.94444444444446,178.83333333333334,420.31944444444446,,0
2017-01-01 00:00:00+00:00,1684.6,1200.2,1381.2243055555555,46.42638888888889,37.50694444444444,60.951388888888886,60.88194444444444,60.19444444444444,32.298611111111114,49.55555555555556,53.31944444444444,22.95138888888889,14.9,10.6,12.231944444444444,33.0,0.4,6.088888888888889,1.0784722222222223,-0.9298611111111111,110.85624999999999,13.854166666666666,-0.8125,71301.0625,10267236.0,-0.6597222222222222,-2667623,67.48611111111111,73.01388888888889,70.46527777777777,35.74305555555556,34.8125,27.11111111111111,35.520833333333336,23.84722222222222,17.72222222222222,-3.2,4.7,-1.609027777777778,0.32708333333333334,90.20138888888889,36.15277777777778,36.104166666666664,37.88194444444444,34.298611111111114,427.81597222222223,0.9298611111111111,49.99930555555555,399.62152777777777,397.1118055555555,397.4319444444444,361.8798611111111,391.7409722222222,362.6958333333333,1674.3,-49.9,33.263888888888886,0.41111111111111115,6.170138888888889,89.77430555555556,-111.14583333333333,17.8,-183.1,5.407638888888889,427.90208333333334,1691.2,0.0,90.12083333333334,-918.7041666666667,0.0,-1000.0,62.54652777777778,918.5680555555555,1000.0,0.0,62.96388888888888,35.333333333333336,111.7875,T07,1.4,12.1,5.778472222222223,1.0929861111111112,1.4,12.6,5.715972222222223,1.0554861111111111,11.0,16.0,13.256944444444445,1013.0,1020.0,1016.3958333333334,52.0,76.0,64.92361111111111,0.0,0.0,0.0,0.0,112.36111111111111,111.19444444444444,416.31944444444446,,0
2017-01-02 00:00:00+00:00,1770.1,0.0,1569.8451388888889,37.229166666666664,49.99305555555556,89.5,88.61111111111111,86.26388888888889,37.576388888888886,53.263888888888886,58.770833333333336,25.09027777777778,15.6,0.0,13.903472222222222,41.2,0.4,8.850000000000001,1.790972222222222,-0.5388888888888889,118.9347222222222,13.88888888888889,-12.444444444444445,209470.6875,30161987.0,-8.520833333333334,-4097702,78.67361111111111,86.70833333333333,82.22916666666667,38.63194444444444,38.00694444444444,26.54861111111111,38.458333333333336,29.895833333333332,17.194444444444443,-3.0,89.7,-0.7222222222222222,1.1833333333333333,100.15972222222223,40.138888888888886,40.03472222222222,41.583333333333336,36.21527777777778,1256.8451388888889,0.9756944444444444,50.00069444444445,399.8076388888889,397.40486111111113,398.16319444444446,1055.2180555555556,1074.861111111111,1045.5430555555556,2111.7,-49.8,38.548611111111114,0.3222222222222222,8.955555555555556,174.8,-170.73472222222222,17.4,-221.1,5.663888888888889,1255.0618055555556,2000.0,0.0,173.29652777777778,-888.70625,0.0,-1000.0,88.1888888888889,793.4451388888889,1000.0,0.0,113.07638888888889,48.375,119.48541666666668,T07,1.1,15.2,6.814583333333333,2.577916666666667,1.2,15.6,6.828472222222222,2.542986111111111,11.0,16.0,13.229166666666666,1010.0,1014.0,1011.6319444444445,57.0,78.0,69.55555555555556,0.0,0.0,0.0,0.0,133.17361111111111,133.46527777777777,411.6041666666667,,0
2017-01-03 00:00:00+00:00,1685.9,0.0,626.8187499999999,30.256249999999998,32.138888888888886,45.486111111111114,45.395833333333336,45.06944444444444,34.875,41.541666666666664,42.333333333333336,24.54861111111111,14.9,0.0,5.502083333333333,22.6,0.4,3.245833333333333,0.6555555555555556,17.106944444444444,116.10277777777777,15.73611111111111,-477.24305555555554,16770.152777777777,2346178.0,-212.20138888888889,-1079369,63.833333333333336,69.6875,66.34722222222223,32.55555555555556,33.18055555555556,26.54861111111111,33.94444444444444,22.555555555555557,18.5625,-2.9,89.8,15.403472222222222,1.1965277777777779,60.56944444444444,32.416666666666664,32.27777777777778,34.09722222222222,31.65972222222222,97.73541666666667,0.8354166666666667,49.99722222222223,399.40277777777777,398.0777777777778,396.2006944444445,105.42500000000001,111.03194444444445,98.96527777777777,1776.0,-48.9,29.555555555555557,0.2569444444444444,3.2805555555555554,26.922222222222224,-44.93819444444445,681.4,-662.1,17.358333333333334,107.33888888888889,1802.7,0.0,27.258333333333333,-273.06944444444446,0.0,-1000.0,57.44861111111111,272.3527777777778,1000.0,0.0,58.49583333333333,33.076388888888886,96.49166666666666,T07,1.1,9.8,5.048387096774194,0.9732258064516129,1.1,10.2,4.962903225806452,0.9446774193548387,11.0,15.0,12.612903225806452,1014.0,1017.0,1014.8870967741935,59.0,77.0,71.19354838709677,0.0,0.0,0.0,0.0,97.7258064516129,95.98387096774194,414.85483870967744,,0
2017-05-06 00:00:00+00:00,1444.3,0.0,583.8951388888888,84.51180555555555,33.11805555555556,42.104166666666664,42.083333333333336,41.78472222222222,34.5,40.986111111111114,41.90277777777778,27.40277777777778,12.8,0.0,5.014583333333333,19.9,0.4,3.1118055555555557,0.7166666666666667,-8.611805555555556,216.68333333333334,18.930555555555557,-636.2013888888889,8566.340277777777,1141939.0,-718.9791666666666,-722022,71.15972222222223,73.77083333333333,70.18055555555556,34.13194444444444,34.84027777777778,31.180555555555557,35.298611111111114,24.1875,24.4375,-2.5,89.8,14.325694444444444,2.490277777777778,53.763888888888886,33.94444444444444,33.86805555555556,35.65972222222222,33.68055555555556,47.57222222222222,0.7048611111111112,50.0,399.67083333333335,398.32708333333335,396.2555555555556,55.22638888888889,64.91805555555555,57.99791666666667,497.3,-50.8,30.03472222222222,0.7854166666666667,3.1305555555555555,24.470138888888886,-30.105555555555554,1000.5,-739.6,20.845833333333335,57.419444444444444,503.7,0.0,25.122916666666665,-216.97361111111113,0.0,-1000.0,79.60277777777777,216.97361111111113,1000.0,0.0,79.60277777777777,30.493055555555557,225.30416666666667,T07,0.2,7.8,4.224675324675325,0.36597402597402595,0.0,7.7,4.21038961038961,0.3793506493506494,16.0,22.0,19.68831168831169,1010.0,1012.0,1010.4935064935065,50.0,69.0,58.27272727272727,0.0,0.0,0.0,0.0,81.24675324675324,80.84415584415585,410.45454545454544,,0
2017-05-07 00:00:00+00:00,1772.7,0.0,1334.7340277777778,64.79861111111111,50.3125,71.50694444444444,71.15277777777777,70.22916666666667,38.90277777777778,50.173611111111114,54.604166666666664,31.21527777777778,15.6,0.0,11.806944444444445,41.8,0.4,6.488888888888889,1.1701388888888888,1.1847222222222222,110.08611111111111,21.17361111111111,-137.27083333333334,97877.41666666667,14074581.0,-167.47916666666666,-3120338,75.71527777777777,80.44444444444444,76.97916666666667,39.104166666666664,40.375,31.40972222222222,40.541666666666664,31.92361111111111,24.083333333333332,-3.2,61.7,0.6416666666666666,0.9833333333333333,91.61111111111111,39.69444444444444,39.611111111111114,41.34027777777778,38.19444444444444,586.5250000000001,0.8944444444444445,50.0,399.4215277777778,397.2215277777778,397.79999999999995,505.29999999999995,521.3284722222222,496.2006944444444,2103.3,-50.2,38.24305555555556,0.5777777777777778,6.487500000000001,122.64930555555556,-130.0111111111111,1000.3,-444.9,9.508333333333333,588.1187500000001,2000.0,0.0,123.20347222222222,-815.1548611111111,0.0,-1000.0,49.545138888888886,791.6756944444445,1000.0,0.0,60.85555555555556,44.875,101.40902777777778,T07,0.7000000000000001,14.3,6.472916666666666,1.3313194444444445,0.5,14.0,6.647916666666666,1.1638888888888888,17.0,25.0,20.569444444444443,1008.0,1010.0,1008.875,28.0,69.0,47.22222222222222,0.0,0.0,0.0,0.0,126.38888888888889,129.79166666666666,408.8263888888889,,0
2017-05-08 00:00:00+00:00,1725.3,174.0,1459.5729166666667,57.09791666666667,50.048611111111114,73.80555555555556,73.52083333333333,72.65277777777777,37.53472222222222,53.076388888888886,57.326388888888886,33.333333333333336,15.3,1.7000000000000002,12.926388888888889,38.3,0.5,6.946527777777778,1.1777777777777778,-1.2166666666666666,104.55833333333334,22.4375,-16.76388888888889,104972.63888888889,15113646.0,-13.25,-3398494,65.36111111111111,73.3125,69.73611111111111,39.19444444444444,42.38194444444444,32.208333333333336,42.048611111111114,34.40277777777778,24.708333333333332,-3.2,56.7,-1.6625,0.42638888888888893,97.11111111111111,39.96527777777778,39.90972222222222,41.604166666666664,38.458333333333336,629.7291666666666,0.942361111111111,50.0,399.2652777777778,397.1326388888889,397.9916666666667,541.2458333333333,558.3875,530.2368055555556,2102.1,-46.8,40.05555555555556,0.5020833333333333,6.9319444444444445,127.29374999999999,-141.58541666666667,609.9,-700.9,10.604861111111111,629.7798611111111,2000.0,0.0,127.66388888888888,-935.4284722222224,0.0,-1000.0,40.37013888888889,923.0361111111112,1000.0,0.0,46.983333333333334,47.27777777777778,105.76111111111112,T07,1.5,14.2,7.022222222222222,1.3205555555555555,1.2,14.1,6.778472222222223,1.0943055555555556,18.0,27.0,21.90972222222222,1005.0,1009.0,1007.1319444444445,16.0,43.0,30.02777777777778,0.0,0.0,0.0,0.0,137.38194444444446,132.47222222222223,407.06944444444446,,0
2017-05-09 00:00:00+00:00,1681.4,0.0,1033.1819444444445,112.19722222222222,40.138888888888886,55.27777777777778,55.15972222222222,54.951388888888886,34.61805555555556,46.74305555555556,49.236111111111114,28.96527777777778,14.9,0.0,9.115972222222222,40.2,0.4,4.577083333333333,0.9520833333333333,1.6270833333333332,201.0236111111111,19.70138888888889,-576.0208333333334,30024.458333333332,4240577.0,-680.3263888888889,-1723343,66.13888888888889,71.93055555555556,69.57638888888889,37.31944444444444,38.166666666666664,31.21527777777778,38.31944444444444,27.70138888888889,23.583333333333332,-3.1,89.7,5.824305555555556,2.646527777777778,79.24305555555556,37.375,37.298611111111114,39.15972222222222,36.895833333333336,176.7159722222222,0.7319444444444445,49.99861111111111,399.15833333333336,397.4923611111111,396.77152777777775,175.25694444444446,188.71875,173.9576388888889,1304.6,-52.1,35.138888888888886,1.0236111111111112,4.547916666666667,64.74513888888889,-71.87222222222222,1000.1,-900.7,34.60277777777778,187.64444444444445,1321.0,0.0,68.69097222222223,-472.09722222222223,0.0,-1000.0,99.60208333333334,472.09722222222223,1000.0,0.0,99.60208333333334,39.72222222222222,201.89791666666667,T07,0.3,10.7,4.782608695652174,0.5171014492753623,0.0,10.8,4.703623188405797,0.514927536231884,17.0,21.0,18.804347826086957,1002.0,1005.0,1003.5217391304348,21.0,89.0,64.7536231884058,0.0,0.0,0.0,0.0,92.39855072463769,90.78260869565217,403.5,,0
2017-05-10 00:00:00+00:00,1769.9,0.0,1394.9659722222223,68.43402777777777,48.263888888888886,76.04166666666667,75.64583333333333,73.88194444444444,34.611111111111114,51.27777777777778,56.0625,29.67361111111111,15.7,0.0,12.297222222222222,43.2,0.4,7.649305555555555,1.5916666666666668,-1.9826388888888888,212.1638888888889,18.618055555555557,-230.38888888888889,152256.10416666666,21891699.0,-235.47222222222223,-3412736,75.97222222222223,82.20833333333333,78.07638888888889,38.895833333333336,40.048611111111114,29.6875,40.68055555555556,30.881944444444443,21.229166666666668,-3.2,89.8,2.798611111111111,1.3423611111111111,90.5625,40.020833333333336,39.826388888888886,41.583333333333336,37.65972222222222,912.1972222222222,0.9340277777777778,50.00069444444445,399.5680555555556,397.38680555555555,396.9715277777778,767.5798611111111,794.1486111111111,775.59375,2107.6,-49.7,39.06944444444444,0.6152777777777778,7.673611111111111,210.19305555555556,-142.20347222222222,1002.2,-387.0,16.41736111111111,921.4250000000001,2000.0,0.0,212.27499999999998,-824.1013888888889,0.0,-1000.0,57.27569444444445,780.9798611111112,1000.0,0.0,89.40416666666667,50.28472222222222,214.14305555555555,T07,1.0,18.2,8.199305555555556,1.3879166666666667,0.8,18.4,8.277083333333334,1.4697222222222224,16.0,20.0,17.97222222222222,997.0,1004.0,999.2222222222222,78.0,94.0,88.92361111111111,0.0,4.0,0.0763888888888889,0.0,160.97916666666666,162.52777777777777,399.18055555555554,,0
2017-05-11 00:00:00+00:00,1788.8,1211.1,1534.93125,66.3375,52.583333333333336,82.97222222222223,82.61111111111111,80.92361111111111,38.826388888888886,53.11805555555556,58.25,31.04861111111111,15.8,10.7,13.597222222222221,41.2,0.4,7.980555555555556,1.6743055555555555,1.00625,233.46736111111113,18.680555555555557,0.0,156722.28472222222,22568009.0,0.0,-4000833,68.76388888888889,78.79166666666667,75.03472222222223,39.6875,42.145833333333336,29.819444444444443,42.270833333333336,33.326388888888886,21.40277777777778,-3.3,14.4,-1.5708333333333335,0.6430555555555556,100.59027777777777,40.78472222222222,40.729166666666664,42.40972222222222,38.520833333333336,940.3604166666667,0.9854166666666667,49.99930555555555,399.37291666666664,397.0826388888889,397.04305555555555,785.1395833333333,815.2354166666667,793.0854166666667,2108.4,42.5,41.298611111111114,0.5861111111111111,8.047916666666667,223.2472222222222,-166.69930555555555,-76.7,-221.0,5.071527777777778,939.5305555555556,2000.0,40.2,223.03333333333333,-964.2013888888889,-196.7,-1000.0,46.54236111111111,926.2270833333334,1000.0,196.7,74.53402777777778,57.78472222222222,232.45208333333332,T07,2.7,18.4,8.518055555555556,1.5072222222222222,2.9,18.4,8.599305555555555,1.5356944444444443,15.0,20.0,17.88888888888889,997.0,1001.0,998.625,65.0,96.0,82.4375,0.0,18.0,0.2916666666666667,0.0,167.29861111111111,168.95138888888889,398.52777777777777,,0
2017-05-12 00:00:00+00:00,1757.4,70.2,1466.5145833333333,70.96666666666667,48.326388888888886,74.93055555555556,74.63888888888889,73.40972222222223,34.201388888888886,52.13194444444444,56.673611111111114,30.53472222222222,15.5,0.0,12.993749999999999,41.7,0.4,7.229166666666667,1.5493055555555555,-0.3263888888888889,232.27499999999998,18.805555555555557,-62.02777777777778,123011.9375,17704787.0,-45.895833333333336,-3546175,63.388888888888886,72.42361111111111,68.04861111111111,39.263888888888886,41.138888888888886,29.82638888888889,41.361111111111114,31.805555555555557,21.65277777777778,-3.2,84.6,-1.2395833333333333,0.7388888888888889,97.72916666666667,40.13194444444444,40.06944444444444,41.736111111111114,38.291666666666664,737.6930555555556,0.9506944444444445,50.00069444444445,399.4479166666667,396.98055555555555,397.2965277777778,621.3840277777778,649.70625,622.9361111111111,2104.9,-50.2,39.77777777777778,0.6263888888888889,7.246527777777778,217.62291666666667,-147.7625,213.5,-524.3,7.949999999999999,737.9611111111111,2000.0,0.0,217.18124999999998,-912.8062500000001,0.0,-1000.0,68.61319444444445,886.7472222222223,1000.0,0.0,95.33333333333333,51.083333333333336,232.60763888888889,T07,2.9,15.6,7.964583333333334,1.197152777777778,2.6,16.2,8.072222222222223,1.21875,16.0,20.0,18.069444444444443,1000.0,1009.0,1004.0555555555555,68.0,95.0,83.47222222222223,0.0,19.0,0.18055555555555555,0.0,156.27777777777777,158.22916666666666,403.9583333333333,,0
2017-05-13 00:00:00+00:00,1667.7,0.0,758.4173611111112,32.388888888888886,36.076388888888886,47.90277777777778,47.895833333333336,47.59027777777778,32.78472222222222,43.263888888888886,44.61805555555556,27.27777777777778,14.8,0.0,6.596527777777777,36.8,0.4,3.7562499999999996,0.7833333333333334,-2.8340277777777776,245.52291666666667,19.145833333333332,-501.2013888888889,17719.930555555555,2479497.0,-530.3263888888889,-1139610,66.84027777777777,71.46527777777777,68.44444444444444,34.99305555555556,35.395833333333336,30.5,36.21527777777778,25.20138888888889,22.916666666666668,-2.9,58.2,10.801388888888889,0.4833333333333334,63.75,34.770833333333336,34.701388888888886,36.541666666666664,34.34722222222222,103.31944444444444,0.7562500000000001,50.0,399.74861111111113,397.64166666666665,396.48819444444445,98.18472222222222,113.49444444444445,101.26041666666667,1021.3,-50.1,31.583333333333332,0.3430555555555556,3.786805555555555,44.25,-47.47986111111111,1000.2,-437.8,11.2375,108.72638888888889,1050.0,0.0,45.331944444444446,-379.86875,0.0,-1000.0,102.65972222222223,379.86875,1000.0,0.0,102.65972222222223,36.90277777777778,248.35972222222225,T07,0.0,8.9,4.133333333333334,0.2847222222222222,0.0,9.0,4.167361111111111,0.29833333333333334,16.0,22.0,18.375,1009.0,1015.0,1011.1944444444445,56.0,95.0,79.20833333333333,0.0,0.0,0.0,0.0,79.42361111111111,79.98611111111111,411.15972222222223,,0
2017-05-14 00:00:00+00:00,1665.7,0.0,502.64444444444445,62.579861111111114,33.791666666666664,42.333333333333336,42.21527777777778,41.861111111111114,34.94444444444444,41.61805555555556,41.74305555555556,28.805555555555557,14.7,0.0,4.223611111111111,19.0,0.4,3.1194444444444445,0.7215277777777778,7.2645833333333325,241.52777777777777,20.65277777777778,-629.6944444444445,20747.354166666668,2896942.0,-651.0555555555555,-815922,72.45138888888889,75.08333333333333,70.83333333333333,33.72222222222222,35.854166666666664,30.98611111111111,36.47222222222222,25.833333333333332,24.5625,-2.9,89.7,16.013194444444444,1.2541666666666667,51.43055555555556,33.5625,33.479166666666664,35.22222222222222,33.21527777777778,120.68819444444443,0.7534722222222223,50.0,400.34027777777777,398.49652777777777,396.9145833333333,108.94166666666666,119.8638888888889,112.92083333333333,1278.3,-50.4,31.395833333333332,0.5763888888888888,3.1395833333333334,41.77847222222223,-34.00277777777777,1001.2,-495.3,10.704166666666667,126.93958333333333,1307.6,0.0,41.74722222222223,-269.4451388888889,0.0,-1000.0,30.943749999999998,269.4451388888889,1000.0,0.0,30.943749999999998,34.77777777777778,311.73749999999995,T07,0.0,10.0,3.2256944444444446,0.32756944444444447,0.0,9.7,3.1805555555555554,0.3334722222222222,15.0,25.0,19.631944444444443,1014.0,1017.0,1015.4027777777778,42.0,91.0,72.30555555555556,0.0,1.0,0.006944444444444444,0.0,61.3125,60.263888888888886,415.38194444444446,,0
2017-05-15 00:00:00+00:00,1827.0,182.6,1516.1770833333333,50.50763888888889,61.208333333333336,95.56944444444444,94.63888888888889,92.36805555555556,39.770833333333336,52.25,58.40972222222222,34.173611111111114,16.1,1.6,13.429861111111112,43.2,0.4,9.405555555555557,1.7493055555555557,0.43749999999999994,95.69999999999999,22.34027777777778,-97.47916666666667,200409.84027777778,28844979.0,-120.48611111111111,-3810791,87.59027777777777,94.30555555555556,91.40972222222223,41.701388888888886,44.40972222222222,31.958333333333332,44.36805555555556,38.15277777777778,24.59027777777778,-3.3,46.4,2.5638888888888887,1.6576388888888889,102.54166666666667,43.013888888888886,42.916666666666664,44.541666666666664,40.06944444444444,1201.8625000000002,0.9340277777777778,50.0,399.7722222222222,397.75069444444443,398.4125,1013.8499999999999,1026.875,1004.9659722222223,2108.9,-49.1,44.28472222222222,0.4368055555555556,9.340972222222222,130.83472222222224,-158.79513888888889,982.5,-604.2,15.57638888888889,1202.642361111111,2000.0,0.0,130.70833333333334,-753.3909722222222,0.0,-1000.0,60.65694444444445,672.1666666666666,1000.0,0.0,67.98402777777778,61.74305555555556,90.25902777777777,T07,1.9,23.8,10.059722222222222,2.6172222222222223,2.2,20.9,9.868055555555555,1.1859722222222222,18.0,26.0,21.79861111111111,1014.0,1016.0,1015.0486111111111,30.0,70.0,47.25,0.0,0.0,0.0,0.0,198.29166666666666,194.30555555555554,414.99305555555554,,0
2017-05-16 00:00:00+00:00,1816.3,1214.6,1652.0534722222224,28.820833333333333,70.04861111111111,118.72222222222223,117.30555555555556,113.875,47.38194444444444,53.52777777777778,61.5,37.50694444444444,16.1,10.8,14.63888888888889,47.2,0.5,12.110416666666667,2.3555555555555556,1.6638888888888888,99.05138888888888,22.65972222222222,0.0,286589.5625,41268897.0,0.0,-4530377,89.40972222222223,101.20833333333333,100.57638888888889,44.50694444444444,47.81944444444444,32.3125,46.875,43.736111111111114,24.84027777777778,-3.1,18.9,4.434027777777778,1.9659722222222225,116.18055555555556,46.236111111111114,46.138888888888886,47.56944444444444,41.798611111111114,1719.5444444444445,0.9958333333333333,50.0,400.57430555555555,398.49305555555554,399.92083333333335,1438.2680555555555,1448.7347222222222,1421.3805555555555,2108.1,127.2,48.388888888888886,0.24375000000000002,11.952777777777778,111.65138888888889,-188.76875,-55.4,-228.5,3.9715277777777778,1718.0361111111113,2000.0,125.9,110.18055555555556,-737.8416666666667,-583.3,-1000.0,58.17916666666666,590.8840277777778,1000.0,406.1,72.79861111111111,69.3125,97.38402777777777,T07,2.6,24.4,12.740972222222222,3.314513888888889,3.5,21.6,12.023611111111112,1.625486111111111,20.0,25.0,22.04861111111111,1011.0,1015.0,1012.9236111111111,35.0,52.0,43.40277777777778,0.0,0.0,0.0,0.0,251.88888888888889,237.54166666666666,412.8611111111111,,0
2017-05-17 00:00:00+00:00,1798.4,1231.3,1615.7756944444445,26.820138888888888,68.29166666666667,113.46527777777777,112.33333333333333,109.43055555555556,47.576388888888886,52.388888888888886,60.145833333333336,37.708333333333336,15.9,10.9,14.316666666666666,46.0,0.5,10.225694444444445,1.9166666666666667,1.2062499999999998,95.93472222222222,22.493055555555557,0.0,248952.35416666666,35849139.0,0.0,-4317039,89.1875,101.58333333333333,100.93055555555556,43.97222222222222,47.34027777777778,32.34722222222222,45.666666666666664,41.68055555555556,24.67361111111111,-3.2,13.6,0.9451388888888889,1.5041666666666667,113.15277777777777,45.4375,45.3125,46.84722222222222,41.645833333333336,1493.6270833333333,0.9847222222222223,50.00208333333333,400.46875,398.3638888888889,399.2555555555556,1247.4965277777778,1264.1861111111111,1239.240277777778,2108.5,5.5,46.28472222222222,0.23055555555555557,10.090972222222222,152.70416666666668,-179.86874999999998,-27.1,-220.6,4.383333333333334,1491.3208333333334,2000.0,5.3,151.29513888888889,-803.3541666666666,-25.9,-1000.0,88.70972222222223,673.9548611111111,1000.0,25.9,105.66805555555555,72.09722222222223,94.75277777777778,T07,3.0,18.8,10.931249999999999,2.4099305555555555,3.3,17.0,10.449305555555556,0.9644444444444444,20.0,25.0,21.805555555555557,1008.0,1013.0,1009.4444444444445,32.0,52.0,43.361111111111114,0.0,0.0,0.0,0.0,215.63194444444446,206.0,409.4236111111111,,0
2017-05-18 00:00:00+00:00,1720.9,0.0,1179.992361111111,61.15902777777777,47.00694444444444,64.57638888888889,64.49305555555556,63.8125,35.541666666666664,49.8125,52.833333333333336,30.88888888888889,15.2,0.0,10.402777777777779,39.5,0.4,5.722222222222222,1.0486111111111112,-4.485416666666667,251.76250000000002,20.78472222222222,-377.0486111111111,72225.47916666667,10346173.0,-363.50694444444446,-2430159,62.423611111111114,70.81944444444444,66.875,37.84722222222222,39.90277777777778,31.46527777777778,39.861111111111114,31.47222222222222,23.680555555555557,-3.3,84.5,3.4243055555555557,0.7090277777777777,85.14583333333333,38.208333333333336,38.09027777777778,39.916666666666664,37.208333333333336,431.02916666666664,0.8708333333333333,50.00208333333333,399.38750000000005,397.3180555555556,396.8048611111111,369.80069444444445,391.9458333333333,372.69166666666666,2102.8,-47.8,37.201388888888886,0.5451388888888888,5.718055555555555,118.19791666666667,-101.23611111111111,923.3,-424.9,9.685416666666667,435.97083333333336,2000.0,0.0,118.84861111111111,-696.1881944444444,0.0,-1000.0,55.55416666666667,688.9673611111111,1000.0,0.0,64.87708333333333,48.861111111111114,243.75972222222222,T07,0.5,13.2,5.890972222222222,0.5649305555555555,0.3,13.8,5.870833333333334,0.5500694444444445,16.0,23.0,19.97222222222222,1007.0,1010.0,1008.5833333333334,33.0,72.0,51.138888888888886,0.0,0.0,0.0,0.0,114.48611111111111,114.20833333333333,408.56944444444446,,0
2017-05-19 00:00:00+00:00,1650.4,0.0,908.9006944444444,99.45069444444444,40.5625,53.59027777777778,53.513888888888886,53.28472222222222,40.104166666666664,46.076388888888886,48.138888888888886,30.27777777777778,14.6,0.0,7.940277777777778,22.4,0.4,4.018055555555556,0.9263888888888889,0.9798611111111113,179.12430555555557,21.395833333333332,-475.5833333333333,20943.152777777777,2947325.0,-606.0833333333334,-1344678,67.08333333333333,72.32638888888889,69.58333333333333,36.611111111111114,38.333333333333336,31.854166666666668,38.770833333333336,28.479166666666668,24.67361111111111,-3.0,89.8,7.675694444444444,2.3590277777777775,73.18055555555556,36.53472222222222,36.479166666666664,38.28472222222222,36.30555555555556,122.81458333333333,0.7333333333333334,50.00138888888889,399.14930555555554,397.3388888888889,396.7131944444444,126.36666666666666,139.59722222222223,128.54930555555555,1117.5,-50.7,34.96527777777778,0.9222222222222223,4.020138888888889,56.990972222222226,-56.041666666666664,1000.5,-897.6,41.81458333333333,129.78194444444446,1126.8,0.0,57.28958333333334,-444.76666666666665,0.0,-1000.0,136.3875,444.76666666666665,1000.0,0.0,136.3875,40.388888888888886,178.1486111111111,T07,0.4,10.7,4.586111111111111,0.6120138888888889,0.3,9.7,4.415972222222222,0.5373611111111111,15.0,26.0,20.51388888888889,1009.0,1011.0,1009.8680555555555,20.0,76.0,47.291666666666664,0.0,0.0,0.0,0.0,88.49305555555556,85.05555555555556,409.80555555555554,,0
2017-05-20 00:00:00+00:00,1840.0,1255.2,1673.3479166666666,25.677777777777777,73.65972222222223,125.64583333333333,123.9375,120.07638888888889,47.27777777777778,53.083333333333336,61.375,37.00694444444444,16.2,11.1,14.830555555555556,43.5,0.7000000000000001,13.788888888888888,2.6534722222222222,0.6694444444444444,93.34861111111111,20.63888888888889,0.0,317699.5763888889,45748739.0,0.0,-4852393,93.79861111111111,105.52083333333333,104.63194444444444,45.75694444444444,47.208333333333336,31.868055555555557,46.36805555555556,42.27777777777778,23.28472222222222,-2.8,24.0,7.364583333333333,2.2847222222222223,119.38888888888889,47.59027777777778,47.44444444444444,48.86805555555556,42.53472222222222,1906.2347222222222,1.0,50.0,400.9479166666667,398.6743055555555,400.16319444444446,1590.0673611111113,1603.5583333333334,1575.9076388888889,2112.2,270.5,48.611111111111114,0.21944444444444444,13.61111111111111,69.84375,-202.1888888888889,-107.8,-228.8,2.9819444444444443,1904.3368055555557,2000.0,253.7,67.53611111111111,-663.4916666666667,-583.3,-1000.0,60.106249999999996,484.2604166666667,1000.0,406.1,56.513194444444444,74.13888888888889,92.68333333333334,T07,3.8,25.7,13.678472222222222,4.771597222222223,5.1,23.6,13.420833333333333,1.957986111111111,17.0,24.0,20.166666666666668,1007.0,1011.0,1008.9513888888889,46.0,81.0,64.1875,0.0,0.0,0.0,0.0,270.6458333333333,265.7083333333333,408.90277777777777,,0
2017-05-21 00:00:00+00:00,1838.4,1265.3,1670.7847222222222,33.56041666666667,74.46527777777777,127.53472222222223,126.20833333333333,122.23611111111111,47.25,53.53472222222222,61.923611111111114,39.19444444444444,16.2,11.2,14.806944444444444,48.3,0.8,15.060416666666665,2.9541666666666666,1.848611111111111,112.56666666666666,22.34722222222222,0.0,307213.43055555556,44238734.0,0.0,-5116185,95.95138888888889,110.625,111.76388888888889,45.74305555555556,49.00694444444444,32.208333333333336,47.770833333333336,44.888888888888886,24.375,-2.9,26.9,9.7375,2.252083333333333,121.21527777777777,47.50694444444444,47.38194444444444,48.791666666666664,42.77777777777778,1843.3159722222222,1.0,49.99930555555555,401.02708333333334,398.25208333333336,399.5444444444445,1533.7159722222223,1559.4555555555555,1528.117361111111,2107.5,274.1,49.6875,0.2736111111111111,14.690277777777778,74.49027777777778,-213.17361111111111,-162.7,-230.1,2.7958333333333334,1842.2534722222222,2000.0,262.5,72.48680555555556,-681.8194444444445,-583.3,-1000.0,39.956944444444446,521.8534722222222,1000.0,406.1,46.33402777777778,74.85416666666667,110.71527777777777,T07,3.8,30.8,14.996527777777779,4.325972222222223,3.7,29.0,14.663194444444445,3.8205555555555555,19.0,25.0,21.78472222222222,1004.0,1008.0,1006.0763888888889,31.0,68.0,48.25694444444444,0.0,0.0,0.0,0.0,297.1388888888889,290.3958333333333,406.02777777777777,,0
2017-05-22 00:00:00+00:00,1771.6,0.0,870.1125,129.7513888888889,43.69444444444444,59.36805555555556,59.27777777777778,58.69444444444444,43.06944444444444,46.673611111111114,48.65972222222222,31.77777777777778,15.6,0.0,7.548611111111111,39.4,0.4,4.327083333333333,0.9416666666666667,0.6638888888888889,163.0111111111111,22.04861111111111,-878.2361111111111,36218.92361111111,5089060.0,-1024.798611111111,-1402762,64.375,73.20833333333333,69.75,37.548611111111114,39.888888888888886,34.270833333333336,39.458333333333336,31.46527777777778,26.78472222222222,-3.1,89.5,9.577777777777778,3.573611111111111,72.60416666666667,37.548611111111114,37.479166666666664,39.31944444444444,37.291666666666664,212.01180555555555,0.7347222222222223,50.0,399.5854166666667,397.89652777777775,396.99583333333334,204.5625,217.0423611111111,205.82291666666666,2108.8,-54.1,36.65277777777778,1.1958333333333333,4.317361111111111,57.32430555555556,-58.416666666666664,1001.2,-1000.2,45.94027777777777,225.5423611111111,2000.0,0.0,60.34930555555555,-379.0548611111111,0.0,-1000.0,105.11875,368.85069444444446,1000.0,0.0,106.88749999999999,49.52777777777778,164.84444444444443,T07,0.3,16.5,3.800694444444444,0.7946527777777779,0.0,16.5,3.790972222222222,0.7553472222222222,18.0,25.0,20.979166666666668,1006.0,1009.0,1007.6527777777778,45.0,74.0,64.44444444444444,0.0,0.0,0.0,0.0,72.71527777777777,72.48611111111111,407.5486111111111,,0
2017-05-23 00:00:00+00:00,1834.3,1235.9,1599.4,40.72291666666667,63.576388888888886,104.80555555555556,103.69444444444444,100.97222222222223,41.81944444444444,53.125,59.951388888888886,35.576388888888886,16.1,10.9,14.170833333333333,43.5,0.7000000000000001,11.932638888888889,2.1055555555555556,0.3958333333333332,92.80277777777778,21.84027777777778,0.0,233999.91666666666,33695988.0,0.0,-4388684,77.4375,87.86111111111111,85.97916666666667,43.11805555555556,45.65972222222222,31.743055555555557,45.423611111111114,40.1875,24.375,-3.2,23.6,5.164583333333334,1.438888888888889,111.04861111111111,44.55555555555556,44.40972222222222,45.96527777777778,40.951388888888886,1404.048611111111,0.9958333333333333,49.99930555555555,399.80277777777775,397.6951388888889,398.71805555555557,1175.0805555555555,1191.03125,1166.7479166666667,2109.7,88.3,46.02777777777778,0.3548611111111111,11.709722222222222,88.64722222222223,-182.8638888888889,-82.6,-225.0,3.636805555555556,1403.55625,2000.0,87.8,87.37013888888889,-792.6270833333333,-430.1,-1000.0,27.594444444444445,690.6402777777778,1000.0,406.1,32.96875,68.68055555555556,92.40277777777777,T07,3.0,25.9,11.582638888888889,3.450625,3.7,23.8,11.870138888888889,1.534513888888889,19.0,24.0,21.17361111111111,1005.0,1008.0,1006.1111111111111,40.0,72.0,56.229166666666664,0.0,0.0,0.0,0.0,228.70833333333334,234.43055555555554,406.0763888888889,,0
2017-05-24 00:00:00+00:00,1825.7,1342.6,1669.7680555555555,26.06875,72.25,123.88194444444444,122.43055555555556,118.82638888888889,47.28472222222222,53.25694444444444,61.53472222222222,38.19444444444444,16.0,11.9,14.79861111111111,46.2,0.6000000000000001,12.885416666666666,2.5250000000000004,0.11041666666666666,97.4,21.96527777777778,0.0,301206.30555555556,43373708.0,0.0,-4983596,92.125,105.11805555555556,105.63194444444444,45.166666666666664,48.111111111111114,31.881944444444443,46.90972222222222,43.65277777777778,24.28472222222222,-2.7,21.0,5.597916666666666,2.232638888888889,118.375,46.923611111111114,46.80555555555556,48.24305555555556,42.34027777777778,1807.2833333333335,1.0,50.0,400.90833333333336,398.54375000000005,400.05555555555554,1509.2125,1524.7569444444443,1494.0479166666667,2109.4,371.1,48.576388888888886,0.21666666666666667,12.655555555555557,117.09444444444443,-207.6451388888889,-157.4,-224.0,3.308333333333333,1805.3131944444444,2000.0,346.7,115.04861111111111,-718.4611111111111,-583.3,-1000.0,69.14791666666666,558.4437499999999,1000.0,406.1,83.02152777777778,73.21527777777777,97.29305555555555,T07,4.3,24.7,12.60763888888889,3.8070833333333334,5.0,21.9,12.747916666666667,2.033263888888889,19.0,25.0,21.40972222222222,1004.0,1008.0,1006.1666666666666,43.0,73.0,55.40277777777778,0.0,0.0,0.0,0.0,249.25,252.06944444444446,406.11805555555554,,0
2017-05-25 00:00:00+00:00,1774.8,0.0,1311.2173611111111,64.01249999999999,54.736111111111114,81.29861111111111,80.90277777777777,79.59722222222223,47.00694444444444,51.791666666666664,56.22222222222222,34.9375,15.7,0.0,11.535416666666666,44.5,0.4,7.088888888888889,1.4270833333333333,-0.31319444444444444,131.45277777777778,23.07638888888889,-490.63194444444446,127823.61805555556,18335949.0,-481.24305555555554,-3161668,74.125,84.24305555555556,82.27777777777777,39.791666666666664,43.71527777777778,33.11805555555556,42.38194444444444,36.513888888888886,25.88888888888889,-3.3,89.8,2.8833333333333333,1.3458333333333334,94.63194444444444,40.486111111111114,40.38194444444444,42.145833333333336,38.84027777777778,763.9513888888889,0.901388888888889,49.99930555555555,399.2055555555555,397.5569444444444,397.36527777777775,650.6534722222223,666.3333333333334,648.2791666666667,2107.1,-50.4,40.68055555555556,0.5819444444444444,6.938888888888889,185.70694444444445,-131.73125,611.6,-224.9,9.641666666666667,767.6972222222222,2000.0,0.0,185.10833333333332,-744.3861111111112,0.0,-1000.0,72.84930555555555,703.6291666666667,1000.0,0.0,100.65208333333334,56.520833333333336,131.76319444444445,T07,0.8,17.1,7.028472222222223,1.7822222222222222,0.6000000000000001,16.5,6.850694444444445,1.5827777777777776,19.0,27.0,22.29861111111111,1003.0,1007.0,1005.4444444444445,31.0,73.0,53.84722222222222,0.0,0.0,0.0,0.0,137.42361111111111,133.77777777777777,405.375,,0
2017-05-26 00:00:00+00:00,1571.2,0.0,586.682638888889,71.67361111111111,34.40277777777778,43.729166666666664,43.708333333333336,43.50694444444444,36.74305555555556,42.826388888888886,43.63194444444444,28.868055555555557,13.9,0.0,5.059722222222223,24.4,0.4,3.2354166666666666,0.6847222222222222,-3.9034722222222222,198.40069444444444,20.73611111111111,-784.7847222222222,7293.006944444444,937189.0,-800.6805555555555,-641523,66.83333333333333,71.74305555555556,69.58333333333333,34.708333333333336,35.638888888888886,32.333333333333336,36.4375,26.666666666666668,25.15972222222222,-2.5,67.0,14.925694444444446,1.6784722222222221,53.15277777777778,34.451388888888886,34.31944444444444,36.18055555555556,34.458333333333336,39.037499999999994,0.7041666666666667,50.00138888888889,399.15,398.01944444444445,396.03125,51.418055555555554,59.385416666666664,54.77708333333333,654.6,-50.4,31.805555555555557,0.6881944444444446,3.2347222222222225,30.52361111111111,-26.751388888888886,1000.5,-775.0,25.493055555555557,50.72083333333333,664.2,0.0,33.08125,-185.4034722222222,0.0,-1000.0,97.90902777777778,185.4034722222222,1000.0,0.0,97.90902777777778,34.645833333333336,202.30347222222224,T07,0.0,8.9,3.495138888888889,0.256875,0.0,8.5,3.34375,0.29208333333333336,17.0,23.0,19.979166666666668,1005.0,1007.0,1006.0416666666666,65.0,96.0,81.89583333333333,0.0,0.0,0.0,0.0,66.63888888888889,63.638888888888886,405.9791666666667,,0
2017-05-27 00:00:00+00:00,1725.6,0.0,761.6694444444444,62.17986111111111,37.40972222222222,49.798611111111114,49.701388888888886,49.03472222222222,37.97222222222222,44.145833333333336,45.84722222222222,30.5,15.3,0.0,6.488194444444444,38.2,0.4,4.479166666666667,0.8847222222222223,-5.420138888888889,132.51736111111111,22.041666666666668,-432.94444444444446,50738.416666666664,7243986.0,-448.18055555555554,-1407702,74.38194444444444,77.90277777777777,73.80555555555556,35.18055555555556,36.90277777777778,32.8125,37.84722222222222,29.041666666666668,26.006944444444443,-3.2,89.4,12.119444444444445,1.104861111111111,56.791666666666664,35.27777777777778,35.145833333333336,36.99305555555556,34.638888888888886,301.81666666666666,0.8083333333333333,50.0,399.4791666666667,398.1048611111111,396.12569444444443,255.9597222222222,271.6652777777778,263.8777777777778,2100.8,-50.4,33.263888888888886,0.6090277777777778,4.4319444444444445,82.57152777777777,-58.635416666666664,1000.2,-746.1,11.29513888888889,307.3951388888889,2000.0,0.0,83.84444444444445,-424.5805555555555,0.0,-1000.0,33.25416666666667,419.15763888888887,1000.0,0.0,40.34930555555556,40.3125,132.9298611111111,T07,0.2,14.4,4.093055555555555,0.8891666666666667,0.0,14.0,3.9444444444444446,0.7945138888888889,17.0,27.0,21.305555555555557,1005.0,1008.0,1006.5347222222222,44.0,98.0,76.15972222222223,0.0,0.0,0.0,0.0,78.53472222222223,75.65277777777777,406.49305555555554,,0
2017-05-28 00:00:00+00:00,1680.9,0.0,1060.4465277777776,67.99097222222223,41.125,57.458333333333336,57.47222222222222,57.013888888888886,36.22222222222222,48.083333333333336,50.34027777777778,30.194444444444443,14.9,0.0,9.286111111111111,37.3,0.4,4.793749999999999,0.9250000000000002,-0.0694444444444445,210.75208333333333,21.11111111111111,-361.74305555555554,37161.166666666664,5299117.0,-367.2013888888889,-1800872,66.32638888888889,72.70138888888889,69.50694444444444,37.326388888888886,38.90972222222222,32.19444444444444,39.270833333333336,29.458333333333332,24.76388888888889,-3.2,89.7,4.866666666666666,1.5993055555555555,80.10416666666667,37.34027777777778,37.270833333333336,39.19444444444444,36.708333333333336,220.75833333333333,0.8180555555555556,49.99930555555555,399.25069444444443,397.18958333333336,395.84583333333336,195.86180555555555,221.42430555555558,207.64097222222222,1261.6,-50.3,35.986111111111114,0.6277777777777778,4.797916666666667,68.94375,-75.125,1000.2,-993.7,25.123611111111114,226.3826388888889,1274.4,0.0,68.94999999999999,-620.6444444444445,0.0,-1000.0,120.89861111111112,620.6444444444445,1000.0,0.0,120.89861111111112,40.56944444444444,210.83472222222224,T07,0.8,10.7,4.668749999999999,0.4965277777777778,0.6000000000000001,10.0,4.621527777777778,0.5225694444444444,18.0,23.0,20.25,1008.0,1011.0,1009.2916666666666,48.0,92.0,75.22916666666667,0.0,0.0,0.0,0.0,90.15972222222223,89.23611111111111,409.22222222222223,,0
2017-05-29 00:00:00+00:00,1651.7,0.0,870.9583333333334,69.3138888888889,37.78472222222222,51.701388888888886,51.71527777777778,51.388888888888886,34.361111111111114,45.048611111111114,46.791666666666664,28.54861111111111,14.6,0.0,7.575694444444445,37.3,0.4,4.022916666666666,0.8590277777777778,-1.3499999999999999,244.09791666666666,20.354166666666668,-464.1736111111111,21705.8125,3058792.0,-500.90972222222223,-1324061,72.79861111111111,76.38888888888889,73.21527777777777,35.9375,36.666666666666664,31.680555555555557,37.50694444444444,26.854166666666668,24.541666666666668,-2.9,65.6,8.58125,1.4173611111111113,69.65972222222223,35.798611111111114,35.75694444444444,37.65972222222222,35.38194444444444,127.43124999999999,0.7604166666666666,50.00138888888889,399.37083333333334,397.7277777777778,396.3881944444445,122.14583333333333,135.9486111111111,125.65208333333334,1102.9,-50.5,33.3125,0.6444444444444444,4.077083333333333,58.2201388888889,-55.174305555555556,1000.6,-954.9,21.367361111111112,133.8777777777778,1116.8,0.0,58.65416666666667,-438.8388888888889,0.0,-1000.0,120.32777777777778,438.8388888888889,1000.0,0.0,120.32777777777778,36.0625,245.4465277777778,T07,1.2,10.3,4.477777777777778,0.3222916666666667,1.0,10.4,4.526388888888889,0.3422222222222222,17.0,22.0,19.506944444444443,1009.0,1011.0,1009.5972222222222,55.0,96.0,81.57638888888889,0.0,3.0,0.034722222222222224,0.0,86.28472222222223,87.25,409.59027777777777,,0
2017-05-30 00:00:00+00:00,1655.1,0.0,712.8270833333333,44.956944444444446,36.826388888888886,48.65972222222222,48.645833333333336,48.38194444444444,34.61805555555556,43.61805555555556,44.93055555555556,29.20138888888889,14.7,0.0,6.168749999999999,25.9,0.4,3.671527777777778,0.7291666666666666,0.8972222222222221,240.64930555555554,21.46527777777778,-607.1319444444445,16787.833333333332,2330020.0,-685.4375,-1018717,73.64583333333333,77.07638888888889,73.77083333333333,35.263888888888886,36.763888888888886,32.395833333333336,37.673611111111114,27.270833333333332,25.48611111111111,-3.0,83.6,11.881944444444445,0.8305555555555556,65.23611111111111,35.02777777777778,34.951388888888886,36.8125,34.791666666666664,97.10624999999999,0.7180555555555556,49.99861111111111,399.27986111111113,397.9576388888889,396.7576388888889,99.10347222222222,108.66597222222222,101.46319444444445,1028.1,-50.3,33.388888888888886,0.4326388888888889,3.668055555555556,40.05347222222222,-42.42777777777778,1000.3,-773.2,18.23263888888889,104.24583333333334,1036.1,0.0,41.33125,-333.6611111111111,0.0,-1000.0,75.67916666666666,333.6611111111111,1000.0,0.0,75.67916666666666,34.875,252.25972222222222,T07,0.0,10.0,3.9625000000000004,0.2639583333333333,0.0,10.1,3.997916666666667,0.2740972222222222,18.0,24.0,20.506944444444443,1006.0,1010.0,1007.7361111111111,59.0,97.0,80.375,0.0,0.0,0.0,0.0,76.01388888888889,76.70138888888889,407.6736111111111,,0
2017-05-31 00:00:00+00:00,1797.7,0.0,1530.1409722222222,34.68333333333333,61.138888888888886,99.32638888888889,98.34722222222223,95.90277777777777,42.736111111111114,51.798611111111114,58.31944444444444,34.895833333333336,15.7,0.0,13.552777777777777,42.0,0.9,9.222222222222221,1.7173611111111111,-0.7513888888888888,97.475,22.493055555555557,-29.6875,207644.81944444444,29896580.0,-51.13194444444444,-3924876,85.38888888888889,93.63888888888889,91.16666666666667,42.81944444444444,44.46527777777778,32.236111111111114,44.041666666666664,39.0,25.166666666666668,-3.1,89.8,2.004861111111111,1.567361111111111,104.75694444444444,43.979166666666664,43.90277777777778,45.49305555555556,40.78472222222222,1245.759722222222,0.9659722222222222,50.0,399.69375,397.7472222222222,398.32430555555555,1044.1229166666667,1060.0631944444444,1039.7104166666666,2107.8,-28.8,43.895833333333336,0.3027777777777778,9.115277777777777,148.42916666666667,-163.53958333333333,1000.1,-221.5,5.94375,1247.6125000000002,2000.0,0.0,147.98819444444445,-806.245138888889,0.0,-1000.0,98.63819444444444,703.0416666666666,1000.0,0.0,108.02083333333333,63.333333333333336,98.22569444444444,T07,1.4,20.0,9.609027777777778,2.408333333333333,1.4,17.5,9.414583333333333,1.0825694444444443,18.0,25.0,21.819444444444443,1006.0,1009.0,1007.8263888888889,48.0,85.0,63.229166666666664,0.0,0.0,0.0,0.0,189.07638888888889,185.36111111111111,407.7916666666667,,0
2017-06-01 00:00:00+00:00,1783.9,1218.1,1642.0298611111111,33.80138888888889,66.08333333333333,108.20138888888889,107.1875,104.32638888888889,47.361111111111114,52.625,60.65972222222222,38.270833333333336,15.7,10.8,14.546527777777776,42.4,0.4,9.950694444444444,1.9631944444444445,-2.417361111111111,90.52013888888888,23.645833333333332,0.0,245803.11111111112,35395648.0,0.0,-4350329,84.84027777777777,96.22222222222223,95.09722222222223,43.74305555555556,46.736111111111114,33.52777777777778,45.076388888888886,41.986111111111114,26.333333333333332,-3.3,11.3,-0.5493055555555556,1.2423611111111112,109.67361111111111,45.30555555555556,45.173611111111114,46.68055555555556,41.701388888888886,1474.9083333333333,0.995138888888889,49.99930555555555,400.1013888888889,398.23125000000005,398.70694444444445,1231.8680555555557,1248.7541666666666,1227.4118055555555,2105.2,-3.9,45.166666666666664,0.2888888888888889,9.769444444444444,241.13472222222222,-181.26041666666666,1.0,-216.8,6.188888888888889,1472.451388888889,2000.0,0.0,239.53819444444446,-885.8097222222223,0.0,-1000.0,103.64166666666667,767.1763888888888,1000.0,0.0,142.8,69.09027777777777,92.9361111111111,T07,1.7000000000000002,17.7,9.412500000000001,2.8372916666666668,1.5,15.4,9.807638888888889,1.1965972222222223,20.0,27.0,23.07638888888889,1007.0,1009.0,1007.9305555555555,52.0,76.0,62.43055555555556,0.0,0.0,0.0,0.0,185.19444444444446,193.21527777777777,407.8958333333333,,0
2017-06-02 00:00:00+00:00,1766.4,0.0,1479.767361111111,62.143750000000004,61.3125,95.70833333333333,94.98611111111111,92.94444444444444,47.451388888888886,52.65972222222222,58.833333333333336,36.99305555555556,15.6,0.0,13.082638888888889,41.7,0.4,8.332638888888889,1.5118055555555556,2.896527777777778,93.96041666666666,24.67361111111111,-311.53472222222223,181020.64583333334,26022113.0,-274.2638888888889,-3490254,79.40972222222223,89.92361111111111,87.83333333333333,42.15972222222222,46.145833333333336,34.354166666666664,44.94444444444444,40.68055555555556,27.09027777777778,-3.2,89.6,0.9020833333333333,1.995138888888889,104.375,43.25,43.15277777777778,44.80555555555556,40.791666666666664,1084.2027777777778,0.9291666666666667,49.99861111111111,399.9625,398.1701388888889,398.2993055555555,916.2284722222222,932.1381944444444,914.9569444444444,2104.6,-49.4,44.166666666666664,0.5583333333333333,8.195833333333333,166.96666666666667,-145.39166666666668,695.6,-588.1,21.40347222222222,1085.7270833333334,2000.0,0.0,165.64652777777778,-785.1236111111111,0.0,-1000.0,96.04166666666667,693.9069444444444,1000.0,0.0,117.36736111111112,63.59027777777778,91.06527777777778,T07,0.9,16.6,7.439583333333333,2.070069444444444,0.8,15.6,8.258333333333333,0.7748611111111111,21.0,28.0,24.055555555555557,1006.0,1009.0,1007.3888888888889,45.0,72.0,57.56944444444444,0.0,0.0,0.0,0.0,145.69444444444446,162.15972222222223,407.3263888888889,,0
2017-06-03 00:00:00+00:00,1654.7,0.0,698.0194444444445,122.03888888888888,38.770833333333336,50.104166666666664,50.03472222222222,49.791666666666664,45.75694444444444,45.99305555555556,46.99305555555556,31.3125,14.6,0.0,6.125694444444445,21.5,0.4,3.563888888888889,0.7854166666666668,5.171527777777778,220.1451388888889,22.819444444444443,-948.6458333333334,14471.458333333334,1947281.0,-1309.763888888889,-951758,67.02777777777777,73.05555555555556,70.91666666666667,36.40277777777778,38.763888888888886,33.861111111111114,38.77777777777778,29.53472222222222,27.3125,-3.0,85.0,11.952777777777778,3.0590277777777777,63.27777777777778,36.1875,36.09722222222222,37.90972222222222,36.291666666666664,81.14583333333333,0.6756944444444445,50.0,399.85833333333335,398.1986111111111,397.1361111111111,91.58055555555556,101.32708333333333,93.35416666666667,951.8,-50.5,35.236111111111114,1.1,3.5618055555555554,39.743750000000006,-39.62291666666667,1000.7,-792.8,30.62916666666667,93.91874999999999,980.6,0.0,41.645833333333336,-297.09444444444443,0.0,-1000.0,85.42291666666667,297.09444444444443,1000.0,0.0,85.42291666666667,40.27777777777778,194.96319444444444,T07,0.0,9.5,3.582638888888889,0.33979166666666666,0.0,9.4,3.560416666666667,0.36423611111111115,19.0,25.0,21.92361111111111,1007.0,1010.0,1008.4583333333334,53.0,96.0,72.59722222222223,0.0,0.0,0.0,0.0,68.39583333333333,68.08333333333333,408.36805555555554,,0
2017-06-04 00:00:00+00:00,1698.1,0.0,802.1312499999999,67.03194444444445,37.38194444444444,50.63194444444444,50.52777777777778,50.15277777777778,39.875,45.31944444444444,46.416666666666664,29.493055555555557,15.1,0.0,7.033333333333333,40.0,0.4,4.026388888888889,0.911111111111111,10.906944444444445,241.74930555555557,21.04861111111111,-597.625,35112.53472222222,4970144.0,-793.2361111111111,-1521833,75.38194444444444,78.63888888888889,75.75694444444444,35.84027777777778,37.361111111111114,31.65972222222222,38.048611111111114,27.444444444444443,25.1875,-3.1,84.8,10.071527777777778,1.25625,64.04166666666667,35.88194444444444,35.763888888888886,37.61805555555556,35.44444444444444,207.11666666666667,0.7513888888888889,50.0,399.6722222222222,397.7902777777778,396.9451388888889,190.575,201.21180555555554,189.875,2006.7,-50.5,33.958333333333336,0.6076388888888888,4.015972222222222,79.44375,-63.4048611111111,999.7,-861.7,17.388194444444444,213.72916666666666,2000.0,0.0,79.22430555555555,-421.4583333333333,0.0,-1000.0,80.62847222222223,421.31111111111113,1000.0,0.0,81.33472222222223,40.81944444444444,230.83749999999998,T07,0.0,12.8,4.491666666666666,0.45944444444444443,0.0,12.8,4.515277777777778,0.48201388888888885,17.0,22.0,20.166666666666668,1007.0,1010.0,1008.9652777777778,48.0,91.0,69.07638888888889,0.0,0.0,0.0,0.0,86.72916666666667,87.20138888888889,408.90972222222223,,0
2017-06-05 00:00:00+00:00,1653.9,0.0,858.4986111111111,63.10555555555556,39.22222222222222,53.708333333333336,53.666666666666664,53.44444444444444,35.94444444444444,45.80555555555556,47.666666666666664,29.51388888888889,14.7,0.0,7.468055555555556,21.6,0.4,3.9875000000000003,0.8444444444444446,-3.591666666666667,253.13958333333332,21.27777777777778,-566.25,23607.98611111111,3318007.0,-638.6875,-1357618,74.80555555555556,78.125,75.02083333333333,36.479166666666664,37.8125,32.236111111111114,38.47222222222222,28.194444444444443,25.07638888888889,-3.1,89.8,8.677083333333334,1.4506944444444445,73.34722222222223,36.36805555555556,36.263888888888886,38.138888888888886,35.96527777777778,138.26458333333332,0.7618055555555556,50.00138888888889,399.59027777777777,397.6298611111111,396.75069444444443,131.7736111111111,145.15833333333333,132.45416666666668,1005.6,-50.3,34.395833333333336,0.5541666666666667,4.002777777777777,58.72083333333333,-56.50138888888889,1000.0,-995.8,16.915972222222223,144.0861111111111,1037.1,0.0,58.30972222222223,-448.2138888888889,0.0,-1000.0,116.0326388888889,448.2138888888889,1000.0,0.0,116.0326388888889,39.84722222222222,259.22847222222225,T07,0.3,9.5,4.283333333333333,0.3902777777777778,0.0,9.5,4.309722222222223,0.4052777777777778,18.0,24.0,20.5,1008.0,1011.0,1009.6458333333334,55.0,86.0,68.28472222222223,0.0,0.0,0.0,0.0,82.40972222222223,82.86805555555556,409.625,,0
2017-06-06 00:00:00+00:00,1676.9,0.0,804.8180555555556,57.016666666666666,39.201388888888886,52.375,52.326388888888886,52.041666666666664,39.99305555555556,46.701388888888886,47.923611111111114,30.92361111111111,14.9,0.0,7.020138888888889,24.4,0.4,4.107638888888889,0.8506944444444444,-6.014583333333333,273.31458333333336,22.555555555555557,-506.9791666666667,24850.395833333332,3505454.0,-609.9236111111111,-1335195,75.53472222222223,78.84722222222223,75.67361111111111,36.451388888888886,38.55555555555556,32.65972222222222,38.875,29.291666666666668,26.083333333333332,-3.1,89.8,11.37361111111111,1.3868055555555554,68.36111111111111,36.44444444444444,36.375,38.28472222222222,36.27777777777778,146.08958333333334,0.7368055555555556,50.00069444444445,399.6722222222222,397.80555555555554,397.1951388888889,139.6236111111111,153.14166666666668,141.49374999999998,1295.6,-50.5,35.21527777777778,0.5319444444444446,4.070138888888889,49.30902777777778,-55.631249999999994,1001.4,-522.0,21.352083333333333,165.68055555555554,1443.8,0.0,55.89513888888889,-433.0513888888889,0.0,-1000.0,65.07430555555555,433.0513888888889,1000.0,0.0,65.07430555555555,40.90972222222222,284.3208333333333,T07,0.0,10.4,4.316666666666666,0.3504861111111111,0.0,10.6,4.288194444444445,0.36506944444444445,17.0,26.0,21.729166666666668,1007.0,1010.0,1008.0416666666666,44.0,82.0,62.18055555555556,0.0,0.0,0.0,0.0,83.14583333333333,82.625,407.97222222222223,,0
2017-06-07 00:00:00+00:00,1815.5,0.0,1025.4840277777778,31.967361111111114,55.041666666666664,80.61111111111111,79.88194444444444,78.02777777777777,41.59027777777778,48.416666666666664,52.34027777777778,34.666666666666664,15.9,0.0,9.002083333333333,43.4,0.4,7.620833333333334,1.4625,5.123611111111111,117.7472222222222,24.270833333333332,-469.59722222222223,153243.95138888888,21999507.0,-493.55555555555554,-2615025,85.76388888888889,91.61111111111111,88.65972222222223,39.916666666666664,42.854166666666664,33.84722222222222,43.02777777777778,38.15277777777778,27.34722222222222,-2.8,47.8,11.916666666666666,1.3472222222222223,81.45833333333333,40.65277777777778,40.486111111111114,42.1875,38.583333333333336,916.7006944444444,0.8493055555555556,50.0,400.6875,398.8381944444444,398.75,771.9319444444444,780.1083333333333,764.9916666666667,2108.0,-49.8,41.84027777777778,0.31527777777777777,7.460416666666666,81.91944444444444,-108.96666666666667,745.0,-308.7,5.884722222222222,921.8659722222224,2000.0,0.0,82.14583333333333,-422.2916666666667,0.0,-1000.0,56.59305555555555,341.99027777777775,1000.0,0.0,61.5298611111111,55.333333333333336,97.62569444444445,T07,0.0,21.4,8.26875,1.9023611111111112,0.0,19.2,7.965972222222222,0.9020833333333333,19.0,29.0,23.98611111111111,1005.0,1009.0,1007.0833333333334,37.0,82.0,55.50694444444444,0.0,0.0,0.0,0.0,162.36805555555554,156.20833333333334,407.03472222222223,,0
2017-06-08 00:00:00+00:00,1823.1,1225.4,1651.927777777778,29.991666666666667,75.97916666666667,122.97222222222223,121.68055555555556,118.35416666666667,46.173611111111114,53.770833333333336,62.00694444444444,39.43055555555556,15.9,10.9,14.634722222222223,49.4,0.5,11.377777777777778,2.292361111111111,0.48819444444444443,99.98055555555555,24.82638888888889,0.0,281071.43055555556,40474286.0,0.0,-4619055,95.17361111111111,108.35416666666667,107.92361111111111,45.22222222222222,49.90972222222222,33.31944444444444,48.47222222222222,47.56944444444444,27.11111111111111,-3.0,17.5,2.3826388888888888,2.148611111111111,118.14583333333333,46.861111111111114,46.736111111111114,48.229166666666664,42.770833333333336,1686.5284722222223,0.9958333333333333,50.0,400.75,398.53194444444443,399.7138888888889,1407.7173611111111,1423.6493055555557,1395.5354166666666,2108.1,58.1,49.625,0.25486111111111115,11.125,161.22083333333333,-192.45902777777778,-93.7,-229.4,3.949305555555556,1683.2923611111112,2000.0,29.8,159.16458333333333,-776.4090277777777,-146.2,-1000.0,107.07847222222222,620.4236111111111,1000.0,146.2,117.93402777777777,77.43055555555556,99.49375,T07,3.0,21.3,11.56111111111111,2.9752083333333332,2.6,19.5,11.013194444444444,1.9409722222222223,22.0,28.0,24.291666666666668,1004.0,1007.0,1004.8958333333334,43.0,64.0,52.90277777777778,0.0,0.0,0.0,0.0,228.33333333333334,217.32638888888889,404.84722222222223,,0
2017-06-09 00:00:00+00:00,1740.5,0.0,757.557638888889,90.02708333333334,44.173611111111114,56.729166666666664,56.673611111111114,56.326388888888886,46.80555555555556,45.604166666666664,47.27777777777778,33.69444444444444,15.4,0.0,6.573611111111111,22.1,0.4,3.7874999999999996,0.7111111111111111,5.704861111111111,189.50069444444443,24.756944444444443,-1153.4097222222222,26459.51388888889,3644082.0,-1615.861111111111,-997500,66.27777777777777,75.25,71.61805555555556,37.326388888888886,41.40277777777778,35.30555555555556,40.604166666666664,33.56944444444444,28.45138888888889,-2.5,89.7,11.713194444444445,2.651388888888889,70.27083333333333,37.30555555555556,37.208333333333336,39.06944444444444,37.38194444444444,151.77152777777778,0.6090277777777778,50.00069444444445,399.96944444444443,398.41875000000005,396.9826388888889,164.02152777777778,172.8875,166.14583333333334,2102.7,-52.2,37.65972222222222,0.7861111111111111,3.754166666666667,42.047916666666666,-41.53472222222222,1000.8,-801.4,52.385416666666664,166.52708333333334,2000.0,0.0,42.25069444444445,-238.4715277777778,0.0,-1000.0,99.46319444444445,227.59791666666666,1000.0,0.0,104.09652777777778,48.201388888888886,176.29652777777778,T07,0.0,15.4,3.716666666666667,0.4857638888888889,0.0,13.7,3.8618055555555557,0.3518055555555556,19.0,28.0,24.020833333333332,1006.0,1009.0,1007.2361111111111,31.0,77.0,56.18055555555556,0.0,0.0,0.0,0.0,71.00694444444444,73.875,407.19444444444446,,0
2017-06-10 00:00:00+00:00,1780.1,0.0,1370.6993055555556,36.927083333333336,57.63194444444444,88.55555555555556,87.91666666666667,85.93055555555556,40.46527777777778,50.798611111111114,56.30555555555556,35.25,15.7,0.0,12.101388888888888,42.5,0.4,8.052777777777777,1.4569444444444446,-0.298611111111111,91.69652777777777,24.006944444444443,-240.98611111111111,172142.1875,24753774.0,-217.625,-3218536,72.94444444444444,82.51388888888889,79.72222222222223,41.048611111111114,44.076388888888886,33.388888888888886,43.77777777777778,39.291666666666664,26.833333333333332,-3.2,44.4,2.9055555555555554,0.9812500000000001,94.39583333333333,42.05555555555556,41.90277777777778,43.548611111111114,39.59722222222222,1031.3979166666666,0.9243055555555555,50.0,400.2604166666667,398.26874999999995,398.32916666666665,871.3354166666667,888.5034722222222,869.8354166666667,2105.3,-45.0,43.06944444444444,0.3138888888888889,7.947222222222223,136.47361111111113,-134.1263888888889,993.5,-851.5,23.458333333333332,1032.8034722222224,2000.0,0.0,136.28750000000002,-739.3291666666667,0.0,-1000.0,70.86111111111111,659.3687500000001,1000.0,0.0,83.90138888888889,62.11805555555556,104.50208333333333,T07,0.9,17.0,7.226388888888888,1.8409722222222225,0.7000000000000001,15.2,7.958333333333333,0.5829861111111111,20.0,27.0,23.395833333333332,1006.0,1008.0,1007.2638888888889,44.0,79.0,61.763888888888886,0.0,0.0,0.0,0.0,141.40972222222223,156.01388888888889,407.2083333333333,,0
2017-06-11 00:00:00+00:00,1802.4,1232.5,1658.6333333333334,24.347916666666666,76.41666666666667,128.68055555555554,127.29861111111111,123.63888888888889,45.861111111111114,54.28472222222222,62.576388888888886,39.888888888888886,15.8,10.9,14.698611111111111,43.3,0.5,11.821527777777778,2.1979166666666665,0.32083333333333347,89.51597222222222,24.944444444444443,0.0,298410.4166666667,42971100.0,0.0,-4696019,96.04861111111111,109.73611111111111,110.08333333333333,46.13194444444444,50.80555555555556,33.65972222222222,49.888888888888886,48.798611111111114,26.9375,-3.0,15.1,3.4937500000000004,2.0256944444444445,121.88888888888889,47.888888888888886,47.77777777777778,49.19444444444444,43.49305555555556,1790.459027777778,0.9972222222222222,50.00069444444445,400.8986111111111,398.52986111111113,399.6902777777778,1492.0534722222224,1510.586111111111,1483.3368055555557,2108.5,98.9,51.65972222222222,0.2138888888888889,11.614583333333334,100.39583333333333,-195.66597222222222,-125.1,-227.2,3.6458333333333335,1787.9486111111112,2000.0,97.1,98.98124999999999,-705.15625,-475.9,-1000.0,79.24652777777777,538.9437499999999,1000.0,406.1,75.86944444444445,77.59722222222223,89.19097222222223,T07,2.4,18.4,10.153472222222222,3.0147916666666665,2.8,19.2,11.537500000000001,1.1506944444444445,20.0,29.0,24.319444444444443,1005.0,1008.0,1006.2708333333334,24.0,81.0,52.548611111111114,0.0,0.0,0.0,0.0,200.00694444444446,227.73611111111111,406.25694444444446,,0
2017-06-12 00:00:00+00:00,1794.2,1200.7,1626.0263888888887,40.05902777777778,68.30555555555556,109.53472222222223,108.61805555555556,105.97222222222223,44.90277777777778,54.06944444444444,61.71527777777778,39.40277777777778,15.7,10.6,14.404861111111112,43.2,0.5,10.122222222222222,1.8951388888888887,-1.2854166666666667,99.56875,26.17361111111111,0.0,233334.9375,33600231.0,0.0,-3809708,87.19444444444444,99.0625,98.00694444444444,43.97222222222222,48.90277777777778,34.55555555555556,47.6875,45.90277777777778,28.4375,-3.3,16.6,0.4645833333333333,1.2479166666666668,111.77083333333333,45.47222222222222,45.38194444444444,46.90277777777778,42.36805555555556,1399.9569444444444,0.995138888888889,50.0,400.43541666666664,398.3840277777778,399.2590277777778,1172.6548611111111,1189.5444444444445,1163.6902777777777,2108.7,76.6,47.81944444444444,0.3506944444444444,9.866666666666667,175.79791666666668,-158.73611111111111,1000.7,-221.1,10.652777777777779,1398.4638888888887,2000.0,71.9,175.09861111111113,-868.8805555555556,-352.4,-1000.0,63.35486111111111,764.1583333333333,1000.0,352.4,86.46944444444445,71.32638888888889,100.85138888888889,T07,0.9,20.2,10.24861111111111,2.7002777777777776,0.9,18.7,9.959027777777777,1.5282638888888889,22.0,29.0,25.67361111111111,1002.0,1007.0,1004.5277777777778,24.0,61.0,39.895833333333336,0.0,0.0,0.0,0.0,202.09722222222223,196.27083333333334,404.49305555555554,,0
2017-06-13 00:00:00+00:00,1795.8,0.0,1363.2645833333333,95.53333333333333,58.173611111111114,87.43055555555556,87.00694444444444,85.47222222222223,47.6875,52.13194444444444,57.3125,36.645833333333336,15.8,0.0,12.066666666666666,44.3,0.4,7.468055555555556,1.5444444444444445,-1.0597222222222222,156.70416666666668,25.375,-456.2916666666667,135900.0625,19503906.0,-535.6180555555555,-3026173,77.6875,88.45138888888889,86.4375,40.923611111111114,45.576388888888886,34.75,44.229166666666664,39.923611111111114,28.48611111111111,-3.2,89.8,2.6277777777777778,2.459027777777778,98.96527777777777,41.736111111111114,41.65277777777778,43.326388888888886,39.96527777777778,812.6479166666667,0.8770833333333333,49.99930555555555,400.11875,398.2965277777778,398.4659722222222,693.4819444444444,708.3256944444444,689.6791666666667,2107.6,-50.7,42.673611111111114,0.8479166666666668,7.286111111111111,146.66250000000002,-126.07708333333332,1000.3,-598.8,20.829166666666666,818.8416666666667,2000.0,0.0,146.75972222222222,-689.0875000000001,0.0,-1000.0,101.27847222222222,633.0722222222222,1000.0,0.0,109.00486111111111,60.97222222222222,157.75555555555556,T07,0.8,17.0,6.188888888888889,1.9103472222222224,0.4,17.0,6.105555555555556,1.8814583333333335,20.0,30.0,24.354166666666668,1002.0,1006.0,1003.6736111111111,35.0,87.0,58.625,0.0,0.0,0.0,0.0,120.72916666666667,118.95138888888889,403.625,,0
2017-06-14 00:00:00+00:00,1597.2,0.0,579.8645833333334,42.82708333333333,36.52777777777778,46.388888888888886,46.361111111111114,46.09722222222222,44.71527777777778,43.041666666666664,43.541666666666664,31.71527777777778,14.1,0.0,4.966666666666667,21.3,0.4,3.1805555555555554,0.6958333333333333,4.781944444444445,213.10416666666666,23.5625,-647.3472222222222,11564.590277777777,1572081.0,-724.6736111111111,-820371,67.90277777777777,73.30555555555556,71.77777777777777,35.59722222222222,38.111111111111114,35.22222222222222,38.31944444444444,29.29861111111111,28.52777777777778,-3.0,75.2,13.496527777777779,0.8298611111111112,57.8125,35.354166666666664,35.173611111111114,37.076388888888886,35.486111111111114,65.48819444444445,0.7520833333333334,50.00069444444445,399.76250000000005,398.34791666666666,397.04305555555555,69.0375,78.21319444444445,71.64305555555556,775.0,-50.4,34.611111111111114,0.35833333333333334,3.1680555555555556,31.600694444444443,-34.15833333333333,999.9,-674.0,14.343055555555557,72.85624999999999,784.9,0.0,31.34861111111111,-279.93888888888887,0.0,-1000.0,83.0375,279.93888888888887,1000.0,0.0,83.0375,37.46527777777778,198.30763888888887,T07,0.1,8.9,3.3743055555555554,0.2825,0.0,9.1,3.3368055555555554,0.2956944444444444,19.0,27.0,22.395833333333332,1005.0,1008.0,1006.4236111111111,53.0,96.0,79.04861111111111,0.0,0.0,0.0,0.0,64.05555555555556,63.47222222222222,406.375,,0
2017-06-15 00:00:00+00:00,1626.5,0.0,489.9243055555556,64.08819444444445,37.166666666666664,44.798611111111114,44.770833333333336,44.43055555555556,47.208333333333336,43.22222222222222,43.68055555555556,32.9375,14.4,0.0,4.2131944444444445,18.6,0.4,3.120833333333333,0.6993055555555556,16.286805555555553,259.14374999999995,25.520833333333332,-1057.3472222222222,8231.645833333334,1033100.0,-1841.6319444444443,-744693,76.45138888888889,79.48611111111111,76.86111111111111,35.604166666666664,39.13194444444444,36.041666666666664,39.270833333333336,30.895833333333332,29.604166666666668,-2.5,88.9,18.601388888888888,1.9020833333333336,54.21527777777778,35.3125,35.138888888888886,37.083333333333336,35.69444444444444,43.06597222222222,0.5527777777777778,49.99861111111111,399.29583333333335,398.0076388888889,396.4263888888889,59.52638888888888,66.31597222222223,62.576388888888886,840.5,-50.1,35.291666666666664,0.6097222222222222,3.097916666666667,27.203472222222224,-31.02708333333333,1000.0,-594.5,20.186111111111114,55.166666666666664,868.8,0.0,28.87916666666667,-190.35000000000002,0.0,-1000.0,68.21666666666667,190.35000000000002,1000.0,0.0,68.21666666666667,38.47222222222222,257.8645833333333,T07,0.0,8.9,3.3291666666666666,0.2913888888888889,0.1,9.2,3.33125,0.2833333333333333,19.0,30.0,24.36111111111111,1006.0,1008.0,1007.3819444444445,41.0,93.0,72.84722222222223,0.0,0.0,0.0,0.0,63.333333333333336,63.31944444444444,407.34027777777777,,0
2017-06-16 00:00:00+00:00,1793.0,0.0,1100.9388888888889,50.798611111111114,59.40972222222222,86.15277777777777,85.56944444444444,83.92361111111111,45.15277777777778,53.8125,57.61805555555556,39.611111111111114,15.8,0.0,9.690277777777778,48.6,0.4,10.03263888888889,1.9493055555555554,-0.11249999999999998,103.49930555555555,29.194444444444443,-902.2708333333334,137870.70833333334,19723452.0,-865.9861111111111,-2839244,85.09722222222223,92.24305555555556,90.0,42.84722222222222,47.63194444444444,36.458333333333336,46.798611111111114,43.208333333333336,30.67361111111111,-3.3,89.8,25.06736111111111,1.5354166666666667,91.77083333333333,43.576388888888886,43.458333333333336,45.13194444444444,42.30555555555556,821.8062500000001,0.8680555555555556,50.00069444444445,400.3520833333333,398.3909722222222,398.79375000000005,702.2645833333333,715.0493055555556,699.9090277777777,2105.7,-50.3,45.423611111111114,0.41875,9.76875,128.2826388888889,-118.27916666666667,999.8,-843.3,15.184027777777779,1337.5749999999998,2000.0,0.0,157.5701388888889,-563.7569444444445,0.0,-1000.0,74.92291666666667,500.78819444444446,1000.0,0.0,85.76527777777778,61.40972222222222,103.61319444444445,T07,1.0,21.6,10.272916666666667,2.5825694444444443,1.4,19.5,10.040277777777778,1.6708333333333334,23.0,34.0,28.555555555555557,1006.0,1009.0,1007.9583333333334,18.0,61.0,39.8125,0.0,0.0,0.0,0.0,202.52083333333334,197.80555555555554,407.90277777777777,,0
2017-06-17 00:00:00+00:00,1794.9,0.0,519.2416666666667,27.402083333333334,48.8125,63.6875,63.236111111111114,61.97222222222222,40.666666666666664,51.451388888888886,49.97222222222222,38.736111111111114,15.8,0.0,4.473611111111111,44.5,0.5,10.266666666666667,1.8729166666666666,-0.05833333333333346,102.63819444444444,29.36111111111111,-1162.5208333333333,90934.18055555556,12927118.0,-1319.326388888889,-1653369,73.82638888888889,81.76388888888889,79.55555555555556,41.63194444444444,45.1875,35.49305555555556,45.09722222222222,40.673611111111114,30.395833333333332,-2.5,89.8,63.15416666666666,1.2652777777777777,63.27777777777778,41.701388888888886,41.625,43.43055555555556,41.59027777777778,539.3493055555556,0.7881944444444444,50.0,401.8958333333333,399.7729166666667,400.55833333333334,462.4791666666667,469.8076388888889,462.3840277777778,2105.8,-46.6,43.19444444444444,0.17569444444444446,10.127083333333333,42.609027777777776,-68.975,14.5,-239.6,3.6937499999999996,1416.4562500000002,2000.0,0.0,208.75069444444443,-217.56319444444443,0.0,-1000.0,26.899305555555557,168.17569444444445,1000.0,0.0,29.38819444444444,50.201388888888886,102.69999999999999,T07,2.3,19.1,10.324305555555556,2.7755555555555556,1.8,17.9,10.247222222222222,1.614513888888889,25.0,33.0,28.77777777777778,1004.0,1010.0,1006.4722222222222,25.0,46.0,35.43055555555556,0.0,0.0,0.0,0.0,203.45833333333334,201.93055555555554,406.4236111111111,,0
2017-06-18 00:00:00+00:00,1781.7,1240.4,1646.1048611111112,27.541666666666668,72.22222222222223,115.375,114.50694444444444,111.58333333333333,45.104166666666664,54.6875,62.8125,41.72222222222222,15.7,11.0,14.577777777777776,43.8,0.4,10.254861111111111,1.8958333333333333,-0.18124999999999986,93.01388888888889,28.493055555555557,0.0,249915.54861111112,35987839.0,0.0,-4372094,89.82638888888889,101.32638888888889,100.10416666666667,46.076388888888886,50.333333333333336,36.78472222222222,49.798611111111114,49.104166666666664,30.65972222222222,-3.3,10.9,-0.17986111111111114,1.0743055555555554,114.61111111111111,47.59722222222222,47.52777777777778,49.013888888888886,44.354166666666664,1499.3569444444445,0.9986111111111112,49.99930555555555,400.78541666666666,398.5361111111111,399.09166666666664,1248.5298611111111,1270.3527777777776,1244.6576388888889,2106.4,105.5,50.1875,0.23472222222222225,9.929861111111112,189.4048611111111,-182.16666666666666,-93.7,-222.1,4.952777777777778,1497.3166666666666,2000.0,99.5,188.06180555555557,-881.0388888888889,-487.7,-1000.0,82.54791666666667,760.8659722222222,1000.0,406.1,112.13749999999999,77.26388888888889,90.70069444444444,T07,1.7000000000000002,17.4,9.344444444444443,2.473125,1.7000000000000002,15.6,9.877083333333333,1.0901388888888888,24.0,33.0,27.958333333333332,1003.0,1006.0,1004.1597222222222,31.0,68.0,48.61805555555556,0.0,0.0,0.0,0.0,183.88888888888889,194.63888888888889,404.09027777777777,,0
2017-06-19 00:00:00+00:00,1844.2,1187.7,1605.2458333333334,39.71736111111111,70.72222222222223,110.73611111111111,109.73611111111111,107.09722222222223,44.236111111111114,55.22222222222222,62.34722222222222,40.361111111111114,16.0,10.5,14.222916666666666,45.2,0.5,11.147916666666667,2.0784722222222225,-0.073611111111111,104.44652777777777,27.28472222222222,-6.527777777777778,231379.97222222222,33317776.0,-6.138888888888889,-4407959,87.52777777777777,99.34027777777777,98.67361111111111,44.513888888888886,49.041666666666664,35.451388888888886,48.81944444444444,47.34722222222222,29.0625,-3.1,19.2,3.0875000000000004,1.3659722222222224,113.59722222222223,45.895833333333336,45.75694444444444,47.30555555555556,42.798611111111114,1388.257638888889,0.9847222222222223,50.00069444444445,399.8333333333333,397.78194444444443,398.35069444444446,1162.0805555555555,1180.2180555555556,1158.115277777778,2105.1,-50.5,49.00694444444444,0.33958333333333335,10.7625,140.82569444444445,-183.66875,4.9,-235.9,5.023611111111111,1387.3548611111112,2000.0,0.0,139.64999999999998,-826.0770833333333,0.0,-1000.0,51.59722222222222,722.5020833333333,1000.0,0.0,70.86041666666667,72.42361111111111,104.53125,T07,0.5,22.9,10.845833333333333,3.1134027777777775,0.3,20.8,10.428472222222222,1.8439583333333336,24.0,30.0,26.645833333333332,1005.0,1007.0,1005.7916666666666,44.0,66.0,53.104166666666664,0.0,0.0,0.0,0.0,213.97222222222223,205.65277777777777,405.7638888888889,,0
2017-06-20 00:00:00+00:00,1817.4,55.4,1578.677777777778,44.60277777777778,69.65972222222223,110.40277777777777,109.38194444444444,106.75694444444444,43.979166666666664,55.18055555555556,61.8125,39.791666666666664,15.9,0.0,13.98263888888889,43.6,0.7000000000000001,10.684722222222222,2.0340277777777778,-0.43472222222222223,99.66874999999999,26.569444444444443,-56.708333333333336,223627.53472222222,32194199.0,-50.048611111111114,-4278844,88.11111111111111,100.47222222222223,100.5625,43.93055555555556,48.84722222222222,34.44444444444444,48.63194444444444,46.645833333333336,28.02777777777778,-3.0,83.5,3.096527777777778,1.8187499999999999,113.58333333333333,45.25,45.11805555555556,46.65972222222222,42.173611111111114,1341.3645833333333,0.9645833333333333,49.99930555555555,399.90486111111113,397.88680555555555,398.48333333333335,1126.4055555555556,1142.1145833333333,1121.1569444444444,2110.3,-50.3,48.763888888888886,0.3854166666666667,10.356944444444444,125.67847222222223,-178.28750000000002,459.7,-227.5,7.13611111111111,1345.7770833333334,2000.0,0.0,124.37986111111111,-778.651388888889,0.0,-1000.0,79.61736111111111,671.375,1000.0,0.0,85.40208333333334,71.54166666666667,100.10694444444444,T07,1.4,25.5,10.518055555555556,3.1117361111111115,1.3,23.0,10.508333333333333,1.3605555555555555,23.0,30.0,25.96527777777778,1005.0,1008.0,1006.9236111111111,44.0,77.0,60.833333333333336,0.0,0.0,0.0,0.0,207.35416666666666,207.19444444444446,406.8611111111111,,0
2017-06-21 00:00:00+00:00,1786.8,0.0,1076.9423611111113,72.26875000000001,48.201388888888886,66.50694444444444,66.36111111111111,65.80555555555556,46.68055555555556,49.06944444444444,51.798611111111114,34.09722222222222,15.7,0.0,9.503472222222221,27.6,0.4,5.15,1.0347222222222223,-4.010416666666667,201.35763888888889,24.84722222222222,-676.8125,51131.21527777778,7265438.0,-881.2847222222222,-1697456,68.56944444444444,78.1875,75.86111111111111,38.25,41.02777777777778,35.25694444444444,41.84722222222222,35.416666666666664,28.82638888888889,-3.1,89.7,5.577083333333333,1.9000000000000001,84.59027777777777,38.44444444444444,38.326388888888886,40.19444444444444,37.93055555555556,302.67499999999995,0.7444444444444445,50.0,399.8527777777778,398.31875,397.6875,279.80069444444445,293.0826388888889,281.46180555555554,2103.2,-50.4,39.15972222222222,0.6506944444444445,5.013194444444444,74.68958333333333,-70.73472222222222,1000.2,-947.3,34.84513888888889,311.6076388888889,2000.0,0.0,76.12569444444445,-498.71597222222226,0.0,-1000.0,139.12986111111113,482.90416666666664,1000.0,0.0,140.5284722222222,50.416666666666664,205.36944444444444,T07,0.4,15.0,4.810416666666667,0.7834722222222222,0.2,14.8,4.665277777777778,0.8096527777777778,21.0,26.0,23.854166666666668,1007.0,1010.0,1008.3472222222222,49.0,85.0,73.8125,0.0,0.0,0.0,0.0,93.09722222222223,90.11111111111111,408.2986111111111,,0
2017-06-22 00:00:00+00:00,1661.9,0.0,595.0212598425196,84.28346456692914,37.68503937007874,46.732283464566926,46.71653543307087,46.496062992125985,41.818897637795274,43.8503937007874,44.645669291338585,31.480314960629922,14.7,0.0,5.2062992125984255,25.0,0.4,3.1866141732283464,0.6464566929133859,16.032283464566927,264.06141732283464,23.401574803149607,-869.4173228346457,10063.574803149606,1167657.0,-1030.4724409448818,-617230,65.31496062992126,70.26771653543307,69.28346456692914,35.503937007874015,36.54330708661417,34.85826771653543,38.48031496062992,29.913385826771652,28.480314960629922,-3.0,90.0,14.71732283464567,2.3496062992125983,57.44881889763779,35.30708661417323,35.181102362204726,37.07086614173228,35.59842519685039,55.16062992125984,0.6755905511811024,50.000787401574804,399.363779527559,398.56299212598424,396.8047244094488,70.72125984251969,77.21338582677166,74.00787401574803,942.6,-50.3,34.22834645669291,0.7842519685039371,3.1708661417322834,28.351181102362204,-29.175590551181102,999.9,-735.6,36.27165354330709,66.97086614173227,956.4,0.0,29.071653543307086,-211.9724409448819,0.0,-1000.0,71.05826771653543,211.9724409448819,1000.0,0.0,71.05826771653543,38.95275590551181,276.3748031496063,T07,0.0,9.5,3.276388888888889,0.238125,0.0,9.7,3.301388888888889,0.25048611111111113,19.0,26.0,22.38888888888889,1009.0,1013.0,1010.5833333333334,65.0,96.0,80.59027777777777,0.0,0.0,0.0,0.0,62.291666666666664,62.701388888888886,410.50694444444446,,0
2017-06-23 00:00:00+00:00,1671.6,0.0,581.7534722222222,71.90694444444445,38.59027777777778,47.236111111111114,47.166666666666664,46.90972222222222,41.673611111111114,44.25694444444444,44.90277777777778,32.99305555555556,14.8,0.0,4.930555555555555,21.5,0.4,3.2756944444444445,0.6159722222222223,19.78402777777778,258.36319444444445,25.95138888888889,-738.7430555555555,13315.631944444445,1811071.0,-779.9097222222222,-813373,76.22222222222223,78.84027777777777,76.8125,36.145833333333336,37.56944444444444,36.02777777777778,39.611111111111114,31.21527777777778,29.59027777777778,-3.0,85.2,14.3125,1.6729166666666666,57.138888888888886,35.90277777777778,35.770833333333336,37.63194444444444,36.270833333333336,75.46319444444445,0.7222222222222223,49.99930555555555,399.0763888888889,398.27152777777775,396.5597222222222,81.5013888888889,89.74722222222222,85.13472222222222,1043.2,-49.9,35.166666666666664,0.64375,3.245138888888889,32.21527777777778,-33.89375,937.1,-968.1,26.883333333333333,84.76319444444444,1070.9,0.0,32.451388888888886,-256.1166666666667,0.0,-1000.0,71.04791666666667,256.1166666666667,1000.0,0.0,71.04791666666667,40.388888888888886,261.0763888888889,T07,0.0,8.6,3.240972222222222,0.24229166666666668,0.0,8.9,3.222916666666667,0.25222222222222224,19.0,33.0,24.86111111111111,1011.0,1014.0,1012.8402777777778,19.0,97.0,68.98611111111111,0.0,1.0,0.013888888888888888,0.0,61.479166666666664,61.138888888888886,412.75,,0
2017-06-24 00:00:00+00:00,1710.0,0.0,956.9472222222222,115.80208333333333,51.15972222222222,65.48611111111111,65.40972222222223,65.0,44.38194444444444,50.88194444444444,53.6875,39.61805555555556,15.1,0.0,8.40763888888889,40.2,0.4,4.572222222222222,0.9583333333333334,2.2270833333333333,108.24375,32.451388888888886,-891.1666666666666,35605.73611111111,4998900.0,-1189.5,-1490032,81.5625,85.84027777777777,83.35416666666667,41.34027777777778,45.09722222222222,40.50694444444444,45.78472222222222,40.486111111111114,34.40972222222222,-3.1,89.2,9.672916666666667,3.3986111111111112,80.0,41.361111111111114,41.291666666666664,43.201388888888886,42.041666666666664,208.28194444444443,0.7013888888888888,50.0,399.39374999999995,398.0388888888889,396.8076388888889,202.39583333333334,215.7111111111111,207.07916666666668,2098.2,-50.5,42.701388888888886,1.0625,4.450694444444444,76.73958333333333,-62.10347222222222,1001.0,-991.9,45.295833333333334,220.3409722222222,2000.0,0.0,79.6263888888889,-421.6277777777778,0.0,-1000.0,116.8111111111111,417.78541666666666,1000.0,0.0,120.52152777777776,54.0,93.51944444444445,T07,0.5,15.9,4.840277777777778,0.8561111111111112,0.5,14.2,4.911111111111111,0.6528472222222222,26.0,38.0,32.05555555555556,1006.0,1013.0,1008.7083333333334,17.0,50.0,28.305555555555557,0.0,0.0,0.0,0.0,93.67361111111111,95.01388888888889,408.6736111111111,,0
2017-06-25 00:00:00+00:00,1731.3,0.0,1002.8000000000001,181.9659722222222,51.423611111111114,66.08333333333333,65.98611111111111,65.52777777777777,46.173611111111114,52.013888888888886,54.44444444444444,38.97222222222222,15.3,0.0,8.806944444444445,27.6,0.4,4.827083333333333,1.0923611111111111,-0.6312500000000002,167.84375,31.305555555555557,-1341.4930555555557,41885.041666666664,5838270.0,-1465.701388888889,-1552062,69.63194444444444,77.10416666666667,74.20138888888889,42.625,45.951388888888886,39.80555555555556,46.59027777777778,40.47222222222222,33.53472222222222,-3.1,89.5,7.388194444444445,4.725,83.0,42.77777777777778,42.6875,44.583333333333336,43.416666666666664,243.27291666666667,0.7638888888888888,49.99930555555555,399.50694444444446,398.00347222222223,397.15277777777777,238.2576388888889,250.29861111111111,240.6930555555556,2088.5,-50.9,43.78472222222222,1.6576388888888889,4.722222222222222,101.89444444444445,-64.6263888888889,1001.2,-1000.5,58.080555555555556,266.49930555555557,2000.0,0.0,103.9361111111111,-464.21875,0.0,-1000.0,146.25069444444443,460.2701388888888,1000.0,0.0,150.81458333333333,55.30555555555556,165.97777777777776,T07,0.3,12.7,4.834722222222222,1.0327083333333333,0.0,13.0,4.892361111111111,0.9046527777777779,27.0,34.0,30.604166666666668,1002.0,1008.0,1004.2430555555555,23.0,41.0,31.229166666666668,0.0,0.0,0.0,0.0,93.47916666666667,94.55555555555556,404.2083333333333,,0
2017-06-26 00:00:00+00:00,1610.3,0.0,771.7090277777778,51.87708333333333,42.75694444444444,53.958333333333336,53.875,53.75694444444444,45.770833333333336,47.236111111111114,48.041666666666664,34.31944444444444,14.3,0.0,6.754166666666666,27.3,0.4,3.672222222222222,0.7493055555555556,2.93125,241.23749999999998,26.13888888888889,-747.7222222222222,15661.159722222223,2147535.0,-1042.9375,-1158834,62.80555555555556,70.08333333333333,67.04861111111111,37.083333333333336,39.99305555555556,36.38194444444444,40.53472222222222,34.43055555555556,30.145833333333332,-3.1,89.8,9.868749999999999,1.3201388888888888,68.65972222222223,36.951388888888886,36.84027777777778,38.729166666666664,37.104166666666664,89.48472222222222,0.6923611111111111,49.99930555555555,399.43611111111113,398.01180555555555,397.06111111111113,101.05902777777777,111.48194444444444,101.25694444444444,718.6,-50.2,37.13194444444444,0.4694444444444444,3.625,41.078472222222224,-48.31319444444445,1001.0,-918.1,31.62013888888889,97.17569444444445,725.8,0.0,42.05902777777778,-377.9861111111111,0.0,-1000.0,115.63958333333332,377.9861111111111,1000.0,0.0,115.63958333333332,47.38194444444444,240.8125,T07,0.0,9.4,3.591666666666667,0.31805555555555554,0.0,9.2,3.6118055555555557,0.3255555555555556,21.0,30.0,25.0,1004.0,1006.0,1005.1805555555555,22.0,93.0,62.145833333333336,0.0,0.0,0.0,0.0,68.47916666666667,68.9375,405.1041666666667,,0
2017-06-27 00:00:00+00:00,1704.3,154.5,1327.4479166666667,112.22708333333334,47.395833333333336,68.39583333333333,68.21527777777777,67.48611111111111,36.888888888888886,49.96527777777778,54.041666666666664,32.13194444444444,15.1,0.0,11.758333333333333,34.8,0.4,6.052083333333333,1.1645833333333335,-0.1388888888888888,262.85625000000005,22.368055555555557,-310.4375,77211.88194444444,11073807.0,-290.56944444444446,-2516716,61.791666666666664,70.10416666666667,67.75,38.625,39.708333333333336,32.763888888888886,41.38194444444444,33.65972222222222,25.63888888888889,-3.2,53.1,0.7506944444444444,1.8499999999999999,90.54166666666667,39.145833333333336,39.020833333333336,40.80555555555556,38.076388888888886,461.4215277777778,0.8291666666666667,49.99930555555555,398.5875,396.87638888888887,396.75069444444443,414.76666666666665,430.2048611111111,414.18333333333334,2012.5,-50.4,38.90972222222222,0.9923611111111111,5.986805555555556,139.125,-104.84583333333333,962.8,-774.0,47.699305555555554,466.2868055555556,2000.0,0.0,139.77777777777777,-714.5111111111112,0.0,-1000.0,68.24375,709.4972222222223,1000.0,0.0,76.01180555555555,54.00694444444444,262.9944444444444,T07,1.4,12.2,6.345833333333333,0.5397222222222222,1.6,12.3,6.434027777777778,0.5524305555555555,19.0,24.0,21.54861111111111,1004.0,1009.0,1006.5069444444445,53.0,93.0,76.20833333333333,0.0,0.0,0.0,0.0,123.85416666666667,125.50694444444444,406.43055555555554,,0
2017-06-28 00:00:00+00:00,1732.3,50.4,1226.8784722222222,97.87569444444445,47.56944444444444,69.66666666666667,69.40277777777777,68.50694444444444,39.145833333333336,49.9375,53.65277777777778,31.569444444444443,15.3,0.0,10.868749999999999,41.6,0.4,6.225694444444445,1.2423611111111112,-1.229861111111111,283.26874999999995,22.28472222222222,-493.90277777777777,92037.36111111111,13182261.0,-539.0625,-2615389,69.17361111111111,76.90972222222223,75.13194444444444,38.826388888888886,39.36805555555556,32.49305555555556,40.44444444444444,33.076388888888886,25.444444444444443,-3.2,84.4,3.716666666666667,1.7194444444444443,85.40972222222223,39.34722222222222,39.22222222222222,41.048611111111114,38.111111111111114,549.3055555555555,0.8375,50.0,399.74861111111113,397.9138888888889,397.4291666666667,474.1652777777778,492.4743055555556,476.61875000000003,2103.4,-50.4,38.13194444444444,0.8604166666666667,6.138194444444444,168.51319444444445,-108.98402777777778,918.4,-624.9,19.234027777777776,556.5597222222223,2000.0,0.0,170.21249999999998,-659.5687499999999,0.0,-1000.0,69.3375,634.2881944444445,1000.0,0.0,87.87152777777777,53.36805555555556,284.49375,T07,1.1,13.9,6.636111111111111,0.6425694444444444,1.4,14.0,6.686111111111111,0.6579861111111112,19.0,23.0,21.36111111111111,1008.0,1010.0,1008.9583333333334,59.0,88.0,73.79861111111111,0.0,0.0,0.0,0.0,129.52777777777777,130.47222222222223,408.93055555555554,,0
2017-06-29 00:00:00+00:00,1776.1,1211.1,1518.1743055555555,65.11597222222223,52.375,81.40277777777777,80.90277777777777,79.51388888888889,38.708333333333336,53.666666666666664,58.541666666666664,33.09722222222222,15.6,10.7,13.45,41.6,0.5,7.862500000000001,1.4840277777777777,-1.1937500000000003,293.8881944444445,21.319444444444443,-0.3194444444444444,145305.63888888888,20923966.0,-0.3055555555555556,-3658996,67.94444444444444,77.36805555555556,75.58333333333333,40.354166666666664,41.25694444444444,31.805555555555557,42.083333333333336,35.354166666666664,23.916666666666668,-3.3,11.8,-1.4993055555555557,0.7180555555555556,99.54166666666667,41.3125,41.24305555555556,42.958333333333336,39.166666666666664,871.8326388888888,0.9770833333333333,50.00277777777777,399.39652777777775,397.3659722222222,397.62569444444443,730.3152777777777,754.6743055555556,731.8548611111112,2105.0,-50.4,40.583333333333336,0.570138888888889,7.8062499999999995,206.76527777777778,-152.46249999999998,7.1,-216.7,6.128472222222222,870.8347222222222,2000.0,0.0,206.3201388888889,-955.3416666666667,0.0,-1000.0,66.33125000000001,914.2041666666667,1000.0,0.0,86.09097222222222,58.736111111111114,295.09236111111113,T07,2.1,16.5,8.261805555555556,0.9852083333333334,2.4,16.8,8.286111111111111,0.9922916666666668,17.0,23.0,20.52777777777778,1007.0,1010.0,1008.2291666666666,38.0,87.0,59.05555555555556,0.0,0.0,0.0,0.0,162.22222222222223,162.71527777777777,408.19444444444446,,0
2017-06-30 00:00:00+00:00,1742.5,0.0,1439.5819444444444,69.59444444444445,49.958333333333336,75.65972222222223,75.41666666666667,74.32638888888889,37.25694444444444,52.513888888888886,56.916666666666664,32.24305555555556,15.4,0.0,12.743749999999999,40.8,0.4,6.981944444444444,1.3736111111111111,1.8993055555555556,296.58194444444445,20.90277777777778,-87.57638888888889,112186.65277777778,16142269.0,-65.88888888888889,-3204134,65.95833333333333,75.38888888888889,73.81944444444444,39.43055555555556,41.00694444444444,31.6875,41.645833333333336,34.111111111111114,23.881944444444443,-3.3,56.7,-1.06875,0.5645833333333334,97.5625,40.09722222222222,40.02777777777778,41.798611111111114,38.5,672.5305555555556,0.9458333333333333,50.0,399.16597222222225,397.0861111111111,397.1479166666667,567.9652777777778,592.5340277777777,569.0979166666667,2103.0,-50.3,39.729166666666664,0.6208333333333333,6.940972222222222,182.26527777777778,-133.50347222222223,164.3,-212.9,9.0,672.9826388888889,2000.0,0.0,182.26527777777778,-899.2729166666667,0.0,-1000.0,81.68333333333334,878.932638888889,1000.0,0.0,99.65069444444445,58.548611111111114,304.68680555555557,T07,0.6000000000000001,14.8,7.455555555555555,0.9119444444444444,0.5,15.0,7.415972222222223,0.9149999999999999,15.0,24.0,20.09027777777778,1009.0,1012.0,1010.8333333333334,34.0,71.0,50.951388888888886,0.0,0.0,0.0,0.0,145.94444444444446,145.28472222222223,410.7361111111111,,0
2017-07-01 00:00:00+00:00,1705.4,0.0,943.5986111111112,110.33611111111111,43.09027777777778,58.354166666666664,58.25694444444444,57.729166666666664,39.916666666666664,48.666666666666664,50.8125,32.166666666666664,15.1,0.0,8.258333333333333,25.4,0.4,4.688888888888889,1.0750000000000002,-0.9541666666666667,134.5027777777778,24.618055555555557,-622.7291666666666,48686.694444444445,6921210.0,-719.5972222222222,-1669993,70.55555555555556,76.16666666666667,74.96527777777777,37.736111111111114,38.666666666666664,34.270833333333336,40.173611111111114,31.6875,27.15972222222222,-3.2,89.6,8.12361111111111,2.573611111111111,72.66666666666667,37.96527777777778,37.84027777777778,39.666666666666664,37.666666666666664,288.3694444444444,0.78125,50.0,399.71875,398.01874999999995,397.2291666666667,260.5180555555555,273.23125000000005,261.44930555555555,2038.8,-50.9,36.708333333333336,0.9916666666666667,4.65,102.99791666666667,-69.57013888888889,1000.4,-1000.1,31.96944444444445,298.18958333333336,2000.0,0.0,102.77777777777777,-476.48749999999995,0.0,-1000.0,108.4423611111111,473.59999999999997,1000.0,0.0,112.61111111111111,47.90972222222222,135.45208333333332,T07,0.0,13.4,4.784722222222222,1.0318055555555556,0.0,12.4,4.789583333333334,0.8491666666666666,17.0,31.0,23.77777777777778,1009.0,1012.0,1009.9652777777778,19.0,76.0,44.78472222222222,0.0,0.0,0.0,0.0,92.375,92.54861111111111,409.9166666666667,,0
2017-07-02 00:00:00+00:00,1816.0,1219.7,1651.8097222222223,27.12777777777778,73.11111111111111,123.76388888888889,122.22916666666667,118.76388888888889,44.40972222222222,54.71527777777778,62.451388888888886,38.423611111111114,16.0,10.8,14.637500000000001,46.2,0.4,12.823611111111111,2.3930555555555557,0.26944444444444454,95.3138888888889,24.20138888888889,0.0,293718.5208333333,42295467.0,0.0,-4836074,94.17361111111111,105.65277777777777,106.47222222222223,45.59722222222222,48.52777777777778,33.28472222222222,48.875,48.03472222222222,26.229166666666668,-3.3,19.0,5.844444444444445,2.070138888888889,119.42361111111111,47.361111111111114,47.236111111111114,48.63194444444444,42.94444444444444,1762.322222222222,0.9923611111111111,50.00069444444445,400.73749999999995,398.37083333333334,399.58680555555554,1471.103472222222,1488.7569444444443,1460.3138888888889,2106.8,1.4,50.52777777777778,0.22847222222222222,12.486805555555556,80.43402777777777,-201.50625000000002,-6.3,-231.1,3.4027777777777777,1761.0034722222222,2000.0,0.1,79.10833333333333,-692.4965277777778,-0.3,-1000.0,57.02152777777778,539.6215277777778,1000.0,0.3,59.73819444444444,76.57638888888889,95.05833333333334,T07,1.4,25.7,13.004861111111111,4.965972222222223,1.6,22.3,13.089583333333334,1.796388888888889,20.0,28.0,23.57638888888889,1009.0,1012.0,1010.9722222222222,23.0,75.0,46.55555555555556,0.0,0.0,0.0,0.0,257.2083333333333,258.97222222222223,410.8958333333333,,0
2017-07-03 00:00:00+00:00,1850.4,1221.5,1644.517361111111,35.300694444444446,73.21527777777777,121.57638888888889,120.16666666666667,117.04861111111111,45.826388888888886,54.65277777777778,62.298611111111114,39.104166666666664,16.1,10.8,14.570138888888888,46.5,0.8,12.570138888888888,2.454861111111111,0.43055555555555564,98.93263888888889,24.38888888888889,0.0,272481.2013888889,39237293.0,0.0,-4703580,94.8125,108.0625,110.34027777777777,44.84027777777778,48.888888888888886,33.145833333333336,48.49305555555556,48.486111111111114,26.34722222222222,-3.1,23.1,5.0625,1.8597222222222223,118.00694444444444,46.458333333333336,46.361111111111114,47.763888888888886,42.458333333333336,1634.8013888888888,0.9958333333333333,49.99930555555555,400.65486111111113,398.5673611111111,399.7895833333333,1367.6875,1380.7472222222223,1353.451388888889,2110.3,-13.9,49.56944444444444,0.3055555555555556,12.213194444444445,125.10972222222222,-195.97430555555556,0.8,-229.1,4.756944444444445,1633.2541666666666,2000.0,0.0,123.25763888888888,-770.3104166666667,0.0,-1000.0,61.334722222222226,628.6881944444444,1000.0,0.0,75.83263888888888,74.68055555555556,98.49444444444445,T07,3.0,28.5,13.352083333333333,3.648888888888889,3.2,25.5,12.560416666666667,2.1393055555555556,21.0,27.0,23.90972222222222,1007.0,1011.0,1008.5902777777778,30.0,67.0,49.076388888888886,0.0,0.0,0.0,0.0,264.1111111111111,248.35416666666666,408.5625,,0
2017-07-04 00:00:00+00:00,1907.0,0.0,848.441134751773,32.94326241134752,52.05673758865248,75.94326241134752,75.29078014184397,73.57446808510639,41.843971631205676,49.709219858156025,51.304964539007095,35.09219858156028,16.4,0.0,7.466666666666667,42.3,0.5,10.673758865248226,2.1645390070921984,1.2723404255319148,111.9049645390071,25.31205673758865,-798.5106382978723,139176.68085106384,19511323.0,-746.468085106383,-2492657,79.16312056737588,88.24113475177305,88.06382978723404,39.737588652482266,41.99290780141844,32.170212765957444,42.41843971631206,38.326241134751776,26.368794326241133,-2.5,90.0,44.305673758865254,1.8078014184397164,74.94326241134752,40.361702127659576,40.212765957446805,41.758865248226954,38.638297872340424,832.4014184397164,0.8517730496453901,50.0,401.6914893617021,399.6695035460993,400.90709219858155,704.3085106382979,713.3092198581561,699.9794326241135,2108.0,-46.9,40.6241134751773,0.2567375886524823,10.433333333333334,127.23758865248227,-106.04113475177304,1001.0,-220.7,6.811347517730496,1594.3872340425532,2000.0,0.0,264.88510638297873,-424.5758865248227,0.0,-1000.0,69.80567375886525,346.77872340425535,1000.0,0.0,84.7645390070922,55.05673758865248,110.63262411347519,T07,2.6,20.2,11.14375,2.8816666666666664,2.5,18.3,10.73263888888889,2.2965277777777775,22.0,28.0,24.51388888888889,1005.0,1008.0,1006.4583333333334,45.0,78.0,56.208333333333336,0.0,0.0,0.0,0.0,219.90277777777777,211.71527777777777,406.40972222222223,,0
2017-07-05 00:00:00+00:00,1745.2,0.0,1146.9305555555557,100.3388888888889,49.888888888888886,71.26388888888889,71.02777777777777,70.41666666666667,38.56944444444444,50.19444444444444,53.541666666666664,33.05555555555556,15.4,0.0,10.083333333333334,28.6,0.4,5.713888888888889,1.026388888888889,1.1055555555555556,155.39444444444445,22.5,-553.9305555555555,67967.94444444444,4853809.0,-559.5416666666666,-1098707,68.27777777777777,76.27777777777777,75.23611111111111,38.625,41.5,30.77777777777778,41.18055555555556,34.513888888888886,24.13888888888889,-3.3,90.0,6.698611111111111,2.6930555555555555,86.48611111111111,38.916666666666664,38.833333333333336,40.65277777777778,38.041666666666664,404.3263888888889,0.851388888888889,49.99583333333333,399.78333333333336,397.92777777777775,397.53194444444443,353.7013888888889,372.3125,354.06944444444446,2103.3,-50.2,38.736111111111114,0.9180555555555555,5.683333333333334,89.22916666666667,-91.57083333333334,1000.5,-858.7,27.484722222222224,421.29999999999995,2000.0,0.0,91.03472222222223,-666.2458333333333,0.0,-1000.0,96.98611111111111,655.3277777777778,1000.0,0.0,99.60833333333333,54.19444444444444,154.29305555555555,T07,0.4,16.5,5.015277777777778,0.9143750000000002,0.0,16.6,4.953472222222222,0.9462499999999999,21.0,26.0,22.90972222222222,1006.0,1008.0,1007.1111111111111,65.0,84.0,75.83333333333333,0.0,0.0,0.0,0.0,97.10416666666667,95.86111111111111,407.00694444444446,,0
2017-07-06 00:00:00+00:00,1457.6,0.0,747.6056338028169,186.25915492957745,35.33802816901409,45.816901408450704,45.774647887323944,45.54929577464789,37.57746478873239,42.53521126760563,44.84507042253521,28.52112676056338,12.9,0.0,6.4591549295774655,12.5,0.4,3.5422535211267605,0.776056338028169,0.8816901408450705,241.38732394366198,20.929577464788732,-902.9295774647887,10248.478873239437,663536.0,-1118.394366197183,-427975,57.16901408450704,58.985915492957744,57.563380281690144,36.225352112676056,35.11267605633803,31.3943661971831,36.309859154929576,27.267605633802816,24.295774647887324,-2.3,90.0,13.439436619718311,5.6042253521126755,58.16901408450704,36.014084507042256,35.901408450704224,37.774647887323944,36.0,56.08450704225352,0.667605633802817,49.99718309859155,399.5323943661972,397.881690140845,396.4211267605634,75.77887323943662,86.6943661971831,79.40281690140846,413.4,-50.4,32.66197183098591,1.7549295774647888,3.5661971830985912,31.367605633802814,-36.24788732394366,1000.9,-789.4,54.436619718309856,73.89577464788734,545.4,0.0,35.76478873239437,-264.8943661971831,0.0,-1000.0,111.74084507042254,264.8943661971831,1000.0,0.0,111.74084507042254,36.943661971830984,240.5295774647887,T07,0.2,9.1,4.192361111111111,0.43895833333333334,0.0,9.2,4.236111111111111,0.4684027777777778,19.0,24.0,20.930555555555557,1007.0,1010.0,1008.2222222222222,47.0,88.0,75.23611111111111,0.0,0.0,0.0,0.0,80.66666666666667,81.59722222222223,408.19444444444446,,0
2017-07-07 00:00:00+00:00,1709.0,0.0,816.0833333333334,81.34583333333333,38.763888888888886,52.68055555555556,52.583333333333336,52.21527777777778,41.354166666666664,45.65277777777778,47.02777777777778,30.13888888888889,15.1,0.0,7.179861111111112,37.2,0.4,4.091666666666667,0.9180555555555555,-0.573611111111111,239.90694444444443,21.743055555555557,-553.1180555555555,32842.8125,4649715.0,-616.5555555555555,-1380459,67.75694444444444,70.29861111111111,67.84722222222223,35.548611111111114,37.75,32.31944444444444,38.604166666666664,28.555555555555557,25.958333333333332,-3.1,89.8,9.843055555555557,1.525,68.09027777777777,35.55555555555556,35.458333333333336,37.38194444444444,35.18055555555556,193.7513888888889,0.7513888888888889,50.0,399.78541666666666,398.2131944444444,397.4402777777778,180.95138888888889,191.53958333333333,182.16666666666666,1875.0,-50.4,34.520833333333336,0.7208333333333334,4.035416666666666,79.39444444444445,-57.53541666666667,1000.1,-717.3,25.870833333333334,200.38888888888889,1925.4,0.0,79.65833333333333,-431.25625,0.0,-1000.0,67.82916666666667,431.02777777777777,1000.0,0.0,68.46111111111111,42.111111111111114,237.96458333333334,T07,0.0,12.6,4.268055555555556,0.43006944444444445,0.0,12.9,4.263194444444444,0.45437500000000003,17.0,23.0,20.61111111111111,1008.0,1011.0,1009.2916666666666,56.0,93.0,76.09722222222223,0.0,0.0,0.0,0.0,82.06944444444444,82.10416666666667,409.25694444444446,,0
2017-07-08 00:00:00+00:00,1671.4,0.0,1198.8020833333333,98.46597222222222,41.90277777777778,60.416666666666664,60.34722222222222,60.013888888888886,47.65277777777778,47.75694444444444,50.854166666666664,30.583333333333332,14.8,0.0,10.619444444444445,41.1,0.4,4.794444444444444,0.984027777777778,1.4090277777777778,227.27430555555554,21.63888888888889,-394.4513888888889,29973.041666666668,4259319.0,-513.9583333333334,-1756316,75.72222222222223,79.60416666666667,77.21527777777777,38.520833333333336,39.68055555555556,33.06944444444444,39.9375,29.506944444444443,25.8125,-3.1,89.8,1.7180555555555557,2.4694444444444446,87.09027777777777,38.59722222222222,38.52777777777778,40.388888888888886,38.041666666666664,177.48819444444445,0.7625000000000001,50.00069444444445,399.31666666666666,397.40416666666664,396.99027777777775,179.1875,195.6847222222222,181.05694444444444,1122.0,-51.0,36.84027777777778,0.8756944444444444,4.754861111111111,77.23402777777778,-73.13819444444444,1000.0,-977.6,52.93333333333333,184.23680555555558,1128.4,0.0,77.23124999999999,-597.6881944444444,0.0,-1000.0,170.45972222222224,597.6881944444444,1000.0,0.0,170.45972222222224,43.11805555555556,225.86527777777778,T07,1.4,10.3,5.197916666666667,0.4756944444444444,1.4,10.1,5.267361111111111,0.5127777777777778,19.0,23.0,20.84027777777778,1009.0,1011.0,1010.1458333333334,67.0,93.0,81.97916666666667,0.0,0.0,0.0,0.0,100.84027777777777,102.16666666666667,410.1111111111111,,0
2017-07-09 00:00:00+00:00,1606.1,48.9,963.1020833333334,145.25625000000002,39.19444444444444,53.479166666666664,53.4375,53.208333333333336,47.81944444444444,45.104166666666664,47.80555555555556,30.84722222222222,14.2,0.0,8.510416666666666,23.2,0.4,3.931944444444445,0.8326388888888889,-2.676388888888889,242.07083333333333,22.77777777777778,-734.3541666666666,12604.444444444445,1709288.0,-1218.4166666666667,-1058284,75.11805555555556,78.56944444444444,75.61111111111111,37.201388888888886,38.701388888888886,34.24305555555556,38.923611111111114,29.34027777777778,27.395833333333332,-2.8,71.3,6.834722222222222,3.7819444444444446,72.375,37.166666666666664,37.048611111111114,38.96527777777778,37.173611111111114,71.21597222222222,0.6097222222222222,50.00069444444445,399.5388888888889,397.6673611111111,396.56597222222223,101.84652777777778,112.52430555555556,104.60555555555555,806.7,-50.4,35.416666666666664,1.323611111111111,3.9250000000000003,41.09652777777777,-44.043055555555554,1000.2,-833.0,71.35277777777777,85.91805555555555,824.4,0.0,45.118750000000006,-319.2590277777778,0.0,-1000.0,136.10277777777776,319.2590277777778,1000.0,0.0,136.10277777777776,38.923611111111114,244.75069444444443,T07,0.5,8.6,4.034027777777777,0.3698611111111111,0.5,8.8,4.063194444444445,0.39798611111111115,19.0,27.0,21.76388888888889,1006.0,1011.0,1008.4166666666666,56.0,92.0,80.68055555555556,0.0,0.0,0.0,0.0,77.48611111111111,77.93055555555556,408.34722222222223,,0
2017-07-10 00:00:00+00:00,1645.2,0.0,656.7090277777778,55.90972222222222,38.49305555555556,49.34027777777778,49.3125,48.97222222222222,45.68055555555556,45.423611111111114,46.03472222222222,32.736111111111114,14.6,0.0,5.572222222222222,23.8,0.4,3.5083333333333333,0.6909722222222222,-6.7,237.36666666666667,24.6875,-737.7638888888889,18316.847222222223,2531387.0,-1053.3680555555557,-1054898,76.82638888888889,80.20833333333333,77.09027777777777,35.729166666666664,39.229166666666664,35.583333333333336,39.520833333333336,30.833333333333332,28.604166666666668,-3.1,89.4,12.78125,1.2472222222222222,63.083333333333336,35.53472222222222,35.44444444444444,37.361111111111114,35.65972222222222,105.46111111111111,0.6868055555555556,50.00069444444445,399.5784722222222,398.13472222222225,396.4222222222222,108.36875,121.71111111111112,115.0111111111111,862.6,-49.6,35.486111111111114,0.4833333333333334,3.4680555555555554,37.39861111111111,-43.881249999999994,861.2,-898.7,25.43125,112.99305555555556,884.4,0.0,37.85486111111111,-322.89652777777775,0.0,-1000.0,54.046527777777776,322.89652777777775,1000.0,0.0,54.046527777777776,39.979166666666664,254.06944444444446,T07,0.1,9.5,3.6041666666666665,0.28861111111111115,0.0,9.6,3.5902777777777777,0.29256944444444444,19.0,29.0,23.819444444444443,1003.0,1007.0,1005.1527777777778,24.0,97.0,70.89583333333333,0.0,1.0,0.006944444444444444,0.0,68.74305555555556,68.45833333333333,405.125,,0
2017-07-11 00:00:00+00:00,1688.7,0.0,774.4659722222223,42.95625,42.5625,54.541666666666664,54.49305555555556,54.125,46.63194444444444,47.09027777777778,48.34722222222222,35.63194444444444,15.0,0.0,6.762499999999999,25.4,0.4,4.127777777777777,0.8326388888888889,-1.2118055555555556,130.50972222222222,28.229166666666668,-635.375,32237.9375,4550767.0,-1181.8402777777778,-1450995,79.95138888888889,83.4375,80.34027777777777,38.666666666666664,42.21527777777778,37.06944444444444,42.18055555555556,34.25694444444444,30.895833333333332,-3.3,24.5,10.45625,0.3611111111111111,68.05555555555556,38.5625,38.458333333333336,40.34722222222222,38.895833333333336,189.66319444444446,0.6972222222222223,50.00069444444445,399.1645833333333,397.7590277777778,396.53819444444446,170.96388888888887,184.6138888888889,175.4972222222222,1513.5,-50.5,39.02777777777778,0.3805555555555556,4.047916666666667,62.865972222222226,-60.46319444444445,583.3,-976.1,9.325694444444444,194.79027777777776,1562.5,0.0,62.64930555555556,-463.0402777777778,0.0,-1000.0,71.37777777777778,463.02916666666664,1000.0,0.0,71.47569444444444,45.138888888888886,171.73680555555555,T07,0.0,11.5,4.113888888888889,0.7206944444444444,0.0,10.6,4.088888888888889,0.4142361111111111,21.0,35.0,27.520833333333332,1005.0,1007.0,1005.5,25.0,86.0,48.63194444444444,0.0,0.0,0.0,0.0,79.01388888888889,78.52083333333333,405.47222222222223,,0
2017-07-12 00:00:00+00:00,1711.2,0.0,1244.1256944444444,95.98541666666667,55.604166666666664,74.94444444444444,74.79861111111111,74.16666666666667,43.645833333333336,53.1875,57.11805555555556,40.18055555555556,15.1,0.0,10.98611111111111,30.8,0.4,5.88125,1.0,0.13611111111111118,113.65277777777777,31.48611111111111,-706.4930555555555,70132.60416666667,9997363.0,-782.3402777777778,-2234449,74.75694444444444,82.6875,78.88194444444444,40.9375,47.06944444444444,39.479166666666664,45.81944444444444,42.40277777777778,33.229166666666664,-3.2,89.3,2.615972222222222,1.8555555555555554,92.57638888888889,41.361111111111114,41.28472222222222,43.166666666666664,41.1875,416.55625,0.8472222222222222,50.00208333333333,399.07500000000005,397.53125,396.5833333333333,370.27152777777775,388.79583333333335,376.1694444444445,2034.9,-50.5,43.03472222222222,0.8659722222222223,5.759027777777778,98.48680555555556,-93.16111111111111,1000.2,-912.4,32.13194444444444,425.18888888888887,2000.0,0.0,99.54722222222222,-699.9625000000001,0.0,-1000.0,66.94166666666666,697.3055555555555,1000.0,0.0,69.14583333333333,60.673611111111114,116.01319444444445,T07,0.5,12.5,5.203472222222222,0.9490277777777778,0.4,12.0,5.820138888888889,0.5594444444444444,26.0,39.0,30.819444444444443,1006.0,1009.0,1007.2847222222222,21.0,42.0,33.326388888888886,0.0,0.0,0.0,0.0,100.86111111111111,113.22916666666667,407.2291666666667,,0
2017-07-13 00:00:00+00:00,1675.7,0.0,966.4965277777778,85.84166666666667,50.5625,63.576388888888886,63.513888888888886,63.270833333333336,44.979166666666664,50.61805555555556,52.861111111111114,40.548611111111114,14.8,0.0,8.496527777777779,22.4,0.4,4.331250000000001,0.7784722222222222,2.240277777777778,92.14791666666666,33.125,-859.0555555555555,25790.354166666668,3590106.0,-1181.75,-1543838,68.40972222222223,76.16666666666667,72.31944444444444,42.47222222222222,47.333333333333336,41.201388888888886,46.74305555555556,41.75,34.96527777777778,-3.2,67.5,6.8069444444444445,2.03125,79.91666666666667,42.49305555555556,42.43055555555556,44.361111111111114,43.40972222222222,149.60902777777778,0.6833333333333333,50.00069444444445,398.9222222222222,397.3805555555556,396.02152777777775,152.82083333333333,168.11944444444444,155.42430555555555,1401.6,-50.5,43.68055555555556,0.7520833333333333,4.204166666666667,54.37083333333333,-64.34861111111111,895.7,-534.0,27.379166666666666,160.53958333333333,1418.8,0.0,55.02986111111111,-406.8798611111111,0.0,-1000.0,91.86180555555556,406.8798611111111,1000.0,0.0,91.86319444444445,54.013888888888886,92.4076388888889,T07,0.0,11.9,4.076388888888889,0.6822222222222222,0.0,11.0,4.279166666666667,0.4726388888888889,29.0,38.0,32.736111111111114,1006.0,1008.0,1007.0902777777778,28.0,43.0,34.416666666666664,0.0,0.0,0.0,0.0,78.34722222222223,82.3125,407.0486111111111,,0
2017-07-14 00:00:00+00:00,1596.9,0.0,786.9236111111111,104.375,46.270833333333336,57.076388888888886,57.020833333333336,56.84722222222222,46.0625,49.548611111111114,50.486111111111114,38.048611111111114,14.2,0.0,6.859722222222222,40.0,0.4,3.622916666666667,0.7243055555555556,0.6875,102.02222222222223,30.21527777777778,-1271.326388888889,11432.569444444445,1463219.0,-1713.201388888889,-1083909,65.95138888888889,73.80555555555556,69.75694444444444,40.40277777777778,45.479166666666664,39.520833333333336,44.708333333333336,38.21527777777778,33.27777777777778,-3.0,89.7,10.207638888888889,3.0104166666666665,74.18055555555556,40.15972222222222,40.09722222222222,41.979166666666664,41.104166666666664,60.96111111111111,0.6291666666666668,50.0,399.8277777777778,398.35833333333335,396.6701388888889,86.54027777777777,99.18611111111112,90.80277777777778,740.2,-50.7,41.513888888888886,0.9597222222222221,3.540277777777778,35.7375,-45.14791666666667,1000.2,-912.6,49.37013888888889,75.52916666666667,757.9,0.0,36.25694444444444,-297.4625,0.0,-1000.0,124.21944444444443,297.4625,1000.0,0.0,124.21944444444443,47.388888888888886,98.83541666666666,T07,0.0,9.7,3.4604166666666667,0.49486111111111114,0.0,8.7,3.577777777777778,0.4020138888888889,23.0,35.0,29.604166666666668,1005.0,1008.0,1006.7152777777778,34.0,73.0,51.270833333333336,0.0,0.0,0.0,0.0,65.88194444444444,68.27083333333333,406.6111111111111,,0
2017-07-15 00:00:00+00:00,1754.1,1216.5,1434.7291666666667,57.83958333333333,53.673611111111114,76.40277777777777,76.34027777777777,75.49305555555556,44.0,53.083333333333336,57.833333333333336,37.30555555555556,15.5,10.8,12.708333333333334,35.7,0.5,6.716666666666667,1.1659722222222222,0.15833333333333324,92.61180555555556,27.930555555555557,0.0,90841.88888888889,13081232.0,0.0,-2880562,67.94444444444444,76.73611111111111,73.15277777777777,40.40277777777778,45.604166666666664,36.333333333333336,44.99305555555556,39.69444444444444,30.04861111111111,-3.3,5.8,-1.651388888888889,0.3888888888888889,98.38194444444444,41.020833333333336,40.986111111111114,42.77777777777778,40.208333333333336,545.0541666666667,0.9402777777777778,50.00138888888889,399.6,397.2076388888889,397.03333333333336,455.3027777777778,489.0354166666667,464.2729166666667,2102.4,-49.7,42.55555555555556,0.5062500000000001,6.574305555555556,123.97430555555555,-120.02083333333333,553.8,-700.3,9.165277777777778,545.0618055555556,2000.0,0.0,124.39027777777778,-916.9298611111111,0.0,-1000.0,58.43680555555555,908.5076388888889,1000.0,0.0,64.78819444444444,57.861111111111114,92.45972222222223,T07,0.8,16.9,6.971527777777777,1.2181944444444444,0.8,14.7,6.933333333333334,0.665138888888889,23.0,33.0,27.368055555555557,1006.0,1009.0,1007.3611111111111,45.0,91.0,66.96527777777777,0.0,0.0,0.0,0.0,136.24305555555554,135.52083333333334,407.31944444444446,,0
2017-07-16 00:00:00+00:00,1785.4,1254.1,1665.040972222222,19.740972222222222,73.13888888888889,119.96527777777777,119.07638888888889,115.59027777777777,45.77777777777778,54.986111111111114,63.09722222222222,40.77777777777778,15.7,11.1,14.752777777777778,43.0,0.4,11.410416666666666,2.0618055555555554,-1.3298611111111112,89.08680555555556,27.354166666666668,0.0,280748.9236111111,40427845.0,0.0,-4353140,89.77083333333333,102.22916666666667,101.95138888888889,46.638888888888886,50.541666666666664,35.40972222222222,49.916666666666664,49.291666666666664,29.1875,-2.8,14.4,1.9194444444444443,1.4,117.51388888888889,48.28472222222222,48.1875,49.604166666666664,44.416666666666664,1684.5284722222223,1.0,50.0,401.5055555555556,398.7576388888889,399.40555555555557,1394.4229166666667,1426.2875,1396.4777777777776,2106.5,278.1,51.229166666666664,0.16666666666666666,10.989583333333334,128.4173611111111,-181.38472222222222,-91.8,-229.7,3.7777777777777777,1689.826388888889,2000.0,268.7,127.60138888888888,-816.4368055555556,-583.3,-1000.0,72.23541666666667,657.9777777777778,1000.0,406.1,91.25625,75.89583333333333,90.42152777777778,T07,4.1,18.3,10.325694444444444,2.6339583333333336,5.4,17.2,10.875,0.7943055555555555,24.0,31.0,26.6875,1007.0,1009.0,1007.8819444444445,34.0,83.0,61.49305555555556,0.0,0.0,0.0,0.0,203.5625,214.59722222222223,407.86805555555554,,0
2017-07-17 00:00:00+00:00,1822.4,0.0,1443.6,25.164583333333333,78.40972222222223,127.64583333333333,126.52083333333333,122.94444444444444,44.916666666666664,56.208333333333336,63.09722222222222,40.88194444444444,16.1,0.0,12.76736111111111,45.0,0.6000000000000001,12.959027777777777,2.3777777777777778,-0.3618055555555556,89.72222222222223,26.61111111111111,-530.1041666666666,276273.3611111111,39707029.0,-578.3819444444445,-4180234,102.01388888888889,116.875,118.92361111111111,45.673611111111114,52.59722222222222,34.451388888888886,51.63194444444444,51.729166666666664,28.069444444444443,-2.5,86.1,17.570138888888888,2.197222222222222,119.40277777777777,47.201388888888886,47.111111111111114,48.423611111111114,43.40277777777778,1654.4208333333333,0.9500000000000001,50.0,401.3840277777778,398.8326388888889,399.74652777777777,1380.353472222222,1401.1513888888887,1377.615277777778,2107.6,-48.6,53.34027777777778,0.20208333333333334,12.539583333333333,59.361111111111114,-174.16597222222222,-18.0,-231.2,4.524305555555555,1849.3798611111113,2000.0,127.0,77.62222222222222,-552.7229166666666,0.0,-1000.0,47.46319444444444,399.77986111111113,1000.0,0.0,44.50763888888889,77.19444444444444,90.07986111111111,T07,4.1,21.7,11.425,3.4688194444444442,4.5,19.7,12.3625,1.3000694444444445,24.0,29.0,26.208333333333332,1004.0,1008.0,1005.8125,48.0,74.0,58.44444444444444,0.0,0.0,0.0,0.0,225.61111111111111,244.375,405.7638888888889,,0
2017-07-18 00:00:00+00:00,1759.3,0.0,1208.6368055555556,89.7763888888889,54.923611111111114,76.79861111111111,76.55555555555556,75.45138888888889,47.22222222222222,52.375,56.55555555555556,38.25694444444444,15.5,0.0,10.636111111111111,43.5,0.4,8.095833333333333,1.5354166666666667,1.8645833333333333,136.425,28.47222222222222,-824.4513888888889,108512.67361111111,15507104.0,-974.4652777777778,-2921600,74.77777777777777,84.47222222222223,83.66666666666667,41.18055555555556,45.645833333333336,36.81944444444444,44.236111111111114,40.861111111111114,30.444444444444443,-3.3,89.8,12.551388888888889,2.0326388888888887,87.08333333333333,41.791666666666664,41.74305555555556,43.583333333333336,40.958333333333336,646.1624999999999,0.8423611111111111,50.0,400.24861111111113,398.2111111111111,397.9548611111111,562.1576388888889,579.5374999999999,561.8652777777778,2105.0,-52.8,41.979166666666664,0.7888888888888889,7.903472222222222,146.45277777777778,-121.77083333333333,902.4,-946.2,26.238194444444446,898.098611111111,2000.0,0.0,151.81041666666667,-659.1583333333333,0.0,-1000.0,57.04236111111111,636.3381944444444,1000.0,0.0,68.74583333333334,57.388888888888886,134.56041666666667,T07,0.7000000000000001,21.6,8.050694444444444,1.9706249999999998,0.8,18.8,7.739583333333333,1.2629861111111111,24.0,33.0,27.868055555555557,1003.0,1007.0,1004.2569444444445,30.0,83.0,51.84722222222222,0.0,0.0,0.0,0.0,157.97222222222223,151.65972222222223,404.19444444444446,,0
2017-07-19 00:00:00+00:00,1668.1,0.0,981.7312499999999,138.7826388888889,41.90277777777778,55.61805555555556,55.5625,55.263888888888886,47.96527777777778,47.673611111111114,49.81944444444444,32.458333333333336,14.8,0.0,8.665972222222223,23.1,0.4,4.477083333333334,0.9215277777777777,1.3763888888888889,236.19375000000002,23.84027777777778,-975.9027777777778,29439.51388888889,4098761.0,-1313.1527777777778,-1474378,61.34722222222222,69.52777777777777,67.92361111111111,37.270833333333336,40.583333333333336,34.44444444444444,40.25,32.40972222222222,28.04861111111111,-3.1,89.8,7.432638888888889,3.3993055555555554,73.59722222222223,37.40277777777778,37.28472222222222,39.18055555555556,37.40277777777778,170.8097222222222,0.7291666666666666,50.0,399.7840277777778,398.0236111111111,396.85555555555555,171.02152777777778,185.07222222222222,174.73402777777778,1409.1,-50.4,37.208333333333336,1.2583333333333333,4.440972222222222,67.77430555555556,-61.388888888888886,1000.6,-946.3,43.93055555555556,185.82916666666668,1450.8,0.0,70.41388888888889,-433.83194444444445,0.0,-1000.0,103.50069444444445,433.83194444444445,1000.0,0.0,103.50833333333334,42.138888888888886,234.8173611111111,T07,0.7000000000000001,10.6,4.859027777777778,0.43833333333333335,0.5,10.9,4.854166666666667,0.4707638888888889,20.0,26.0,22.881944444444443,1006.0,1009.0,1007.4097222222222,60.0,98.0,80.95138888888889,0.0,0.0,0.0,0.0,93.99305555555556,93.89583333333333,407.3263888888889,,0
2017-07-20 00:00:00+00:00,1680.3,0.0,855.6597222222222,82.57222222222222,39.21527777777778,52.458333333333336,52.388888888888886,52.09722222222222,46.84027777777778,47.020833333333336,48.6875,31.26388888888889,14.9,0.0,7.469444444444444,28.9,0.4,4.5881944444444445,0.9305555555555556,0.7791666666666667,229.7159722222222,22.729166666666668,-776.25,27434.25,3838752.0,-1196.0208333333333,-1569530,67.86111111111111,73.56944444444444,72.75694444444444,36.708333333333336,38.96527777777778,33.354166666666664,39.09722222222222,30.09722222222222,26.70138888888889,-3.0,89.8,13.696527777777778,1.867361111111111,67.94444444444444,36.673611111111114,36.55555555555556,38.479166666666664,36.5,159.93958333333333,0.6930555555555555,50.00069444444445,399.0055555555556,397.6069444444445,396.9888888888889,159.16875,168.7375,159.96388888888887,1292.3,-50.6,35.638888888888886,0.7645833333333333,4.576388888888889,70.04930555555556,-65.35416666666667,854.7,-851.8,26.79861111111111,212.2513888888889,1500.1,0.0,82.77916666666667,-443.6354166666667,0.0,-1000.0,92.42708333333333,443.6354166666667,1000.0,0.0,92.42708333333333,39.02777777777778,228.93680555555557,T07,1.2,11.7,4.960416666666666,0.4388194444444445,1.1,12.6,5.011805555555556,0.4675694444444444,20.0,25.0,21.82638888888889,1005.0,1009.0,1007.0555555555555,48.0,96.0,76.5625,0.0,0.0,0.0,0.0,96.01388888888889,97.11111111111111,406.9861111111111,,0
2017-07-21 00:00:00+00:00,1660.4,92.1,1107.4444444444443,85.41388888888889,41.43055555555556,59.333333333333336,59.270833333333336,58.88194444444444,42.4375,47.43055555555556,50.22222222222222,30.40277777777778,14.7,0.0,9.802777777777777,35.3,0.4,4.758333333333334,1.011111111111111,0.04097222222222214,247.62708333333336,21.993055555555557,-411.00694444444446,31177.118055555555,4430318.0,-487.4166666666667,-1870189,75.40972222222223,79.63888888888889,78.04166666666667,37.74305555555556,39.21527777777778,33.09722222222222,39.47222222222222,29.20138888888889,25.833333333333332,-3.1,62.2,3.8506944444444446,1.598611111111111,82.91666666666667,37.826388888888886,37.74305555555556,39.61805555555556,37.333333333333336,184.57638888888889,0.7618055555555556,50.0,399.34166666666664,397.6763888888889,397.55833333333334,182.14583333333334,194.05,180.83055555555555,1067.5,-50.5,36.354166666666664,0.7590277777777777,4.7444444444444445,82.32013888888889,-77.95486111111111,688.5,-997.3,33.69652777777778,192.70138888888889,1086.8,0.0,84.35486111111112,-569.8423611111111,0.0,-1000.0,150.05833333333334,569.8423611111111,1000.0,0.0,150.05833333333334,40.083333333333336,247.5888888888889,T07,1.2,10.5,5.265277777777778,0.524375,1.0,10.5,5.340277777777778,0.5426388888888889,19.0,23.0,20.84027777777778,1005.0,1008.0,1006.4027777777778,54.0,86.0,70.56944444444444,0.0,0.0,0.0,0.0,102.06944444444444,103.61805555555556,406.3333333333333,,0
2017-07-22 00:00:00+00:00,1672.1,0.0,986.0208333333334,104.28055555555555,39.90972222222222,55.041666666666664,55.02777777777778,54.736111111111114,48.013888888888886,46.701388888888886,49.18055555555556,30.71527777777778,14.8,0.0,8.709027777777777,40.4,0.4,4.406944444444445,0.8423611111111111,0.25555555555555565,228.22013888888887,22.59722222222222,-695.8402777777778,25077.01388888889,3510889.0,-1051.798611111111,-1419098,75.20138888888889,79.0,76.98611111111111,36.47222222222222,38.826388888888886,33.25,39.270833333333336,29.305555555555557,26.40277777777778,-3.2,89.9,6.980555555555556,2.841666666666667,74.90972222222223,36.548611111111114,36.43055555555556,38.298611111111114,36.28472222222222,146.31041666666667,0.7069444444444444,50.0,399.4222222222222,397.8326388888889,396.90416666666664,147.42916666666667,161.87013888888887,151.24513888888887,1088.5,-50.6,35.3125,0.9381944444444444,4.375,55.359027777777776,-59.10138888888889,962.9,-834.5,35.293055555555554,158.37083333333334,1098.0,0.0,57.57222222222222,-446.3520833333333,0.0,-1000.0,107.02708333333334,446.3520833333333,1000.0,0.0,107.02708333333334,40.520833333333336,227.95555555555555,T07,1.3,9.6,4.835416666666666,0.3288888888888889,1.3,9.7,4.847222222222222,0.38125,18.0,27.0,21.71527777777778,1006.0,1009.0,1007.0138888888889,42.0,93.0,73.27083333333333,0.0,0.0,0.0,0.0,93.45833333333333,93.63888888888889,406.97222222222223,,0
2017-07-23 00:00:00+00:00,1677.2,0.0,677.5493055555556,71.53333333333333,37.875,48.11805555555556,48.03472222222222,47.673611111111114,43.68055555555556,45.50694444444444,46.44444444444444,32.59027777777778,14.9,0.0,5.735416666666667,38.8,0.4,3.7118055555555554,0.6986111111111112,3.917361111111111,232.54513888888889,24.868055555555557,-657.7291666666666,23830.930555555555,3336939.0,-869.2847222222222,-1068579,77.06944444444444,80.40277777777777,77.96527777777777,35.40277777777778,38.576388888888886,35.076388888888886,38.888888888888886,30.944444444444443,28.444444444444443,-3.0,89.8,12.979861111111111,1.5256944444444445,58.09027777777778,35.3125,35.1875,37.06944444444444,35.3125,139.0597222222222,0.7298611111111112,50.0,399.6486111111111,398.3520833333333,397.05277777777775,128.63125000000002,139.23611111111111,132.03958333333333,1251.1,-50.2,34.56944444444444,0.6444444444444444,3.661805555555555,41.59513888888889,-44.50694444444444,1000.0,-973.2,11.97013888888889,146.51041666666666,1264.6,0.0,42.50486111111111,-329.99791666666664,0.0,-1000.0,44.03055555555555,329.99791666666664,1000.0,0.0,44.03055555555555,39.97222222222222,228.63958333333332,T07,0.2,9.7,3.638888888888889,0.29625,0.0,9.9,3.607638888888889,0.31625,19.0,30.0,23.979166666666668,1008.0,1011.0,1009.4791666666666,40.0,96.0,69.65972222222223,0.0,0.0,0.0,0.0,69.38194444444444,68.88888888888889,409.44444444444446,,0
2017-07-24 00:00:00+00:00,1690.2,0.0,580.8499999999999,44.08125,39.06944444444444,48.666666666666664,48.666666666666664,48.31944444444444,44.083333333333336,46.020833333333336,46.25694444444444,33.826388888888886,15.0,0.0,4.925694444444444,37.9,0.4,3.529166666666667,0.7076388888888889,-11.090277777777779,217.47916666666666,26.243055555555557,-842.4513888888889,25062.527777777777,3487691.0,-1086.4930555555557,-1136597,79.55555555555556,82.45138888888889,81.59722222222223,37.166666666666664,40.3125,36.388888888888886,40.479166666666664,31.895833333333332,29.9375,-3.1,89.0,14.486805555555556,0.7562500000000001,59.354166666666664,36.93055555555556,36.84722222222222,38.701388888888886,37.333333333333336,145.32847222222222,0.7486111111111112,50.00069444444445,399.0625,398.5159722222222,396.06319444444443,131.8625,147.04861111111111,140.05902777777777,1620.5,-50.4,36.729166666666664,0.4340277777777778,3.5,39.91527777777778,-47.37152777777778,788.6,-511.9,7.597916666666666,152.1798611111111,1637.8,0.0,39.953472222222224,-327.8020833333333,0.0,-1000.0,29.03194444444445,327.75138888888887,1000.0,0.0,29.39236111111111,40.90277777777778,238.56319444444443,T07,0.0,11.6,3.561111111111111,0.2813888888888889,0.0,11.7,3.5465277777777775,0.29888888888888887,19.0,31.0,25.21527777777778,1007.0,1011.0,1009.3055555555555,37.0,97.0,65.72222222222223,0.0,0.0,0.0,0.0,67.91666666666667,67.78472222222223,409.2638888888889,,0
2017-07-25 00:00:00+00:00,1557.0,0.0,641.41875,83.80694444444445,39.270833333333336,48.798611111111114,48.798611111111114,48.576388888888886,45.97222222222222,46.31944444444444,46.74305555555556,33.15972222222222,13.8,0.0,5.5,18.4,0.4,3.314583333333333,0.6729166666666667,-11.70138888888889,194.02777777777777,25.6875,-1027.9583333333333,8105.270833333333,1019132.0,-1534.0208333333333,-788703,79.79166666666667,81.47916666666667,81.79166666666667,36.30555555555556,39.791666666666664,36.71527777777778,39.708333333333336,31.895833333333332,30.256944444444443,-2.7,89.3,13.70138888888889,2.082638888888889,60.34722222222222,35.88194444444444,35.833333333333336,37.72222222222222,36.263888888888886,42.452777777777776,0.6131944444444445,50.00069444444445,399.1013888888889,398.97569444444446,395.91319444444446,59.56319444444445,73.13194444444444,64.55069444444445,542.6,-50.5,35.86805555555556,0.8013888888888889,3.3020833333333335,27.22222222222222,-32.88333333333333,919.1,-801.4,31.390972222222224,54.50833333333333,550.7,0.0,29.14305555555556,-216.24305555555554,0.0,-1000.0,92.79722222222222,216.24305555555554,1000.0,0.0,92.79722222222222,38.97222222222222,205.73541666666668,T07,0.4,8.3,3.470833333333333,0.2521527777777778,0.5,8.2,3.4006944444444445,0.27847222222222223,20.0,30.0,24.82638888888889,1004.0,1008.0,1005.9930555555555,46.0,100.0,70.59027777777777,0.0,1.0,0.006944444444444444,0.0,66.13888888888889,64.80555555555556,405.9375,,0
2017-07-26 00:00:00+00:00,1583.8,0.0,700.901388888889,150.16111111111113,39.451388888888886,49.74305555555556,49.701388888888886,49.49305555555556,44.173611111111114,45.77777777777778,47.09027777777778,33.34722222222222,14.0,0.0,6.059027777777778,21.9,0.4,3.411111111111111,0.7881944444444444,1.601388888888889,188.37430555555557,25.756944444444443,-1085.763888888889,9329.5,1187097.0,-1598.4097222222222,-856483,79.22916666666667,80.80555555555556,81.06944444444444,37.673611111111114,40.28472222222222,36.56944444444444,40.138888888888886,31.506944444444443,29.96527777777778,-2.8,84.6,12.243055555555555,3.9423611111111114,62.416666666666664,37.263888888888886,37.21527777777778,39.138888888888886,37.875,49.47083333333333,0.6277777777777778,50.0,398.9715277777778,398.80833333333334,396.4291666666667,69.67569444444445,81.94027777777778,72.41666666666667,803.1,-50.4,36.69444444444444,1.4048611111111111,3.402083333333333,33.016666666666666,-35.72638888888889,1000.7,-916.3,37.483333333333334,65.50277777777778,817.9,0.0,37.21597222222223,-232.13819444444445,0.0,-1000.0,102.9388888888889,232.13819444444445,1000.0,0.0,102.9388888888889,39.263888888888886,194.2736111111111,T07,0.2,8.8,3.595138888888889,0.43451388888888887,0.0,8.9,3.4409722222222223,0.46090277777777783,19.0,33.0,24.79861111111111,1005.0,1007.0,1005.9930555555555,44.0,99.0,74.06944444444444,0.0,0.0,0.0,0.0,68.61111111111111,65.52777777777777,405.94444444444446,,0
2017-07-27 00:00:00+00:00,1616.1,0.0,802.8333333333334,93.28958333333334,43.77777777777778,55.666666666666664,55.63194444444444,55.46527777777778,45.520833333333336,48.50694444444444,50.06944444444444,36.173611111111114,14.3,0.0,7.065972222222222,17.0,0.4,3.8722222222222222,0.6944444444444444,8.29375,162.59027777777777,28.65972222222222,-964.4791666666666,15812.861111111111,2138165.0,-1538.5972222222222,-1102508,82.125,83.59722222222223,84.40972222222223,39.395833333333336,43.513888888888886,39.354166666666664,43.326388888888886,35.076388888888886,32.65972222222222,-3.0,85.1,10.038194444444445,2.402083333333333,71.75694444444444,38.99305555555556,38.94444444444444,40.84027777777778,39.71527777777778,89.09861111111111,0.6423611111111112,49.99930555555555,398.4743055555556,398.6534722222222,396.28333333333336,101.75208333333333,117.9388888888889,106.52083333333333,741.6,-50.4,40.104166666666664,0.8534722222222223,3.845833333333333,33.12916666666667,-45.8875,1000.0,-769.8,35.02986111111111,103.30555555555556,759.6,0.0,36.1875,-359.16875000000005,0.0,-1000.0,75.00486111111111,359.16875000000005,1000.0,0.0,75.00486111111111,43.701388888888886,184.29930555555555,T07,0.2,9.4,3.834027777777778,0.37388888888888894,0.2,9.2,3.9756944444444446,0.3288888888888889,23.0,35.0,27.84027777777778,1005.0,1008.0,1006.2013888888889,40.0,76.0,57.375,0.0,0.0,0.0,0.0,73.45833333333333,76.15972222222223,406.13194444444446,,0
2017-07-28 00:00:00+00:00,1544.2,0.0,609.6006944444445,59.375,41.0625,50.65972222222222,50.611111111111114,50.36805555555556,45.36805555555556,46.55555555555556,46.47222222222222,36.09027777777778,13.7,0.0,5.276388888888889,19.7,0.4,3.1180555555555554,0.5847222222222223,1.5256944444444438,220.80347222222224,28.23611111111111,-750.5138888888889,10211.888888888889,1362438.0,-961.3125,-905151,82.39583333333333,84.02083333333333,83.96527777777777,39.05555555555556,42.5625,38.020833333333336,42.47222222222222,34.4375,31.881944444444443,-3.1,83.5,12.990972222222222,1.4256944444444446,63.208333333333336,38.708333333333336,38.638888888888886,40.53472222222222,39.46527777777778,56.75486111111111,0.6666666666666666,50.0,399.1013888888889,399.1902777777778,396.49583333333334,67.48958333333333,81.83958333333334,70.82847222222222,654.6,-50.5,39.104166666666664,0.5402777777777777,3.086111111111111,26.456249999999997,-37.71319444444444,1000.0,-673.9,24.23611111111111,64.97361111111111,658.5,0.0,26.800694444444446,-264.21458333333334,0.0,-1000.0,82.03472222222223,264.21458333333334,1000.0,0.0,82.03472222222223,41.666666666666664,284.2659722222222,T07,0.0,8.6,3.2506944444444446,0.25062500000000004,0.0,8.4,3.2381944444444444,0.2536111111111111,23.0,33.0,27.319444444444443,1006.0,1008.0,1007.1597222222222,19.0,79.0,49.611111111111114,0.0,0.0,0.0,0.0,61.763888888888886,61.5625,407.11805555555554,,0
2017-07-29 00:00:00+00:00,1575.0,0.0,583.1138888888888,112.07361111111112,38.166666666666664,46.125,46.104166666666664,45.96527777777778,43.90277777777778,45.041666666666664,45.604166666666664,33.625,13.9,0.0,4.975694444444445,18.9,0.4,2.970833333333333,0.65625,10.411805555555555,227.47569444444446,26.20138888888889,-1065.4097222222222,5398.833333333333,624011.0,-1302.736111111111,-557264,79.80555555555556,81.65972222222223,81.18055555555556,37.270833333333336,40.06944444444444,37.041666666666664,40.263888888888886,32.06944444444444,30.47222222222222,-2.5,89.8,14.781944444444443,3.1430555555555557,56.22222222222222,36.888888888888886,36.763888888888886,38.68055555555556,37.59722222222222,25.994444444444444,0.6243055555555556,50.0,399.34722222222223,398.84444444444443,396.0416666666667,52.74305555555556,62.84930555555555,57.486805555555556,740.6,-50.5,36.361111111111114,1.0750000000000002,2.9583333333333335,24.619444444444447,-23.186111111111114,1001.1,-962.8,52.12638888888889,40.76875,753.6,0.0,26.978472222222223,-143.49791666666667,0.0,-1000.0,83.6861111111111,143.49791666666667,1000.0,0.0,83.6861111111111,38.645833333333336,237.0715277777778,T07,0.6000000000000001,8.6,3.2472222222222222,0.26256944444444447,0.4,8.7,3.2020833333333334,0.2790972222222222,19.0,31.0,25.3125,1006.0,1009.0,1007.7916666666666,38.0,99.0,67.75694444444444,0.0,0.0,0.0,0.0,61.6875,60.75694444444444,407.74305555555554,,0
2017-07-30 00:00:00+00:00,1595.8,0.0,698.9465277777778,118.8125,39.93055555555556,50.50694444444444,50.458333333333336,50.201388888888886,45.61805555555556,46.13194444444444,47.013888888888886,33.4375,14.1,0.0,6.030555555555555,39.0,0.4,3.2131944444444445,0.7111111111111111,-3.467361111111111,206.75625000000002,25.90277777777778,-1061.4097222222222,8048.409722222223,1006129.0,-1419.6527777777778,-742699,80.04861111111111,81.77777777777777,81.82638888888889,37.486111111111114,40.50694444444444,36.541666666666664,40.236111111111114,31.8125,30.166666666666668,-2.7,89.8,12.003472222222221,3.339583333333333,63.40972222222222,37.11805555555556,37.048611111111114,38.93055555555556,37.61805555555556,41.90833333333333,0.6145833333333334,49.99861111111111,399.43611111111113,399.13958333333335,396.11875,70.8138888888889,82.79722222222222,75.09930555555555,620.7,-50.5,36.895833333333336,1.113888888888889,3.2131944444444445,31.394444444444446,-30.95069444444444,1000.2,-935.0,61.65833333333333,56.03611111111111,632.6,0.0,32.49097222222222,-207.16805555555555,0.0,-1000.0,108.44166666666666,207.16805555555555,1000.0,0.0,108.44166666666666,39.6875,250.23333333333332,T07,0.0,8.4,3.5618055555555554,0.26166666666666666,0.0,8.6,3.5631944444444446,0.31020833333333336,21.0,31.0,24.993055555555557,1003.0,1008.0,1005.1388888888889,48.0,98.0,69.65277777777777,0.0,0.0,0.0,0.0,67.95138888888889,67.99305555555556,405.09722222222223,,0
2017-07-31 00:00:00+00:00,1675.8,0.0,1058.117361111111,115.10000000000001,42.333333333333336,58.5625,58.52777777777778,58.25,47.40277777777778,48.0625,50.479166666666664,32.47222222222222,14.8,0.0,9.305555555555555,38.1,0.4,4.560416666666667,0.9131944444444444,0.5805555555555557,223.6013888888889,24.118055555555557,-569.375,28791.13888888889,4063937.0,-744.9236111111111,-1585141,79.99305555555556,81.11805555555556,83.54166666666667,37.65277777777778,40.645833333333336,34.52777777777778,40.763888888888886,31.22222222222222,28.25,-3.3,89.8,4.970833333333333,2.9034722222222222,78.71527777777777,37.5625,37.52777777777778,39.416666666666664,37.34722222222222,169.33402777777778,0.7680555555555556,49.99861111111111,398.1930555555556,398.6361111111111,395.81180555555557,160.00625000000002,183.45625,166.91527777777776,1167.3,-50.4,37.541666666666664,1.057638888888889,4.527777777777778,69.53680555555555,-66.00555555555555,1000.8,-993.8,36.55694444444444,178.05277777777778,1184.7,0.0,70.14513888888888,-534.10625,0.0,-1000.0,153.2173611111111,534.10625,1000.0,0.0,153.2173611111111,42.55555555555556,223.0111111111111,T07,1.1,9.7,4.822222222222222,0.4349305555555556,1.1,9.9,4.851388888888889,0.49124999999999996,21.0,28.0,23.180555555555557,1002.0,1005.0,1003.6666666666666,35.0,96.0,75.83333333333333,0.0,0.0,0.0,0.0,93.18055555555556,93.84027777777777,403.6388888888889,,0
2017-08-01 00:00:00+00:00,1628.1,0.0,757.7270833333333,153.7888888888889,38.47222222222222,50.09027777777778,50.0625,49.88194444444444,49.041666666666664,45.451388888888886,47.201388888888886,31.36111111111111,14.4,0.0,6.622222222222223,20.8,0.4,3.6104166666666666,0.7861111111111111,0.07569444444444429,235.51944444444447,23.569444444444443,-1030.8402777777778,12425.916666666666,1640885.0,-1666.513888888889,-955565,77.9375,79.38194444444444,80.49305555555556,36.611111111111114,38.798611111111114,33.75694444444444,38.833333333333336,29.756944444444443,27.54861111111111,-2.6,89.8,11.172916666666667,4.066666666666666,64.65972222222223,36.270833333333336,36.1875,38.06944444444444,36.541666666666664,68.37847222222223,0.6270833333333333,49.99861111111111,398.56875,398.64374999999995,395.97291666666666,81.86319444444445,96.51180555555555,86.70416666666667,677.0,-50.4,35.263888888888886,1.4249999999999998,3.597916666666667,38.549305555555556,-39.81944444444444,913.9,-806.1,35.50902777777778,82.74652777777777,704.9,0.0,42.25555555555556,-292.5534722222222,0.0,-1000.0,114.04791666666668,292.5534722222222,1000.0,0.0,114.04791666666668,38.5625,237.9486111111111,T07,0.0,8.5,3.836111111111111,0.3943055555555556,0.0,8.6,3.877083333333333,0.4239583333333334,20.0,27.0,22.76388888888889,1004.0,1010.0,1006.5972222222222,40.0,91.0,69.22916666666667,0.0,0.0,0.0,0.0,73.5625,74.28472222222223,406.50694444444446,,0
2017-08-02 00:00:00+00:00,1678.8,0.0,595.0701388888889,76.21597222222222,37.25694444444444,46.55555555555556,46.55555555555556,46.22222222222222,43.11805555555556,45.298611111111114,45.729166666666664,33.09722222222222,14.9,0.0,5.015972222222222,19.5,0.4,3.613194444444444,0.7791666666666667,-4.013888888888889,211.625,25.479166666666668,-682.7013888888889,25025.694444444445,3505392.0,-794.9166666666666,-1099920,78.52083333333333,80.40277777777777,80.13888888888889,36.71527777777778,39.24305555555556,36.3125,39.74305555555556,30.95138888888889,29.506944444444443,-3.1,89.0,14.304166666666667,1.4812500000000002,55.25,36.47222222222222,36.4375,38.291666666666664,36.74305555555556,146.03541666666666,0.7638888888888888,49.99930555555555,399.2902777777778,398.73541666666665,396.2576388888889,131.27083333333334,145.35555555555555,138.32777777777778,1336.8,-50.3,35.638888888888886,0.7083333333333334,3.572222222222222,45.71111111111111,-45.833333333333336,1000.4,-894.6,13.152777777777779,153.5027777777778,1349.5,0.0,46.12916666666667,-335.0847222222222,0.0,-1000.0,32.795833333333334,335.0847222222222,1000.0,0.0,32.795833333333334,39.8125,210.62986111111113,T07,0.0,10.2,3.4722222222222223,0.32430555555555557,0.0,10.2,3.4090277777777778,0.3464583333333333,19.0,32.0,24.65277777777778,1008.0,1010.0,1008.4791666666666,30.0,92.0,61.40972222222222,0.0,0.0,0.0,0.0,66.02777777777777,64.90277777777777,408.4583333333333,,0
2017-08-03 00:00:00+00:00,1613.0,0.0,542.8197183098591,52.17816901408451,39.03521126760563,47.57746478873239,47.528169014084504,47.29577464788732,45.38028169014085,46.79577464788732,46.19718309859155,35.25352112676056,14.3,0.0,4.648591549295775,19.8,0.4,3.1161971830985915,0.6809859154929577,-2.6957746478873235,223.6957746478873,27.795774647887324,-851.8239436619718,12328.929577464789,1629748.0,-1058.7394366197184,-748959,80.46478873239437,82.06338028169014,81.90845070422536,37.514084507042256,41.30281690140845,37.66197183098591,41.33098591549296,33.19718309859155,31.45774647887324,-3.0,90.0,14.567605633802817,1.278169014084507,59.098591549295776,37.11267605633803,37.03521126760563,38.88028169014085,37.78169014084507,68.8992957746479,0.721830985915493,49.999295774647884,399.256338028169,399.03521126760563,396.39084507042253,73.42605633802818,86.8943661971831,78.03943661971832,697.5,-50.2,37.83098591549296,0.48169014084507045,3.074647887323944,26.091549295774648,-31.621830985915494,1000.1,-720.6,14.61056338028169,77.1225352112676,711.1,0.0,26.23169014084507,-263.25774647887323,0.0,-1000.0,55.42816901408451,263.25774647887323,1000.0,0.0,55.42816901408451,40.394366197183096,254.28380281690144,T07,0.0,8.2,2.9986111111111113,0.2495138888888889,0.0,8.5,2.9868055555555557,0.2689583333333333,21.0,33.0,26.76388888888889,1006.0,1010.0,1008.5416666666666,23.0,91.0,55.99305555555556,0.0,0.0,0.0,0.0,56.65972222222222,56.513888888888886,408.49305555555554,,0
2017-08-04 00:00:00+00:00,1431.1,0.0,468.8354166666667,86.63680555555555,42.68055555555556,49.31944444444444,49.291666666666664,49.111111111111114,45.50694444444444,47.11805555555556,46.625,38.583333333333336,12.7,0.0,3.9819444444444443,17.1,0.4,2.6277777777777778,0.5333333333333333,14.535416666666666,205.39791666666667,31.11111111111111,-1413.6319444444443,3844.097222222222,349987.0,-1885.6805555555557,-565894,84.0,85.86111111111111,84.90277777777777,40.09722222222222,44.416666666666664,40.826388888888886,44.125,37.40277777777778,34.854166666666664,-2.5,89.8,16.383333333333333,2.542361111111111,58.861111111111114,39.68055555555556,39.61805555555556,41.5625,41.03472222222222,14.569444444444445,0.5770833333333334,49.99861111111111,399.3020833333333,399.02152777777775,396.0597222222222,45.67847222222222,50.579861111111114,47.14513888888889,437.4,-50.5,40.548611111111114,0.7694444444444444,2.601388888888889,18.09027777777778,-23.547222222222224,1000.1,-705.2,34.921527777777776,28.842361111111114,449.3,0.0,18.4625,-110.54166666666667,0.0,-1000.0,65.48055555555555,110.54166666666667,1000.0,0.0,65.48055555555555,43.611111111111114,285.8666666666667,T07,0.0,7.4,2.8069444444444445,0.18381944444444442,0.0,7.5,2.7784722222222222,0.19215277777777778,22.0,38.0,30.29861111111111,1005.0,1008.0,1006.1944444444445,17.0,77.0,41.1875,0.0,0.0,0.0,0.0,52.701388888888886,52.15972222222222,406.13194444444446,,0
2017-08-05 00:00:00+00:00,1573.1,0.0,492.1361111111112,80.77777777777777,43.104166666666664,49.75694444444444,49.736111111111114,49.541666666666664,45.0625,48.27777777777778,48.24305555555556,38.798611111111114,13.9,0.0,4.132638888888889,19.3,0.4,2.897222222222222,0.5798611111111112,4.740277777777778,201.18124999999998,32.00694444444444,-1302.0555555555557,5315.034722222223,577861.0,-1594.2916666666667,-568135,84.97222222222223,86.97222222222223,85.57638888888889,40.53472222222222,45.138888888888886,41.53472222222222,44.736111111111114,37.486111111111114,35.458333333333336,-3.2,89.8,16.686805555555555,2.1118055555555557,58.041666666666664,40.076388888888886,40.00694444444444,41.979166666666664,41.541666666666664,24.08263888888889,0.6416666666666667,49.99861111111111,399.0548611111111,398.63750000000005,395.67083333333335,50.87569444444445,57.23472222222222,54.28819444444444,548.9,-50.5,41.361111111111114,0.76875,2.8833333333333333,17.51736111111111,-23.700000000000003,918.1,-911.6,35.8,40.50208333333333,624.8,0.0,21.14513888888889,-137.0909722222222,0.0,-1000.0,51.65694444444445,137.0909722222222,1000.0,0.0,51.65694444444445,43.270833333333336,188.92847222222224,T07,0.0,8.9,3.004861111111111,0.28125,0.0,8.5,2.9972222222222222,0.2808333333333333,27.0,38.0,31.34027777777778,1004.0,1007.0,1005.6944444444445,21.0,50.0,35.041666666666664,0.0,0.0,0.0,0.0,56.833333333333336,56.673611111111114,405.6458333333333,,0
2017-08-06 00:00:00+00:00,1629.7,0.0,410.84305555555557,69.72638888888889,41.72222222222222,48.236111111111114,48.166666666666664,47.951388888888886,45.625,46.645833333333336,45.958333333333336,37.645833333333336,14.4,0.0,3.4805555555555556,15.7,0.4,2.7868055555555555,0.6256944444444446,4.413194444444445,210.55833333333334,30.71527777777778,-1406.2222222222222,7068.9375,815435.0,-2153.6736111111113,-711818,83.93055555555556,85.81944444444444,84.04166666666667,39.86805555555556,43.90277777777778,40.979166666666664,43.34722222222222,36.27777777777778,34.49305555555556,-2.6,86.1,18.627083333333335,1.9819444444444443,56.375,39.388888888888886,39.298611111111114,41.229166666666664,40.611111111111114,33.96875,0.5972222222222222,50.0,399.28333333333336,398.84722222222223,395.40833333333336,56.38402777777778,64.49027777777778,59.57222222222222,644.0,-50.2,40.00694444444444,0.6034722222222223,2.7645833333333334,18.37222222222222,-29.65694444444445,1001.4,-987.9,23.469444444444445,49.84305555555555,664.8,0.0,21.445833333333333,-172.62916666666666,0.0,-1000.0,49.452083333333334,172.62916666666666,1000.0,0.0,49.452083333333334,43.520833333333336,228.63958333333332,T07,0.0,8.6,3.0006944444444446,0.30180555555555555,0.0,8.4,3.0083333333333333,0.2888888888888889,23.0,36.0,30.09027777777778,1005.0,1007.0,1005.8958333333334,26.0,79.0,43.3125,0.0,0.0,0.0,0.0,56.61805555555556,56.88194444444444,405.88194444444446,,0
2017-08-07 00:00:00+00:00,1832.0,0.0,834.8972027972028,114.83006993006994,47.49650349650349,60.46153846153846,60.3986013986014,60.0979020979021,45.21678321678322,51.34965034965035,52.91608391608391,37.83916083916084,16.0,0.0,7.346853146853146,21.3,0.4,4.604195804195804,0.9132867132867133,0.12517482517482523,187.64055944055943,30.454545454545453,-1021.3076923076923,23037.496503496503,3148314.0,-1051.4335664335665,-1050482,85.5944055944056,87.55944055944056,88.13286713286713,40.41958041958042,45.34265734265734,39.88811188811189,45.27272727272727,37.97902097902098,33.86013986013986,-2.9,90.0,22.393006993006992,3.5517482517482515,74.81818181818181,40.09090909090909,40.09090909090909,41.96503496503497,40.88811188811189,132.01538461538462,0.7391608391608392,49.9993006993007,398.86433566433567,398.8832167832168,396.22937062937064,142.87062937062936,157.61328671328673,147.3888111888112,2077.6,-50.6,42.06993006993007,1.03006993006993,4.381818181818182,65.04965034965035,-43.97482517482517,1000.9,-991.2,57.44055944055944,192.6958041958042,2000.0,0.0,76.91258741258741,-393.84685314685316,0.0,-1000.0,115.56783216783218,392.69370629370627,1000.0,0.0,115.1951048951049,51.65034965034965,192.54615384615383,T07,0.5,14.1,4.522916666666666,0.731875,0.2,13.0,4.643750000000001,0.6250694444444445,25.0,37.0,29.729166666666668,1004.0,1008.0,1005.7708333333334,16.0,75.0,45.18055555555556,0.0,0.0,0.0,0.0,87.24305555555556,89.625,405.71527777777777,,0
2017-08-08 00:00:00+00:00,1695.1,0.0,1137.5354166666666,84.91805555555555,49.0,66.79166666666667,66.74305555555556,66.28472222222223,45.96527777777778,49.80555555555556,53.19444444444444,36.18055555555556,15.0,0.0,10.015972222222222,41.8,0.4,5.089583333333334,0.8673611111111111,3.7624999999999997,307.4527777777778,27.756944444444443,-474.93055555555554,47636.98611111111,6791331.0,-631.6319444444445,-1898395,82.54166666666667,86.36805555555556,88.44444444444444,40.00694444444444,44.34722222222222,36.736111111111114,43.854166666666664,36.736111111111114,30.4375,-3.2,89.9,4.058333333333334,2.1222222222222222,83.43055555555556,39.99305555555556,39.97222222222222,41.80555555555556,40.00694444444444,282.9430555555556,0.7506944444444446,49.99930555555555,398.47569444444446,398.1722222222222,395.4458333333333,264.63958333333335,283.0027777777778,266.9506944444445,1832.8,-50.0,40.888888888888886,0.7715277777777777,4.973611111111111,77.15416666666667,-79.08194444444445,999.7,-789.8,44.989583333333336,288.96805555555557,1863.4,0.0,77.03055555555555,-565.4895833333334,0.0,-1000.0,91.95763888888888,564.1055555555555,1000.0,0.0,94.60347222222222,56.208333333333336,308.6701388888889,T07,1.0,13.1,5.304861111111111,0.429375,1.0,12.9,5.289583333333334,0.43083333333333335,22.0,32.0,26.833333333333332,1005.0,1008.0,1006.4097222222222,14.0,67.0,39.326388888888886,0.0,0.0,0.0,0.0,102.91666666666667,102.67361111111111,406.30555555555554,,0
2017-08-09 00:00:00+00:00,1671.2,0.0,825.8375000000001,99.88958333333333,40.55555555555556,53.173611111111114,53.09027777777778,52.923611111111114,46.86805555555556,47.09722222222222,48.36805555555556,31.444444444444443,14.8,0.0,7.199999999999999,41.2,0.4,4.001388888888889,0.8180555555555555,7.969444444444444,263.28125,22.70138888888889,-1033.2777777777778,23880.006944444445,3289930.0,-1187.1805555555557,-1255974,62.30555555555556,68.77083333333333,70.90277777777777,36.80555555555556,39.513888888888886,33.229166666666664,39.138888888888886,30.930555555555557,26.40277777777778,-3.0,89.9,9.667361111111111,2.190277777777778,70.35416666666667,36.61805555555556,36.53472222222222,38.40972222222222,36.486111111111114,137.02430555555554,0.7472222222222222,50.00069444444445,398.8493055555556,398.77430555555554,396.30902777777777,136.23611111111111,152.13958333333332,138.7513888888889,1247.8,-50.4,36.104166666666664,0.9048611111111112,3.9652777777777777,59.177083333333336,-52.31041666666667,1000.0,-999.4,22.058333333333334,148.73680555555555,1268.4,0.0,60.33263888888889,-414.34791666666666,0.0,-1000.0,90.33888888888889,414.34791666666666,1000.0,0.0,90.33888888888889,45.611111111111114,255.3215277777778,T07,0.6000000000000001,10.0,4.409027777777777,0.3385416666666667,0.0,10.2,4.442361111111111,0.35270833333333335,20.0,24.0,21.82638888888889,1007.0,1009.0,1008.0347222222222,47.0,78.0,63.93055555555556,0.0,0.0,0.0,0.0,84.97916666666667,85.54166666666667,407.9791666666667,,0
2017-08-10 00:00:00+00:00,1927.5,0.0,962.5104166666666,154.2611111111111,45.75,65.15277777777777,64.80555555555556,63.65277777777778,47.833333333333336,47.40972222222222,51.0625,33.25,16.7,0.0,8.466666666666667,44.3,0.4,6.781944444444445,1.4256944444444446,2.7034722222222225,148.73263888888889,24.1875,-892.3958333333334,85388.09027777778,12167379.0,-1119.576388888889,-1846412,72.9375,78.71527777777777,80.13194444444444,39.72222222222222,40.77777777777778,33.65972222222222,41.02777777777778,34.3125,26.84027777777778,-2.9,89.9,18.49513888888889,5.194444444444445,72.5625,39.958333333333336,39.888888888888886,41.69444444444444,39.15277777777778,506.94444444444446,0.75,50.0,399.9013888888889,398.68402777777777,397.47013888888887,446.5888888888889,457.4951388888889,445.6013888888889,2105.9,-50.4,39.03472222222222,1.3840277777777779,6.658333333333333,98.88472222222222,-76.87916666666666,1001.0,-977.4,35.015972222222224,770.692361111111,2000.0,0.0,127.39375000000001,-332.87916666666666,0.0,-1000.0,117.57013888888888,284.4166666666667,1000.0,0.0,121.5625,49.895833333333336,146.03541666666666,T07,0.3,20.8,7.605555555555556,1.636111111111111,0.2,18.3,7.374305555555556,0.9563194444444445,20.0,29.0,23.28472222222222,1008.0,1011.0,1009.2291666666666,54.0,93.0,77.05555555555556,0.0,0.0,0.0,0.0,149.02083333333334,144.3125,409.18055555555554,,0
2017-08-11 00:00:00+00:00,1810.2,1239.6,1666.6513888888887,23.919444444444444,78.27083333333333,131.14583333333334,129.875,126.0,45.138888888888886,55.18055555555556,63.236111111111114,40.604166666666664,15.9,11.0,14.76736111111111,46.3,0.7000000000000001,12.594444444444443,2.3277777777777775,0.25416666666666665,93.84166666666667,25.84722222222222,0.0,303388.34722222225,43687922.0,0.0,-4878583,99.17361111111111,113.11111111111111,114.125,46.49305555555556,51.90277777777778,33.798611111111114,51.0625,51.0,27.54861111111111,-3.2,17.7,4.428472222222222,2.2437500000000004,123.09027777777777,48.30555555555556,48.145833333333336,49.541666666666664,43.90972222222222,1820.3902777777778,0.9979166666666666,50.0,400.78541666666666,398.5534722222222,399.5472222222222,1514.7027777777778,1538.0590277777778,1511.1993055555556,2108.7,141.8,53.13194444444444,0.20902777777777778,12.09236111111111,106.00902777777777,-203.2736111111111,-138.3,-244.1,3.4097222222222223,1817.6,2000.0,135.8,103.91111111111111,-705.7131944444444,-583.3,-1000.0,89.34722222222223,532.2597222222222,1000.0,406.1,85.875,83.13888888888889,93.58541666666666,T07,3.7,22.7,12.083333333333334,4.192986111111111,3.8,20.3,12.604166666666666,1.3972222222222221,23.0,29.0,25.15277777777778,1007.0,1011.0,1008.7638888888889,44.0,85.0,67.1875,0.0,0.0,0.0,0.0,238.6875,249.09722222222223,408.71527777777777,,0
2017-08-12 00:00:00+00:00,1822.4,1253.6,1667.7666666666667,24.405555555555555,76.13194444444444,128.9375,127.54166666666667,123.61111111111111,44.854166666666664,55.43055555555556,63.513888888888886,40.40277777777778,15.9,11.1,14.78125,46.4,0.6000000000000001,13.169444444444444,2.3944444444444444,0.2895833333333333,92.50972222222222,25.666666666666668,0.0,305441.55555555556,43983584.0,0.0,-4770451,97.36805555555556,111.51388888888889,111.9375,46.388888888888886,51.18055555555556,33.388888888888886,50.46527777777778,49.916666666666664,27.083333333333332,-2.9,19.3,5.759722222222222,2.0340277777777778,121.63888888888889,48.19444444444444,48.11805555555556,49.43055555555556,43.84027777777778,1832.707638888889,0.9986111111111112,50.0,400.9479166666667,398.7951388888889,400.02708333333334,1525.9562500000002,1545.4659722222223,1518.054861111111,2106.9,158.4,52.513888888888886,0.20208333333333334,12.588194444444445,75.49027777777778,-198.76180555555555,-107.5,-227.4,3.53125,1831.201388888889,2000.0,145.5,74.17361111111111,-682.5451388888889,-583.3,-1000.0,51.25138888888889,517.7680555555556,1000.0,406.1,51.62291666666667,77.74305555555556,92.22430555555555,T07,2.7,23.5,12.522222222222222,4.042083333333334,2.3,21.0,12.950694444444444,1.4827083333333333,22.0,29.0,25.11111111111111,1007.0,1009.0,1008.4236111111111,41.0,74.0,59.84027777777778,0.0,0.0,0.0,0.0,247.43055555555554,256.1736111111111,408.36805555555554,,0
2017-08-13 00:00:00+00:00,1810.0,0.0,1668.3465277777777,31.21944444444445,79.6875,135.96527777777777,134.60416666666666,130.45138888888889,44.71527777777778,55.81944444444444,64.20833333333333,40.61805555555556,16.0,0.0,14.787500000000001,44.3,0.5,13.310416666666667,2.517361111111111,-1.4659722222222225,90.25625,25.729166666666668,-31.819444444444443,322763.9166666667,46473422.0,-24.458333333333332,-4845245,102.93055555555556,118.20833333333333,119.51388888888889,46.65277777777778,52.40972222222222,33.395833333333336,51.638888888888886,52.041666666666664,26.95138888888889,-2.5,89.5,6.133333333333334,2.9402777777777778,125.07638888888889,48.52777777777778,48.40277777777778,49.74305555555556,43.84722222222222,1936.3847222222223,0.9986111111111112,50.00069444444445,401.3833333333333,399.1361111111111,400.37569444444443,1609.3208333333334,1629.9166666666667,1603.1805555555557,2111.2,-47.7,54.138888888888886,0.2736111111111111,12.74861111111111,93.69999999999999,-201.87986111111113,10.2,-226.2,4.660416666666666,1947.454861111111,2000.0,659.7,79.15347222222222,-639.2270833333333,0.0,-1000.0,89.50555555555555,453.1381944444445,1000.0,0.0,76.64375000000001,80.77777777777777,91.72847222222222,T07,4.8,22.7,12.586805555555555,4.295555555555556,6.4,20.3,12.929166666666667,1.5138194444444446,23.0,29.0,25.006944444444443,1004.0,1009.0,1006.1319444444445,51.0,77.0,66.47222222222223,0.0,0.0,0.0,0.0,248.8125,255.73611111111111,406.09722222222223,,0
2017-08-14 00:00:00+00:00,1795.0,1290.0,1668.6548611111111,21.920833333333334,76.41666666666667,128.11111111111111,126.89583333333333,123.125,45.0625,55.270833333333336,63.791666666666664,40.375,15.8,11.4,14.78263888888889,44.5,0.6000000000000001,11.636111111111111,2.2027777777777775,0.6729166666666666,94.75347222222223,26.29861111111111,0.0,297813.3541666667,42885123.0,0.0,-4800212,98.43055555555556,113.07638888888889,113.46527777777777,46.13194444444444,51.3125,34.03472222222222,50.46527777777778,50.291666666666664,27.375,-3.2,12.6,1.959027777777778,1.9958333333333331,120.97916666666667,47.94444444444444,47.80555555555556,49.1875,43.65972222222222,1786.9145833333334,1.0,50.0,400.5756944444445,398.5472222222222,399.2756944444444,1486.2458333333334,1508.8256944444445,1486.107638888889,2109.4,248.7,52.201388888888886,0.18819444444444444,11.15486111111111,151.38194444444446,-200.00833333333333,-138.6,-229.9,3.8097222222222222,1782.6847222222223,2000.0,235.1,148.77083333333334,-753.9437499999999,-583.3,-1000.0,121.67986111111112,575.5291666666667,1000.0,406.1,121.56319444444443,75.59027777777777,94.08055555555556,T07,4.0,19.6,11.575182481751824,3.258102189781022,5.0,17.1,11.428467153284672,1.2232846715328467,10.0,29.0,25.54014598540146,1004.0,1008.0,1005.2481751824818,0.0,78.0,65.84057971014492,0.0,0.0,0.0,1.0,228.2246376811594,225.78985507246378,405.1811594202899,,0
2017-08-15 00:00:00+00:00,1735.9,0.0,1258.8173611111113,66.95138888888889,53.395833333333336,75.22916666666667,75.17361111111111,74.4375,44.53472222222222,52.36805555555556,56.09722222222222,36.541666666666664,15.4,0.0,11.12361111111111,42.0,0.4,6.002777777777777,1.0680555555555555,0.592361111111111,162.0597222222222,26.895833333333332,-513.1319444444445,72863.57638888889,10418463.0,-529.9166666666666,-2295335,73.5,82.9375,81.10416666666667,40.06944444444444,45.55555555555556,36.61805555555556,44.513888888888886,38.69444444444444,30.006944444444443,-3.1,89.7,2.1097222222222225,1.3020833333333333,94.71527777777777,40.47222222222222,40.395833333333336,42.22222222222222,39.9375,434.12708333333336,0.8555555555555556,49.99930555555555,399.4944444444444,397.93055555555554,396.97013888888887,379.62152777777777,403.7729166666666,389.46180555555554,2102.8,-50.8,41.94444444444444,0.6125,5.809722222222223,103.40694444444445,-95.64444444444445,1000.8,-981.2,38.918055555555554,440.98819444444445,2000.0,0.0,105.32291666666667,-713.3375000000001,0.0,-1000.0,104.67500000000001,703.1465277777778,1000.0,0.0,112.60486111111112,60.99305555555556,161.46527777777777,T07,0.3,15.3,5.715277777777778,1.0247222222222223,0.4,14.1,6.095138888888889,0.5044444444444445,23.0,31.0,26.04861111111111,1007.0,1010.0,1008.6041666666666,52.0,86.0,71.25,0.0,0.0,0.0,0.0,111.07638888888889,118.70833333333333,408.5138888888889,,0
2017-08-16 00:00:00+00:00,1643.9,0.0,520.1409722222222,50.39722222222222,41.125,48.451388888888886,48.40972222222222,48.125,45.90277777777778,45.77777777777778,45.71527777777778,36.638888888888886,14.6,0.0,4.395833333333333,18.2,0.4,3.051388888888889,0.5805555555555556,-1.0930555555555557,225.68333333333334,28.625,-1135.173611111111,12059.555555555555,1573111.0,-1504.2083333333333,-882915,63.90277777777778,70.29861111111111,67.60416666666667,38.298611111111114,42.88194444444444,38.1875,42.611111111111114,35.986111111111114,31.819444444444443,-3.1,89.6,15.266666666666667,1.0701388888888888,59.52777777777778,37.986111111111114,37.875,39.80555555555556,38.875,65.54722222222222,0.6465277777777778,50.00069444444445,399.47569444444446,398.37847222222223,396.6111111111111,78.35,83.72708333333334,80.74444444444445,888.5,-50.3,39.40972222222222,0.4375,2.995138888888889,27.470138888888886,-36.800694444444446,989.7,-944.1,18.405555555555555,74.61736111111111,898.1,0.0,26.641666666666666,-258.4847222222222,0.0,-1000.0,49.68055555555556,258.4847222222222,1000.0,0.0,49.68055555555556,45.083333333333336,251.7736111111111,T07,0.0,9.0,3.0777777777777775,0.1971527777777778,0.0,9.2,3.0506944444444444,0.20791666666666667,23.0,34.0,27.881944444444443,1008.0,1011.0,1009.6388888888889,16.0,80.0,48.4375,0.0,0.0,0.0,0.0,58.06944444444444,57.65277777777778,409.56944444444446,,0
2017-08-17 00:00:00+00:00,1772.3,0.0,1191.0735714285713,77.82571428571428,49.16546762589928,68.93571428571428,68.82142857142857,68.02857142857142,45.67857142857143,49.45,53.52857142857143,36.285714285714285,15.6,0.0,10.541428571428572,38.8,0.4,5.788571428571428,1.0514285714285716,5.802857142857143,101.59571428571428,27.771428571428572,-472.62857142857143,73771.20714285714,10261800.0,-640.6928571428572,-2275091,70.82857142857142,76.85714285714286,74.97142857142858,40.47142857142857,43.92857142857143,36.68571428571428,43.628571428571426,37.02857142857143,30.542857142857144,-3.2,90.0,4.1292857142857144,1.5985714285714288,84.40714285714286,40.75714285714286,40.68571428571428,42.50714285714286,40.292857142857144,438.69071428571425,0.7633093525179857,49.99857142857143,399.4057142857143,397.97,397.0992857142857,397.96142857142854,413.5907142857143,402.83642857142854,2101.4,-50.5,41.02857142857143,0.6792857142857144,5.621428571428571,107.41785714285714,-96.49357142857143,1000.4,-928.7,53.78785714285714,446.12571428571425,2000.0,0.0,108.89357142857143,-600.2057142857143,0.0,-1000.0,77.45,588.797142857143,1000.0,0.0,83.47428571428571,56.99285714285714,118.93928571428572,T07,0.5,17.5,5.778472222222223,1.1872222222222222,0.6000000000000001,16.0,5.748611111111111,0.6811805555555556,22.0,33.0,27.3125,1007.0,1010.0,1008.3611111111111,32.0,84.0,61.104166666666664,0.0,0.0,0.0,0.0,112.42361111111111,111.78472222222223,408.31944444444446,,0
2017-08-18 00:00:00+00:00,1729.8,0.0,1337.7902777777776,80.90694444444445,56.06944444444444,78.63888888888889,78.55555555555556,77.57638888888889,44.34027777777778,52.96527777777778,57.604166666666664,38.24305555555556,15.3,0.0,11.805555555555555,35.1,0.4,6.577777777777778,1.238888888888889,1.5708333333333333,124.60416666666667,28.541666666666668,-406.43055555555554,96898.51388888889,13894858.0,-443.27777777777777,-2833686,73.97916666666667,81.71527777777777,78.90277777777777,40.97222222222222,46.375,37.15972222222222,45.208333333333336,40.875,30.805555555555557,-3.3,89.8,1.4277777777777778,0.9729166666666667,95.94444444444444,41.4375,41.40972222222222,43.09722222222222,40.708333333333336,578.925,0.9034722222222222,50.0,399.38472222222225,398.00625,397.24652777777777,493.26874999999995,515.629861111111,499.93055555555554,2098.9,-50.1,42.861111111111114,0.7125,6.413888888888889,147.55347222222224,-118.03888888888888,940.8,-712.4,16.741666666666667,582.675,2000.0,0.0,148.93194444444444,-800.3347222222222,0.0,-1000.0,67.52847222222222,790.6743055555556,1000.0,0.0,78.69791666666667,67.76388888888889,130.53958333333333,T07,0.2,15.6,5.883333333333334,1.3979861111111112,0.0,13.5,6.5875,0.6299305555555557,24.0,34.0,27.833333333333332,1005.0,1009.0,1007.3402777777778,40.0,81.0,65.08333333333333,0.0,0.0,0.0,0.0,114.52777777777777,128.59722222222223,407.28472222222223,,0
2017-08-19 00:00:00+00:00,1801.6,0.0,879.0097222222222,89.08333333333333,49.13194444444444,66.17361111111111,65.90972222222223,64.85416666666667,45.25,48.55555555555556,51.24305555555556,37.354166666666664,15.8,0.0,7.638888888888889,42.5,0.4,5.390277777777778,1.0631944444444443,12.306944444444445,120.46388888888889,28.96527777777778,-877.7152777777778,82102.81944444444,11696416.0,-1261.3958333333333,-1912557,68.54166666666667,75.61805555555556,73.28472222222223,40.895833333333336,44.69444444444444,38.395833333333336,44.59722222222222,39.395833333333336,31.97222222222222,-3.3,71.5,10.915972222222223,2.20625,73.61805555555556,41.145833333333336,41.02777777777778,42.81944444444444,40.895833333333336,487.3666666666667,0.7333333333333334,50.00069444444445,399.8597222222222,398.49652777777777,396.8076388888889,424.86041666666665,437.3694444444444,428.80625,2101.8,-50.5,42.5,0.7833333333333333,5.204861111111111,74.95833333333333,-79.65208333333334,1000.0,-821.3,24.47986111111111,497.14861111111105,2000.0,0.0,76.19027777777778,-391.2972222222222,0.0,-1000.0,67.90138888888889,354.6965277777778,1000.0,0.0,68.37430555555555,55.479166666666664,143.1638888888889,T07,0.0,17.6,4.666666666666667,1.2755555555555556,0.0,18.3,5.043749999999999,0.7219444444444444,24.0,34.0,28.34027777777778,1005.0,1007.0,1006.4305555555555,34.0,74.0,54.24305555555556,0.0,0.0,0.0,0.0,90.0,97.69444444444444,406.3611111111111,,0
2017-08-20 00:00:00+00:00,1877.1,0.0,424.85347222222225,23.677083333333332,46.798611111111114,59.388888888888886,59.19444444444444,58.270833333333336,40.52777777777778,48.201388888888886,46.923611111111114,36.55555555555556,16.9,0.0,3.6847222222222222,40.9,0.7000000000000001,10.042361111111111,1.8993055555555556,-0.3770833333333333,102.08263888888888,28.0,-761.4652777777778,60142.59027777778,8550883.0,-530.6597222222222,-1135328,77.48611111111111,85.34027777777777,84.29166666666667,39.52777777777778,43.201388888888886,33.923611111111114,44.34027777777778,37.423611111111114,28.868055555555557,-2.7,90.0,66.88680555555555,0.7458333333333332,60.923611111111114,39.451388888888886,39.125,40.708333333333336,39.645833333333336,356.26458333333335,0.9270833333333334,50.0,402.19375,399.93819444444443,400.76666666666665,304.51666666666665,312.0423611111111,305.62083333333334,2099.4,-45.8,39.71527777777778,0.14444444444444446,9.934722222222222,42.40486111111111,-47.30555555555556,0.7000000000000001,-211.6,2.0854166666666667,1424.7798611111111,2000.0,0.0,244.85625000000002,-219.59166666666667,0.0,-1000.0,18.481944444444444,187.11319444444445,1000.0,0.0,22.369444444444444,48.55555555555556,102.4701388888889,T07,4.3,20.3,11.690972222222221,2.2735416666666666,5.0,17.6,10.98125,1.3211111111111111,25.0,31.0,27.15972222222222,1006.0,1008.0,1007.125,49.0,80.0,65.8125,0.0,0.0,0.0,0.0,230.84722222222223,216.67361111111111,407.0625,,0
2017-08-21 00:00:00+00:00,620.7,0.0,17.44375,13.000694444444445,32.145833333333336,33.604166666666664,33.55555555555556,33.416666666666664,39.673611111111114,38.84027777777778,36.013888888888886,34.479166666666664,5.4,0.0,0.014583333333333334,22.8,0.5,9.227083333333333,1.8166666666666669,-3.245833333333333,107.52152777777778,27.645833333333332,-367.4166666666667,0.0,-52907.0,-98.59027777777777,-14198,80.00694444444444,82.38888888888889,80.04166666666667,36.72222222222222,38.375,34.69444444444444,42.736111111111114,31.26388888888889,29.0,40.0,89.9,87.56180555555555,0.22013888888888888,31.98611111111111,36.479166666666664,35.791666666666664,37.145833333333336,37.21527777777778,-2.204861111111111,0.9944444444444444,49.99861111111111,402.81666666666666,400.5888888888889,401.34305555555557,1.6916666666666667,2.2006944444444443,2.64375,-1.3,-22.4,34.576388888888886,0.015277777777777779,9.227083333333333,2.058333333333333,-0.5895833333333333,0.8,-15.2,1.577777777777778,1268.9597222222224,2000.0,77.9,316.2083333333333,0.0,0.0,0.0,0.0,0.0,0.0,0.0,0.0,32.5625,110.79861111111111,T07,2.9,17.5,10.382638888888888,2.0331944444444443,3.4,16.3,9.96736111111111,1.4778472222222223,24.0,31.0,26.770833333333332,1006.0,1008.0,1007.3888888888889,46.0,78.0,64.29861111111111,0.0,0.0,0.0,0.0,204.66666666666666,196.34027777777777,407.3333333333333,,0
2017-08-22 00:00:00+00:00,110.9,0.0,7.969444444444444,9.35625,31.02777777777778,32.28472222222222,32.270833333333336,31.868055555555557,46.44444444444444,35.229166666666664,33.5625,34.24305555555556,0.0,0.0,0.0,24.1,0.5,8.191666666666666,1.6805555555555556,-22.7125,90.44861111111112,27.65277777777778,-444.74305555555554,0.0,-64043.0,-147.375,-21222,80.13194444444444,82.19444444444444,79.375,36.5,38.291666666666664,35.638888888888886,42.40972222222222,30.75,28.9375,85.9,86.1,86.0,0.0,31.3125,36.28472222222222,35.576388888888886,36.90972222222222,36.9375,-2.6708333333333334,1.0,50.0,402.2298611111111,400.4479166666667,400.25208333333336,1.9749999999999999,2.8979166666666667,3.0881944444444445,-1.6,-20.8,34.34027777777778,0.0,8.192361111111111,3.6145833333333335,-0.8888888888888888,-0.1,-15.1,2.70625,1003.6069444444444,2000.0,14.9,236.76944444444447,0.0,0.0,0.0,0.0,0.0,0.0,0.0,0.0,31.6875,113.2,T07,3.0,16.0,8.635416666666666,1.9599305555555557,3.7,14.1,8.933333333333334,0.6060416666666666,23.0,32.0,26.708333333333332,1005.0,1009.0,1007.5277777777778,31.0,78.0,56.18055555555556,0.0,0.0,0.0,0.0,169.61111111111111,175.80555555555554,407.47222222222223,,0
2017-08-23 00:00:00+00:00,81.1,0.0,2.919811320754717,3.8858490566037736,31.00943396226415,32.264150943396224,32.216981132075475,31.971698113207548,42.594339622641506,34.08490566037736,32.783018867924525,33.801886792452834,0.0,0.0,0.0,23.0,0.4,5.323584905660377,1.0339622641509434,-39.84528301886793,118.70188679245283,26.867924528301888,-378.8301886792453,0.0,-40155.0,-123.67924528301887,-13110,80.63207547169812,82.83962264150944,79.70754716981132,36.801886792452834,38.12264150943396,33.113207547169814,42.39622641509434,30.867924528301888,28.32075471698113,0.0,90.0,87.31886792452829,0.038679245283018866,31.89622641509434,36.4811320754717,35.886792452830186,37.075471698113205,37.320754716981135,-2.2424528301886792,0.9877358490566038,50.0,401.04056603773586,399.76037735849053,398.28207547169814,1.711320754716981,2.4264150943396223,2.782075471698113,-0.9,-23.2,34.735849056603776,0.0,3.9971698113207546,2.3933962264150943,-0.7273584905660379,0.0,-17.0,1.8150943396226416,266.31981132075475,1492.2,0.0,81.02358490566037,0.0,0.0,0.0,0.0,0.0,0.0,0.0,0.0,31.80188679245283,107.65283018867925,T07,0.2,12.3,5.785416666666666,1.2124305555555557,0.0,11.1,6.330555555555556,0.4697916666666667,24.0,34.0,27.59722222222222,1006.0,1008.0,1006.9513888888889,27.0,70.0,46.354166666666664,0.0,0.0,0.0,0.0,112.56944444444444,123.46527777777777,406.8888888888889,,0
2017-08-24 00:00:00+00:00,0.0,0.0,0.0,0.0,30.1875,31.95138888888889,31.88888888888889,31.42361111111111,31.61111111111111,33.013888888888886,31.291666666666668,32.40277777777778,0.0,0.0,0.0,19.4,0.4,3.992361111111111,0.7791666666666667,-3.7916666666666665,95.0611111111111,28.78472222222222,-186.3125,0.0,-26829.0,-31.40277777777778,-4522,80.04861111111111,82.375,78.90277777777777,37.201388888888886,37.826388888888886,32.951388888888886,42.888888888888886,30.48611111111111,28.09722222222222,90.0,90.0,90.0,0.0,31.32638888888889,36.875,35.958333333333336,36.63194444444444,37.74305555555556,-1.1152777777777778,0.995138888888889,49.99861111111111,401.28541666666666,399.99861111111113,398.2722222222222,0.6000000000000001,1.1305555555555555,2.0180555555555557,-0.9,-3.7,34.5625,0.0,0.0,0.025694444444444447,-0.18611111111111112,0.0,-3.8,0.025,0.0,0.0,0.0,0.0,0.0,0.0,0.0,0.0,0.0,0.0,0.0,0.0,30.82638888888889,96.4,T07,0.4,12.5,4.000694444444445,0.6217361111111112,0.4,11.3,4.110416666666667,0.44416666666666665,23.0,35.0,27.9375,1006.0,1008.0,1007.2361111111111,18.0,75.0,45.84027777777778,0.0,0.0,0.0,0.0,76.70833333333333,79.03472222222223,407.2083333333333,,0
2017-08-25 00:00:00+00:00,58.9,0.0,1.75625,0.9173611111111111,30.416666666666668,31.604166666666668,31.569444444444443,31.25,31.020833333333332,32.55555555555556,30.916666666666668,31.73611111111111,0.0,0.0,0.0,17.9,0.4,4.899305555555555,0.8541666666666666,5.979166666666667,112.06319444444445,28.305555555555557,-273.02777777777777,0.0,-39316.0,-23.381944444444443,-3368,79.73611111111111,82.09027777777777,78.77777777777777,36.875,37.173611111111114,32.6875,42.479166666666664,30.75,27.993055555555557,65.3,90.0,89.46180555555556,0.050694444444444445,31.083333333333332,36.520833333333336,35.69444444444444,36.291666666666664,37.31944444444444,-1.6368055555555554,0.9743055555555556,50.0,401.1847222222222,399.61527777777775,398.375,1.0319444444444443,1.8111111111111111,2.1381944444444443,-0.9,-24.6,34.25,0.0,0.6708333333333333,0.5166666666666667,-0.13611111111111113,1.2,-20.9,0.37777777777777777,42.929861111111116,1550.6,0.0,12.491666666666667,0.0,0.0,0.0,0.0,0.0,0.0,0.0,0.0,30.479166666666668,93.63125000000001,T07,0.4,13.7,4.987500000000001,0.9321527777777777,0.3,12.6,5.029861111111111,0.6866666666666666,23.0,34.0,27.75,1005.0,1008.0,1006.4166666666666,27.0,72.0,50.65972222222222,0.0,0.0,0.0,0.0,96.54166666666667,97.40277777777777,406.3611111111111,,0
2017-08-26 00:00:00+00:00,95.9,0.0,18.95763888888889,10.207638888888889,30.32638888888889,31.770833333333332,31.770833333333332,31.52777777777778,44.013888888888886,32.75,31.57638888888889,32.861111111111114,0.0,0.0,0.0,15.9,0.4,6.528472222222223,0.8236111111111112,31.78541666666667,109.65833333333333,28.458333333333332,-426.7986111111111,0.0,-61456.0,81.27777777777777,11704,79.90972222222223,82.22222222222223,78.97222222222223,35.65972222222222,36.763888888888886,37.395833333333336,41.52777777777778,31.506944444444443,30.875,85.9,86.1,86.0,0.0,30.729166666666668,35.458333333333336,34.625,35.826388888888886,35.94444444444444,-2.565277777777778,0.8,50.00138888888889,401.6798611111111,399.81319444444443,399.16597222222225,1.8812499999999999,3.7270833333333337,2.9194444444444443,-1.6,-20.8,34.0625,0.0,6.528472222222223,3.509722222222222,0.4756944444444444,1.2,-13.7,2.6125,588.6666666666666,2000.0,0.0,153.76875,0.0,0.0,0.0,0.0,0.0,0.0,0.0,0.0,31.104166666666668,72.9,T07,0.0,15.8,6.483333333333333,1.3486805555555557,0.0,13.7,6.711111111111111,0.63875,24.0,34.0,27.979166666666668,1002.0,1006.0,1004.3888888888889,38.0,75.0,55.69444444444444,0.0,0.0,0.0,0.0,126.49305555555556,131.08333333333334,404.3611111111111,,0
2017-08-27 00:00:00+00:00,141.5,0.0,17.329166666666666,11.82986111111111,28.791666666666668,30.631944444444443,30.63888888888889,30.46527777777778,43.09027777777778,32.395833333333336,30.979166666666668,30.645833333333332,0.0,0.0,0.0,20.7,0.4,6.570138888888889,0.8951388888888889,-2.107638888888889,178.26180555555555,26.23611111111111,-417.65972222222223,0.0,-60141.0,85.04166666666667,12246,79.05555555555556,81.42361111111111,78.36111111111111,34.104166666666664,34.3125,34.791666666666664,39.5625,28.625,28.29861111111111,85.9,86.1,86.0,0.0,29.506944444444443,33.88194444444444,33.083333333333336,34.229166666666664,34.0625,-2.5125,0.8006944444444445,50.00069444444445,401.7291666666667,399.9,399.2895833333333,1.8493055555555555,3.701388888888889,2.9,-1.6,-21.6,32.326388888888886,0.0,6.570138888888889,3.472916666666667,0.49444444444444446,1.2,-13.8,2.58125,626.5847222222222,2000.0,0.0,172.18402777777777,0.0,0.0,0.0,0.0,0.0,0.0,0.0,0.0,29.930555555555557,72.9,T07,0.4,18.1,6.300000000000001,1.5735416666666666,0.3,17.9,6.245138888888889,1.4211111111111112,22.0,29.0,25.26388888888889,1002.0,1007.0,1004.875,60.0,85.0,75.40972222222223,0.0,6.0,0.09027777777777778,0.0,122.79861111111111,121.79166666666667,404.84027777777777,,0
2017-08-28 00:00:00+00:00,1542.7,0.0,174.9965034965035,21.325174825174827,29.363636363636363,32.25874125874126,32.23076923076923,32.06293706293706,37.72727272727273,32.07692307692308,30.93006993006993,28.692307692307693,13.7,0.0,1.5398601398601397,16.7,0.4,3.9608391608391607,0.6734265734265734,-76.87062937062937,262.95874125874127,23.426573426573427,-423.2587412587413,2252.2587412587413,261551.0,20.251748251748253,-55615,77.48251748251748,79.9020979020979,76.27972027972028,33.12587412587413,32.41958041958042,31.454545454545453,37.81818181818182,26.62937062937063,26.272727272727273,-2.5,90.0,74.56363636363636,0.8314685314685314,32.92307692307692,32.77622377622377,32.13986013986014,33.34965034965035,32.82517482517483,11.002097902097901,0.8181818181818182,49.9993006993007,400.713986013986,399.2685314685315,397.9230769230769,21.574825174825172,24.1013986013986,22.95944055944056,654.6,-41.7,31.244755244755243,0.17762237762237762,3.9314685314685316,8.661538461538461,-2.2412587412587412,1000.4,-692.2,18.443356643356644,153.6055944055944,1743.9,0.0,66.64195804195803,-55.53496503496503,0.0,-1000.0,23.895104895104897,55.53496503496503,1000.0,0.0,23.895104895104897,52.07692307692308,100.6937062937063,T07,0.0,10.4,4.329861111111111,0.33708333333333335,0.0,10.4,4.344444444444445,0.355,20.0,25.0,21.86111111111111,1006.0,1008.0,1007.1805555555555,52.0,88.0,74.88194444444444,0.0,0.0,0.0,0.0,83.36111111111111,83.77083333333333,407.125,,0
2017-08-29 00:00:00+00:00,1686.8,0.0,719.1631944444445,109.7173611111111,40.8125,50.9375,50.90277777777778,50.65277777777778,35.46527777777778,44.486111111111114,46.1875,29.055555555555557,14.9,0.0,6.221527777777777,70.0,0.4,3.8312500000000003,1.9187500000000002,-4.291666666666667,201.93958333333333,21.305555555555557,-782.5625,20762.493055555555,2877108.0,-685.0,-1056910,75.34722222222223,77.68055555555556,74.82638888888889,35.826388888888886,37.020833333333336,32.833333333333336,37.645833333333336,28.041666666666668,25.666666666666668,-3.1,89.9,13.052777777777777,3.0256944444444445,66.25,35.65972222222222,35.541666666666664,37.4375,35.486111111111114,119.8861111111111,0.7840277777777778,49.99861111111111,399.9659722222222,398.5083333333333,397.5451388888889,123.4888888888889,131.34027777777777,125.20833333333333,1296.4,-50.3,33.541666666666664,1.0076388888888888,3.8430555555555554,49.80277777777778,-44.07083333333333,1000.3,-950.7,32.168055555555554,135.96388888888887,2000.0,0.0,61.90277777777778,-352.5055555555556,0.0,-1000.0,74.62222222222222,352.5055555555556,1000.0,0.0,74.62222222222222,38.083333333333336,206.24305555555554,T07,0.0,12.4,3.997916666666667,0.3031944444444445,0.0,12.2,3.9930555555555554,0.30854166666666666,17.0,23.0,20.541666666666668,1006.0,1008.0,1006.6180555555555,68.0,96.0,81.66666666666667,0.0,39.0,1.8125,0.0,76.65972222222223,76.63888888888889,406.59027777777777,,0
2017-08-30 00:00:00+00:00,1604.9,0.0,377.9028169014084,67.04295774647888,34.88028169014085,41.014084507042256,40.95070422535211,40.683098591549296,41.29577464788732,41.04225352112676,40.49295774647887,30.528169014084508,14.2,0.0,3.2084507042253523,21.7,0.4,2.602816901408451,0.6985915492957747,-9.902112676056337,123.70000000000002,23.302816901408452,-806.7676056338029,6843.316901408451,857191.0,-734.8450704225352,-521814,74.90845070422536,77.21830985915493,74.06338028169014,34.309859154929576,36.190140845070424,33.528169014084504,37.936619718309856,28.56338028169014,27.422535211267604,-2.5,90.0,32.65070422535211,3.083098591549296,46.105633802816904,34.00704225352113,33.69718309859155,35.36619718309859,34.17605633802817,36.23098591549296,0.797887323943662,50.0,400.0,398.6767605633803,397.2380281690141,47.563380281690144,51.878169014084506,48.7330985915493,742.0,-50.2,32.598591549295776,0.5690140845070423,2.4464788732394362,22.349999999999998,-22.019718309859154,1000.2,-918.3,21.702112676056338,45.24718309859155,749.2,0.0,22.323943661971832,-155.04647887323944,0.0,-1000.0,60.59154929577465,155.04647887323944,1000.0,0.0,60.59154929577465,34.38732394366197,143.76338028169013,T07,0.0,10.5,2.6368055555555556,0.3481944444444445,0.0,9.3,2.584027777777778,0.31243055555555554,19.0,28.0,22.3125,1006.0,1008.0,1007.3263888888889,48.0,91.0,74.3125,0.0,0.0,0.0,0.0,49.34027777777778,48.375,407.27777777777777,,0
2017-08-31 00:00:00+00:00,1692.1,0.0,590.8811188811189,75.88111888111888,39.40559440559441,47.93706293706294,47.88111888111888,47.58741258741259,39.01398601398601,44.95104895104895,45.43356643356643,32.22377622377623,15.0,0.0,5.097202797202797,19.1,0.4,4.070629370629371,0.790909090909091,2.553146853146853,99.62027972027973,25.405594405594407,-702.0419580419581,16529.95104895105,2263393.0,-520.9580419580419,-898826,76.96503496503496,79.31468531468532,76.25174825174825,35.72027972027972,37.98601398601399,33.07692307692308,39.16783216783217,31.202797202797203,27.53146853146853,-2.9,90.0,32.24265734265734,1.9132867132867135,56.20979020979021,35.48951048951049,35.28671328671329,37.00699300699301,35.56643356643357,95.01398601398601,0.8342657342657342,50.0006993006993,399.8811188811189,398.3167832167832,397.3300699300699,98.7020979020979,106.52307692307691,99.7937062937063,1172.1,-50.1,34.42657342657343,0.6818181818181818,3.633566433566434,39.616083916083916,-37.696503496503496,1000.3,-911.4,28.153846153846153,134.26713286713286,1273.4,0.0,57.41188811188811,-292.45174825174826,0.0,-1000.0,59.823076923076925,292.45174825174826,1000.0,0.0,59.823076923076925,38.3006993006993,84.46993006993006,T07,0.5,11.3,4.090972222222223,0.7663888888888889,0.5,10.0,4.156944444444445,0.49118055555555556,20.0,30.0,24.805555555555557,1005.0,1008.0,1006.6527777777778,40.0,83.0,61.270833333333336,0.0,0.0,0.0,0.0,78.55555555555556,80.04166666666667,406.5416666666667,,0
2017-09-01 00:00:00+00:00,1772.2,0.0,1593.607638888889,60.37430555555555,61.94444444444444,94.11111111111111,93.77083333333333,91.59722222222223,40.041666666666664,53.0625,60.076388888888886,37.36805555555556,15.6,0.0,14.111805555555556,41.5,0.5,8.730555555555556,1.5277777777777777,-0.14791666666666664,96.15416666666667,26.375,-56.583333333333336,186857.74305555556,26899366.0,-45.729166666666664,-3000217,84.42361111111111,91.52083333333333,89.21527777777777,42.638888888888886,45.38194444444444,33.99305555555556,45.013888888888886,40.895833333333336,27.958333333333332,-3.3,89.9,-0.8173611111111111,1.270138888888889,104.01388888888889,43.63194444444444,43.541666666666664,45.208333333333336,41.18055555555556,1120.8402777777778,0.9798611111111111,49.99791666666667,400.60555555555555,398.4763888888889,398.8236111111111,937.5430555555556,967.7930555555556,941.3833333333334,2100.1,-45.5,43.86805555555556,0.5375000000000001,8.584722222222222,206.12986111111113,-124.99513888888889,1000.6,-286.1,21.35763888888889,1127.2569444444443,2000.0,0.0,200.48541666666668,-934.0472222222221,0.0,-1000.0,50.450694444444444,877.575,1000.0,0.0,81.57847222222222,56.548611111111114,96.29166666666667,T07,1.3,17.7,8.739583333333334,1.9765972222222221,1.4,15.1,8.860416666666667,0.8220138888888889,23.0,29.0,25.743055555555557,1006.0,1008.0,1006.8194444444445,51.0,81.0,67.04166666666667,0.0,0.0,0.0,0.0,171.71527777777777,174.16666666666666,406.75694444444446,,0
2017-09-02 00:00:00+00:00,1807.5,1195.6,1652.4319444444445,37.90208333333333,70.11111111111111,115.10416666666667,114.21527777777777,111.03472222222223,42.041666666666664,54.729166666666664,62.40277777777778,39.40277777777778,16.0,10.6,14.640277777777776,43.7,0.5,10.718055555555557,1.9708333333333334,-0.26666666666666666,91.98958333333333,26.52777777777778,0.0,261552.5,37663560.0,0.0,-4455041,89.09027777777777,100.9375,100.39583333333333,45.13194444444444,48.611111111111114,33.798611111111114,48.333333333333336,45.833333333333336,27.694444444444443,-3.2,13.4,1.1583333333333334,1.5895833333333333,115.70138888888889,46.59722222222222,46.52777777777778,47.923611111111114,42.96527777777778,1569.3125,0.9979166666666666,50.0,400.8611111111111,398.33124999999995,399.2875,1303.1819444444445,1332.4812499999998,1302.5319444444444,2101.7,145.5,49.13194444444444,0.3354166666666667,10.430555555555555,181.43055555555554,-185.6263888888889,-91.9,-221.3,4.057638888888889,1566.9111111111113,2000.0,141.2,181.27152777777778,-811.0777777777778,-583.3,-1000.0,88.3138888888889,677.4277777777778,1000.0,406.1,101.40902777777778,62.69444444444444,92.26805555555556,T07,2.9,19.3,10.485416666666667,2.7758333333333334,3.4,17.2,10.736805555555556,1.1774305555555555,24.0,29.0,25.993055555555557,1008.0,1010.0,1008.7708333333334,53.0,81.0,70.22222222222223,0.0,0.0,0.0,0.0,206.625,211.70833333333334,408.6736111111111,,0
2017-09-03 00:00:00+00:00,1727.3,0.0,1355.4604166666666,86.58541666666666,55.736111111111114,81.34027777777777,81.15277777777777,80.03472222222223,41.736111111111114,52.625,57.201388888888886,36.638888888888886,15.3,0.0,11.993055555555555,28.1,0.4,6.714583333333334,1.1895833333333334,-0.8659722222222223,143.98472222222222,26.479166666666668,-447.30555555555554,108734.29861111111,15593327.0,-348.9513888888889,-2653334,76.70138888888889,86.70138888888889,85.75,40.479166666666664,45.09722222222222,34.99305555555556,44.27777777777778,38.645833333333336,28.90277777777778,-3.3,88.9,1.2076388888888887,1.929861111111111,97.34027777777777,40.90277777777778,40.854166666666664,42.625,39.77777777777778,649.6486111111111,0.9055555555555556,50.0,399.8097222222222,397.93819444444443,397.41805555555555,550.5854166666667,577.0041666666667,556.3840277777778,2099.6,-50.7,42.03472222222222,0.7895833333333333,6.5993055555555555,119.83749999999999,-110.5375,1000.2,-788.4,20.968055555555555,655.7833333333333,2000.0,0.0,121.39305555555555,-751.9555555555556,0.0,-1000.0,89.19305555555555,721.1041666666666,1000.0,0.0,103.06944444444444,51.888888888888886,142.3673611111111,T07,0.7000000000000001,13.5,6.239583333333333,1.176388888888889,0.6000000000000001,12.7,6.836111111111111,0.5591666666666666,23.0,32.0,25.75,1006.0,1010.0,1007.8333333333334,47.0,94.0,66.5,0.0,0.0,0.0,0.0,121.65972222222223,133.59722222222223,407.75,,0
2017-09-04 00:00:00+00:00,1687.1,0.0,834.0402777777778,61.52569444444445,41.52777777777778,54.00694444444444,53.96527777777778,53.68055555555556,37.93055555555556,46.798611111111114,47.97222222222222,32.048611111111114,14.9,0.0,7.242361111111112,39.3,0.4,4.022916666666666,0.7715277777777778,-5.545833333333333,242.5673611111111,24.15277777777778,-690.6736111111111,25371.555555555555,3554050.0,-488.84722222222223,-1351872,67.33333333333333,72.69444444444444,72.0,36.673611111111114,39.5,33.923611111111114,39.96527777777778,31.291666666666668,27.6875,-3.2,77.4,9.11111111111111,1.0708333333333333,71.26388888888889,36.5625,36.395833333333336,38.30555555555556,36.50694444444444,148.07638888888889,0.8319444444444445,50.0,399.34305555555557,397.93541666666664,396.80833333333334,144.90277777777777,155.47430555555556,146.26736111111111,992.7,-50.2,36.770833333333336,0.5895833333333333,4.009027777777778,58.47083333333333,-56.3,999.9,-804.1,25.393055555555556,154.82152777777776,1012.4,0.0,58.732638888888886,-447.45902777777775,0.0,-1000.0,97.16527777777777,447.45902777777775,1000.0,0.0,97.16527777777777,38.90972222222222,248.1173611111111,T07,0.0,9.8,4.264583333333333,0.3284722222222223,0.0,10.2,4.272916666666666,0.35638888888888887,21.0,27.0,23.15972222222222,1007.0,1011.0,1008.3402777777778,48.0,97.0,80.27083333333333,0.0,1.0,0.006944444444444444,0.0,82.04166666666667,82.34027777777777,408.28472222222223,,0
2017-09-05 00:00:00+00:00,1727.5,14.4,997.6402777777779,94.21666666666667,44.479166666666664,59.18055555555556,59.11805555555556,58.65277777777778,38.791666666666664,48.43055555555556,50.736111111111114,33.28472222222222,15.3,0.0,8.703472222222222,42.3,0.4,4.768750000000001,0.9513888888888888,-2.392361111111111,140.80833333333334,25.569444444444443,-632.3333333333334,45648.63888888889,6482341.0,-446.1736111111111,-1663810,79.20138888888889,82.06944444444444,80.57638888888889,37.6875,39.84027777777778,34.076388888888886,40.15972222222222,33.09722222222222,27.979166666666668,-3.3,84.4,7.004861111111111,1.9090277777777775,73.77083333333333,37.701388888888886,37.59722222222222,39.4375,37.34027777777778,270.0986111111111,0.8569444444444445,49.99930555555555,399.4145833333333,397.79583333333335,397.04583333333335,243.15625,257.8173611111111,245.02083333333334,1761.1,-51.0,36.94444444444444,0.8493055555555555,4.725,89.39236111111111,-69.27916666666667,1000.0,-843.1,28.993750000000002,278.43611111111113,1802.0,0.0,90.17916666666666,-507.1430555555556,0.0,-1000.0,97.58958333333334,506.35138888888895,1000.0,0.0,100.6548611111111,41.354166666666664,143.1986111111111,T07,0.3,14.1,4.633333333333334,0.9563888888888888,0.0,12.7,4.470138888888889,0.5942361111111112,21.0,30.0,24.854166666666668,1010.0,1013.0,1011.1180555555555,51.0,97.0,76.38194444444444,0.0,0.0,0.0,0.0,89.47222222222223,86.23611111111111,411.03472222222223,,0
2017-09-06 00:00:00+00:00,1717.7,71.5,1439.1319444444443,78.78680555555555,52.604166666666664,75.70833333333333,75.53472222222223,74.57638888888889,39.388888888888886,52.77777777777778,57.81944444444444,36.076388888888886,15.2,0.0,12.730555555555556,39.6,0.4,6.934722222222223,1.1708333333333334,0.2215277777777778,92.58055555555556,27.45138888888889,-218.59027777777777,107020.06944444444,15379412.0,-140.0625,-3076236,83.98611111111111,87.875,86.04861111111111,40.52777777777778,44.354166666666664,34.68055555555556,44.388888888888886,37.229166666666664,28.6875,-3.3,75.9,-0.5520833333333335,0.4895833333333333,95.28472222222223,41.05555555555556,40.94444444444444,42.763888888888886,39.96527777777778,640.84375,0.9673611111111112,49.99861111111111,399.61041666666665,397.85625000000005,397.9201388888889,539.9888888888888,564.0416666666666,542.8736111111111,2009.2,-45.8,41.90972222222222,0.7034722222222222,6.917361111111111,140.11041666666668,-128.18680555555557,999.8,-459.1,8.76736111111111,642.8423611111111,2000.0,0.0,141.29375,-913.0555555555555,0.0,-1000.0,22.34375,910.8409722222223,1000.0,0.0,27.24652777777778,48.80555555555556,92.35763888888889,T07,0.7000000000000001,13.3,6.624305555555555,1.344375,0.7000000000000001,13.2,7.038194444444445,0.7449305555555555,23.0,33.0,26.805555555555557,1008.0,1013.0,1010.2222222222222,28.0,82.0,56.638888888888886,0.0,0.0,0.0,0.0,129.36805555555554,137.64583333333334,410.18055555555554,,0
2017-09-07 00:00:00+00:00,1713.3,0.0,1323.7770833333334,78.14930555555556,51.03472222222222,71.58333333333333,71.52083333333333,71.00694444444444,39.11805555555556,52.40972222222222,56.229166666666664,35.72222222222222,15.2,0.0,11.709722222222222,24.8,0.4,5.982638888888889,1.0458333333333334,-0.0979166666666667,98.23263888888889,26.895833333333332,-224.92361111111111,66772.72222222222,9582887.0,-161.09027777777777,-2450059,67.3125,74.3125,72.08333333333333,39.34722222222222,44.25,34.701388888888886,44.048611111111114,36.75694444444444,28.67361111111111,-3.2,89.7,0.0979166666666666,1.0368055555555555,96.35416666666667,39.72222222222222,39.61805555555556,41.416666666666664,39.1875,399.2673611111111,0.9097222222222222,49.99791666666667,399.6027777777778,397.8930555555555,397.87916666666666,343.65694444444443,364.90208333333334,343.3986111111111,1788.8,-49.7,41.361111111111114,0.7006944444444445,5.926388888888889,105.37083333333334,-102.07361111111112,639.9,-400.2,10.734722222222222,402.1430555555555,1846.5,0.0,106.14305555555556,-834.1756944444445,0.0,-1000.0,88.92222222222222,833.9368055555556,1000.0,0.0,89.94999999999999,47.673611111111114,98.32847222222222,T07,1.2,12.7,6.225,1.1746527777777778,0.7000000000000001,12.0,6.133333333333334,0.6538194444444445,23.0,31.0,26.333333333333332,1006.0,1009.0,1007.3194444444445,40.0,71.0,56.479166666666664,0.0,0.0,0.0,0.0,121.34027777777777,119.52083333333333,407.27777777777777,,0
2017-09-08 00:00:00+00:00,1665.8,0.0,1057.7520833333333,98.86111111111111,47.076388888888886,61.34027777777778,61.34027777777778,61.02777777777778,39.826388888888886,49.625,52.09722222222222,33.88194444444444,14.8,0.0,9.348611111111111,18.2,0.4,4.646527777777778,0.775,0.6138888888888888,161.8111111111111,26.32638888888889,-620.6527777777778,28690.618055555555,4042072.0,-553.6736111111111,-1565222,62.5,69.11805555555556,66.90972222222223,39.020833333333336,42.076388888888886,35.65277777777778,42.166666666666664,34.65277777777778,29.36111111111111,-3.1,89.5,4.902083333333334,2.4895833333333335,83.47916666666667,38.979166666666664,38.88194444444444,40.798611111111114,39.0,168.42013888888889,0.775,49.99930555555555,399.25416666666666,397.7159722222222,397.25347222222223,173.76805555555555,188.17916666666667,175.41458333333333,832.7,-50.1,39.083333333333336,0.8937499999999999,4.629166666666666,46.79097222222222,-65.22430555555555,1000.1,-893.0,56.796527777777776,181.01458333333332,915.2,0.0,48.78611111111111,-556.5513888888888,0.0,-1000.0,99.62986111111111,556.5513888888888,1000.0,0.0,99.62986111111111,40.90972222222222,161.19791666666666,T07,0.2,9.6,4.734027777777778,0.4420138888888889,0.2,8.7,4.840277777777778,0.34368055555555554,22.0,33.0,25.694444444444443,1004.0,1007.0,1005.6388888888889,41.0,86.0,65.625,0.0,0.0,0.0,0.0,91.5,93.51388888888889,405.5833333333333,,0
2017-09-09 00:00:00+00:00,1726.5,0.0,981.5868055555555,63.78888888888889,42.65972222222222,60.46527777777778,60.31944444444444,59.395833333333336,36.333333333333336,47.4375,49.708333333333336,30.708333333333332,15.2,0.0,8.618749999999999,34.4,0.4,5.425000000000001,1.1034722222222222,-13.911805555555555,257.1194444444444,21.9375,-485.8541666666667,84501.25694444444,12098219.0,-320.4236111111111,-2439496,72.875,77.77777777777777,76.54166666666667,37.111111111111114,38.513888888888886,31.493055555555557,39.173611111111114,30.34722222222222,24.88888888888889,-3.2,66.5,7.918749999999999,0.6819444444444445,71.74305555555556,37.30555555555556,37.19444444444444,38.979166666666664,36.30555555555556,504.1555555555555,0.9125000000000001,50.0,399.53333333333336,397.8541666666667,396.7888888888889,429.3590277777778,446.71944444444443,432.68055555555554,2100.0,-35.7,36.375,0.5638888888888889,5.411111111111111,129.0611111111111,-101.64236111111111,1000.1,-219.0,7.481944444444445,508.5416666666667,2000.0,0.0,129.9451388888889,-582.682638888889,0.0,-1000.0,29.87916666666667,569.6736111111111,1000.0,0.0,48.239583333333336,39.645833333333336,271.0388888888889,T07,0.0,12.8,5.809722222222223,0.5215972222222223,0.0,13.2,5.850694444444445,0.5405555555555556,18.0,24.0,21.375,1004.0,1006.0,1004.9236111111111,55.0,97.0,79.5,0.0,1.0,0.013888888888888888,0.0,112.97916666666667,113.75694444444444,404.8888888888889,,0
2017-09-10 00:00:00+00:00,1719.1,0.0,1174.4291666666666,102.85555555555555,44.25694444444444,63.354166666666664,63.27777777777778,62.736111111111114,35.645833333333336,49.763888888888886,52.99305555555556,30.98611111111111,15.2,0.0,10.333333333333334,30.9,0.4,5.5375,0.9923611111111111,0.5298611111111111,303.8041666666667,21.76388888888889,-403.3958333333333,65002.069444444445,9302210.0,-362.0763888888889,-2160618,81.44444444444444,84.10416666666667,82.32638888888889,37.791666666666664,40.09722222222222,30.88888888888889,40.625,30.493055555555557,24.166666666666668,-3.3,89.8,3.8000000000000003,2.027083333333333,85.27083333333333,38.041666666666664,37.958333333333336,39.75694444444444,37.28472222222222,387.5451388888889,0.8666666666666667,49.99722222222223,399.3215277777778,397.51944444444445,396.8722222222222,335.3527777777778,356.78333333333336,340.3409722222222,2082.6,-50.1,37.86805555555556,0.9548611111111112,5.535416666666666,94.52083333333333,-90.03680555555555,1000.2,-739.5,19.84722222222222,394.13680555555555,2000.0,0.0,96.61736111111111,-676.1388888888889,0.0,-1000.0,65.29027777777777,673.4527777777778,1000.0,0.0,69.40833333333333,40.69444444444444,303.26944444444445,T07,0.0,13.5,5.793055555555556,0.5543055555555556,0.0,13.4,5.780555555555555,0.5554166666666667,16.0,25.0,20.770833333333332,1005.0,1008.0,1006.6180555555555,36.0,71.0,52.46527777777778,0.0,0.0,0.0,0.0,112.65277777777777,112.38888888888889,406.56944444444446,,0
2017-09-11 00:00:00+00:00,1561.7,0.0,405.23636363636365,109.52657342657342,36.69230769230769,44.54545454545455,44.46853146853147,44.22377622377623,39.23076923076923,44.33566433566433,44.51748251748252,31.727272727272727,13.8,0.0,3.3965034965034966,19.6,0.4,2.998601398601399,0.6090909090909091,14.432867132867134,165.1881118881119,24.356643356643357,-911.1958041958042,3411.5454545454545,357553.0,-589.2937062937064,-279953,76.08391608391608,78.47552447552448,75.97202797202797,35.44755244755245,37.44755244755245,34.06293706293706,38.45454545454545,29.783216783216783,27.958041958041957,-2.9,90.0,25.346153846153847,4.813286713286713,53.11188811188811,35.05594405594405,34.93006993006993,36.89510489510489,35.56643356643357,15.002797202797204,0.7244755244755245,49.99580419580419,400.26363636363635,399.11538461538464,397.4111888111888,42.13006993006993,44.92727272727273,44.696503496503496,544.0,-50.0,34.02097902097902,0.9923076923076923,2.972727272727273,18.21958041958042,-11.747552447552447,1000.2,-791.0,46.91608391608391,43.36993006993007,729.7,0.0,23.565734265734267,-90.06853146853146,0.0,-1000.0,62.50419580419581,90.06853146853146,1000.0,0.0,62.50419580419581,34.36363636363637,153.26993006993007,T07,0.0,9.5,3.3402777777777777,0.24993055555555557,0.0,9.4,3.357638888888889,0.21930555555555553,18.0,31.0,23.86111111111111,1005.0,1008.0,1006.0277777777778,26.0,80.0,48.375,0.0,0.0,0.0,0.0,63.513888888888886,63.9375,405.9861111111111,,0
2017-09-12 00:00:00+00:00,1708.1,0.0,750.0854166666667,105.27847222222222,44.77777777777778,55.138888888888886,55.0625,54.708333333333336,43.638888888888886,47.36805555555556,49.24305555555556,36.958333333333336,15.1,0.0,6.519444444444444,20.3,0.4,3.876388888888889,0.7458333333333333,14.825000000000001,201.79722222222222,29.666666666666668,-761.4722222222222,28964.583333333332,4061251.0,-612.0486111111111,-1165516,81.65277777777777,84.08333333333333,81.43055555555556,39.93055555555556,42.63194444444444,37.13194444444444,42.951388888888886,36.0625,31.145833333333332,-3.2,89.7,11.538888888888888,2.397222222222222,65.93055555555556,39.895833333333336,39.78472222222222,41.701388888888886,40.486111111111114,169.21458333333334,0.80625,50.00069444444445,399.72847222222225,398.4298611111111,397.6166666666667,165.10833333333332,172.35347222222222,166.33472222222224,1665.9,-50.7,39.763888888888886,0.9777777777777779,3.8076388888888886,55.77777777777778,-48.53819444444444,1000.3,-910.5,37.50694444444444,178.67083333333332,1690.3,0.0,56.46805555555555,-344.1194444444444,0.0,-1000.0,83.88888888888889,344.0423611111111,1000.0,0.0,84.28888888888889,42.15277777777778,231.96805555555557,T07,0.0,10.8,4.199305555555556,0.43986111111111115,0.0,10.7,4.139583333333333,0.42944444444444446,23.0,36.0,29.02777777777778,1005.0,1009.0,1006.5486111111111,11.0,58.0,31.76388888888889,0.0,0.0,0.0,0.0,80.6875,79.54166666666667,406.5138888888889,,0
2017-09-13 00:00:00+00:00,1798.3,0.0,1589.6508620689656,39.49310344827586,66.23275862068965,107.61206896551724,106.54310344827586,103.83620689655173,44.39655172413793,53.4051724137931,60.23275862068966,37.05172413793103,15.8,0.0,14.081896551724139,43.2,0.6000000000000001,9.93448275862069,1.7793103448275862,0.24568965517241378,91.08620689655173,25.03448275862069,-5.775862068965517,233221.64655172414,27053042.0,-3.9827586206896552,-3189703,92.48275862068965,100.92241379310344,99.21551724137932,44.13793103448276,46.88793103448276,32.80172413793103,47.060344827586206,42.53448275862069,26.905172413793103,-3.1,90.0,1.1086206896551725,1.7387931034482758,107.68103448275862,45.39655172413793,45.224137931034484,46.80172413793103,41.96551724137931,1400.941379310345,0.9810344827586207,49.99913793103448,400.7068965517241,398.7077586206896,400.13706896551724,1172.0879310344828,1185.8137931034482,1156.9905172413792,2102.4,-43.6,47.293103448275865,0.34741379310344833,9.741379310344827,121.87758620689655,-164.48103448275862,1000.5,-379.3,9.083620689655174,1404.8698275862068,2000.0,0.0,118.63275862068966,-786.3784482758621,0.0,-1000.0,93.9396551724138,659.6594827586207,1000.0,0.0,87.92327586206896,57.37931034482759,90.84568965517242,T07,1.4,18.6,9.875,2.3448611111111113,1.3,16.4,10.131944444444445,0.7816666666666667,22.0,31.0,25.20138888888889,1009.0,1012.0,1010.8472222222222,25.0,78.0,59.861111111111114,0.0,0.0,0.0,0.0,194.49305555555554,199.65277777777777,410.78472222222223,,0
2017-09-14 00:00:00+00:00,1688.0,0.0,743.8256944444444,65.83819444444445,41.40277777777778,51.63194444444444,51.59722222222222,51.361111111111114,38.270833333333336,46.25694444444444,47.020833333333336,32.076388888888886,15.0,0.0,6.409027777777777,18.5,0.4,3.6590277777777778,0.7395833333333334,12.833333333333334,177.14027777777778,23.743055555555557,-762.6666666666666,18533.541666666668,2559002.0,-529.9513888888889,-1139458,63.125,70.31944444444444,68.45833333333333,36.576388888888886,39.15277777777778,33.166666666666664,39.361111111111114,31.756944444444443,26.854166666666668,-3.1,89.9,10.724305555555555,1.63125,66.78472222222223,36.361111111111114,36.298611111111114,38.19444444444444,36.40277777777778,106.60972222222222,0.8208333333333333,49.99930555555555,399.55555555555554,398.1534722222222,397.24583333333334,110.65694444444445,120.70208333333332,111.88819444444444,1160.8,-50.2,35.888888888888886,0.5895833333333333,3.6645833333333337,46.31319444444445,-47.47152777777777,1000.4,-668.6,26.625694444444445,114.5201388888889,1174.3,0.0,46.21319444444444,-360.37291666666664,0.0,-1000.0,101.13611111111112,360.37291666666664,1000.0,0.0,101.13611111111112,36.416666666666664,156.79791666666668,T07,0.0,9.9,3.826388888888889,0.30173611111111115,0.0,10.2,3.9833333333333334,0.28430555555555553,20.0,26.0,22.90277777777778,1007.0,1013.0,1010.7222222222222,49.0,93.0,75.80555555555556,0.0,0.0,0.0,0.0,73.21527777777777,76.41666666666667,410.6458333333333,,0
2017-09-15 00:00:00+00:00,1710.7,0.0,950.0749999999999,66.11944444444445,40.80555555555556,55.90277777777778,55.81944444444444,55.451388888888886,35.36805555555556,47.11805555555556,48.80555555555556,30.125,15.1,0.0,8.347916666666666,41.3,0.4,4.628472222222222,0.9395833333333334,-2.596527777777778,257.3215277777778,21.34027777777778,-401.38194444444446,44149.604166666664,6299744.0,-261.5416666666667,-1928621,70.34027777777777,74.45833333333333,73.78472222222223,37.083333333333336,38.013888888888886,31.3125,38.875,29.145833333333332,24.47222222222222,-3.1,89.9,7.071527777777778,0.9020833333333333,74.20833333333333,37.125,37.013888888888886,38.90972222222222,36.55555555555556,262.50138888888887,0.8777777777777778,49.99861111111111,399.3833333333333,397.98055555555555,397.4840277777778,236.29583333333332,246.6902777777778,232.8013888888889,1624.2,-44.9,35.423611111111114,0.5784722222222222,4.638194444444444,87.18194444444445,-80.36458333333333,787.1,-598.7,13.145833333333334,266.7388888888889,1666.1,0.0,87.26597222222222,-552.3416666666667,0.0,-1000.0,78.01805555555556,552.2354166666667,1000.0,0.0,78.48541666666667,37.041666666666664,259.9173611111111,T07,0.3,11.5,5.217361111111111,0.36340277777777774,0.0,12.0,5.250694444444445,0.3788888888888889,19.0,22.0,20.680555555555557,1005.0,1009.0,1006.7916666666666,39.0,93.0,69.33333333333333,0.0,0.0,0.0,0.0,101.09027777777777,101.77777777777777,406.75694444444446,,0
2017-09-16 00:00:00+00:00,1687.7,0.0,869.6847222222223,55.74930555555555,38.423611111111114,52.63194444444444,52.63194444444444,52.34722222222222,33.69444444444444,45.46527777777778,47.13194444444444,28.444444444444443,15.0,0.0,7.6194444444444445,37.7,0.4,4.179166666666666,0.875,-5.699999999999999,261.8048611111111,20.42361111111111,-574.8472222222222,25014.430555555555,3519303.0,-432.34722222222223,-1438232,74.30555555555556,76.8125,75.27083333333333,35.861111111111114,36.548611111111114,30.118055555555557,37.576388888888886,27.1875,23.666666666666668,-2.9,89.9,8.809722222222222,0.8819444444444445,72.27083333333333,35.763888888888886,35.666666666666664,37.59027777777778,35.28472222222222,146.62083333333334,0.8034722222222223,49.99791666666667,399.23819444444445,397.7895833333333,397.24375,147.22916666666666,156.36597222222224,146.76944444444445,1190.2,-50.5,33.548611111111114,0.5090277777777777,4.1625,59.760416666666664,-59.918749999999996,618.7,-744.5,28.008333333333333,153.5326388888889,1218.1,0.0,60.89791666666666,-433.6076388888889,0.0,-1000.0,96.09861111111111,433.6076388888889,1000.0,0.0,96.09861111111111,34.145833333333336,267.5083333333333,T07,0.4,12.0,4.529166666666667,0.3491666666666667,0.0,12.1,4.570833333333334,0.36125,18.0,22.0,19.63888888888889,1005.0,1009.0,1006.9444444444445,42.0,77.0,62.395833333333336,0.0,0.0,0.0,0.0,87.34722222222223,88.18055555555556,406.90277777777777,,0
2017-09-17 00:00:00+00:00,1627.4,0.0,703.9763888888889,61.56527777777777,34.173611111111114,45.09722222222222,45.09722222222222,44.791666666666664,34.15972222222222,41.645833333333336,42.888888888888886,27.70138888888889,14.4,0.0,6.0875,18.9,0.4,3.370833333333333,0.6895833333333333,-3.8812499999999996,212.06180555555557,20.118055555555557,-541.0208333333334,9410.916666666666,1277269.0,-322.86805555555554,-799292,71.63194444444444,74.04166666666667,71.80555555555556,34.15277777777778,34.736111111111114,30.54861111111111,35.798611111111114,25.6875,24.20138888888889,-3.1,89.9,12.172916666666667,1.6819444444444445,56.333333333333336,34.15277777777778,34.076388888888886,35.458333333333336,33.31944444444444,53.22222222222222,0.8097222222222222,49.99861111111111,399.25625,397.8548611111111,396.7763888888889,71.40347222222222,78.23541666666667,72.26875000000001,646.3,-51.1,30.875,0.5361111111111111,3.3590277777777775,31.056250000000002,-33.327777777777776,1000.0,-836.2,42.92916666666667,61.09930555555555,665.6,0.0,31.60138888888889,-241.08055555555555,0.0,-1000.0,102.09722222222223,241.08055555555555,1000.0,0.0,102.09722222222223,31.083333333333332,215.93958333333333,T07,0.0,8.6,3.636805555555556,0.2271527777777778,0.0,8.4,3.522222222222222,0.269375,16.0,23.0,19.53472222222222,1009.0,1012.0,1010.25,53.0,90.0,73.9375,0.0,0.0,0.0,0.0,69.45138888888889,67.14583333333333,410.19444444444446,,0
2017-09-18 00:00:00+00:00,1701.2,0.0,730.7743055555555,66.06666666666666,36.736111111111114,49.61805555555556,49.56944444444444,49.138888888888886,33.75694444444444,44.84722222222222,45.84027777777778,28.743055555555557,15.0,0.0,6.315972222222222,23.9,0.4,4.065277777777777,0.8465277777777778,-22.71875,259.75138888888887,20.40972222222222,-547.0277777777778,37191.166666666664,5276756.0,-336.96527777777777,-1476940,73.875,76.22916666666667,74.11805555555556,34.65972222222222,36.30555555555556,29.569444444444443,37.1875,27.1875,23.40972222222222,-3.0,89.9,11.759027777777778,0.8368055555555556,62.833333333333336,34.604166666666664,34.49305555555556,36.263888888888886,33.951388888888886,219.87013888888887,0.9125000000000001,49.99861111111111,399.3694444444444,397.98749999999995,397.02777777777777,195.6638888888889,205.02222222222224,196.09722222222223,1322.7,-50.1,32.798611111111114,0.6055555555555556,4.072916666666667,71.32152777777777,-61.541666666666664,999.9,-949.0,8.552777777777777,224.26527777777778,1357.3,0.0,70.88263888888889,-441.15972222222223,0.0,-1000.0,30.556944444444444,441.15972222222223,1000.0,0.0,30.556944444444444,34.03472222222222,282.4777777777778,T07,0.0,10.9,4.468055555555555,0.28979166666666667,0.0,10.9,4.495138888888889,0.30513888888888885,17.0,23.0,20.020833333333332,1011.0,1014.0,1012.8194444444445,51.0,90.0,68.68055555555556,0.0,0.0,0.0,0.0,86.15972222222223,86.71527777777777,412.78472222222223,,0
2017-09-19 00:00:00+00:00,1657.0,0.0,461.17083333333335,35.49305555555556,33.74305555555556,43.138888888888886,43.083333333333336,42.74305555555556,36.486111111111114,42.583333333333336,41.479166666666664,29.42361111111111,14.7,0.0,3.986111111111111,20.5,0.4,2.7055555555555557,0.6104166666666667,12.582638888888889,211.5423611111111,21.791666666666668,-660.9166666666666,10142.472222222223,1365341.0,-385.8333333333333,-624071,74.0,76.28472222222223,73.72222222222223,33.69444444444444,35.451388888888886,32.263888888888886,36.69444444444444,26.73611111111111,26.15972222222222,-3.0,60.8,15.631250000000001,0.81875,51.88194444444444,33.40277777777778,33.28472222222222,35.11805555555556,33.208333333333336,56.89930555555556,0.8611111111111112,49.99930555555555,399.71944444444443,398.53819444444446,396.56111111111113,63.99305555555556,70.63402777777777,66.65,817.8,-50.0,31.833333333333332,0.3111111111111111,2.722916666666667,25.318055555555556,-25.987499999999997,979.7,-728.6,21.895833333333332,62.787499999999994,840.6,0.0,24.29513888888889,-210.96805555555557,0.0,-1000.0,56.87916666666666,210.96805555555557,1000.0,0.0,56.87916666666666,31.506944444444443,173.95,T07,0.0,9.3,2.7916666666666665,0.17131944444444447,0.0,9.5,2.7444444444444445,0.19034722222222222,18.0,25.0,20.97222222222222,1011.0,1014.0,1012.875,46.0,94.0,73.30555555555556,0.0,1.0,0.006944444444444444,0.0,52.395833333333336,51.798611111111114,412.7986111111111,,0
2017-09-20 00:00:00+00:00,1704.8,0.0,993.2590277777776,71.1548611111111,41.80555555555556,57.44444444444444,57.375,56.9375,36.84722222222222,48.013888888888886,50.291666666666664,31.805555555555557,15.1,0.0,8.745833333333334,23.7,0.4,4.824305555555556,0.8652777777777778,2.7541666666666664,99.41111111111111,23.708333333333332,-322.49305555555554,45052.055555555555,6441057.0,-215.71527777777777,-1725736,77.34027777777777,79.81944444444444,77.69444444444444,36.77777777777778,38.576388888888886,32.513888888888886,39.298611111111114,31.17361111111111,26.493055555555557,-3.1,89.9,6.828472222222222,0.9937499999999999,72.61805555555556,36.90277777777778,36.763888888888886,38.65277777777778,36.395833333333336,268.39374999999995,0.8590277777777778,49.99861111111111,399.65972222222223,398.0090277777778,398.0826388888889,246.73472222222225,256.5625,242.31944444444446,1595.0,-44.0,35.736111111111114,0.6243055555555556,4.8069444444444445,80.35208333333334,-71.92986111111111,976.6,-912.7,31.550694444444446,273.46736111111113,1664.1,0.0,81.18402777777777,-559.20625,0.0,-1000.0,62.787499999999994,559.1631944444445,1000.0,0.0,62.97291666666667,38.28472222222222,111.64652777777778,T07,0.5,14.0,4.750694444444445,0.8827777777777778,0.5,12.6,4.709027777777778,0.6463194444444444,19.0,29.0,23.319444444444443,1008.0,1013.0,1010.0833333333334,28.0,68.0,51.15972222222222,0.0,0.0,0.0,0.0,91.70138888888889,90.92361111111111,410.0763888888889,,0
2017-09-21 00:00:00+00:00,1674.0,0.0,1144.8013888888888,146.6277777777778,42.80555555555556,60.270833333333336,60.22222222222222,59.90277777777778,37.923611111111114,47.736111111111114,50.729166666666664,31.305555555555557,14.8,0.0,10.129861111111111,22.3,0.4,4.647222222222222,0.8951388888888889,0.12916666666666665,130.65972222222223,23.59722222222222,-530.3888888888889,26878.333333333332,3794108.0,-528.7847222222222,-1559625,77.71527777777777,80.24305555555556,78.75,38.298611111111114,39.8125,32.895833333333336,40.36805555555556,30.92361111111111,26.541666666666668,-3.1,89.9,2.8055555555555554,3.9458333333333337,84.65277777777777,38.34027777777778,38.263888888888886,40.166666666666664,38.020833333333336,158.075,0.7416666666666667,50.00208333333333,399.525,397.90833333333336,397.96736111111113,170.67916666666667,180.39791666666667,167.825,873.4,-51.0,37.21527777777778,1.3083333333333333,4.615972222222222,59.53194444444445,-64.92638888888888,1000.2,-971.8,69.49930555555555,171.75902777777776,1138.6,0.0,62.013194444444444,-521.4375,0.0,-1000.0,137.72430555555556,521.4375,1000.0,0.0,137.72430555555556,38.291666666666664,130.52777777777777,T07,0.6000000000000001,9.6,4.372916666666667,0.6409027777777778,0.4,9.3,4.894444444444444,0.4695138888888889,19.0,29.0,22.82638888888889,1006.0,1009.0,1007.7638888888889,35.0,81.0,59.0,0.0,0.0,0.0,0.0,84.26388888888889,94.75694444444444,407.7083333333333,,0
2017-09-22 00:00:00+00:00,1737.4,0.0,1130.4597222222224,96.47569444444444,44.46527777777778,64.54861111111111,64.34722222222223,63.576388888888886,36.53472222222222,47.548611111111114,51.43055555555556,31.881944444444443,15.3,0.0,9.98125,36.9,0.4,5.639583333333333,1.0375,0.08819444444444444,96.82361111111112,23.145833333333332,-450.71527777777777,74750.18055555556,10699121.0,-440.55555555555554,-1996024,77.1875,80.55555555555556,78.31944444444444,38.28472222222222,39.09027777777778,32.28472222222222,39.423611111111114,31.854166666666668,25.98611111111111,-3.3,89.9,5.981249999999999,2.14375,79.55555555555556,38.520833333333336,38.388888888888886,40.270833333333336,37.548611111111114,445.7986111111111,0.8222222222222223,49.99861111111111,399.3798611111111,397.76944444444445,397.4791666666667,389.5229166666667,403.03819444444446,388.36041666666665,2100.5,-45.2,36.55555555555556,0.8618055555555555,5.595138888888889,110.37847222222223,-83.20138888888889,1000.6,-674.1,26.512500000000003,454.6625,2000.0,0.0,112.57569444444444,-570.5645833333333,0.0,-1000.0,75.7173611111111,554.7298611111112,1000.0,0.0,87.50416666666666,40.11805555555556,96.73194444444444,T07,0.9,14.1,5.591666666666667,1.063125,1.1,12.8,5.666666666666667,0.5597916666666667,18.0,27.0,22.52777777777778,1007.0,1010.0,1008.3472222222222,42.0,92.0,69.06944444444444,0.0,0.0,0.0,0.0,108.63888888888889,110.16666666666667,408.30555555555554,,0
2017-09-23 00:00:00+00:00,1765.1,1206.9,1576.396527777778,50.71458333333333,56.875,89.21527777777777,88.66666666666667,87.05555555555556,40.125,53.13194444444444,59.4375,35.84027777777778,15.6,10.7,13.965277777777779,43.0,0.4,8.395138888888889,1.53125,-0.22291666666666668,100.6875,24.118055555555557,0.0,170565.8125,24561477.0,0.0,-3908456,75.76388888888889,84.84722222222223,83.22916666666667,41.604166666666664,44.59722222222222,32.513888888888886,44.083333333333336,38.18055555555556,25.78472222222222,-3.3,8.2,-1.6145833333333333,0.6006944444444444,104.07638888888889,42.43055555555556,42.298611111111114,44.020833333333336,40.125,1023.3506944444445,0.9888888888888889,49.99791666666667,399.74930555555557,397.85069444444446,398.9819444444445,861.4173611111112,878.1618055555556,849.1819444444444,2101.4,80.4,42.80555555555556,0.4402777777777778,8.28125,191.01736111111111,-162.85208333333333,-89.8,-215.3,4.604166666666667,1022.4055555555556,2000.0,78.6,191.45,-967.3979166666666,-385.2,-1000.0,44.552083333333336,920.2326388888889,1000.0,385.2,74.98541666666667,51.041666666666664,100.90972222222223,T07,2.6,17.3,9.1375,1.7257638888888889,2.3,15.1,8.613194444444444,0.9358333333333333,21.0,27.0,23.416666666666668,1008.0,1012.0,1009.2708333333334,54.0,85.0,70.82638888888889,0.0,0.0,0.0,0.0,179.64583333333334,169.25694444444446,409.22222222222223,,0
2017-09-24 00:00:00+00:00,1730.0,0.0,1321.2062500000002,79.01388888888889,48.36805555555556,69.63888888888889,69.52777777777777,68.88888888888889,36.923611111111114,52.6875,56.020833333333336,33.576388888888886,15.3,0.0,11.693055555555555,26.6,0.4,6.110416666666667,1.0770833333333334,2.6520833333333336,96.68055555555556,24.270833333333332,-231.76388888888889,75005.79861111111,10767462.0,-173.43055555555554,-2473937,64.96527777777777,72.38194444444444,70.53472222222223,38.854166666666664,42.263888888888886,32.625,42.291666666666664,34.548611111111114,26.020833333333332,-3.2,89.9,0.14305555555555552,1.0388888888888888,94.43055555555556,39.18055555555556,39.05555555555556,40.84027777777778,38.1875,448.65625,0.9041666666666666,49.99930555555555,399.25694444444446,397.4631944444444,397.84166666666664,389.5361111111111,407.65972222222223,385.58402777777775,2098.7,-50.9,39.71527777777778,0.6930555555555556,6.017361111111111,112.11458333333333,-103.06180555555555,898.0,-910.3,20.293750000000003,451.21180555555554,2000.0,0.0,112.30763888888889,-820.6159722222222,0.0,-1000.0,94.89722222222223,811.2618055555555,1000.0,0.0,98.44722222222222,44.05555555555556,101.52638888888889,T07,0.5,13.5,5.779166666666667,1.258125,0.0,13.1,6.120833333333334,0.6011111111111112,21.0,28.0,23.583333333333332,1011.0,1013.0,1011.6944444444445,44.0,84.0,69.97222222222223,0.0,0.0,0.0,0.0,112.47222222222223,119.22916666666667,411.625,,0
2017-09-25 00:00:00+00:00,1671.4,0.0,669.3069444444444,47.8625,37.55555555555556,48.15277777777778,48.15972222222222,47.84722222222222,37.666666666666664,44.97222222222222,45.94444444444444,31.75,14.8,0.0,5.781944444444445,18.6,0.4,3.6743055555555557,0.6395833333333334,3.921527777777778,229.33333333333334,23.72222222222222,-581.625,18979.86111111111,2649344.0,-408.7361111111111,-1056042,68.5625,73.05555555555556,71.90277777777777,35.74305555555556,38.020833333333336,32.986111111111114,38.75694444444444,29.993055555555557,26.770833333333332,-3.1,85.0,12.250694444444443,0.7118055555555556,61.548611111111114,35.52777777777778,35.416666666666664,37.25,35.5,110.38263888888889,0.8583333333333334,49.99791666666667,399.3256944444445,397.88958333333335,396.85347222222225,106.07847222222222,115.71180555555556,108.05555555555556,838.0,-41.3,34.923611111111114,0.44027777777777777,3.6458333333333335,31.414583333333333,-44.017361111111114,958.6,-630.1,12.49375,118.82013888888888,860.4,0.0,32.31319444444445,-362.7604166666667,0.0,-1000.0,43.204166666666666,362.7604166666667,1000.0,0.0,43.204166666666666,35.25694444444444,227.90833333333336,T07,0.0,9.7,3.831944444444444,0.19958333333333333,0.0,9.8,3.8840277777777774,0.20333333333333334,19.0,28.0,22.930555555555557,1011.0,1013.0,1012.0138888888889,41.0,92.0,70.02777777777777,0.0,0.0,0.0,0.0,73.34722222222223,74.47222222222223,411.9861111111111,,0
2017-09-26 00:00:00+00:00,1530.2,0.0,395.06111111111113,41.43055555555556,34.05555555555556,40.986111111111114,40.99305555555556,40.74305555555556,37.71527777777778,42.236111111111114,41.888888888888886,30.645833333333332,13.6,0.0,3.170833333333333,45.6,0.4,2.665972222222222,0.5284722222222222,4.997222222222223,249.45694444444447,22.97222222222222,-905.6805555555555,4618.020833333333,534576.0,-589.3402777777778,-400720,74.99305555555556,77.32638888888889,75.10416666666667,34.15277777777778,36.47222222222222,32.71527777777778,37.21527777777778,28.333333333333332,26.46527777777778,-3.0,89.9,18.456944444444446,1.0916666666666668,49.31944444444444,33.770833333333336,33.666666666666664,35.56944444444444,34.06944444444444,22.26388888888889,0.8527777777777779,50.00069444444445,399.56944444444446,398.3333333333333,396.97013888888887,36.27916666666667,38.7625,36.854166666666664,555.5,-50.1,32.94444444444444,0.4270833333333333,2.6597222222222223,18.31527777777778,-16.689583333333335,998.7,-742.4,18.44097222222222,31.74236111111111,563.6,0.0,17.799999999999997,-119.31944444444444,0.0,-1000.0,56.94583333333334,119.31944444444444,1000.0,0.0,56.94583333333334,31.92361111111111,269.4569444444444,T07,0.0,9.2,2.7965277777777775,0.16131944444444446,0.0,8.9,2.788888888888889,0.1713888888888889,19.0,25.0,22.26388888888889,1009.0,1012.0,1010.6388888888889,28.0,85.0,58.31944444444444,0.0,0.0,0.0,0.0,52.604166666666664,52.50694444444444,410.59722222222223,,0
2017-09-27 00:00:00+00:00,1775.4,0.0,1306.4354166666667,47.425,53.19444444444444,84.57638888888889,84.04861111111111,81.99305555555556,41.71527777777778,49.208333333333336,54.354166666666664,33.673611111111114,15.7,0.0,11.526388888888889,45.9,0.4,7.584722222222222,1.4006944444444445,-15.572222222222223,114.43402777777777,23.01388888888889,-190.54166666666666,160555.27777777778,23092524.0,-124.3125,-3208665,83.88888888888889,90.02777777777777,88.0,41.208333333333336,41.86805555555556,31.743055555555557,42.423611111111114,36.208333333333336,24.76388888888889,-3.1,53.2,3.5833333333333335,1.4958333333333333,91.63194444444444,41.94444444444444,41.833333333333336,43.423611111111114,39.576388888888886,962.2229166666667,0.9312499999999999,49.99652777777778,399.8930555555555,398.0597222222222,398.38472222222225,812.7347222222222,827.8493055555556,809.9124999999999,2103.4,-49.9,41.291666666666664,0.4048611111111111,7.493055555555555,136.48194444444445,-133.69444444444446,992.9,-562.4,17.569444444444443,963.0263888888888,2000.0,0.0,135.97916666666666,-682.7347222222222,0.0,-1000.0,96.71388888888889,599.2395833333334,1000.0,0.0,113.33333333333333,47.25,129.99652777777777,T07,0.4,18.1,8.054166666666667,1.5923611111111111,0.3,16.0,7.688194444444444,0.8020138888888888,20.0,26.0,22.541666666666668,1010.0,1012.0,1010.9305555555555,41.0,87.0,72.25694444444444,0.0,1.0,0.013888888888888888,0.0,157.99305555555554,150.81944444444446,410.84027777777777,,0
2017-09-28 00:00:00+00:00,1769.7,1221.8,1581.2062500000002,48.12222222222223,58.951388888888886,94.59027777777777,93.91666666666667,91.9375,41.729166666666664,53.34027777777778,59.666666666666664,35.80555555555556,15.6,10.8,14.010416666666666,44.1,0.6000000000000001,8.741666666666667,1.567361111111111,-0.056944444444444436,97.63402777777777,24.006944444444443,0.0,190009.91666666666,27361428.0,0.0,-3956912,78.75694444444444,88.88888888888889,87.375,42.06944444444444,45.1875,32.15972222222222,45.048611111111114,39.34722222222222,25.381944444444443,-3.2,9.6,-1.0277777777777777,0.9069444444444444,106.72916666666667,43.15277777777778,43.013888888888886,44.604166666666664,40.416666666666664,1140.0645833333333,0.9833333333333333,49.99652777777778,400.15416666666664,398.2861111111111,399.3840277777778,957.1583333333333,972.5138888888889,945.2333333333333,2102.7,26.4,44.298611111111114,0.4152777777777778,8.656944444444443,183.01458333333332,-164.8722222222222,-74.4,-224.2,4.885416666666667,1138.1402777777778,2000.0,24.0,182.56041666666667,-904.0125,-117.6,-1000.0,79.22152777777778,826.5763888888889,1000.0,117.6,95.65138888888889,52.31944444444444,97.69305555555555,T07,2.6,17.2,9.185416666666667,1.8831250000000002,2.4,15.9,8.964583333333334,0.8534722222222223,22.0,26.0,23.47222222222222,1011.0,1013.0,1012.0486111111111,44.0,79.0,65.35416666666667,0.0,0.0,0.0,0.0,180.69444444444446,176.41666666666666,411.99305555555554,,0
2017-09-29 00:00:00+00:00,1770.0,1214.6,1630.9194444444445,34.69444444444444,60.96527777777778,100.93055555555556,100.07638888888889,97.63888888888889,42.013888888888886,52.90972222222222,60.3125,36.38194444444444,15.6,10.8,14.455555555555556,40.7,0.6000000000000001,9.398611111111112,1.6881944444444443,0.19305555555555556,95.23263888888889,23.75,0.0,223215.07638888888,32142971.0,0.0,-4224151,81.27083333333333,92.05555555555556,90.5,43.25,45.53472222222222,32.13194444444444,45.104166666666664,40.104166666666664,25.4375,-3.3,10.8,-1.0666666666666667,0.9298611111111111,109.25694444444444,44.333333333333336,44.298611111111114,45.854166666666664,41.19444444444444,1339.334027777778,0.9937499999999999,50.00069444444445,400.0784722222222,398.19930555555555,399.3388888888889,1122.601388888889,1137.7131944444445,1110.9659722222223,2101.4,21.9,44.833333333333336,0.29930555555555555,9.259722222222223,212.82708333333332,-176.00416666666666,-39.5,-216.4,5.142361111111111,1337.1048611111112,2000.0,20.9,212.22569444444446,-919.1409722222221,-102.2,-1000.0,89.51249999999999,813.7777777777778,1000.0,102.2,126.04861111111111,53.90277777777778,95.04305555555555,T07,2.1,17.1,9.002777777777778,2.2371527777777778,2.1,14.9,9.5,0.9027083333333334,21.0,27.0,23.131944444444443,1011.0,1014.0,1012.0902777777778,46.0,77.0,64.82638888888889,0.0,0.0,0.0,0.0,177.04861111111111,186.9375,412.0138888888889,,0
2017-09-30 00:00:00+00:00,1726.9,0.0,1093.7770833333334,90.99444444444445,45.74305555555556,64.08333333333333,63.986111111111114,63.49305555555556,38.11805555555556,50.28472222222222,52.729166666666664,33.173611111111114,15.3,0.0,9.635416666666666,20.8,0.4,5.176388888888889,0.9430555555555556,11.302777777777777,121.3236111111111,24.09722222222222,-674.0833333333334,55437.583333333336,7885947.0,-595.1597222222222,-1865727,65.52777777777777,73.43055555555556,71.61111111111111,38.048611111111114,41.770833333333336,32.888888888888886,41.791666666666664,33.55555555555556,26.291666666666668,-3.2,89.9,4.723611111111111,2.0819444444444444,85.76388888888889,38.166666666666664,38.09027777777778,39.916666666666664,37.59722222222222,328.5756944444445,0.851388888888889,50.00138888888889,399.55833333333334,397.875,397.73749999999995,295.63958333333335,308.65555555555557,291.35347222222225,2096.1,-50.2,39.11805555555556,0.8048611111111111,5.146527777777778,78.05347222222223,-77.73263888888889,1000.3,-994.9,28.529861111111114,337.13750000000005,2000.0,0.0,78.41736111111112,-604.7041666666667,0.0,-1000.0,90.34930555555555,600.2965277777778,1000.0,0.0,94.3736111111111,41.99305555555556,135.02430555555554,T07,0.4,12.4,5.300694444444444,0.7803472222222223,0.0,11.5,5.167361111111111,0.4647916666666667,20.0,29.0,23.333333333333332,1009.0,1013.0,1011.1527777777778,45.0,77.0,60.84027777777778,0.0,0.0,0.0,0.0,102.81944444444444,100.15972222222223,411.0833333333333,,0
2017-10-01 00:00:00+00:00,1756.2,38.6,1199.15625,67.91388888888889,46.27777777777778,67.77083333333333,67.63194444444444,66.72222222222223,38.53472222222222,48.47222222222222,52.4375,32.97222222222222,15.5,0.0,10.588194444444445,40.5,0.4,5.863194444444444,1.0277777777777777,1.1694444444444443,95.90555555555555,23.680555555555557,-326.55555555555554,81816.98611111111,11734622.0,-252.15972222222223,-2241880,70.01388888888889,76.02083333333333,74.34027777777777,39.19444444444444,40.11805555555556,32.40277777777778,40.583333333333336,33.36805555555556,26.1875,-3.2,79.0,3.8541666666666665,1.2423611111111112,82.32638888888889,39.458333333333336,39.354166666666664,41.24305555555556,38.44444444444444,488.9729166666667,0.8486111111111111,49.99930555555555,400.0229166666667,397.89444444444445,397.3826388888889,425.66041666666666,446.60625000000005,428.2548611111111,2099.6,-34.0,38.15277777777778,0.6097222222222222,5.822222222222222,109.89652777777778,-93.41597222222222,999.9,-964.2,30.78541666666667,493.4777777777778,2000.0,0.0,111.11319444444445,-636.625,0.0,-1000.0,71.32777777777778,615.98125,1000.0,0.0,83.32986111111111,41.90972222222222,94.73263888888889,T07,1.1,15.3,6.173611111111111,0.9156944444444446,1.0,13.4,6.061805555555555,0.4516666666666667,20.0,28.0,23.256944444444443,1008.0,1012.0,1010.1180555555555,43.0,75.0,59.875,0.0,0.0,0.0,0.0,120.33333333333333,118.08333333333333,410.06944444444446,,0
2017-10-02 00:00:00+00:00,1812.5,1203.6,1644.9972222222223,39.604166666666664,64.71527777777777,109.5,108.50694444444444,105.60416666666667,41.270833333333336,54.208333333333336,61.326388888888886,36.6875,15.9,10.7,14.575000000000001,43.2,0.5,10.773611111111112,2.0118055555555556,-0.030555555555555544,100.45625000000001,23.694444444444443,0.0,251390.50694444444,36200233.0,0.0,-4592300,84.84027777777777,95.86111111111111,95.85416666666667,43.854166666666664,46.729166666666664,31.78472222222222,46.763888888888886,42.375,25.104166666666668,-3.3,18.0,1.9645833333333331,1.4986111111111111,113.54861111111111,45.208333333333336,45.020833333333336,46.576388888888886,41.55555555555556,1508.290972222222,0.9972222222222222,49.99722222222223,400.34722222222223,398.1611111111111,399.4034722222222,1260.34375,1279.9125,1250.8430555555556,2101.4,115.0,47.326388888888886,0.3451388888888889,10.590972222222222,134.45347222222222,-191.35069444444446,-73.7,-288.4,4.2243055555555555,1506.8486111111113,2000.0,106.6,135.1361111111111,-809.0388888888889,-522.3,-1000.0,51.74722222222223,697.0270833333333,1000.0,406.1,63.36736111111111,56.81944444444444,100.48055555555555,T07,2.5,22.8,11.469444444444443,2.532777777777778,2.5,20.2,10.995138888888889,1.2929166666666667,20.0,27.0,23.131944444444443,1011.0,1013.0,1011.6458333333334,47.0,79.0,65.31944444444444,0.0,0.0,0.0,0.0,226.45833333333334,217.10416666666666,411.50694444444446,,0
2017-10-03 00:00:00+00:00,1838.7,1221.8,1650.8270833333333,34.81458333333333,67.41666666666667,115.625,114.49305555555556,111.27083333333333,45.38194444444444,53.375,61.326388888888886,37.53472222222222,15.9,10.8,14.627777777777778,44.3,0.8,11.216666666666667,2.1263888888888887,-0.5236111111111111,97.86527777777778,24.15277777777778,0.0,265250.59722222225,38196086.0,0.0,-4756393,90.90277777777777,103.9375,103.375,44.770833333333336,47.55555555555556,32.5,47.27777777777778,43.548611111111114,25.791666666666668,-3.2,20.0,2.6041666666666665,1.6979166666666667,115.97916666666667,46.201388888888886,46.05555555555556,47.47222222222222,42.236111111111114,1591.5013888888889,0.9958333333333333,49.99861111111111,400.4145833333333,398.30555555555554,399.49791666666664,1329.3770833333333,1347.9291666666666,1321.076388888889,2103.7,99.8,48.041666666666664,0.3027777777777778,11.020138888888889,149.14097222222222,-198.18333333333334,-120.7,-255.2,4.245138888888889,1589.1027777777776,2000.0,98.1,148.58958333333334,-786.79375,-480.4,-1000.0,76.87430555555555,652.4979166666667,1000.0,406.1,90.74444444444445,58.69444444444444,98.38819444444444,T07,2.7,22.8,11.538194444444445,3.1781944444444448,2.8,20.8,11.463194444444445,1.406736111111111,21.0,27.0,23.52777777777778,1010.0,1012.0,1010.9236111111111,45.0,78.0,62.486111111111114,0.0,0.0,0.0,0.0,227.8125,226.29861111111111,410.8958333333333,,0
2017-10-04 00:00:00+00:00,1811.6,1204.4,1630.7930555555556,36.58888888888889,62.55555555555556,105.22222222222223,104.31944444444444,101.73611111111111,41.28472222222222,54.02777777777778,61.06944444444444,36.56944444444444,15.9,10.7,14.453472222222224,42.1,0.9,10.557638888888889,1.9243055555555557,-0.10347222222222223,100.6236111111111,23.90277777777778,0.0,233103.29861111112,33566875.0,0.0,-4363102,83.22916666666667,94.52777777777777,93.81944444444444,43.041666666666664,46.104166666666664,32.0,45.923611111111114,41.416666666666664,25.26388888888889,-3.2,19.6,1.8006944444444446,1.2881944444444444,111.4375,44.28472222222222,44.173611111111114,45.63194444444444,40.888888888888886,1398.5833333333333,0.9916666666666667,49.99583333333333,400.28819444444446,398.17083333333335,399.45208333333335,1170.3784722222222,1188.4291666666666,1158.3347222222224,2102.1,44.0,46.104166666666664,0.3215277777777778,10.35763888888889,145.81597222222223,-181.79305555555555,-5.6,-220.6,6.141666666666667,1397.4006944444445,2000.0,42.8,145.89097222222222,-847.5250000000001,-209.8,-1000.0,48.84166666666667,753.1847222222223,1000.0,209.8,69.61180555555556,54.68055555555556,100.73472222222222,T07,0.9,23.1,11.32638888888889,2.2290972222222223,0.9,20.4,10.55,1.3313194444444445,20.0,27.0,23.23611111111111,1011.0,1013.0,1012.0416666666666,46.0,81.0,64.75,0.0,0.0,0.0,0.0,223.52777777777777,208.08333333333334,411.9583333333333,,0
2017-10-05 00:00:00+00:00,1816.2,1174.5,1645.6743055555555,32.172916666666666,67.99305555555556,119.24305555555556,117.86111111111111,114.36111111111111,45.388888888888886,53.86805555555556,61.625,37.166666666666664,15.9,10.4,14.582638888888889,43.7,0.5,11.573611111111111,2.1555555555555554,-0.08819444444444442,93.81041666666667,23.631944444444443,-9.45138888888889,282989.2638888889,40749093.0,-6.638888888888889,-4772811,90.20833333333333,103.41666666666667,102.32638888888889,45.236111111111114,47.34722222222222,31.770833333333332,47.388888888888886,43.78472222222222,24.854166666666668,-2.9,16.2,3.347916666666667,2.120138888888889,117.54166666666667,46.75,46.604166666666664,48.083333333333336,42.4375,1697.9,0.9895833333333334,49.99722222222223,400.8041666666667,398.63750000000005,399.9263888888889,1416.7729166666666,1434.4673611111111,1408.2159722222223,2104.2,-50.3,48.81944444444444,0.27847222222222223,11.299305555555556,106.69722222222222,-198.8673611111111,12.6,-223.2,4.394444444444444,1695.5694444444443,2000.0,0.0,106.68125,-714.6284722222222,0.0,-1000.0,89.3375,557.4777777777778,1000.0,0.0,84.60555555555555,58.44444444444444,93.89583333333333,T07,1.9,20.8,11.452777777777778,3.649097222222222,1.9,19.2,11.95486111111111,1.4460416666666667,21.0,26.0,22.979166666666668,1010.0,1013.0,1011.4444444444445,56.0,77.0,67.9375,0.0,0.0,0.0,0.0,226.09027777777777,236.25,411.4166666666667,,0
2017-10-06 00:00:00+00:00,1700.0,0.0,920.9354166666667,74.55486111111111,44.09722222222222,60.229166666666664,60.19444444444444,59.791666666666664,39.86805555555556,49.013888888888886,50.763888888888886,33.826388888888886,15.1,0.0,8.019444444444444,20.4,0.4,4.510416666666667,0.7666666666666667,2.4430555555555555,167.83402777777778,24.97222222222222,-806.3958333333334,39129.45138888889,5518519.0,-694.2013888888889,-1501035,67.5,76.17361111111111,74.86111111111111,38.333333333333336,41.5625,34.486111111111114,41.229166666666664,33.34722222222222,27.645833333333332,-3.1,89.9,8.277777777777779,1.71875,78.09027777777777,38.28472222222222,38.19444444444444,40.041666666666664,38.15277777777778,229.88472222222222,0.8166666666666668,49.99930555555555,399.8958333333333,398.41875000000005,397.09444444444443,209.24305555555554,224.50694444444446,212.93402777777777,1868.1,-50.6,38.31944444444444,0.6972222222222223,4.459722222222222,46.263194444444444,-62.540277777777774,1000.2,-813.2,21.73263888888889,239.39652777777778,1908.2,0.0,46.875,-477.28125,0.0,-1000.0,76.67430555555556,476.68402777777777,1000.0,0.0,77.62222222222222,41.15277777777778,165.38819444444445,T07,0.0,12.6,4.534722222222222,0.4396527777777778,0.0,11.2,4.772222222222222,0.25194444444444447,20.0,30.0,24.34027777777778,1009.0,1011.0,1009.8819444444445,35.0,76.0,55.13194444444444,0.0,0.0,0.0,0.0,87.41666666666667,92.23611111111111,409.86805555555554,,0
2017-10-07 00:00:00+00:00,1779.6,0.0,1036.1729166666667,39.756249999999994,45.826388888888886,67.79861111111111,67.5,66.375,40.291666666666664,47.49305555555556,50.81944444444444,33.416666666666664,15.7,0.0,9.095833333333333,29.0,0.4,5.81875,1.0027777777777778,18.094444444444445,99.16597222222222,24.083333333333332,-351.15277777777777,98131.03472222222,14080303.0,-149.99305555555554,-2471460,70.79861111111111,77.61805555555556,76.21527777777777,38.951388888888886,40.479166666666664,32.701388888888886,41.048611111111114,34.361111111111114,26.75,-3.2,89.9,8.292361111111111,1.0347222222222223,77.69444444444444,39.31944444444444,39.15277777777778,40.9375,38.145833333333336,586.6937499999999,0.9263888888888889,49.99791666666667,399.65694444444443,397.9298611111111,397.58958333333334,504.6875,514.7680555555556,497.1034722222222,2102.3,-33.8,38.979166666666664,0.3375,5.770138888888889,91.33541666666666,-102.97222222222223,754.8,-742.1,12.509027777777778,591.3770833333333,2000.0,0.0,91.76805555555556,-577.95625,0.0,-1000.0,49.65277777777778,546.1937499999999,1000.0,0.0,56.53680555555556,41.861111111111114,173.55902777777777,T07,0.0,17.7,6.065972222222222,1.0904166666666668,0.0,15.6,5.865277777777778,0.5997916666666667,20.0,28.0,23.73611111111111,1008.0,1011.0,1009.0486111111111,41.0,78.0,56.72222222222222,0.0,0.0,0.0,0.0,118.14583333333333,114.27777777777777,409.00694444444446,,0
2017-10-08 00:00:00+00:00,1775.1,0.0,1549.701388888889,47.67986111111111,55.0,89.58333333333333,89.04166666666667,87.38888888888889,41.763888888888886,52.638888888888886,58.895833333333336,35.5,15.6,0.0,13.73263888888889,42.2,0.5,8.23263888888889,1.4986111111111111,-0.07013888888888889,98.67430555555556,23.70138888888889,-56.9375,169014.19444444444,24329845.0,-37.56944444444444,-3680666,75.28472222222223,84.85416666666667,82.71527777777777,41.68055555555556,43.875,31.958333333333332,43.333333333333336,37.361111111111114,25.4375,-3.3,89.9,-0.7902777777777779,0.9847222222222223,103.40277777777777,42.583333333333336,42.479166666666664,44.13194444444444,40.05555555555556,1013.7375000000001,0.9506944444444445,49.99791666666667,399.8694444444444,397.9819444444445,398.76180555555555,854.557638888889,872.6423611111111,845.3041666666667,2102.1,-51.0,42.145833333333336,0.4152777777777778,8.149999999999999,160.38194444444446,-153.35347222222222,818.0,-556.0,9.116666666666667,1013.6506944444445,2000.0,0.0,160.75902777777776,-869.7409722222222,0.0,-1000.0,64.46875,812.3534722222222,1000.0,0.0,82.79930555555556,50.083333333333336,98.74930555555555,T07,1.8,17.0,8.899305555555555,1.4631944444444445,1.9,15.5,8.515972222222222,0.6677083333333333,21.0,27.0,23.006944444444443,1009.0,1011.0,1010.1944444444445,47.0,79.0,65.0625,0.0,0.0,0.0,0.0,175.00694444444446,167.43055555555554,410.1458333333333,,0
2017-10-09 00:00:00+00:00,1637.4,0.0,824.3041666666667,67.94999999999999,38.0,52.166666666666664,52.18055555555556,51.94444444444444,36.36805555555556,44.951388888888886,46.833333333333336,31.13888888888889,14.5,0.0,7.2437499999999995,16.4,0.4,3.740277777777778,0.6444444444444445,3.8597222222222225,139.33194444444445,23.47222222222222,-733.9375,13782.6875,1879022.0,-674.2152777777778,-964984,66.25,71.43055555555556,69.97916666666667,37.375,38.333333333333336,32.791666666666664,38.6875,29.770833333333332,26.23611111111111,-2.5,85.8,9.09375,1.6833333333333333,71.61111111111111,37.22222222222222,37.13194444444444,39.076388888888886,37.25,78.3111111111111,0.7076388888888889,49.99583333333333,399.46527777777777,398.06041666666664,397.0375,104.81458333333333,114.78333333333333,107.74305555555556,727.0,-50.0,35.52777777777778,0.6097222222222222,3.7395833333333335,26.106944444444444,-40.18611111111111,1000.3,-843.4,63.170138888888886,88.26597222222222,746.3,0.0,27.702083333333334,-342.9465277777778,0.0,-1000.0,80.89375000000001,342.9465277777778,1000.0,0.0,80.89375000000001,34.520833333333336,150.4659722222222,T07,0.0,8.6,3.8722222222222222,0.2775694444444444,0.0,8.6,3.9930555555555554,0.1922222222222222,19.0,30.0,22.770833333333332,1009.0,1012.0,1010.4375,40.0,86.0,67.31944444444444,0.0,0.0,0.0,0.0,74.20138888888889,76.60416666666667,410.36805555555554,,0
2017-10-10 00:00:00+00:00,1703.2,0.0,1267.0791666666667,76.30833333333334,43.645833333333336,65.54861111111111,65.47916666666667,64.90277777777777,36.34722222222222,49.458333333333336,53.31944444444444,31.868055555555557,15.1,0.0,11.225000000000001,24.7,0.4,5.6875,0.9430555555555556,0.19791666666666666,97.75694444444444,23.67361111111111,-225.04166666666666,59849.1875,8585879.0,-207.28472222222223,-2408572,77.40972222222223,79.84722222222223,77.5,38.736111111111114,39.61805555555556,32.22222222222222,40.395833333333336,31.70138888888889,25.881944444444443,-3.2,89.9,0.9118055555555556,1.2326388888888888,88.28472222222223,38.94444444444444,38.854166666666664,40.71527777777778,38.111111111111114,357.75416666666666,0.8784722222222222,49.99722222222223,399.30555555555554,397.56944444444446,397.79791666666665,315.1770833333333,331.04097222222225,311.31944444444446,1759.1,-45.9,37.5625,0.6826388888888889,5.668055555555556,89.73958333333333,-100.35138888888889,1000.0,-950.6,18.666666666666668,360.52986111111113,1791.7,0.0,90.3138888888889,-788.15625,0.0,-1000.0,71.57847222222222,787.5562500000001,1000.0,0.0,73.11875,40.0625,97.55902777777777,T07,0.8,11.8,5.642361111111111,0.8447222222222223,0.7000000000000001,11.7,5.633333333333334,0.6104166666666667,20.0,29.0,23.20138888888889,1009.0,1012.0,1010.3958333333334,35.0,77.0,55.763888888888886,0.0,0.0,0.0,0.0,109.63194444444444,109.42361111111111,410.2986111111111,,0
2017-10-11 00:00:00+00:00,1754.1,1140.5,1534.5625,68.57638888888889,49.888888888888886,78.66666666666667,78.34722222222223,77.19444444444444,38.25,54.104166666666664,59.083333333333336,33.854166666666664,15.5,10.1,13.59375,32.0,0.4,7.628472222222222,1.2194444444444443,0.04513888888888887,92.63055555555555,23.70138888888889,-12.256944444444445,131470.92361111112,18930049.0,-8.243055555555555,-3467098,81.05555555555556,85.25,82.76388888888889,40.15972222222222,42.270833333333336,31.604166666666668,42.43055555555556,34.770833333333336,24.854166666666668,-3.1,7.8,-1.776388888888889,0.41875,98.56944444444444,41.0,40.97222222222222,42.673611111111114,39.21527777777778,788.7534722222222,0.9847222222222223,49.99930555555555,399.1645833333333,397.4319444444444,398.21180555555554,666.3493055555556,683.6118055555556,658.2006944444444,2100.9,-50.1,40.40277777777778,0.6020833333333333,7.575694444444445,146.53472222222223,-144.46249999999998,12.2,-217.2,7.5,788.7833333333333,2000.0,0.0,146.8125,-966.0819444444444,0.0,-1000.0,35.78333333333333,945.5208333333334,1000.0,0.0,44.12986111111111,46.75,92.59375,T07,0.8,14.7,7.668749999999999,1.343611111111111,0.5,14.9,7.878472222222222,0.7967361111111111,20.0,30.0,23.22222222222222,1011.0,1014.0,1011.9027777777778,28.0,76.0,57.50694444444444,0.0,1.0,0.006944444444444444,0.0,150.1875,154.34722222222223,411.84027777777777,,0
2017-10-12 00:00:00+00:00,1788.0,0.0,1248.6680555555556,90.22708333333334,50.72222222222222,76.78472222222223,76.42361111111111,75.29166666666667,41.34027777777778,51.25,55.46527777777778,35.19444444444444,15.8,0.0,11.01736111111111,40.8,0.4,6.486805555555556,1.275,-1.051388888888889,112.31805555555555,25.59027777777778,-486.15972222222223,107953.81944444444,15475344.0,-425.50694444444446,-2834737,70.1875,78.27777777777777,76.59027777777777,40.375,43.125,33.53472222222222,43.15972222222222,36.895833333333336,27.166666666666668,-3.1,89.9,3.697222222222222,2.388888888888889,92.08333333333333,40.69444444444444,40.63194444444444,42.395833333333336,39.451388888888886,644.8340277777778,0.8729166666666667,50.00069444444445,399.60625000000005,397.8520833333333,398.46180555555554,559.9993055555556,569.5798611111111,549.1534722222223,2100.5,-50.1,41.31944444444444,0.8125,6.406944444444445,135.9451388888889,-118.12986111111111,1000.1,-666.4,20.266666666666666,650.5652777777777,2000.0,0.0,137.1236111111111,-669.3840277777778,0.0,-1000.0,101.9625,628.254861111111,1000.0,0.0,118.29583333333332,46.923611111111114,110.87222222222222,T07,0.2,18.1,6.484027777777778,1.6009027777777778,0.0,18.2,6.385416666666667,1.1909027777777779,22.0,30.0,25.02777777777778,1012.0,1016.0,1014.25,28.0,72.0,49.93055555555556,0.0,0.0,0.0,0.0,126.5625,124.5625,414.2013888888889,,0
2017-10-13 00:00:00+00:00,1695.4,0.0,1337.6826388888887,66.29027777777777,48.388888888888886,70.50694444444444,70.47916666666667,70.01388888888889,39.666666666666664,52.638888888888886,56.25,36.25,15.0,0.0,11.854861111111111,22.9,0.6000000000000001,5.809722222222223,0.932638888888889,0.2972222222222223,96.42638888888888,27.63888888888889,-46.923611111111114,57281.42361111111,8241764.0,-29.84722222222222,-2571331,65.25,71.98611111111111,69.88194444444444,39.729166666666664,44.201388888888886,34.52777777777778,44.361111111111114,36.50694444444444,28.770833333333332,-3.2,89.9,-1.2395833333333333,0.8444444444444446,98.07638888888889,39.875,39.78472222222222,41.604166666666664,39.451388888888886,343.4173611111111,0.8763888888888889,49.99722222222223,398.8284722222222,397.0569444444444,397.13125,308.43541666666664,330.9944444444444,309.25069444444443,1825.2,-47.3,41.84027777777778,0.5868055555555556,5.770833333333333,92.6576388888889,-107.14791666666666,664.0,-861.2,39.37152777777778,344.3548611111111,1857.0,0.0,92.19999999999999,-873.7416666666667,0.0,-1000.0,94.90625,872.6729166666667,1000.0,0.0,95.75069444444445,46.19444444444444,96.1263888888889,T07,1.4,11.7,5.684027777777778,0.9052083333333333,1.0,11.4,5.763888888888889,0.6073611111111111,24.0,32.0,27.17361111111111,1014.0,1017.0,1014.8958333333334,19.0,39.0,28.51388888888889,0.0,0.0,0.0,0.0,110.51388888888889,112.20138888888889,414.84027777777777,,0
2017-10-14 00:00:00+00:00,1718.5,0.0,1388.0631944444444,58.41458333333334,49.53472222222222,73.65972222222223,73.52083333333333,72.82638888888889,39.604166666666664,51.8125,56.361111111111114,36.02777777777778,15.2,0.0,12.29861111111111,29.0,0.5,6.345833333333333,1.0194444444444446,0.08055555555555556,92.64652777777778,26.916666666666668,-109.71527777777777,84238.06944444444,12114482.0,-70.84722222222223,-2691735,65.54861111111111,72.29861111111111,70.06944444444444,39.86805555555556,43.861111111111114,33.888888888888886,43.791666666666664,36.791666666666664,27.97222222222222,-3.2,89.9,-1.0243055555555556,0.9840277777777777,98.21527777777777,40.13194444444444,40.06944444444444,41.798611111111114,39.30555555555556,504.79375000000005,0.9145833333333333,49.99791666666667,399.23333333333335,397.4090277777778,397.11041666666665,428.7513888888889,456.12222222222226,434.74861111111113,2081.7,-46.9,41.46527777777778,0.5138888888888888,6.316666666666666,107.82291666666667,-112.15138888888889,999.8,-710.0,19.731250000000003,506.3611111111111,2000.0,0.0,107.71527777777777,-876.9979166666667,0.0,-1000.0,83.35694444444444,869.9583333333334,1000.0,0.0,91.77708333333334,46.78472222222222,92.55138888888888,T07,1.6,16.0,6.598611111111111,0.9794444444444443,1.4,15.0,6.629861111111111,0.5349999999999999,23.0,31.0,26.47222222222222,1013.0,1016.0,1014.1944444444445,20.0,52.0,31.82638888888889,0.0,0.0,0.0,0.0,128.84027777777777,129.51388888888889,414.09722222222223,,0
2017-10-15 00:00:00+00:00,1810.0,1212.5,1631.8034722222224,46.493750000000006,61.395833333333336,103.76388888888889,102.84027777777777,100.38194444444444,41.31944444444444,54.24305555555556,61.15277777777778,36.298611111111114,15.9,10.8,14.458333333333334,41.2,0.8,10.615972222222222,1.9361111111111111,-0.4048611111111111,101.81180555555555,23.97222222222222,0.0,229679.34722222222,33073826.0,0.0,-4230400,80.48611111111111,90.79861111111111,89.6875,42.798611111111114,46.125,31.96527777777778,46.21527777777778,41.125,25.40972222222222,-3.3,16.6,2.1395833333333334,1.082638888888889,110.875,44.104166666666664,44.05555555555556,45.49305555555556,40.81944444444444,1378.0611111111111,0.9993055555555556,49.99861111111111,400.2125,398.0368055555556,399.29583333333335,1152.7020833333333,1171.3319444444444,1140.9055555555556,2100.7,120.3,46.4375,0.41111111111111115,10.427083333333334,128.41319444444446,-176.26944444444445,-97.9,-223.3,4.985416666666667,1377.4194444444445,2000.0,108.7,128.59375,-839.01875,-532.7,-1000.0,25.699305555555554,748.6291666666667,1000.0,406.1,38.02013888888889,54.71527777777778,102.22847222222222,T07,1.8,22.3,11.049305555555556,1.915486111111111,2.2,21.1,10.425,1.307638888888889,21.0,27.0,23.395833333333332,1011.0,1015.0,1013.1736111111111,40.0,74.0,59.80555555555556,0.0,0.0,0.0,0.0,217.99305555555554,205.5625,413.1388888888889,,0
2017-10-16 00:00:00+00:00,1793.1,1305.0,1675.6902777777777,22.226388888888888,65.52777777777777,115.24305555555556,113.97222222222223,110.86111111111111,47.770833333333336,52.84722222222222,61.18055555555556,36.736111111111114,15.9,11.6,14.847916666666666,42.2,0.6000000000000001,10.743749999999999,2.1395833333333334,-0.2173611111111111,112.14305555555556,23.131944444444443,0.0,275570.38194444444,39682135.0,0.0,-4855078,89.4375,102.22916666666667,100.89583333333333,44.958333333333336,46.4375,32.076388888888886,45.791666666666664,42.076388888888886,25.118055555555557,-3.3,14.4,0.7590277777777777,1.6805555555555556,114.88194444444444,46.36805555555556,46.24305555555556,47.71527777777778,42.201388888888886,1653.3958333333333,1.0,49.99861111111111,400.33124999999995,398.32916666666665,399.7701388888889,1384.3909722222222,1397.6743055555555,1369.3409722222223,2101.8,368.3,46.59027777777778,0.18611111111111112,10.579166666666667,190.26944444444445,-202.29722222222222,-141.8,-224.0,3.9625000000000004,1649.7777777777778,2000.0,336.4,189.40416666666667,-826.1840277777778,-583.3,-1000.0,105.24722222222222,682.91875,1000.0,406.1,131.85972222222222,58.03472222222222,112.35833333333333,T07,3.1,20.4,10.488888888888889,2.5874305555555552,3.0,17.7,10.24861111111111,2.245902777777778,21.0,26.0,22.45138888888889,1012.0,1015.0,1013.6111111111111,54.0,78.0,66.98611111111111,0.0,0.0,0.0,0.0,206.69444444444446,201.97916666666666,413.56944444444446,,0
2017-10-17 00:00:00+00:00,1788.3,1172.0,1488.8159722222222,53.18472222222223,50.798611111111114,82.60416666666667,82.16666666666667,80.75694444444444,44.93055555555556,52.75694444444444,57.75694444444444,34.25694444444444,15.8,10.4,13.190972222222221,40.6,0.4,7.4520833333333325,1.4375,0.18055555555555555,123.99236111111112,22.59722222222222,-22.243055555555557,137661.45138888888,19820048.0,-18.270833333333332,-3690745,71.88194444444444,81.4375,80.9375,40.74305555555556,42.986111111111114,31.42361111111111,42.65972222222222,34.951388888888886,24.51388888888889,-3.2,8.9,-1.3986111111111112,0.7118055555555556,101.72916666666667,41.375,41.30555555555556,43.041666666666664,39.40972222222222,825.8020833333334,0.9284722222222221,49.99722222222223,398.68958333333336,396.76250000000005,397.1201388888889,701.5076388888889,723.8083333333333,699.9104166666667,2102.1,-50.7,41.11805555555556,0.4659722222222223,7.447916666666667,166.78750000000002,-153.78333333333333,504.5,-797.7,13.586111111111112,824.9555555555556,2000.0,0.0,166.1986111111111,-886.713888888889,0.0,-1000.0,99.63055555555555,839.3291666666667,1000.0,0.0,119.6236111111111,47.09722222222222,123.8111111111111,T07,0.8,15.1,6.388194444444444,1.729513888888889,0.8,15.0,6.260416666666667,1.6811805555555557,20.0,33.0,22.006944444444443,1010.0,1015.0,1012.0069444444445,53.0,83.0,72.69444444444444,0.0,0.0,0.0,0.0,124.55555555555556,122.13888888888889,411.9861111111111,,0
2017-10-18 00:00:00+00:00,1779.2,0.0,1326.9458333333334,89.45555555555556,42.0625,66.10416666666667,65.99305555555556,65.24305555555556,34.52777777777778,51.416666666666664,54.625,29.833333333333332,15.7,0.0,11.7375,43.1,0.4,6.202083333333333,1.2819444444444443,-0.24583333333333338,241.68541666666664,19.90972222222222,-227.67361111111111,82064.23611111111,11784464.0,-174.63194444444446,-3113713,66.09027777777777,72.26388888888889,72.73611111111111,38.888888888888886,39.013888888888886,28.805555555555557,39.75694444444444,29.291666666666668,21.541666666666668,-3.2,89.9,0.5597222222222222,1.1090277777777777,91.46527777777777,39.229166666666664,39.125,40.94444444444444,37.96527777777778,491.0854166666667,0.9006944444444446,50.00069444444445,398.73055555555555,397.0048611111111,396.83958333333334,425.08680555555554,446.5513888888889,427.50138888888887,2100.3,-51.0,37.395833333333336,0.79375,6.228472222222222,153.7423611111111,-129.73333333333332,999.8,-581.9,15.417361111111111,493.6694444444444,2000.0,0.0,154.44652777777776,-816.0826388888888,0.0,-1000.0,84.47291666666666,806.7854166666667,1000.0,0.0,90.21041666666666,39.625,241.93888888888887,T07,1.2,15.8,6.452083333333333,0.9491666666666667,1.2,16.5,6.444444444444445,1.0164583333333335,16.0,21.0,19.319444444444443,1006.0,1010.0,1007.5763888888889,62.0,97.0,86.25,0.0,103.0,2.9375,0.0,125.9375,125.72222222222223,407.52777777777777,,0
2017-10-19 00:00:00+00:00,1777.0,0.0,1212.5652777777777,64.45416666666667,43.93055555555556,69.64583333333333,69.36805555555556,68.54166666666667,35.611111111111114,49.80555555555556,53.22222222222222,31.27777777777778,15.7,0.0,10.738194444444444,34.5,0.4,6.078472222222222,1.1277777777777778,-1.3868055555555554,280.47569444444446,19.993055555555557,-201.27083333333334,80068.45833333333,11500874.0,-130.29166666666666,-2727728,68.16666666666667,74.09027777777777,72.14583333333333,39.19444444444444,39.736111111111114,29.04861111111111,40.52777777777778,30.4375,22.15972222222222,-3.2,89.9,9.709722222222222,1.5708333333333335,89.20833333333333,39.47222222222222,39.375,41.166666666666664,38.263888888888886,479.21875,0.8937500000000002,50.00069444444445,399.34236111111113,397.66875000000005,397.52152777777775,414.4548611111111,432.4090277777778,414.93958333333336,2101.2,-42.6,38.27777777777778,0.5694444444444444,6.157638888888889,111.64166666666667,-113.67361111111111,1000.0,-741.9,15.839583333333334,492.40347222222226,2000.0,0.0,114.96249999999999,-720.4361111111111,0.0,-1000.0,84.9048611111111,705.3201388888889,1000.0,0.0,91.11458333333333,41.048611111111114,281.86875,T07,1.8,19.1,6.563194444444445,0.5940972222222222,1.7000000000000002,19.4,6.613888888888889,0.6077777777777778,17.0,21.0,19.52777777777778,1002.0,1012.0,1006.8958333333334,65.0,93.0,82.81944444444444,0.0,7.0,0.13194444444444445,0.0,128.20138888888889,129.11111111111111,406.84027777777777,,0
2017-10-20 00:00:00+00:00,1671.6,0.0,795.6500000000001,75.225,35.59722222222222,49.798611111111114,49.791666666666664,49.59027777777778,34.93055555555556,43.270833333333336,44.888888888888886,29.479166666666668,14.8,0.0,7.004166666666666,21.3,0.4,3.654166666666667,0.7069444444444445,-10.628472222222221,278.1784722222222,21.09027777777778,-569.6388888888889,13072.722222222223,1800446.0,-402.2083333333333,-1014945,68.02777777777777,71.84722222222223,70.15972222222223,35.798611111111114,36.46527777777778,29.78472222222222,37.59722222222222,27.319444444444443,23.208333333333332,-3.2,89.9,9.825,2.1770833333333335,67.3125,35.576388888888886,35.49305555555556,37.38194444444444,35.326388888888886,75.025,0.776388888888889,49.99861111111111,399.71736111111113,398.4743055555556,396.9263888888889,88.87083333333334,98.80416666666666,91.55763888888889,792.6,-50.1,33.40277777777778,0.6798611111111111,3.648611111111111,32.49652777777778,-42.27291666666667,1000.7,-930.3,39.166666666666664,83.83472222222223,806.4,0.0,32.90555555555555,-312.74652777777777,0.0,-1000.0,99.30555555555556,312.74652777777777,1000.0,0.0,99.30555555555556,33.486111111111114,283.8236111111111,T07,0.0,7.8,3.795138888888889,0.20145833333333335,0.0,8.1,3.773611111111111,0.20645833333333333,18.0,24.0,20.59027777777778,1011.0,1014.0,1012.7847222222222,59.0,93.0,79.58333333333333,0.0,0.0,0.0,0.0,72.66666666666667,72.24305555555556,412.74305555555554,,0
2017-10-21 00:00:00+00:00,1684.4,0.0,605.6326388888889,76.46944444444445,34.388888888888886,45.423611111111114,45.36805555555556,45.125,36.875,42.583333333333336,43.71527777777778,30.625,14.9,0.0,5.128472222222222,21.1,0.4,3.302777777777778,0.7361111111111112,6.102083333333334,161.94791666666666,22.618055555555557,-577.0486111111111,15050.069444444445,2084117.0,-338.68055555555554,-815255,74.03472222222223,76.24305555555556,73.55555555555556,34.71527777777778,36.5,30.9375,37.5625,28.27777777777778,24.76388888888889,-2.7,89.9,13.927777777777777,1.7,56.38194444444444,34.4375,34.3125,36.25694444444444,34.388888888888886,86.84166666666667,0.8666666666666667,49.99930555555555,400.0111111111111,398.69097222222223,397.0395833333333,89.16874999999999,98.48194444444444,93.45138888888889,1022.6,-44.7,32.951388888888886,0.7319444444444445,3.3256944444444443,40.65347222222223,-33.99236111111111,1000.1,-913.8,27.525,93.82430555555555,1053.6,0.0,41.39652777777778,-287.81111111111113,0.0,-1000.0,75.56875,287.81111111111113,1000.0,0.0,75.56875,33.701388888888886,135.86319444444445,T07,0.0,10.2,3.9270833333333335,0.3186111111111111,0.0,9.8,3.8618055555555557,0.30951388888888887,18.0,27.0,22.041666666666668,1013.0,1016.0,1014.2847222222222,51.0,96.0,74.61805555555556,0.0,0.0,0.0,0.0,75.19444444444444,74.08333333333333,414.21527777777777,,0
2017-10-22 00:00:00+00:00,1680.0,0.0,486.9118055555556,104.80486111111111,34.06944444444444,43.6875,43.625,43.361111111111114,38.791666666666664,42.083333333333336,43.104166666666664,31.194444444444443,14.9,0.0,4.129166666666666,22.6,0.4,2.7555555555555555,0.61875,3.643055555555555,177.50486111111113,23.166666666666668,-831.1458333333334,5463.104166666667,667002.0,-560.4791666666666,-406747,75.25694444444444,77.30555555555556,74.49305555555556,35.166666666666664,36.673611111111114,32.604166666666664,37.49305555555556,28.555555555555557,26.34027777777778,-2.8,89.9,16.74375,2.8618055555555557,50.291666666666664,34.875,34.736111111111114,36.673611111111114,35.173611111111114,27.80625,0.8229166666666666,49.99791666666667,400.0798611111111,398.84722222222223,397.0673611111111,43.43263888888889,48.02152777777778,45.577777777777776,1005.9,-51.1,33.083333333333336,0.9576388888888889,2.792361111111111,16.48888888888889,-16.947916666666668,1000.1,-735.6,27.93125,40.02708333333333,1022.8,0.0,19.21875,-111.70486111111111,0.0,-1000.0,51.631249999999994,111.70486111111111,1000.0,0.0,51.631249999999994,33.34722222222222,176.36180555555555,T07,0.0,9.1,2.933333333333333,0.23902777777777778,0.0,8.1,2.964583333333333,0.21715277777777778,19.0,28.0,22.381944444444443,1013.0,1016.0,1014.3819444444445,35.0,86.0,64.74305555555556,0.0,0.0,0.0,0.0,55.395833333333336,56.173611111111114,414.3333333333333,,0
2017-10-23 00:00:00+00:00,1789.5,1213.5,1645.3215277777776,32.31111111111111,59.673611111111114,104.97916666666667,103.90972222222223,101.00694444444444,41.94444444444444,53.59027777777778,60.576388888888886,34.145833333333336,15.8,10.8,14.580555555555556,48.5,0.6000000000000001,9.910416666666666,1.7833333333333334,0.009027777777777779,93.11388888888888,21.5625,0.0,247237.02083333334,35602131.0,0.0,-4331961,85.54861111111111,94.71527777777777,93.19444444444444,43.50694444444444,44.645833333333336,30.930555555555557,45.05555555555556,38.40972222222222,23.583333333333332,-3.2,12.5,-0.05972222222222226,1.2055555555555555,110.90972222222223,44.854166666666664,44.736111111111114,46.270833333333336,41.13194444444444,1483.475,1.0,50.0,399.7131944444444,397.8527777777778,398.6354166666667,1239.7083333333333,1256.4930555555557,1233.9027777777778,2101.7,212.4,45.576388888888886,0.2743055555555556,9.910416666666666,156.5125,-180.5013888888889,-93.8,-220.0,3.7409722222222226,1480.8430555555556,2000.0,209.6,156.22291666666666,-854.5534722222222,-583.3,-1000.0,81.40347222222222,732.4479166666666,1000.0,406.1,91.81319444444445,53.24305555555556,93.10347222222222,T07,3.1,18.4,10.067361111111111,2.2991666666666664,4.7,16.7,10.104861111111111,0.7693055555555556,19.0,24.0,20.881944444444443,1012.0,1015.0,1013.6875,59.0,84.0,72.50694444444444,0.0,0.0,0.0,0.0,198.43055555555554,199.06944444444446,413.6388888888889,,0
2017-10-24 00:00:00+00:00,1784.9,1224.8,1662.5277777777778,31.936111111111114,61.15972222222222,108.25694444444444,107.11805555555556,104.23611111111111,43.916666666666664,52.88194444444444,60.541666666666664,35.541666666666664,15.8,10.9,14.728472222222223,43.2,0.6000000000000001,10.138194444444444,1.9340277777777777,0.028472222222222215,107.66388888888889,21.28472222222222,0.0,256004.96527777778,36864715.0,0.0,-4713612,84.38888888888889,96.70833333333333,95.33333333333333,44.05555555555556,45.388888888888886,30.805555555555557,44.923611111111114,38.97222222222222,23.305555555555557,-3.1,12.1,-0.016666666666666694,1.4,112.22916666666667,45.458333333333336,45.34722222222222,46.826388888888886,41.68055555555556,1536.03125,1.0,49.99861111111111,399.6625,397.95208333333335,399.2388888888889,1290.5020833333333,1299.4666666666667,1273.8819444444443,2102.1,338.1,45.541666666666664,0.26875000000000004,10.060416666666667,174.52569444444444,-196.39791666666667,-148.6,-219.6,3.1645833333333333,1532.4944444444445,2000.0,332.1,173.94930555555555,-842.8215277777778,-583.3,-1000.0,96.30625,719.2409722222222,1000.0,406.1,105.13333333333334,54.61805555555556,107.62986111111111,T07,3.9,17.6,11.052083333333334,2.0496527777777778,4.3,17.6,10.582638888888889,1.649375,19.0,24.0,20.92361111111111,1012.0,1014.0,1012.8611111111111,48.0,81.0,67.9375,0.0,0.0,0.0,0.0,218.125,208.79861111111111,412.8125,,0
2017-10-25 00:00:00+00:00,1751.3,1192.8,1513.3937500000002,52.34930555555556,49.21527777777778,81.09722222222223,80.5,79.23611111111111,37.02777777777778,52.56944444444444,57.708333333333336,32.888888888888886,15.5,10.6,13.409722222222221,39.9,0.6000000000000001,7.720833333333333,1.3840277777777779,-0.1138888888888889,104.18263888888889,21.319444444444443,0.0,144453.61805555556,20801321.0,0.0,-3682335,68.91666666666667,78.06944444444444,77.53472222222223,41.041666666666664,41.826388888888886,29.895833333333332,41.798611111111114,33.736111111111114,23.041666666666668,-3.2,5.5,-1.6875,0.4756944444444444,100.79861111111111,41.701388888888886,41.65277777777778,43.36805555555556,39.604166666666664,866.7534722222222,0.9708333333333334,49.99861111111111,399.22083333333336,397.6277777777778,398.8208333333333,737.8465277777777,746.9743055555556,722.026388888889,2101.0,32.8,40.326388888888886,0.46041666666666664,7.720833333333333,156.95625,-153.43124999999998,-87.9,-218.1,4.207638888888889,866.2618055555555,2000.0,29.5,157.85972222222222,-968.34375,-144.7,-1000.0,44.32152777777778,924.7319444444444,1000.0,144.7,68.35208333333334,45.826388888888886,104.29166666666667,T07,2.4,14.5,8.116666666666667,1.3004166666666666,2.5,14.1,7.922222222222222,0.9379861111111111,18.0,25.0,20.78472222222222,1012.0,1015.0,1013.7777777777778,45.0,78.0,64.65972222222223,0.0,0.0,0.0,0.0,159.19444444444446,155.38888888888889,413.7361111111111,,0
2017-10-26 00:00:00+00:00,1789.8,1230.1,1662.7215277777777,25.26388888888889,63.458333333333336,112.45833333333333,111.32638888888889,107.96527777777777,42.11805555555556,53.46527777777778,61.05555555555556,35.65277777777778,15.8,10.9,14.73611111111111,42.5,0.6000000000000001,10.905555555555557,1.9368055555555554,0.3423611111111111,92.74791666666667,22.229166666666668,0.0,272852.875,39290814.0,0.0,-4311436,83.89583333333333,95.78472222222223,95.22222222222223,44.34722222222222,45.541666666666664,30.444444444444443,45.604166666666664,40.888888888888886,23.555555555555557,-3.3,15.8,1.5104166666666667,1.4166666666666667,114.18055555555556,45.80555555555556,45.673611111111114,47.138888888888886,41.61805555555556,1637.1458333333333,0.9993055555555556,50.0,400.4152777777778,398.5388888888889,399.50069444444443,1365.0159722222222,1381.271527777778,1358.2229166666666,2101.6,206.1,46.65277777777778,0.22500000000000003,10.745833333333334,121.38888888888889,-179.63958333333332,-71.8,-227.0,3.747916666666667,1635.1881944444444,2000.0,200.2,121.68124999999999,-806.1833333333333,-583.3,-1000.0,64.92847222222223,658.8597222222222,1000.0,406.1,79.06180555555555,55.4375,92.39791666666666,T07,4.0,21.2,10.917361111111111,2.6888194444444444,4.2,20.0,10.675,0.8925694444444444,19.0,26.0,21.76388888888889,1014.0,1016.0,1014.9444444444445,36.0,74.0,57.15972222222222,0.0,0.0,0.0,0.0,215.31944444444446,210.52777777777777,414.84027777777777,,0
2017-10-27 00:00:00+00:00,1762.6,0.0,1544.1652777777776,55.93472222222223,53.11805555555556,87.93055555555556,87.47916666666667,85.70138888888889,38.326388888888886,53.291666666666664,59.15277777777778,34.576388888888886,15.6,0.0,13.675694444444444,28.7,0.4,8.209027777777777,1.4451388888888888,0.5388888888888889,95.48958333333333,22.256944444444443,-130.94444444444446,172478.11111111112,24817991.0,-89.11805555555556,-3659406,74.94444444444444,85.34722222222223,84.46527777777777,41.076388888888886,43.69444444444444,30.5625,43.166666666666664,35.986111111111114,23.65972222222222,-3.3,89.9,-0.6090277777777778,0.9215277777777777,102.63194444444444,42.00694444444444,41.90277777777778,43.604166666666664,39.59027777777778,1034.045138888889,0.9812500000000001,49.99930555555555,399.5548611111111,397.80277777777775,398.1326388888889,867.4798611111112,887.9506944444444,865.5854166666667,2103.3,-50.3,42.19444444444444,0.5034722222222222,8.220833333333333,167.6638888888889,-152.4715277777778,1000.0,-214.2,7.009722222222222,1034.7583333333334,2000.0,0.0,168.41597222222222,-914.9472222222222,0.0,-1000.0,46.28819444444444,862.4590277777778,1000.0,0.0,71.86111111111111,48.729166666666664,94.95208333333333,T07,1.0,15.8,9.140972222222222,1.2943055555555556,1.3,14.3,8.658333333333333,0.4925694444444445,19.0,27.0,21.8125,1015.0,1017.0,1015.5833333333334,36.0,80.0,61.236111111111114,0.0,0.0,0.0,0.0,179.82638888888889,170.19444444444446,415.55555555555554,,0
2017-10-28 00:00:00+00:00,1777.8,104.4,1274.9,69.54583333333333,47.22222222222222,77.09027777777777,76.70138888888889,75.125,38.59722222222222,49.22222222222222,53.65277777777778,31.729166666666668,15.7,0.0,11.271527777777777,40.7,0.4,6.8805555555555555,1.2194444444444443,0.6597222222222221,85.33611111111111,21.444444444444443,-317.55555555555554,123480.28472222222,17735430.0,-283.6875,-2598680,72.09027777777777,79.59722222222223,78.88888888888889,40.18055555555556,40.3125,30.34027777777778,40.701388888888886,32.55555555555556,23.625,-3.2,49.1,4.196527777777778,1.7784722222222225,89.67361111111111,40.80555555555556,40.701388888888886,42.40972222222222,38.875,738.9715277777777,0.8256944444444445,50.0,399.96875,398.17569444444445,397.48819444444445,636.0402777777778,654.7458333333333,639.1361111111112,2100.8,-36.6,39.270833333333336,0.6256944444444444,6.870833333333334,84.48680555555556,-108.26319444444444,1000.2,-678.1,37.8625,743.1284722222222,2000.0,0.0,85.30763888888889,-574.9041666666667,0.0,-1000.0,65.88888888888889,525.9555555555556,1000.0,0.0,71.41180555555555,42.833333333333336,84.67777777777778,T07,1.0,18.8,6.481249999999999,1.254375,1.1,16.9,6.945833333333334,0.6047916666666667,19.0,24.0,21.208333333333332,1011.0,1015.0,1012.8680555555555,34.0,77.0,52.173611111111114,0.0,0.0,0.0,0.0,126.54861111111111,135.77083333333334,412.7916666666667,,0
2017-10-29 00:00:00+00:00,1760.3,0.0,1468.8093333333334,66.03333333333333,50.96,85.16,84.76666666666667,83.04,40.586666666666666,52.18666666666667,57.2,33.27333333333333,15.6,0.0,13.012666666666668,29.8,0.7000000000000001,7.705333333333333,1.3266666666666667,-0.2926666666666667,90.66266666666667,21.186666666666667,-120.45333333333333,148375.75333333333,22238297.0,-79.52,-3335581,73.05333333333333,83.08,81.5,41.06,42.513333333333335,30.2,42.126666666666665,34.04666666666667,23.026666666666667,-3.2,89.9,-0.25333333333333335,1.3773333333333333,101.48,41.76,41.66,43.35333333333333,39.513333333333335,889.5333333333333,0.9373333333333332,50.002,399.72933333333333,397.702,397.87666666666667,747.9526666666666,773.15,751.24,2101.9,-46.6,40.986666666666665,0.5773333333333334,7.681333333333334,115.38600000000001,-133.44733333333332,775.3,-782.6,17.31866666666667,890.2040000000001,2000.0,0.0,115.172,-827.082,0.0,-1000.0,69.74733333333333,765.996,1000.0,0.0,73.932,46.666666666666664,90.952,T07,1.7000000000000002,17.3,7.342361111111111,1.4052777777777778,1.3,16.1,7.785416666666666,0.4650694444444444,18.0,25.0,20.694444444444443,1009.0,1013.0,1010.7847222222222,45.0,79.0,67.79861111111111,0.0,0.0,0.0,0.0,143.77083333333334,152.65972222222223,410.72222222222223,,0
2017-10-30 00:00:00+00:00,1701.6,0.0,1069.2923611111112,122.54652777777778,37.736111111111114,56.125,56.18055555555556,55.736111111111114,34.729166666666664,45.38194444444444,48.68055555555556,28.944444444444443,15.1,0.0,9.444444444444445,19.6,0.4,4.4625,0.8416666666666667,2.067361111111111,108.69375,20.256944444444443,-453.47222222222223,28354.694444444445,4017779.0,-517.7777777777778,-1455822,68.04861111111111,71.90277777777777,70.5,38.125,36.958333333333336,30.229166666666668,37.701388888888886,27.32638888888889,23.48611111111111,-3.1,70.6,4.377777777777777,3.2020833333333334,78.45833333333333,38.11805555555556,38.00694444444444,39.916666666666664,37.68055555555556,167.4090277777778,0.7458333333333333,49.99861111111111,399.24375,397.64930555555554,396.3361111111111,166.8409722222222,185.8736111111111,175.62916666666666,1791.5,-50.2,34.666666666666664,1.1090277777777777,4.530555555555555,50.53402777777777,-60.637499999999996,1000.1,-954.5,58.26597222222222,177.3451388888889,1813.0,0.0,52.76111111111111,-500.81111111111113,0.0,-1000.0,110.36250000000001,500.4729166666667,1000.0,0.0,111.24652777777777,34.395833333333336,109.125,T07,0.2,10.1,4.102083333333334,0.4303472222222222,0.0,10.9,4.565972222222222,0.29,16.0,25.0,19.458333333333332,1006.0,1009.0,1007.4236111111111,48.0,88.0,73.39583333333333,0.0,0.0,0.0,0.0,78.78472222222223,88.11805555555556,407.38194444444446,,0
2017-10-31 00:00:00+00:00,1781.8,0.0,1533.239393939394,66.08257575757575,47.47727272727273,80.51515151515152,80.04545454545455,78.48484848484848,34.96969696969697,52.90151515151515,58.128787878787875,30.318181818181817,15.7,0.0,13.579545454545455,43.6,0.4,8.082575757575759,1.4424242424242424,-0.30909090909090914,99.17121212121212,20.227272727272727,-63.13636363636363,157568.11363636365,20790656.0,-40.02272727272727,-3406409,78.83333333333333,83.21212121212122,81.17424242424242,40.64393939393939,40.11363636363637,28.636363636363637,41.32575757575758,31.696969696969695,21.65909090909091,-3.1,90.0,-0.2909090909090909,1.3765151515151515,97.85606060606061,41.446969696969695,41.333333333333336,43.09848484848485,39.15151515151515,945.2287878787879,0.9893939393939394,49.9969696969697,399.3545454545455,397.5568181818182,398.10378787878784,793.7106060606061,813.8825757575758,791.1999999999999,2101.1,-48.9,40.13636363636363,0.5871212121212122,8.092424242424244,179.3098484848485,-154.79848484848486,1000.6,-269.0,8.041666666666666,967.8257575757576,2000.0,0.0,173.64090909090908,-955.6007575757576,0.0,-1000.0,44.31136363636364,916.760606060606,1000.0,0.0,64.2840909090909,45.31060606060606,99.48484848484848,T07,2.9,16.9,9.461805555555555,1.3098611111111111,3.3,14.8,8.797222222222222,0.8075694444444445,17.0,24.0,19.833333333333332,1007.0,1011.0,1008.8888888888889,52.0,84.0,71.38194444444444,0.0,0.0,0.0,0.0,186.1875,172.90972222222223,408.84027777777777,,0
2017-11-01 00:00:00+00:00,1780.4,1211.3,1625.1833333333334,48.69305555555556,55.13194444444444,95.23611111111111,94.54166666666667,92.25694444444444,39.25,54.09722222222222,60.40277777777778,33.0625,15.6,10.8,14.399305555555555,41.8,0.5,9.197916666666666,1.7638888888888888,0.16319444444444445,113.62152777777777,20.92361111111111,0.0,211361.72222222222,30436088.0,0.0,-4233235,75.81944444444444,86.19444444444444,84.51388888888889,42.25694444444444,42.770833333333336,30.194444444444443,43.59722222222222,36.03472222222222,22.625,-3.2,10.5,-0.9888888888888889,0.9375,106.73611111111111,43.34722222222222,43.263888888888886,44.875,40.21527777777778,1268.1472222222224,0.9986111111111112,49.99583333333333,400.0263888888889,397.96736111111113,399.18888888888887,1062.8708333333334,1081.3729166666667,1051.2305555555556,2101.7,170.4,43.5625,0.4215277777777778,9.139583333333333,207.48194444444445,-176.38958333333332,-104.8,-277.1,4.925000000000001,1265.9055555555556,2000.0,152.8,207.1763888888889,-917.3375000000001,-583.3,-1000.0,72.2826388888889,833.6416666666667,1000.0,406.1,97.7513888888889,50.34722222222222,113.45138888888889,T07,1.4,17.1,8.350000000000001,2.505902777777778,1.7000000000000002,16.5,8.236805555555556,2.305347222222222,18.0,24.0,20.21527777777778,1009.0,1011.0,1009.9861111111111,54.0,81.0,71.28472222222223,0.0,0.0,0.0,0.0,163.88194444444446,161.65972222222223,409.9583333333333,,0
2017-11-02 00:00:00+00:00,1706.3,0.0,1132.1104166666667,90.11250000000001,40.0625,60.31944444444444,60.208333333333336,59.888888888888886,33.701388888888886,48.423611111111114,51.25694444444444,29.53472222222222,15.1,0.0,9.972916666666666,27.1,0.4,5.140972222222222,0.9500000000000001,-1.3013888888888892,156.15625,20.21527777777778,-430.40972222222223,48603.166666666664,6936875.0,-372.9583333333333,-1865146,65.93055555555556,72.33333333333333,70.92361111111111,37.94444444444444,37.44444444444444,29.680555555555557,38.78472222222222,28.65972222222222,22.875,-3.1,89.9,3.566666666666667,1.961111111111111,84.47222222222223,38.06944444444444,37.99305555555556,39.875,37.375,288.98749999999995,0.8375,49.99930555555555,398.9222222222222,397.6194444444444,396.84027777777777,259.7104166666667,276.9173611111111,263.69722222222225,1857.0,-49.9,35.916666666666664,0.79375,5.102083333333334,78.05486111111111,-77.71597222222222,1000.3,-695.5,31.797916666666666,295.00069444444443,1900.7,0.0,78.99652777777777,-642.2701388888888,0.0,-1000.0,97.72569444444444,641.4979166666667,1000.0,0.0,99.51944444444445,37.923611111111114,162.45833333333334,T07,0.7000000000000001,12.6,4.646527777777778,0.8434027777777778,0.6000000000000001,13.0,4.409722222222222,0.8813888888888889,18.0,22.0,19.631944444444443,1007.0,1011.0,1009.1527777777778,61.0,90.0,79.99305555555556,0.0,0.0,0.0,0.0,89.68055555555556,84.94444444444444,409.13194444444446,,0
2017-11-03 00:00:00+00:00,1707.4,0.0,977.4569444444444,96.53611111111111,37.333333333333336,55.09027777777778,55.076388888888886,54.701388888888886,33.395833333333336,45.604166666666664,48.05555555555556,28.0625,15.1,0.0,8.573611111111111,31.3,0.4,4.331250000000001,0.8555555555555556,-2.777083333333333,173.11111111111111,19.6875,-585.6319444444445,27789.666666666668,3917381.0,-504.74305555555554,-1474441,72.5,75.05555555555556,72.51388888888889,36.916666666666664,35.4375,29.51388888888889,36.895833333333336,26.65972222222222,22.604166666666668,-3.0,89.9,6.805555555555555,2.29375,73.85416666666667,36.96527777777778,36.84027777777778,38.72222222222222,36.458333333333336,163.21249999999998,0.7729166666666667,49.99930555555555,399.1430555555555,397.95208333333335,397.0784722222222,162.52083333333334,173.73055555555555,164.93958333333333,2037.5,-50.2,33.0625,0.8680555555555556,4.340277777777778,65.41111111111111,-61.40833333333333,1000.2,-930.8,40.62569444444445,172.60833333333332,2000.0,0.0,66.8375,-438.3361111111111,0.0,-1000.0,112.59166666666667,437.92569444444445,1000.0,0.0,113.85138888888888,34.68055555555556,175.89027777777778,T07,0.6000000000000001,13.2,4.460416666666666,0.45055555555555554,0.0,13.2,4.388194444444444,0.50375,17.0,21.0,19.180555555555557,1004.0,1008.0,1006.1944444444445,65.0,93.0,81.0625,0.0,39.0,0.5763888888888888,0.0,86.10416666666667,84.52777777777777,406.13194444444446,,0
2017-11-04 00:00:00+00:00,1764.0,0.0,1436.7861111111113,78.78611111111111,43.80555555555556,72.20138888888889,71.95138888888889,70.81944444444444,32.986111111111114,51.083333333333336,55.55555555555556,29.479166666666668,15.5,0.0,12.724305555555555,46.3,0.5,6.888194444444444,1.2972222222222223,-0.18472222222222223,258.34166666666664,19.42361111111111,-63.791666666666664,112761.27777777778,16228439.0,-56.93055555555556,-3314646,77.71527777777777,81.63888888888889,79.22916666666667,39.50694444444444,38.701388888888886,28.26388888888889,40.50694444444444,29.51388888888889,20.90277777777778,-3.1,89.9,-0.8201388888888889,1.075,95.41666666666667,40.09027777777778,39.958333333333336,41.770833333333336,38.333333333333336,676.1277777777777,0.9381944444444444,50.0,398.96180555555554,397.2298611111111,397.34375,572.4263888888888,594.75,574.0611111111111,2099.4,-45.1,38.65277777777778,0.6937500000000001,6.979166666666667,181.98194444444445,-138.11597222222224,999.9,-213.4,9.912500000000001,677.2979166666667,2000.0,0.0,182.56041666666667,-889.1465277777778,0.0,-1000.0,66.89305555555556,867.5798611111111,1000.0,0.0,88.89097222222222,41.298611111111114,258.52708333333334,T07,1.6,14.5,7.4375,0.788125,1.5,14.6,7.5256944444444445,0.8028472222222223,16.0,20.0,19.02777777777778,1004.0,1012.0,1007.4652777777778,61.0,90.0,76.10416666666667,0.0,12.0,0.20833333333333334,0.0,145.59027777777777,147.25694444444446,407.4166666666667,,0
2017-11-05 00:00:00+00:00,1545.7,0.0,773.3256944444444,80.12986111111111,32.93055555555556,47.395833333333336,47.375,47.09027777777778,32.173611111111114,43.84722222222222,45.56944444444444,25.756944444444443,13.7,0.0,6.752083333333333,19.6,0.4,3.568055555555555,0.70625,-1.8479166666666669,319.6201388888889,18.04861111111111,-569.4513888888889,12498.361111111111,1717767.0,-416.90972222222223,-867076,65.89583333333333,69.875,68.0,35.09722222222222,31.76388888888889,27.4375,35.395833333333336,24.256944444444443,20.45138888888889,-3.1,89.9,10.445138888888888,2.052777777777778,65.3125,35.020833333333336,34.923611111111114,36.583333333333336,34.40277777777778,71.57222222222222,0.775,49.99861111111111,399.63472222222225,398.12708333333336,396.1979166666667,84.22569444444444,97.05902777777777,89.94513888888889,593.3,-48.9,30.53472222222222,0.7451388888888889,3.5756944444444443,28.511805555555554,-36.1375,999.8,-681.9,41.53819444444444,79.99444444444445,611.6,0.0,30.89861111111111,-296.1090277777778,0.0,-1000.0,75.3763888888889,296.1090277777778,1000.0,0.0,75.3763888888889,31.01388888888889,323.9743055555556,T07,0.4,7.8,3.9402777777777778,0.19340277777777778,0.6000000000000001,8.1,3.904166666666667,0.19770833333333332,14.0,20.0,17.15277777777778,1011.0,1015.0,1013.0972222222222,58.0,89.0,76.55555555555556,0.0,0.0,0.0,0.0,75.56944444444444,74.8125,413.0416666666667,,0
2017-11-06 00:00:00+00:00,1707.0,0.0,950.1659722222222,80.31875,36.02777777777778,53.541666666666664,53.47222222222222,53.104166666666664,32.86805555555556,49.138888888888886,50.8125,25.59722222222222,15.1,0.0,8.395138888888889,39.7,0.4,4.4006944444444445,0.8444444444444446,2.183333333333333,93.10555555555555,18.208333333333332,-381.1041666666667,35703.020833333336,5086355.0,-319.75694444444446,-1464502,72.14583333333333,74.35416666666667,71.73611111111111,36.076388888888886,31.36111111111111,28.09027777777778,36.93055555555556,25.743055555555557,21.166666666666668,-3.3,89.9,9.181944444444445,2.0965277777777778,72.80555555555556,36.24305555555556,36.0625,37.86805555555556,35.46527777777778,211.93124999999998,0.8048611111111111,49.99861111111111,399.62430555555557,398.29999999999995,397.47083333333336,199.39305555555555,210.38402777777776,200.48402777777778,1528.9,-50.0,32.86805555555556,0.70625,4.448611111111111,58.927083333333336,-61.00972222222222,1000.0,-559.9,32.31041666666667,218.35208333333333,1561.5,0.0,60.30416666666666,-441.0208333333333,0.0,-1000.0,58.489583333333336,440.9826388888889,1000.0,0.0,58.75,35.666666666666664,93.41944444444444,T07,0.3,12.5,4.585416666666666,0.6360416666666667,0.0,11.4,4.819444444444445,0.2702083333333334,14.0,22.0,17.67361111111111,1009.0,1014.0,1011.2638888888889,51.0,80.0,68.15277777777777,0.0,0.0,0.0,0.0,88.40277777777777,93.25,411.1875,,0
2017-11-07 00:00:00+00:00,1611.8,0.0,672.6236111111111,83.32430555555555,32.916666666666664,45.958333333333336,45.895833333333336,45.78472222222222,32.71527777777778,43.78472222222222,45.166666666666664,26.006944444444443,14.3,0.0,5.86875,23.0,0.4,3.2819444444444446,0.7104166666666667,0.6652777777777776,72.20069444444444,17.59722222222222,-729.0208333333334,6108.75,774682.0,-684.9861111111111,-638344,71.22222222222223,73.32638888888889,70.43055555555556,34.80555555555556,31.895833333333332,27.1875,35.854166666666664,23.756944444444443,20.458333333333332,-2.5,89.9,13.761111111111111,2.2034722222222225,64.22916666666667,34.666666666666664,34.479166666666664,36.388888888888886,34.548611111111114,32.27916666666667,0.6895833333333334,49.99791666666667,399.8284722222222,398.6625,397.6159722222222,57.48472222222222,61.09652777777777,57.8763888888889,674.9,-50.2,30.84027777777778,0.7902777777777777,3.3444444444444446,19.67361111111111,-26.606250000000003,1000.4,-880.8,41.43263888888889,44.234722222222224,688.8,0.0,22.57638888888889,-150.57847222222222,0.0,-1000.0,64.98124999999999,150.57847222222222,1000.0,0.0,64.98124999999999,31.71527777777778,69.03819444444444,T07,0.5,8.7,3.4722222222222223,0.24298611111111112,0.5,8.5,3.658333333333333,0.22951388888888888,13.0,21.0,16.916666666666668,1009.0,1012.0,1010.1041666666666,35.0,81.0,62.47222222222222,0.0,0.0,0.0,0.0,66.08333333333333,69.86805555555556,410.00694444444446,,0
2017-11-08 00:00:00+00:00,1450.7,0.0,416.0826388888889,67.06527777777778,28.256944444444443,37.020833333333336,37.0,36.701388888888886,32.861111111111114,39.5625,40.03472222222222,26.20138888888889,12.9,0.0,3.4805555555555556,15.6,0.4,2.935416666666667,0.601388888888889,5.856944444444444,156.91944444444445,17.993055555555557,-732.7569444444445,5383.277777777777,669674.0,-461.74305555555554,-286842,70.06944444444444,72.15972222222223,69.0,32.05555555555556,32.458333333333336,27.46527777777778,33.486111111111114,22.47222222222222,20.96527777777778,-2.5,89.9,18.677083333333332,1.7208333333333334,40.77777777777778,31.868055555555557,31.73611111111111,33.111111111111114,30.916666666666668,27.90347222222222,0.8756944444444446,50.0,400.0736111111111,399.04375000000005,397.34513888888887,37.234027777777776,40.048611111111114,39.854166666666664,519.6,-50.0,27.708333333333332,0.6229166666666667,2.9479166666666665,11.31111111111111,-11.963888888888889,999.8,-596.9,17.249305555555555,40.393055555555556,525.2,0.0,14.099305555555555,-116.14930555555556,0.0,-1000.0,29.768749999999997,116.14930555555556,1000.0,0.0,29.768749999999997,28.25,171.04791666666668,T07,0.0,7.3,3.0395833333333333,0.1497222222222222,0.0,7.2,3.082638888888889,0.1309722222222222,14.0,22.0,17.3125,1011.0,1014.0,1011.9930555555555,27.0,86.0,63.763888888888886,0.0,0.0,0.0,0.0,57.56944444444444,58.40972222222222,411.8888888888889,,0
2017-11-09 00:00:00+00:00,1694.1,0.0,698.0354166666667,72.64722222222223,32.145833333333336,46.75694444444444,46.69444444444444,46.4375,31.430555555555557,43.53472222222222,44.979166666666664,24.194444444444443,15.0,0.0,5.927083333333333,38.8,0.4,3.520138888888889,0.8527777777777779,3.159722222222222,93.37916666666666,16.555555555555557,-530.0138888888889,19611.284722222223,2747703.0,-340.71527777777777,-1059267,70.05555555555556,72.20138888888889,69.125,33.833333333333336,29.90972222222222,25.52777777777778,34.19444444444444,22.791666666666668,18.791666666666668,-3.1,89.9,12.178472222222222,1.6604166666666667,59.77777777777778,33.71527777777778,33.611111111111114,35.263888888888886,32.90277777777778,114.48680555555555,0.8576388888888888,49.99861111111111,399.7243055555556,398.44722222222225,397.7076388888889,112.33958333333334,118.96805555555557,112.30625,1522.8,-49.9,29.333333333333332,0.7395833333333334,3.5875000000000004,43.2625,-44.12777777777777,999.9,-731.1,19.40277777777778,120.85277777777777,1541.8,0.0,44.97013888888889,-337.0861111111111,0.0,-1000.0,77.08611111111111,337.0756944444445,1000.0,0.0,77.18402777777777,31.09722222222222,105.22638888888889,T07,0.0,9.8,3.9770833333333337,0.41868055555555556,0.0,9.7,3.951388888888889,0.4011805555555556,12.0,20.0,15.715277777777779,1011.0,1017.0,1013.0763888888889,34.0,71.0,53.013888888888886,0.0,0.0,0.0,0.0,76.15972222222223,75.71527777777777,412.99305555555554,,0
2017-11-10 00:00:00+00:00,1749.9,0.0,812.7541666666667,94.11597222222221,35.99305555555556,57.02777777777778,56.59027777777778,55.736111111111114,32.375,46.541666666666664,48.22222222222222,24.493055555555557,15.5,0.0,7.042361111111111,39.3,0.4,4.674305555555556,1.0625,0.35624999999999996,57.450694444444444,15.6875,-561.5902777777778,66515.09722222222,9497304.0,-367.97222222222223,-1766838,73.01388888888889,75.90972222222223,73.16666666666667,34.854166666666664,30.75,24.6875,35.375,23.708333333333332,17.72222222222222,-2.8,89.9,12.03263888888889,2.334027777777778,65.68055555555556,35.145833333333336,35.05555555555556,36.43055555555556,33.423611111111114,395.68333333333334,0.8722222222222222,49.99444444444444,399.81597222222223,398.43541666666664,397.91805555555555,351.4222222222222,356.43958333333336,348.65763888888887,2100.9,-43.6,31.645833333333332,0.8916666666666667,4.760416666666667,115.64027777777778,-73.60416666666667,979.0,-907.6,26.819444444444443,405.5715277777778,2000.0,0.0,115.54930555555555,-389.8041666666667,0.0,-1000.0,73.93333333333334,366.35069444444446,1000.0,0.0,86.32847222222222,35.173611111111114,39.599999999999994,T07,0.0,14.9,4.815277777777777,0.7930555555555556,0.0,14.8,4.75625,0.7526388888888889,10.0,19.0,15.090277777777779,1016.0,1020.0,1017.7986111111111,30.0,55.0,40.701388888888886,0.0,0.0,0.0,0.0,93.06944444444444,91.97222222222223,417.77777777777777,,0
2017-11-11 00:00:00+00:00,1679.3,0.0,620.4958333333333,147.61180555555555,32.84027777777778,45.88194444444444,45.770833333333336,45.458333333333336,33.94444444444444,43.80555555555556,45.13194444444444,26.11111111111111,14.9,0.0,5.370138888888889,39.2,0.4,3.504166666666667,0.8534722222222223,-0.03958333333333338,104.17291666666667,18.15972222222222,-718.1597222222222,9220.736111111111,1224370.0,-574.7777777777778,-625406,66.67361111111111,70.13888888888889,68.19444444444444,34.44444444444444,31.805555555555557,26.875,34.9375,24.319444444444443,20.131944444444443,-4.4,89.9,19.06527777777778,4.342361111111111,53.291666666666664,34.298611111111114,34.173611111111114,35.84027777777778,33.861111111111114,51.03541666666667,0.7784722222222222,49.99861111111111,399.7298611111111,398.31875,396.90208333333334,70.10208333333334,74.78611111111111,72.45763888888888,989.7,-50.1,29.9375,1.3465277777777778,3.5694444444444446,34.25694444444444,-26.044444444444444,1000.0,-1000.0,49.52013888888889,85.62430555555555,1147.5,0.0,46.205555555555556,-187.6590277777778,0.0,-1000.0,85.26666666666667,187.6590277777778,1000.0,0.0,85.26666666666667,32.09722222222222,84.22916666666667,T07,0.0,11.8,4.2243055555555555,0.4428472222222222,0.0,11.6,4.237500000000001,0.42215277777777777,13.0,23.0,17.54861111111111,1015.0,1020.0,1017.3472222222222,31.0,54.0,43.104166666666664,0.0,0.0,0.0,0.0,81.27777777777777,81.58333333333333,417.25,,0
2017-11-12 00:00:00+00:00,1457.3,0.0,576.6743055555556,43.78125,31.708333333333332,45.03472222222222,44.986111111111114,44.65972222222222,33.486111111111114,42.9375,43.61805555555556,25.59722222222222,12.9,0.0,4.976388888888889,21.9,0.4,2.8666666666666667,0.5972222222222222,3.0236111111111112,204.85000000000002,17.916666666666668,-553.6736111111111,6987.8125,926518.0,-366.71527777777777,-663371,70.51388888888889,72.63194444444444,69.63194444444444,33.96527777777778,31.145833333333332,28.055555555555557,35.013888888888886,23.520833333333332,21.47222222222222,-2.4,89.9,14.221527777777778,1.21875,56.048611111111114,33.84722222222222,33.729166666666664,35.333333333333336,33.229166666666664,38.610416666666666,0.8034722222222223,49.99930555555555,399.43680555555557,398.1513888888889,396.11249999999995,53.625,61.7513888888889,56.52569444444444,582.0,-50.0,29.9375,0.41944444444444445,2.904166666666667,17.02013888888889,-27.618055555555557,983.9,-738.8,30.463194444444444,45.15972222222222,592.8,0.0,17.237499999999997,-185.63194444444446,0.0,-1000.0,59.39930555555556,185.63194444444446,1000.0,0.0,59.39930555555556,31.15972222222222,171.83402777777778,T07,0.0,7.3,3.1631944444444446,0.15381944444444445,0.0,7.5,3.1402777777777775,0.160625,15.0,22.0,17.395833333333332,1012.0,1016.0,1013.6180555555555,37.0,87.0,56.59027777777778,0.0,0.0,0.0,0.0,59.84027777777778,59.479166666666664,413.5416666666667,,0
2017-11-13 00:00:00+00:00,1470.1,0.0,454.4291666666667,33.11944444444444,29.63888888888889,41.46527777777778,41.36805555555556,41.03472222222222,31.88888888888889,44.138888888888886,43.229166666666664,24.979166666666668,13.0,0.0,3.854861111111111,16.8,0.4,2.83125,0.6263888888888889,3.379166666666667,269.5715277777778,16.61111111111111,-559.0208333333334,6439.777777777777,846829.0,-269.8958333333333,-629290,68.99305555555556,71.13194444444444,68.09722222222223,32.40277777777778,30.72222222222222,26.618055555555557,33.583333333333336,21.84027777777778,19.65972222222222,-2.7,53.2,16.421527777777776,0.6708333333333334,49.673611111111114,32.24305555555556,32.15972222222222,33.520833333333336,31.17361111111111,35.28472222222222,0.8777777777777778,49.99861111111111,399.42083333333335,398.37430555555557,396.3548611111111,44.21388888888889,48.87986111111111,44.797916666666666,509.7,-50.1,27.97222222222222,0.30972222222222223,2.834722222222222,17.84722222222222,-26.209027777777777,650.2,-627.9,14.18888888888889,44.30902777777778,517.8,0.0,18.200000000000003,-174.73333333333332,0.0,-1000.0,59.29305555555556,174.73333333333332,1000.0,0.0,59.29305555555556,29.194444444444443,273.6875,T07,0.0,8.0,2.9749999999999996,0.15305555555555556,0.0,8.2,2.9520833333333334,0.15993055555555558,12.0,20.0,15.916666666666666,1008.0,1012.0,1010.1736111111111,46.0,93.0,72.38194444444444,0.0,1.0,0.006944444444444444,0.0,56.19444444444444,55.75,410.1111111111111,,0
2017-11-14 00:00:00+00:00,1421.8,0.0,393.72291666666666,69.55486111111111,26.73611111111111,37.041666666666664,36.923611111111114,36.55555555555556,31.791666666666668,39.513888888888886,39.09027777777778,24.493055555555557,12.6,0.0,3.322222222222222,39.2,0.4,2.6597222222222223,0.6916666666666668,11.51736111111111,120.52083333333333,16.01388888888889,-574.4166666666666,4893.347222222223,621927.0,-249.45138888888889,-353290,68.21527777777777,70.3125,67.21527777777777,32.00694444444444,30.729166666666668,25.3125,32.34722222222222,20.895833333333332,18.28472222222222,-2.5,89.9,17.775,1.6694444444444445,38.9375,31.979166666666668,31.875,32.93055555555556,30.305555555555557,25.919444444444444,0.8847222222222223,49.99305555555556,399.8645833333333,398.8548611111111,397.19444444444446,38.14652777777778,41.64722222222222,39.84097222222223,551.2,-50.3,25.958333333333332,0.6138888888888889,2.6875,11.053472222222222,-14.705555555555556,993.3,-815.6,24.90902777777778,34.109027777777776,1374.8,0.0,13.605555555555556,-118.65416666666667,0.0,-1000.0,32.75069444444445,118.65416666666667,1000.0,0.0,32.75069444444445,27.36111111111111,124.00555555555555,T07,0.0,8.9,2.5166666666666666,0.2525,0.0,7.8,2.5381944444444446,0.19569444444444445,11.0,20.0,15.256944444444445,1008.0,1011.0,1009.1527777777778,20.0,80.0,54.826388888888886,0.0,0.0,0.0,0.0,47.013888888888886,47.43055555555556,409.13194444444446,,0
2017-11-15 00:00:00+00:00,1758.4,0.0,1472.7215277777777,59.384027777777774,46.111111111111114,79.44444444444444,78.85416666666667,77.29166666666667,36.15972222222222,52.708333333333336,57.361111111111114,26.34722222222222,15.6,0.0,13.044444444444444,41.9,0.5,7.709722222222222,1.395138888888889,0.0895833333333333,95.21805555555555,16.82638888888889,-161.96527777777777,155800.67361111112,22411973.0,-132.34722222222223,-3733781,75.61111111111111,81.74305555555556,79.75,40.03472222222222,34.138888888888886,26.67361111111111,39.74305555555556,28.930555555555557,19.118055555555557,-3.2,89.9,0.2118055555555555,1.0881944444444445,97.79166666666667,40.736111111111114,40.604166666666664,42.34027777777778,38.31944444444444,933.8576388888889,0.9590277777777777,49.99861111111111,399.225,397.8465277777778,398.69097222222223,795.3673611111111,802.5798611111111,783.2756944444444,2101.7,-45.0,38.65277777777778,0.525,7.846527777777778,145.40208333333334,-155.57638888888889,736.5,-415.7,8.424305555555556,935.1291666666667,2000.0,0.0,146.28194444444443,-862.2125000000001,0.0,-1000.0,46.30416666666667,818.10625,1000.0,0.0,58.60138888888889,43.19444444444444,95.14027777777778,T07,2.3,16.8,8.48125,1.437361111111111,2.3,14.9,8.318055555555555,0.5745138888888889,14.0,19.0,16.15972222222222,1009.0,1012.0,1010.1458333333334,53.0,83.0,70.22222222222223,0.0,0.0,0.0,0.0,166.59027777777777,163.20833333333334,409.9791666666667,,0
2017-11-16 00:00:00+00:00,1626.4,0.0,836.5881944444444,59.979166666666664,32.90277777777778,48.923611111111114,48.84722222222222,48.576388888888886,30.916666666666668,43.15972222222222,45.201388888888886,25.694444444444443,14.4,0.0,7.342361111111111,24.8,0.4,3.8229166666666665,0.7722222222222223,2.301388888888889,120.25625000000001,16.770833333333332,-425.0138888888889,19134.79861111111,2694209.0,-328.34722222222223,-1046889,65.45138888888889,69.45833333333333,68.23611111111111,36.013888888888886,33.486111111111114,27.22222222222222,35.020833333333336,23.375,20.166666666666668,-3.0,89.9,8.773611111111112,1.4909722222222221,71.13194444444444,35.90972222222222,35.77777777777778,37.611111111111114,35.416666666666664,112.24444444444445,0.7708333333333334,49.99791666666667,400.25625,398.9527777777778,398.6819444444444,126.27291666666666,134.07916666666668,126.74374999999999,858.6,-39.0,30.53472222222222,0.5375000000000001,3.845138888888889,26.313888888888886,-43.599999999999994,977.3,-723.6,52.43611111111111,118.35972222222222,875.9,0.0,27.793750000000003,-380.27708333333334,0.0,-1000.0,58.76527777777778,380.27708333333334,1000.0,0.0,58.76527777777778,29.854166666666668,122.95208333333332,T07,0.0,9.5,3.5013888888888887,0.2640277777777778,0.0,9.2,4.054861111111111,0.18069444444444444,13.0,22.0,16.006944444444443,1010.0,1012.0,1010.7291666666666,47.0,85.0,72.29166666666667,0.0,0.0,0.0,0.0,66.66666666666667,77.81944444444444,410.72222222222223,,0
2017-11-17 00:00:00+00:00,1688.8,239.7,1286.6166666666666,30.727083333333333,37.520833333333336,60.673611111111114,60.63194444444444,60.09722222222222,30.458333333333332,47.27777777777778,51.06944444444444,24.78472222222222,14.9,2.3,11.399305555555555,38.9,0.4,5.360416666666667,0.9291666666666667,0.5131944444444444,89.19861111111112,16.77777777777778,-27.319444444444443,46243.40972222222,6655118.0,-24.29861111111111,-2406977,70.22222222222223,72.67361111111111,70.22916666666667,39.38194444444444,34.22222222222222,26.958333333333332,36.56944444444444,25.29861111111111,19.729166666666668,-3.0,43.2,-1.33125,0.4979166666666667,91.46527777777777,39.111111111111114,39.076388888888886,40.94444444444444,38.104166666666664,277.3034722222222,0.8854166666666666,49.99652777777778,398.1722222222222,396.8020833333333,397.34722222222223,252.43055555555554,261.6958333333333,244.03958333333333,1040.5,-50.1,33.923611111111114,0.2694444444444445,5.481944444444444,61.71805555555555,-100.28402777777778,605.5,-847.4,18.75347222222222,278.4222222222222,1080.4,0.0,61.638194444444444,-855.9215277777778,0.0,-1000.0,106.17777777777778,855.9215277777778,1000.0,0.0,106.17777777777778,32.5,88.68125,T07,1.4,10.0,5.370138888888889,0.7086805555555555,1.6,9.5,5.747916666666667,0.260625,14.0,20.0,16.180555555555557,1009.0,1012.0,1011.0208333333334,54.0,84.0,72.84027777777777,0.0,0.0,0.0,0.0,104.14583333333333,111.70138888888889,410.9791666666667,,0
2017-11-18 00:00:00+00:00,1712.7,1191.8,1401.9597222222224,55.12152777777778,39.40972222222222,65.47222222222223,65.44444444444444,64.50694444444444,29.944444444444443,50.861111111111114,54.68055555555556,25.270833333333332,15.2,10.6,12.414583333333333,38.3,0.4,6.488194444444444,1.0909722222222222,0.1527777777777778,90.07986111111111,16.59027777777778,0.0,88854.64583333333,12795069.0,0.0,-2988081,73.52083333333333,75.97222222222223,73.65972222222223,39.5625,35.24305555555556,26.5,37.52777777777778,25.98611111111111,19.28472222222222,-3.2,1.4,-1.8569444444444447,0.3048611111111111,93.76388888888889,39.736111111111114,39.604166666666664,41.388888888888886,38.125,533.1277777777777,0.9624999999999999,49.99652777777778,398.8361111111111,397.02777777777777,397.31111111111113,450.7763888888889,473.20694444444445,451.7951388888889,2031.4,-49.3,35.458333333333336,0.4854166666666667,6.611805555555556,109.39513888888888,-124.50347222222223,0.6000000000000001,-245.9,5.918749999999999,533.2194444444444,2000.0,0.0,110.07499999999999,-978.0500000000001,0.0,-1000.0,33.55,975.5701388888889,1000.0,0.0,38.15694444444445,35.22222222222222,89.92083333333333,T07,1.7000000000000002,12.8,5.939583333333333,1.1904861111111111,1.7000000000000002,11.4,6.728472222222222,0.5238888888888888,13.0,20.0,15.930555555555555,1009.0,1011.0,1010.1041666666666,51.0,83.0,71.14583333333333,0.0,0.0,0.0,0.0,115.52777777777777,131.43055555555554,410.09027777777777,,0
2017-11-19 00:00:00+00:00,1778.0,0.0,1626.2770833333334,43.99513888888889,51.013888888888886,92.75694444444444,92.04166666666667,89.60416666666667,39.46527777777778,54.833333333333336,60.673611111111114,28.8125,15.7,0.0,14.410416666666666,40.6,0.5,9.125694444444443,1.6409722222222223,-0.15763888888888886,89.10347222222222,17.083333333333332,-18.96527777777778,220813.14583333334,31794363.0,-14.36111111111111,-4162338,78.47916666666667,86.75,84.97222222222223,41.645833333333336,40.24305555555556,26.645833333333332,41.916666666666664,31.67361111111111,19.15277777777778,-3.2,89.9,-1.0034722222222223,1.15625,105.68055555555556,42.80555555555556,42.65277777777778,44.270833333333336,39.361111111111114,1324.788888888889,0.9979166666666666,49.99861111111111,399.8777777777778,397.94166666666666,398.88750000000005,1108.5791666666667,1127.3104166666667,1100.773611111111,2101.2,-44.4,42.15277777777778,0.3875,9.224305555555555,191.4673611111111,-173.43124999999998,-11.5,-218.2,5.06875,1326.8006944444444,2000.0,129.1,188.68333333333334,-926.0,0.0,-1000.0,66.125,830.4625000000001,1000.0,0.0,100.62569444444445,47.326388888888886,89.25555555555555,T07,2.8,15.8,8.479166666666666,1.8852777777777778,3.2,14.4,9.439583333333333,0.5854861111111112,14.0,20.0,16.4375,1009.0,1012.0,1010.9861111111111,55.0,80.0,70.58333333333333,0.0,0.0,0.0,0.0,166.44444444444446,185.83333333333334,410.96527777777777,,0
2017-11-20 00:00:00+00:00,1745.5,1206.0,1520.8680555555557,34.69166666666667,47.791666666666664,82.33333333333333,81.875,80.36111111111111,37.486111111111114,51.8125,57.020833333333336,29.22222222222222,15.5,10.7,13.476388888888888,38.9,0.7000000000000001,7.746527777777778,1.2604166666666667,-0.12986111111111112,92.78888888888889,17.944444444444443,-1.3055555555555556,152319.02777777778,21933752.0,-0.7569444444444444,-3434831,68.71527777777777,78.73611111111111,77.69444444444444,40.94444444444444,39.49305555555556,27.243055555555557,40.708333333333336,30.569444444444443,19.833333333333332,-3.3,5.9,-1.5006944444444443,0.4527777777777778,101.6875,41.63194444444444,41.486111111111114,43.201388888888886,39.1875,913.8625000000001,0.9548611111111112,49.99722222222223,399.61875,397.9659722222222,398.84305555555557,771.9368055555556,785.9631944444444,760.6624999999999,2100.5,-24.1,39.74305555555556,0.3020833333333333,7.773611111111112,112.12291666666667,-143.11180555555555,13.3,-215.2,5.184027777777778,913.1437500000001,2000.0,0.0,112.48888888888888,-910.9152777777776,0.0,-1000.0,59.115972222222226,853.7041666666667,1000.0,0.0,69.02430555555556,44.74305555555556,92.91736111111112,T07,2.0,13.9,7.495138888888889,1.1888194444444444,2.1,13.5,7.876388888888889,0.44409722222222225,15.0,22.0,17.5,1012.0,1014.0,1012.7083333333334,42.0,80.0,64.16666666666667,0.0,0.0,0.0,0.0,146.91666666666666,154.375,412.6875,,0
2017-11-21 00:00:00+00:00,1673.4,0.0,1135.8791666666666,104.44652777777777,37.75694444444444,57.8125,57.798611111111114,57.451388888888886,32.951388888888886,47.0625,50.13194444444444,27.76388888888889,14.8,0.0,10.06388888888889,22.2,0.4,4.790277777777778,0.8416666666666667,-0.5229166666666667,104.78333333333333,18.791666666666668,-351.03472222222223,33979.430555555555,4842491.0,-358.8888888888889,-1644363,65.45833333333333,70.36805555555556,68.95833333333333,38.104166666666664,35.916666666666664,28.680555555555557,37.25694444444444,26.51388888888889,21.90972222222222,-3.0,89.9,3.079861111111111,2.613888888888889,83.21527777777777,38.1875,38.111111111111114,39.97222222222222,37.53472222222222,201.7423611111111,0.7819444444444446,49.99652777777778,399.4951388888889,397.98541666666665,398.2708333333333,200.43055555555554,211.75972222222222,197.55,912.1,-50.0,34.104166666666664,0.9249999999999999,4.857638888888889,51.386805555555554,-68.52777777777777,1000.2,-892.3,53.15138888888889,209.8791666666667,927.0,0.0,52.68680555555555,-591.0222222222222,0.0,-1000.0,97.62916666666666,591.0222222222222,1000.0,0.0,97.62916666666666,34.97222222222222,105.3111111111111,T07,1.2,9.2,4.995833333333334,0.4322916666666667,0.9,8.9,5.054861111111111,0.2803472222222222,15.0,23.0,18.20138888888889,1010.0,1014.0,1012.1180555555555,27.0,71.0,48.31944444444444,0.0,0.0,0.0,0.0,96.77083333333333,97.99305555555556,412.09027777777777,,0
2017-11-22 00:00:00+00:00,1685.2,0.0,1061.8000000000002,74.01527777777778,36.03472222222222,55.145833333333336,55.09722222222222,54.770833333333336,32.00694444444444,45.53472222222222,48.28472222222222,25.993055555555557,14.9,0.0,9.402083333333332,27.0,0.4,4.253472222222222,0.7791666666666667,-0.009722222222222243,123.34375,17.868055555555557,-418.9236111111111,23516.104166666668,3325993.0,-367.36805555555554,-1318092,71.08333333333333,73.44444444444444,70.63888888888889,37.611111111111114,34.416666666666664,28.4375,36.111111111111114,25.208333333333332,21.583333333333332,-3.0,89.9,4.711805555555555,2.070138888888889,79.4375,37.701388888888886,37.548611111111114,39.40972222222222,37.111111111111114,138.58680555555554,0.71875,49.99722222222223,398.79999999999995,397.59027777777777,396.83194444444445,153.67013888888889,163.7472222222222,153.9090277777778,1025.3,-49.9,32.63194444444444,0.6673611111111111,4.352083333333334,41.0,-54.91736111111111,932.1,-935.1,60.6875,145.56944444444446,1048.4,0.0,41.99097222222222,-442.6534722222222,0.0,-1000.0,111.23472222222222,442.6534722222222,1000.0,0.0,111.23472222222222,32.31944444444444,123.35347222222224,T07,1.0,10.2,4.361805555555556,0.3459027777777778,0.9,9.3,4.407638888888889,0.32208333333333333,14.0,22.0,17.319444444444443,1007.0,1011.0,1008.3333333333334,31.0,67.0,46.604166666666664,0.0,0.0,0.0,0.0,84.08333333333333,84.92361111111111,408.2986111111111,,0
2017-11-23 00:00:00+00:00,1438.4,10.0,784.1694444444444,107.55833333333334,34.145833333333336,47.916666666666664,47.90277777777778,47.729166666666664,33.72222222222222,44.15277777777778,46.09027777777778,26.90972222222222,12.7,0.0,6.927777777777778,20.1,0.4,3.310416666666667,0.6451388888888889,0.9229166666666667,132.7076388888889,19.09027777777778,-656.0138888888889,4533.416666666667,558343.0,-636.0277777777778,-448543,70.83333333333333,73.18055555555556,69.70833333333333,35.770833333333336,32.145833333333336,29.71527777777778,35.736111111111114,25.180555555555557,23.118055555555557,-2.3,89.9,11.34513888888889,3.113888888888889,63.458333333333336,35.763888888888886,35.638888888888886,37.541666666666664,35.645833333333336,23.268749999999997,0.6041666666666666,49.99722222222223,399.46875,398.37430555555557,396.44930555555555,66.53472222222223,71.66805555555555,71.34583333333333,351.0,-51.2,31.569444444444443,0.9937499999999999,3.353472222222222,16.80138888888889,-18.668750000000003,999.7,-606.3,78.54930555555556,35.63194444444444,354.7,0.0,19.62152777777778,-133.58402777777778,0.0,-1000.0,69.09791666666666,133.58402777777778,1000.0,0.0,69.09791666666666,32.56944444444444,131.7798611111111,T07,0.9,7.2,3.5284722222222222,0.2536805555555556,1.0,7.0,3.2729166666666667,0.26868055555555553,15.0,23.0,18.98611111111111,1008.0,1013.0,1010.5625,21.0,70.0,39.451388888888886,0.0,0.0,0.0,0.0,67.38888888888889,62.111111111111114,410.4791666666667,,0
2017-11-24 00:00:00+00:00,1402.6,0.0,785.5152777777778,49.94861111111111,36.24305555555556,50.576388888888886,50.541666666666664,50.30555555555556,35.74305555555556,47.0,48.34722222222222,28.20138888888889,12.4,0.0,6.901388888888889,14.4,0.4,3.4604166666666667,0.6305555555555556,4.296527777777778,116.9576388888889,21.40972222222222,-545.3125,8254.826388888889,1110172.0,-475.21527777777777,-728014,73.67361111111111,75.86805555555556,72.72222222222223,36.94444444444444,32.52777777777778,30.90277777777778,37.19444444444444,27.770833333333332,24.26388888888889,-2.4,89.9,10.272916666666667,1.3805555555555555,66.52083333333333,36.90277777777778,36.81944444444444,38.75,36.81944444444444,46.256249999999994,0.6312500000000001,49.99861111111111,399.6020833333333,398.15625,396.7944444444445,91.02638888888889,100.16041666666666,96.15416666666667,384.4,-43.7,34.09722222222222,0.4618055555555556,3.4791666666666665,12.094444444444443,-30.384027777777778,841.5,-843.7,92.31805555555555,53.87708333333333,390.6,0.0,14.007638888888888,-237.9090277777778,0.0,-1000.0,47.75833333333333,237.9090277777778,1000.0,0.0,47.75833333333333,33.951388888888886,112.67638888888888,T07,0.0,8.0,3.7451388888888886,0.15618055555555554,0.0,7.0,3.5909722222222222,0.12097222222222223,18.0,27.0,21.0,1011.0,1013.0,1012.0138888888889,21.0,46.0,31.555555555555557,0.0,0.0,0.0,0.0,71.59027777777777,68.63194444444444,411.97222222222223,,0
2017-11-25 00:00:00+00:00,1481.1,0.0,548.6347222222222,54.705555555555556,33.40972222222222,44.8125,44.770833333333336,44.53472222222222,34.736111111111114,43.0625,43.90972222222222,28.36111111111111,13.1,0.0,4.773611111111111,15.6,0.4,3.15625,0.5430555555555556,4.983333333333333,191.32430555555555,20.52777777777778,-764.0902777777778,5720.659722222223,713744.0,-516.2291666666666,-402895,73.15277777777777,75.32638888888889,71.80555555555556,34.36805555555556,34.451388888888886,30.04861111111111,35.923611111111114,25.71527777777778,23.65972222222222,-2.9,89.9,16.37013888888889,1.4465277777777779,54.333333333333336,34.11805555555556,33.97222222222222,35.86805555555556,34.111111111111114,29.738194444444446,0.7861111111111111,49.99930555555555,399.72083333333336,398.43125,395.66041666666666,44.90972222222222,50.75069444444445,49.36944444444444,585.7,-35.6,31.07638888888889,0.4854166666666667,3.1819444444444445,15.674999999999999,-16.797222222222224,1000.2,-524.9,24.617361111111112,42.287499999999994,596.4,0.0,17.71527777777778,-139.42708333333334,0.0,-1000.0,41.75277777777777,139.42708333333334,1000.0,0.0,41.75277777777777,32.00694444444444,196.34375,T07,0.0,7.6,3.3256944444444443,0.12833333333333333,0.2,7.5,3.2319444444444443,0.1298611111111111,18.0,24.0,20.291666666666668,1011.0,1014.0,1012.7222222222222,21.0,93.0,41.3125,0.0,0.0,0.0,0.0,63.263888888888886,61.27777777777778,412.6875,,0
2017-11-26 00:00:00+00:00,1731.4,0.0,725.5180555555556,41.26875,33.46527777777778,50.36805555555556,50.166666666666664,49.076388888888886,34.479166666666664,41.99305555555556,43.77777777777778,26.430555555555557,15.3,0.0,6.3069444444444445,40.0,0.4,4.493055555555555,0.8791666666666668,2.395138888888889,143.46805555555557,19.055555555555557,-419.30555555555554,75999.19444444444,10883506.0,-140.07638888888889,-1505650,74.22222222222223,77.13888888888889,73.97916666666667,34.395833333333336,32.44444444444444,29.11111111111111,36.34027777777778,25.583333333333332,21.791666666666668,-3.3,89.9,13.128472222222221,0.963888888888889,54.61805555555556,34.513888888888886,34.354166666666664,36.166666666666664,33.166666666666664,453.54375000000005,0.9777777777777779,49.99861111111111,400.04791666666665,398.38958333333335,396.7527777777778,382.28125,393.77777777777777,385.13125,2098.8,-39.9,32.041666666666664,0.3875,4.546527777777778,71.29166666666667,-62.74166666666666,999.9,-445.8,7.061111111111111,458.0631944444445,2000.0,0.0,71.64236111111111,-394.06180555555557,0.0,-1000.0,24.852777777777778,369.65486111111113,1000.0,0.0,40.15208333333333,33.4375,123.60555555555555,T07,0.0,14.2,4.506944444444445,0.5704861111111111,0.0,12.5,4.372222222222223,0.2578472222222222,16.0,23.0,18.47222222222222,1014.0,1018.0,1016.2361111111111,43.0,89.0,71.81944444444444,0.0,0.0,0.0,0.0,86.75694444444444,84.40277777777777,416.15972222222223,,0
2017-11-27 00:00:00+00:00,1773.3,1215.4,1601.1027777777776,28.677083333333332,51.104166666666664,92.06944444444444,91.25694444444444,89.15277777777777,38.375,51.96527777777778,58.5625,27.51388888888889,15.7,10.8,14.188194444444445,41.2,0.4,8.770833333333334,1.5861111111111112,-0.37430555555555556,95.29236111111112,17.583333333333332,0.0,206517.88888888888,29738576.0,0.0,-4194877,74.70138888888889,85.40972222222223,84.02083333333333,41.208333333333336,35.56944444444444,26.96527777777778,41.604166666666664,31.944444444444443,19.541666666666668,-3.2,8.6,-1.5076388888888888,0.6513888888888889,106.47916666666667,42.236111111111114,42.09027777777778,43.74305555555556,38.923611111111114,1239.017361111111,0.9861111111111112,49.99791666666667,399.7270833333333,397.84722222222223,399.2347222222222,1043.8333333333333,1056.7034722222222,1027.1618055555555,2100.8,122.6,41.479166666666664,0.25069444444444444,8.879166666666666,176.0340277777778,-174.78680555555556,-106.2,-216.2,4.043749999999999,1237.4375,2000.0,121.4,175.84166666666667,-946.9194444444444,-583.3,-1000.0,67.275,853.8347222222222,1000.0,406.1,104.23333333333333,47.25,95.67291666666667,T07,3.9,16.4,9.375,1.5854861111111112,3.8,14.4,9.115972222222222,0.6780555555555555,16.0,19.0,16.84027777777778,1015.0,1019.0,1016.8194444444445,64.0,82.0,74.90277777777777,0.0,0.0,0.0,0.0,184.52083333333334,179.29861111111111,416.7986111111111,,0
2017-11-28 00:00:00+00:00,1699.3,0.0,1291.5958333333333,82.61944444444445,38.875,61.951388888888886,61.84027777777778,61.30555555555556,31.48611111111111,49.423611111111114,52.770833333333336,26.208333333333332,15.0,0.0,11.434722222222222,38.7,0.4,5.554861111111111,1.0854166666666667,0.6645833333333333,130.39305555555555,17.86111111111111,-142.95138888888889,57896.23611111111,8316471.0,-116.22222222222223,-2446043,67.31944444444444,71.95833333333333,70.78472222222223,38.923611111111114,35.229166666666664,27.07638888888889,37.520833333333336,26.5625,20.02777777777778,-3.3,89.9,-0.05902777777777782,1.3298611111111112,89.5,39.02777777777778,38.951388888888886,40.763888888888886,38.020833333333336,346.5055555555556,0.8819444444444444,49.99583333333333,399.0909722222222,397.43958333333336,397.8180555555556,306.40763888888887,321.5340277777778,301.5284722222222,1494.4,-48.0,34.99305555555556,0.7423611111111111,5.698611111111111,105.53958333333334,-101.91041666666666,1000.3,-615.8,18.950000000000003,348.875,1527.2,0.0,105.48750000000001,-809.4784722222222,0.0,-1000.0,113.98194444444445,809.4729166666667,1000.0,0.0,113.98124999999999,34.951388888888886,129.72500000000002,T07,0.4,12.7,6.084027777777778,0.8588194444444445,0.5,12.5,6.009722222222222,0.8438194444444445,15.0,20.0,17.4375,1005.0,1015.0,1009.9513888888889,61.0,91.0,77.47222222222223,0.0,1.0,0.006944444444444444,0.0,118.61805555555556,117.01388888888889,409.9166666666667,,0
2017-11-29 00:00:00+00:00,1805.2,1204.3,1515.1006944444443,63.83402777777778,48.208333333333336,83.09722222222223,82.47916666666667,80.89583333333333,38.888888888888886,53.208333333333336,58.09722222222222,30.131944444444443,15.9,10.7,13.419444444444444,45.3,0.5,8.105555555555556,1.613888888888889,0.3090277777777778,265.8076388888889,18.256944444444443,0.0,157716.78472222222,22711217.0,0.0,-3841666,75.10416666666667,82.625,80.97916666666667,40.951388888888886,39.78472222222222,27.53472222222222,41.083333333333336,30.930555555555557,20.041666666666668,-3.2,18.6,-0.7097222222222223,0.9534722222222223,101.95833333333333,41.72222222222222,41.65972222222222,43.34027777777778,39.229166666666664,946.3055555555555,0.9750000000000001,49.99722222222223,399.0784722222222,397.4291666666667,398.34583333333336,800.7291666666666,813.6409722222222,790.3222222222222,2102.7,-3.1,40.06944444444444,0.5645833333333333,8.175,179.63680555555555,-160.06875000000002,0.0,-249.0,5.311111111111111,944.7423611111111,2000.0,0.0,179.53750000000002,-916.9694444444444,0.0,-1000.0,66.0,865.7874999999999,1000.0,0.0,82.93333333333334,45.46527777777778,265.4840277777778,T07,3.3,20.8,8.818055555555555,1.5251388888888888,3.4,20.9,8.875,1.5440972222222222,12.0,20.0,17.73611111111111,998.0,1005.0,1000.5208333333334,73.0,97.0,88.19444444444444,0.0,52.0,0.875,0.0,173.39583333333334,174.45833333333334,400.4583333333333,,0
2017-11-30 00:00:00+00:00,1763.1,0.0,1097.7375000000002,86.69930555555555,34.28472222222222,57.75,57.46527777777778,56.86805555555556,28.743055555555557,47.791666666666664,50.541666666666664,21.54861111111111,15.6,0.0,9.64236111111111,39.9,0.4,5.044444444444444,1.2875,-2.1131944444444444,286.70208333333335,11.902777777777779,-265.0625,60227.76388888889,8634627.0,-196.82638888888889,-2195370,67.42361111111111,71.11805555555556,70.04861111111111,33.99305555555556,28.180555555555557,21.666666666666668,33.3125,20.90277777777778,14.36111111111111,-3.2,89.9,4.481944444444444,1.9652777777777777,79.00694444444444,34.229166666666664,34.104166666666664,35.65277777777778,31.944444444444443,359.7243055555556,0.8680555555555556,49.99791666666667,398.9152777777778,397.41597222222225,397.36805555555554,321.1923611111111,332.45694444444445,317.74305555555554,2104.2,-49.7,30.194444444444443,0.7826388888888889,5.316666666666666,112.89861111111111,-91.43472222222222,1000.0,-945.5,26.231944444444444,367.13194444444446,2000.0,0.0,113.50694444444444,-630.0118055555555,0.0,-1000.0,94.49236111111111,620.4777777777778,1000.0,0.0,104.04097222222222,32.55555555555556,293.80902777777777,T07,0.5,16.5,6.80625,0.5054166666666666,0.4,16.1,6.678472222222222,0.4896527777777778,7.0,14.0,11.145833333333334,1000.0,1013.0,1005.1111111111111,41.0,85.0,61.18055555555556,0.0,0.0,0.0,0.0,133.11805555555554,130.41666666666666,405.0833333333333,,0
2017-12-01 00:00:00+00:00,1693.8,0.0,945.4875000000001,84.38055555555555,31.67361111111111,50.763888888888886,50.75694444444444,50.25,27.395833333333332,48.30555555555556,50.25694444444444,20.79861111111111,15.0,0.0,8.290277777777778,24.7,0.4,4.381944444444445,1.0354166666666667,2.975,236.9263888888889,11.17361111111111,-341.3611111111111,34366.03472222222,4899555.0,-286.5833333333333,-1673800,67.20138888888889,69.34722222222223,67.00694444444444,33.05555555555556,25.77777777777778,20.98611111111111,31.604166666666668,19.63888888888889,13.868055555555555,-3.1,89.9,7.521527777777777,1.9131944444444444,70.58333333333333,33.15972222222222,33.048611111111114,34.53472222222222,31.15972222222222,204.13333333333333,0.851388888888889,49.99861111111111,399.4243055555555,397.8013888888889,397.2631944444445,186.84722222222223,200.7576388888889,188.92777777777778,1364.8,-50.0,27.84722222222222,0.7673611111111112,4.477083333333334,60.24027777777778,-69.75416666666666,1000.2,-883.6,25.754166666666666,209.95694444444445,1395.2,0.0,61.90972222222222,-529.6284722222222,0.0,-1000.0,86.67916666666666,529.6284722222222,1000.0,0.0,86.67916666666666,28.84027777777778,223.9375,T07,0.0,10.1,5.321527777777778,0.4313194444444444,0.0,9.9,5.254166666666666,0.4202083333333333,6.0,14.0,10.347222222222221,1012.0,1015.0,1013.125,29.0,64.0,49.854166666666664,0.0,0.0,0.0,0.0,103.27777777777777,101.88888888888889,413.09722222222223,,0
2017-12-02 00:00:00+00:00,1517.7,0.0,577.7562499999999,77.9673611111111,28.416666666666668,42.72222222222222,42.611111111111114,42.201388888888886,28.09722222222222,42.729166666666664,43.43055555555556,22.15972222222222,13.4,0.0,4.978472222222222,40.1,0.4,3.0680555555555555,0.9437500000000001,-9.265277777777778,109.58680555555556,11.027777777777779,-525.2430555555555,8886.715277777777,1204056.0,-324.8263888888889,-760763,65.39583333333333,67.35416666666667,64.74305555555556,31.32638888888889,27.36111111111111,21.270833333333332,30.208333333333332,18.63888888888889,14.25,-3.0,89.9,20.250694444444445,2.2895833333333333,50.0625,31.29861111111111,31.23611111111111,32.229166666666664,28.86111111111111,50.174305555555556,0.8368055555555556,49.99861111111111,399.71458333333334,398.11875,396.81319444444443,61.34722222222222,68.74513888888889,63.07847222222222,712.4,-50.8,25.125,0.7506944444444444,3.129166666666667,30.713194444444444,-31.710416666666667,1000.1,-944.4,30.77777777777778,58.400000000000006,742.7,0.0,31.810416666666665,-212.31875000000002,0.0,-1000.0,92.74236111111111,212.31875000000002,1000.0,0.0,92.74236111111111,27.92361111111111,121.35208333333334,T07,0.0,9.6,3.3277777777777775,0.2640972222222222,0.0,9.4,3.25,0.2557638888888889,7.0,13.0,10.208333333333334,1013.0,1016.0,1014.3263888888889,31.0,68.0,51.020833333333336,0.0,0.0,0.0,0.0,63.361111111111114,61.72222222222222,414.2708333333333,,0
2017-12-03 00:00:00+00:00,1703.8,0.0,1063.1041666666667,97.23402777777778,32.638888888888886,52.611111111111114,52.56944444444444,52.173611111111114,28.270833333333332,49.15277777777778,51.52777777777778,20.979166666666668,15.0,0.0,9.318055555555555,38.2,0.4,4.46875,1.125,-0.7965277777777777,58.87569444444445,11.32638888888889,-318.5833333333333,31229.38888888889,4451158.0,-331.31944444444446,-1772341,66.5,68.5,65.88194444444444,33.520833333333336,25.9375,20.520833333333332,31.70138888888889,20.145833333333332,13.45138888888889,-3.1,89.9,4.281944444444445,2.2805555555555554,74.04166666666667,33.611111111111114,33.486111111111114,35.11805555555556,31.88888888888889,185.47500000000002,0.7951388888888888,49.99861111111111,398.94930555555555,397.02986111111113,396.62361111111113,175.70694444444445,192.32430555555555,177.29861111111111,1511.9,-51.0,28.42361111111111,0.8979166666666667,4.554166666666666,73.49097222222223,-73.83541666666666,1000.1,-842.3,32.697916666666664,193.0,1557.4,0.0,74.80694444444445,-523.33125,0.0,-1000.0,140.1861111111111,523.3083333333333,1000.0,0.0,140.30694444444444,29.875,72.15277777777777,T07,0.2,11.5,3.9499999999999997,0.6961111111111111,0.2,10.1,4.1875,0.5586111111111111,7.0,15.0,10.555555555555555,1015.0,1021.0,1017.4097222222222,20.0,67.0,45.923611111111114,0.0,0.0,0.0,0.0,75.67361111111111,80.55555555555556,417.3333333333333,,0
2017-12-04 00:00:00+00:00,1782.3,0.0,1576.5430555555556,50.84166666666667,48.229166666666664,92.23611111111111,91.19444444444444,88.50694444444444,36.458333333333336,53.81944444444444,59.125,21.479166666666668,15.7,0.0,13.963888888888889,42.6,0.6000000000000001,9.309722222222222,1.7937500000000002,0.14027777777777775,82.42361111111111,12.944444444444445,-23.805555555555557,222953.29166666666,32101846.0,-16.22222222222222,-4333178,79.15277777777777,86.16666666666667,84.4375,38.916666666666664,27.23611111111111,22.59027777777778,36.583333333333336,27.90972222222222,15.083333333333334,-3.2,86.1,1.3590277777777777,1.9888888888888892,102.03472222222223,40.24305555555556,40.09722222222222,41.638888888888886,35.861111111111114,1337.6374999999998,0.9881944444444445,49.99861111111111,399.2763888888889,397.51458333333335,398.1951388888889,1121.0472222222222,1137.9215277777778,1117.5506944444444,2102.8,-41.4,37.03472222222222,0.4444444444444444,9.561805555555557,144.29097222222222,-180.5513888888889,3.8,-260.9,5.417361111111111,1348.586111111111,2000.0,0.0,142.5076388888889,-821.3326388888888,0.0,-1000.0,88.03055555555555,717.7777777777778,1000.0,0.0,89.46597222222222,42.611111111111114,82.29027777777777,T07,2.7,19.6,8.755555555555555,2.770555555555555,4.0,17.1,9.763194444444444,0.9572916666666667,10.0,15.0,12.42361111111111,1020.0,1023.0,1021.3472222222222,52.0,68.0,61.90972222222222,0.0,0.0,0.0,0.0,172.05555555555554,192.1875,421.3263888888889,,0
2017-12-05 00:00:00+00:00,1780.5,7.3,1639.2131944444445,33.738194444444446,55.13194444444444,104.77777777777777,103.55555555555556,100.47916666666667,44.02777777777778,54.96527777777778,60.986111111111114,24.166666666666668,15.7,0.0,14.525694444444444,47.1,0.5,9.988194444444444,1.96875,-0.47361111111111115,97.28541666666666,14.11111111111111,-12.194444444444445,261401.36805555556,37640041.0,-13.597222222222221,-4547704,79.66666666666667,92.75,91.75,39.81944444444444,30.8125,24.4375,38.701388888888886,31.51388888888889,16.805555555555557,-3.0,86.1,0.6701388888888888,1.7555555555555555,108.25694444444444,41.270833333333336,41.13194444444444,42.5625,36.395833333333336,1568.2875,0.9972222222222222,49.99791666666667,399.77152777777775,397.92083333333335,399.24027777777775,1314.5354166666666,1326.8854166666667,1301.7152777777778,2103.2,-57.9,39.604166666666664,0.2902777777777778,10.228472222222223,166.63194444444446,-189.48263888888889,-0.9,-224.3,4.476388888888889,1578.2624999999998,2000.0,204.3,157.79305555555555,-829.3909722222222,0.0,-1000.0,91.56527777777778,691.40625,1000.0,0.0,112.16944444444444,49.673611111111114,97.76805555555556,T07,4.2,18.4,11.440972222222221,1.9427083333333333,3.9,17.6,10.714583333333334,0.9221527777777777,12.0,16.0,13.458333333333334,1022.0,1025.0,1023.4236111111111,57.0,72.0,64.34722222222223,0.0,0.0,0.0,0.0,225.9375,211.41666666666666,423.40972222222223,,0
2017-12-06 00:00:00+00:00,1771.5,1211.7,1611.9131944444443,39.984722222222224,46.25694444444444,84.90277777777777,84.22222222222223,82.22222222222223,32.63194444444444,55.791666666666664,60.541666666666664,24.07638888888889,15.6,10.7,14.280555555555557,47.0,0.4,8.491666666666667,1.551388888888889,0.33125,93.76944444444445,14.07638888888889,0.0,196779.98611111112,28336318.0,0.0,-4202605,67.36111111111111,77.79861111111111,77.67361111111111,38.31944444444444,30.118055555555557,24.09027777777778,39.25,27.98611111111111,16.666666666666668,-3.2,6.9,-1.7743055555555556,0.5013888888888889,102.04861111111111,39.44444444444444,39.326388888888886,40.94444444444444,35.94444444444444,1180.6979166666667,0.9923611111111111,49.99305555555556,399.37430555555557,397.61805555555554,398.3840277777778,991.7888888888889,1009.2993055555556,984.0291666666667,2100.0,80.7,38.979166666666664,0.3458333333333334,8.758333333333333,187.86597222222224,-175.10972222222222,-99.9,-217.3,4.030555555555555,1179.898611111111,2000.0,79.7,188.31041666666667,-965.5284722222223,-390.4,-1000.0,48.14722222222222,903.6555555555556,1000.0,390.4,84.0611111111111,43.43055555555556,93.43333333333334,T07,2.8,15.6,9.146527777777777,1.5690277777777777,3.9,14.1,9.191666666666666,0.6109027777777778,12.0,17.0,13.659722222222221,1021.0,1024.0,1022.7291666666666,54.0,75.0,65.79861111111111,0.0,0.0,0.0,0.0,179.80555555555554,180.73611111111111,422.625,,0
2017-12-07 00:00:00+00:00,1698.5,0.0,1322.9770833333334,77.82222222222222,36.84722222222222,61.0625,60.96527777777778,60.4375,28.63888888888889,51.30555555555556,54.583333333333336,21.993055555555557,15.0,0.0,11.719444444444443,23.7,0.4,5.865972222222222,1.032638888888889,0.16041666666666662,83.27152777777778,14.243055555555555,-100.67361111111111,68491.97222222222,9848346.0,-93.22916666666667,-2572094,66.30555555555556,71.0625,70.48611111111111,36.0625,26.90277777777778,24.243055555555557,35.56944444444444,23.90277777777778,16.868055555555557,-3.2,89.9,-0.11319444444444447,1.177777777777778,89.65277777777777,36.38194444444444,36.30555555555556,38.138888888888886,34.65972222222222,410.29999999999995,0.8854166666666666,49.99861111111111,399.15486111111113,397.40625,397.04305555555555,353.16319444444446,377.0673611111111,358.70208333333335,1827.5,-40.4,33.34722222222222,0.68125,5.998611111111111,88.86805555555556,-107.13958333333333,896.7,-475.0,17.313194444444445,412.1625,1864.1,0.0,89.48541666666667,-828.942361111111,0.0,-1000.0,52.88333333333333,828.3583333333333,1000.0,0.0,53.943749999999994,35.75694444444444,83.11180555555556,T07,1.7000000000000002,12.0,5.5875,0.9411111111111112,1.8,11.1,6.435416666666667,0.32625,12.0,17.0,13.875,1021.0,1023.0,1021.6736111111111,55.0,80.0,68.70833333333333,0.0,0.0,0.0,0.0,108.63888888888889,125.59722222222223,421.65972222222223,,0
2017-12-08 00:00:00+00:00,1528.4,0.0,556.1708333333333,55.295138888888886,28.22222222222222,41.048611111111114,41.0,40.65972222222222,29.493055555555557,41.44444444444444,41.763888888888886,23.180555555555557,13.5,0.0,4.783333333333333,18.7,0.4,3.0298611111111113,0.6590277777777778,-1.4819444444444445,212.04375,13.902777777777779,-556.4930555555555,8979.25,1212873.0,-322.2708333333333,-607223,66.625,68.70138888888889,66.28472222222223,32.833333333333336,28.84722222222222,23.868055555555557,32.0,19.958333333333332,16.75,-3.0,89.9,14.947222222222223,1.6062500000000002,51.388888888888886,32.77777777777778,32.75,33.74305555555556,30.381944444444443,50.53055555555555,0.8548611111111112,49.99861111111111,399.4763888888889,398.46458333333334,395.34236111111113,55.05833333333333,66.43541666666667,63.05555555555556,655.9,-45.0,26.40277777777778,0.5055555555555555,3.0562500000000004,20.32361111111111,-25.302777777777777,999.9,-512.0,21.605555555555554,58.15902777777777,664.8,0.0,20.63888888888889,-216.62013888888887,0.0,-1000.0,62.05486111111111,216.62013888888887,1000.0,0.0,62.05486111111111,27.444444444444443,173.52430555555554,T07,0.0,7.4,3.1041666666666665,0.13916666666666666,0.0,7.4,3.21875,0.13270833333333332,10.0,18.0,13.395833333333334,1020.0,1022.0,1021.0486111111111,30.0,86.0,64.24305555555556,0.0,0.0,0.0,0.0,58.71527777777778,61.048611111111114,421.02777777777777,,0
2017-12-09 00:00:00+00:00,1504.9,0.0,879.1965277777778,87.22708333333334,32.3125,48.97222222222222,48.979166666666664,48.673611111111114,29.381944444444443,44.451388888888886,46.56944444444444,23.32638888888889,13.3,0.0,7.780555555555555,19.1,0.4,3.9465277777777774,0.7583333333333333,-0.575,302.0395833333333,15.354166666666666,-400.8888888888889,16454.20138888889,2311676.0,-276.4166666666667,-1099156,67.47916666666667,69.5625,66.95138888888889,34.854166666666664,28.756944444444443,25.07638888888889,33.6875,22.319444444444443,18.166666666666668,-3.0,59.3,8.435416666666667,2.198611111111111,66.5,34.77777777777778,34.68055555555556,36.326388888888886,33.71527777777778,96.31666666666666,0.7937500000000001,49.99791666666667,398.9006944444444,397.5625,395.2270833333333,95.94652777777779,115.2701388888889,109.59861111111111,577.4,-41.6,29.36111111111111,0.7770833333333333,4.024305555555555,32.03194444444445,-45.77013888888889,1000.1,-669.9,31.797222222222224,106.42847222222223,595.5,0.0,34.71736111111111,-390.67291666666665,0.0,-1000.0,84.4361111111111,390.67291666666665,1000.0,0.0,84.4361111111111,30.45138888888889,302.6118055555555,T07,0.7000000000000001,8.1,4.478472222222222,0.16965277777777776,0.2,8.5,4.459027777777778,0.17423611111111112,12.0,17.0,14.895833333333334,1018.0,1021.0,1019.4930555555555,68.0,93.0,85.375,0.0,0.0,0.0,0.0,86.23611111111111,85.91666666666667,419.36805555555554,,0
2017-12-10 00:00:00+00:00,1806.5,0.0,1105.5881944444445,113.3375,36.47222222222222,59.34722222222222,59.173611111111114,58.125,31.5625,48.52777777777778,51.361111111111114,23.645833333333332,15.9,0.0,9.741666666666667,30.1,0.4,5.609722222222222,1.1666666666666667,-1.1618055555555555,271.98749999999995,16.055555555555557,-354.52777777777777,76580.82638888889,10976589.0,-317.75,-2211300,71.82638888888889,74.43055555555556,72.09027777777777,37.916666666666664,29.6875,25.95138888888889,36.583333333333336,24.65972222222222,18.88888888888889,-3.2,89.9,5.757638888888889,2.588888888888889,80.77777777777777,38.138888888888886,38.041666666666664,39.81944444444444,36.80555555555556,457.3076388888889,0.8520833333333333,49.99930555555555,399.0201388888889,397.40763888888887,396.00416666666666,397.2416666666667,418.1013888888889,407.2048611111111,2103.7,-45.7,33.15972222222222,1.0236111111111112,5.686805555555555,96.01875000000001,-92.15069444444445,1000.7,-829.3,34.75972222222222,463.9243055555556,2000.0,0.0,97.29652777777778,-561.8840277777778,0.0,-1000.0,77.72430555555555,537.8347222222222,1000.0,0.0,79.69375,33.59722222222222,273.14374999999995,T07,0.3,19.1,6.050000000000001,0.818125,0.3,18.8,6.078472222222222,0.8333333333333334,13.0,18.0,15.569444444444445,1004.0,1020.0,1013.9097222222222,72.0,96.0,88.09722222222223,0.0,4.0,0.16666666666666666,0.0,117.80555555555556,118.45833333333333,413.8611111111111,,0
2017-12-11 00:00:00+00:00,1847.9,0.0,1298.9597222222224,47.10277777777778,49.291666666666664,86.57638888888889,85.90972222222223,83.6875,39.4375,51.94444444444444,55.548611111111114,26.42361111111111,16.2,0.0,11.463194444444445,44.4,0.4,8.932638888888889,1.901388888888889,-8.571527777777778,278.63194444444446,14.222222222222221,-293.99305555555554,175122.97222222222,25175372.0,-191.47916666666666,-3469708,74.02777777777777,84.47222222222223,84.39583333333333,38.423611111111114,34.27777777777778,24.3125,38.138888888888886,28.979166666666668,16.729166666666668,-3.2,89.9,7.305555555555555,1.8368055555555556,94.36805555555556,39.361111111111114,39.21527777777778,40.604166666666664,35.708333333333336,1048.9416666666666,0.9451388888888889,49.99861111111111,399.7590277777778,397.9861111111111,397.9763888888889,879.7416666666667,898.5895833333333,879.7888888888889,2103.7,-43.2,37.65972222222222,0.4131944444444444,9.002083333333333,81.66874999999999,-144.57569444444445,999.9,-304.3,6.202083333333333,1050.9986111111111,2000.0,0.0,82.72986111111112,-632.9937500000001,0.0,-1000.0,44.107638888888886,557.7750000000001,1000.0,0.0,48.71111111111111,44.395833333333336,287.1902777777778,T07,0.0,25.8,9.477777777777778,2.0196527777777775,0.0,25.8,9.4875,2.062361111111111,9.0,18.0,13.597222222222221,991.0,1004.0,998.1180555555555,51.0,97.0,77.86805555555556,0.0,24.0,0.8472222222222222,0.0,186.55555555555554,186.83333333333334,398.06944444444446,,0
2017-12-12 00:00:00+00:00,1738.3,0.0,1233.5284722222223,85.63680555555555,34.479166666666664,59.138888888888886,59.076388888888886,58.298611111111114,26.40972222222222,51.25,54.0,19.73611111111111,15.3,0.0,10.898611111111112,40.9,0.4,5.362500000000001,1.36875,0.9104166666666667,208.1986111111111,10.541666666666666,-210.54861111111111,65315.01388888889,9375040.0,-189.49305555555554,-2544382,66.59722222222223,70.15277777777777,69.50694444444444,34.53472222222222,24.541666666666668,20.11111111111111,32.576388888888886,20.625,12.722222222222221,-3.3,89.9,1.4819444444444445,1.5291666666666668,84.5,34.81944444444444,34.708333333333336,36.458333333333336,32.72222222222222,390.6201388888889,0.8576388888888888,49.99791666666667,399.1451388888889,397.4347222222222,397.2472222222222,346.94166666666666,365.52777777777777,348.5652777777778,2100.3,-50.2,30.22222222222222,0.7479166666666667,5.699305555555556,119.53680555555555,-106.03541666666666,1000.0,-806.9,32.056250000000006,393.29791666666665,2000.0,0.0,120.69166666666666,-752.8097222222223,0.0,-1000.0,95.14375000000001,747.9201388888889,1000.0,0.0,102.04305555555555,31.493055555555557,209.79791666666668,T07,0.3,14.1,6.907638888888889,0.6841666666666666,0.4,13.7,6.774305555555555,0.6548611111111111,6.0,13.0,9.708333333333334,1001.0,1016.0,1008.4097222222222,43.0,86.0,63.736111111111114,0.0,0.0,0.0,0.0,134.95833333333334,132.26388888888889,408.3541666666667,,0
2017-12-13 00:00:00+00:00,1677.6,0.0,582.2305555555555,81.34791666666666,29.868055555555557,43.99305555555556,43.875,43.583333333333336,28.22222222222222,45.520833333333336,45.826388888888886,22.805555555555557,14.9,0.0,4.998611111111111,38.9,0.4,3.3756944444444446,0.7854166666666668,3.227777777777778,71.25486111111111,12.73611111111111,-630.9652777777778,9649.138888888889,1298618.0,-415.9166666666667,-635156,66.85416666666667,68.84027777777777,66.625,31.76388888888889,28.11111111111111,22.79861111111111,31.5,19.4375,15.895833333333334,-3.1,63.4,15.390972222222224,1.8111111111111111,53.03472222222222,31.75,31.63888888888889,32.854166666666664,29.72222222222222,54.09166666666667,0.8166666666666668,50.0,399.6173611111111,398.4090277777778,396.1763888888889,68.34444444444445,74.63055555555555,71.45138888888889,888.6,-41.3,26.625,0.7625,3.4243055555555557,24.009027777777778,-26.470138888888886,1000.0,-654.8,35.69236111111111,67.88333333333334,915.9,0.0,28.144444444444446,-191.46388888888887,0.0,-1000.0,46.28472222222222,191.46388888888887,1000.0,0.0,46.28472222222222,28.944444444444443,60.52638888888888,T07,0.0,9.1,3.2631944444444443,0.3378472222222222,0.3,8.1,3.404166666666667,0.22097222222222224,9.0,17.0,12.48611111111111,1016.0,1021.0,1018.7013888888889,35.0,70.0,50.125,0.0,0.0,0.0,0.0,61.94444444444444,64.75,418.6736111111111,,0
2017-12-14 00:00:00+00:00,1686.5,0.0,568.1208333333333,70.48263888888889,27.13888888888889,39.076388888888886,39.0,38.638888888888886,29.07638888888889,41.84027777777778,42.44444444444444,22.743055555555557,14.9,0.0,4.995138888888889,25.3,0.4,3.236111111111111,0.74375,-4.61875,293.3305555555555,13.229166666666666,-515.5972222222222,10020.645833333334,1368726.0,-248.0625,-601333,66.50694444444444,68.46527777777777,65.90972222222223,31.13888888888889,27.479166666666668,23.11111111111111,30.694444444444443,19.875,16.256944444444443,-3.0,89.9,15.320833333333333,1.7506944444444443,45.798611111111114,31.17361111111111,31.09722222222222,32.03472222222222,28.618055555555557,57.03472222222222,0.8555555555555556,49.99930555555555,399.25625,398.26874999999995,395.2076388888889,66.0611111111111,74.64791666666666,71.32499999999999,1081.2,-50.8,25.680555555555557,0.6715277777777778,3.26875,27.779861111111114,-25.018749999999997,1000.3,-911.7,34.62708333333333,65.93402777777777,1104.3,0.0,30.233333333333334,-191.8152777777778,0.0,-1000.0,59.5638888888889,191.8152777777778,1000.0,0.0,59.5638888888889,26.770833333333332,262.95624999999995,T07,0.0,9.4,3.4319444444444445,0.17222222222222222,0.0,9.3,3.4166666666666665,0.17145833333333335,10.0,16.0,12.847222222222221,1014.0,1020.0,1017.4444444444445,42.0,97.0,66.82638888888889,0.0,1.0,0.006944444444444444,0.0,65.46527777777777,65.07638888888889,417.3888888888889,,0
2017-12-15 00:00:00+00:00,1742.3,0.0,1008.3840277777776,127.58749999999999,35.229166666666664,55.576388888888886,55.43055555555556,54.666666666666664,30.993055555555557,48.513888888888886,51.0625,23.95138888888889,15.4,0.0,8.886111111111111,42.1,0.4,5.293749999999999,1.1020833333333335,0.6868055555555554,270.68125,16.0625,-387.75694444444446,63495.73611111111,9087546.0,-293.2361111111111,-2054757,71.66666666666667,73.93055555555556,71.73611111111111,35.27777777777778,28.493055555555557,25.270833333333332,34.63194444444444,23.96527777777778,18.28472222222222,-3.2,89.9,11.17361111111111,2.728472222222222,68.31944444444444,35.638888888888886,35.49305555555556,37.166666666666664,34.208333333333336,378.62152777777777,0.8673611111111111,49.99722222222223,399.6736111111111,397.88472222222225,396.8125,328.875,346.00208333333336,333.1979166666667,2101.4,-50.9,31.63888888888889,1.1590277777777778,5.40625,105.47152777777778,-85.65694444444445,1000.2,-459.5,21.966666666666665,402.39444444444445,2000.0,0.0,111.46458333333334,-506.69097222222223,0.0,-1000.0,44.18263888888889,501.56527777777774,1000.0,0.0,50.545138888888886,34.5625,269.99652777777777,T07,1.2,14.3,6.020833333333333,0.5100694444444445,1.0,15.6,6.073611111111111,0.5238194444444445,14.0,17.0,15.256944444444445,1007.0,1014.0,1009.9027777777778,81.0,97.0,92.93055555555556,0.0,12.0,0.18055555555555555,0.0,117.25694444444444,118.28472222222223,409.7638888888889,,0
2017-12-16 00:00:00+00:00,1715.7,0.0,1276.2875,99.20277777777778,35.625,60.229166666666664,60.173611111111114,59.38194444444444,28.256944444444443,51.888888888888886,54.72222222222222,21.354166666666668,15.2,0.0,11.287500000000001,35.5,0.4,5.65625,1.1875,-0.23333333333333334,189.54791666666668,12.340277777777779,-221.07638888888889,70235.98611111111,10082146.0,-206.92361111111111,-2465191,72.65972222222223,75.00694444444444,73.125,35.048611111111114,26.305555555555557,22.09722222222222,34.13194444444444,22.15277777777778,14.618055555555555,-3.2,89.9,0.9861111111111112,1.9833333333333334,85.96527777777777,35.263888888888886,35.173611111111114,37.020833333333336,33.34722222222222,420.1069444444445,0.8631944444444444,49.99722222222223,398.99027777777775,397.02152777777775,396.37291666666664,361.4034722222222,388.46944444444443,370.2652777777778,2096.1,-51.0,31.729166666666668,0.8937499999999999,5.809027777777778,103.32569444444444,-102.72291666666666,1000.2,-931.7,25.238194444444446,424.62847222222223,2000.0,0.0,104.63333333333334,-731.7125000000001,0.0,-1000.0,102.33819444444445,722.5201388888888,1000.0,0.0,106.17083333333333,33.94444444444444,192.2611111111111,T07,0.0,11.1,5.516666666666667,0.6034722222222223,0.0,11.2,5.447222222222222,0.5771527777777777,7.0,17.0,11.541666666666666,1007.0,1015.0,1010.1458333333334,42.0,95.0,67.73611111111111,0.0,1.0,0.006944444444444444,0.0,107.14583333333333,105.84027777777777,410.0763888888889,,0
2017-12-17 00:00:00+00:00,1682.7,0.0,1114.9972222222223,88.86805555555556,34.145833333333336,55.34027777777778,55.40972222222222,55.013888888888886,28.5625,48.55555555555556,51.13194444444444,22.333333333333332,14.9,0.0,9.886111111111111,21.2,0.4,4.230555555555556,0.9555555555555555,0.1854166666666667,56.13402777777778,12.708333333333334,-252.19444444444446,19753.75,2808221.0,-256.3958333333333,-1501277,68.21527777777777,70.27777777777777,67.70138888888889,34.80555555555556,26.625,22.76388888888889,32.951388888888886,21.47222222222222,15.520833333333334,-3.1,89.9,3.3666666666666667,2.573611111111111,78.72222222222223,34.979166666666664,34.854166666666664,36.65277777777778,33.673611111111114,117.00069444444443,0.6458333333333334,49.99861111111111,398.975,397.10833333333335,395.9513888888889,146.22222222222223,165.5965277777778,153.37013888888887,1214.6,-51.2,30.006944444444443,0.7875000000000001,4.331250000000001,46.90694444444445,-62.543749999999996,999.9,-804.6,87.69027777777778,124.10000000000001,1227.0,0.0,47.480555555555554,-444.275,0.0,-1000.0,131.83125,444.275,1000.0,0.0,131.83125,31.57638888888889,55.951388888888886,T07,0.0,9.7,3.5284722222222222,0.41888888888888887,0.0,8.7,3.839583333333333,0.3542361111111111,9.0,19.0,12.277777777777779,1015.0,1022.0,1018.1111111111111,41.0,70.0,55.048611111111114,0.0,0.0,0.0,0.0,67.32638888888889,73.47916666666667,418.0625,,0
2017-12-18 00:00:00+00:00,1697.2,0.0,1101.1305555555555,63.642361111111114,34.013888888888886,55.263888888888886,55.25694444444444,54.53472222222222,26.944444444444443,49.173611111111114,51.55555555555556,20.381944444444443,15.0,0.0,9.662500000000001,39.9,0.4,5.154166666666667,0.9715277777777778,-3.8930555555555557,73.79930555555556,13.020833333333334,-212.71527777777777,51799.32638888889,7428473.0,-143.61111111111111,-2189507,67.70138888888889,69.90972222222223,67.5625,33.75694444444444,24.92361111111111,22.73611111111111,32.75,21.40277777777778,15.618055555555555,-3.2,89.9,4.071527777777778,0.9402777777777778,79.41666666666667,33.9375,33.888888888888886,35.34722222222222,31.76388888888889,309.5208333333333,0.8902777777777777,49.99583333333333,398.6715277777778,397.0395833333333,396.1701388888889,274.625,294.4868055555555,278.49027777777775,1512.5,-33.0,29.944444444444443,0.5687500000000001,5.277777777777778,71.96041666666666,-91.24097222222223,766.4,-844.1,23.288888888888888,312.4326388888889,1552.0,0.0,72.66666666666667,-688.2354166666667,0.0,-1000.0,48.450694444444444,688.2180555555556,1000.0,0.0,48.57013888888889,29.82638888888889,67.69236111111111,T07,1.0,12.4,4.875,0.7172916666666667,1.0,11.1,5.311111111111111,0.399375,11.0,16.0,12.368055555555555,1019.0,1022.0,1020.6736111111111,49.0,81.0,66.59027777777777,0.0,0.0,0.0,0.0,94.26388888888889,103.08333333333333,420.63194444444446,,0
2017-12-19 00:00:00+00:00,1747.0,0.0,1168.3104166666667,145.00069444444443,36.138888888888886,59.513888888888886,59.326388888888886,58.56944444444444,30.52777777777778,51.208333333333336,53.86805555555556,23.006944444444443,15.4,0.0,10.305555555555555,37.7,0.4,5.40625,1.2222222222222223,-0.2541666666666666,131.32777777777778,13.8125,-414.7638888888889,68304.35416666667,9776105.0,-408.1458333333333,-2246502,72.06944444444444,74.38194444444444,72.13888888888889,36.24305555555556,28.194444444444443,23.03472222222222,34.8125,23.03472222222222,15.916666666666666,-3.2,89.9,4.294444444444444,3.779861111111111,78.85416666666667,36.50694444444444,36.333333333333336,38.166666666666664,34.951388888888886,407.3520833333333,0.8097222222222222,49.99861111111111,399.3388888888889,397.625,396.96527777777777,362.25694444444446,379.94722222222225,366.6486111111111,2100.2,-50.3,32.166666666666664,1.3125,5.522916666666666,108.51666666666667,-93.58541666666666,1000.4,-677.0,45.36944444444444,430.85625000000005,2000.0,0.0,107.82847222222222,-582.9041666666667,0.0,-1000.0,125.98263888888889,566.8208333333333,1000.0,0.0,136.55208333333334,34.173611111111114,131.58333333333334,T07,0.2,15.8,5.876388888888889,0.8917361111111111,0.3,15.0,5.653472222222223,0.7261111111111112,8.0,20.0,13.083333333333334,1017.0,1022.0,1018.5277777777778,34.0,83.0,56.80555555555556,0.0,0.0,0.0,0.0,114.39583333333333,109.875,418.46527777777777,,0
2017-12-20 00:00:00+00:00,1679.7,0.0,874.4673611111111,70.43958333333333,32.895833333333336,50.375,50.395833333333336,50.05555555555556,29.34027777777778,44.34027777777778,46.333333333333336,23.02777777777778,14.9,0.0,7.661111111111111,37.7,0.4,4.111111111111111,0.8736111111111112,-0.6972222222222223,92.01875000000001,14.07638888888889,-472.50694444444446,22626.743055555555,3190210.0,-424.74305555555554,-1398644,69.01388888888889,70.97916666666667,68.49305555555556,33.72222222222222,28.4375,24.006944444444443,33.22222222222222,21.520833333333332,17.11111111111111,-3.0,86.1,8.734027777777778,1.7444444444444445,70.375,33.604166666666664,33.52777777777778,35.138888888888886,32.326388888888886,132.91250000000002,0.8041666666666667,50.00277777777777,399.1722222222222,397.7277777777778,396.16805555555555,128.36041666666668,143.65694444444443,132.54722222222222,1288.6,-50.1,29.541666666666668,0.6770833333333334,4.174305555555556,44.99861111111111,-58.28472222222222,1000.3,-849.0,22.614583333333332,143.34583333333333,1322.3,0.0,46.88055555555556,-440.14930555555554,0.0,-1000.0,84.24930555555555,440.14930555555554,1000.0,0.0,84.24930555555555,30.833333333333332,85.22361111111111,T07,0.2,12.1,4.442361111111111,0.5304166666666666,0.3,10.4,4.6194444444444445,0.300625,11.0,17.0,13.631944444444445,1022.0,1025.0,1022.9513888888889,44.0,75.0,61.0625,0.0,0.0,0.0,0.0,85.61111111111111,89.13888888888889,422.90277777777777,,0
2017-12-21 00:00:00+00:00,1717.5,0.0,1017.5368055555555,59.66805555555556,32.50694444444444,52.020833333333336,51.88194444444444,51.19444444444444,28.88888888888889,46.8125,49.06944444444444,22.395833333333332,15.2,0.0,8.844444444444443,38.0,0.4,5.079166666666667,0.9756944444444444,7.05625,85.45625000000001,13.555555555555555,-213.13888888888889,59446.72222222222,8529635.0,-72.28472222222223,-2098161,69.91666666666667,72.07638888888889,69.64583333333333,34.94444444444444,27.84027777777778,24.020833333333332,33.708333333333336,22.125,16.993055555555557,-3.2,89.9,6.470833333333333,0.8659722222222223,67.78472222222223,35.22222222222222,35.1875,36.40972222222222,32.61805555555556,355.3888888888889,0.9333333333333333,49.99791666666667,399.19722222222225,397.6041666666667,396.6298611111111,305.3069444444444,322.8375,310.93888888888887,2078.0,-42.5,29.97222222222222,0.5486111111111112,5.227083333333334,75.68472222222222,-87.42222222222222,869.2,-749.0,11.552777777777777,360.01944444444445,2000.0,0.0,77.0298611111111,-616.0895833333333,0.0,-1000.0,34.69305555555556,611.7631944444444,1000.0,0.0,40.90625,31.708333333333332,78.40555555555555,T07,0.6000000000000001,12.7,5.532638888888889,0.7095138888888889,0.5,12.7,5.329861111111111,0.4935416666666667,9.0,17.0,13.215277777777779,1023.0,1029.0,1025.75,47.0,81.0,63.166666666666664,0.0,0.0,0.0,0.0,107.55555555555556,103.42361111111111,425.7013888888889,,0
2017-12-22 00:00:00+00:00,1679.9,0.0,837.2520833333333,95.55972222222222,31.625,47.451388888888886,47.40277777777778,47.145833333333336,29.381944444444443,46.083333333333336,47.611111111111114,23.055555555555557,14.9,0.0,7.364583333333333,38.1,0.4,3.7819444444444446,0.757638888888889,1.3576388888888888,192.33125,14.229166666666666,-536.1041666666666,15398.368055555555,2140165.0,-462.6388888888889,-859525,68.63194444444444,70.66666666666667,68.13194444444444,33.71527777777778,28.069444444444443,23.645833333333332,32.958333333333336,21.291666666666668,16.631944444444443,-3.0,89.9,9.818055555555555,2.6722222222222225,65.94444444444444,33.826388888888886,33.75694444444444,35.36805555555556,32.77777777777778,89.15694444444445,0.7236111111111111,49.99930555555555,399.21944444444443,397.9173611111111,395.7875,104.96944444444445,116.57569444444445,111.23611111111111,1002.4,-45.1,28.90277777777778,0.8604166666666667,3.775694444444445,21.529166666666665,-35.82222222222222,1000.0,-695.5,55.47777777777778,100.75277777777778,1032.7,0.0,23.630555555555556,-263.1173611111111,0.0,-1000.0,59.666666666666664,263.1173611111111,1000.0,0.0,59.666666666666664,30.520833333333332,190.98125,T07,0.0,9.8,4.063888888888889,0.218125,0.0,9.4,4.151388888888889,0.14298611111111112,11.0,17.0,13.61111111111111,1024.0,1030.0,1027.2152777777778,46.0,82.0,66.09722222222223,0.0,0.0,0.0,0.0,78.00694444444444,79.77083333333333,427.1666666666667,,0
2017-12-23 00:00:00+00:00,1735.8,0.0,891.6604166666667,84.0638888888889,32.18055555555556,50.34722222222222,50.270833333333336,49.56944444444444,29.868055555555557,44.513888888888886,46.34027777777778,22.48611111111111,15.3,0.0,7.822222222222223,25.9,0.4,4.201388888888889,0.8993055555555556,2.093750000000001,155.76527777777778,14.006944444444445,-418.875,39951.881944444445,5692749.0,-320.7361111111111,-1276337,68.14583333333333,70.22916666666667,67.39583333333333,34.395833333333336,27.618055555555557,24.73611111111111,32.77777777777778,21.59027777777778,18.055555555555557,-3.1,89.9,8.95625,2.370833333333333,63.479166666666664,34.61805555555556,34.479166666666664,35.854166666666664,32.47222222222222,237.20694444444447,0.7548611111111111,50.0,399.4923611111111,397.9,395.68125,231.02291666666667,246.15625,240.30833333333334,2099.4,-50.0,29.02777777777778,0.75,4.258333333333334,42.69236111111111,-53.15486111111111,999.9,-941.9,67.57430555555555,244.58333333333334,2000.0,0.0,43.31388888888889,-340.6069444444445,0.0,-1000.0,64.31666666666666,334.0854166666667,1000.0,0.0,67.74652777777777,30.458333333333332,126.16944444444445,T07,0.4,13.8,4.2243055555555555,0.5175694444444444,0.0,13.8,4.057638888888889,0.5089583333333334,9.0,16.0,13.590277777777779,1022.0,1025.0,1022.9930555555555,59.0,95.0,80.60416666666667,0.0,0.0,0.0,0.0,81.25694444444444,77.93055555555556,422.9583333333333,,0
2017-12-24 00:00:00+00:00,1766.1,0.0,1510.6868055555556,67.65416666666667,43.15277777777778,75.69444444444444,75.4375,73.97916666666667,31.354166666666668,54.81944444444444,58.81944444444444,24.0,15.7,0.0,13.381250000000001,47.9,0.4,7.578472222222222,1.411111111111111,-0.18263888888888888,109.08819444444445,15.3125,-39.520833333333336,143878.88194444444,20712869.0,-25.78472222222222,-3528825,75.81944444444444,80.63888888888889,79.13888888888889,39.9375,29.98611111111111,24.868055555555557,39.40972222222222,27.04861111111111,17.479166666666668,-3.1,89.9,-0.9138888888888891,1.0013888888888889,98.61805555555556,40.770833333333336,40.65972222222222,42.333333333333336,38.40972222222222,863.0590277777778,0.9812500000000001,50.0,399.8701388888889,397.70208333333335,398.4583333333333,723.0013888888889,749.1618055555556,720.0451388888889,2099.8,-43.1,38.30555555555556,0.5993055555555555,7.7756944444444445,168.96944444444443,-147.03194444444443,-9.8,-224.0,5.685416666666667,876.1236111111111,2000.0,33.4,164.21875,-946.8069444444445,0.0,-1000.0,51.231944444444444,914.7090277777778,1000.0,0.0,65.94583333333334,41.229166666666664,109.26319444444444,T07,1.5,16.6,7.8374999999999995,1.5771527777777778,1.5,14.9,7.548611111111111,1.2861805555555557,13.0,17.0,14.722222222222221,1019.0,1024.0,1021.0347222222222,59.0,83.0,73.78472222222223,0.0,0.0,0.0,0.0,153.61805555555554,147.90277777777777,420.97222222222223,,0
2017-12-25 00:00:00+00:00,1736.1,0.0,1313.5590277777778,58.85347222222222,36.71527777777778,61.236111111111114,61.21527777777778,60.59722222222222,29.083333333333332,51.19444444444444,54.416666666666664,21.770833333333332,15.4,0.0,11.641666666666666,70.0,0.4,5.624305555555555,1.452777777777778,0.014583333333333373,178.41666666666666,14.527777777777779,-94.85416666666667,61829.430555555555,8889780.0,-78.45833333333333,-2453960,66.98611111111111,71.28472222222223,70.33333333333333,36.34722222222222,26.708333333333332,24.23611111111111,35.44444444444444,23.666666666666668,17.0,-3.0,89.9,-0.6472222222222224,1.2604166666666667,90.74305555555556,36.479166666666664,36.40972222222222,38.111111111111114,34.71527777777778,370.36249999999995,0.8791666666666668,49.99861111111111,399.19097222222223,397.34513888888887,396.56666666666666,316.68888888888887,348.24305555555554,329.50138888888887,2098.8,-50.9,33.236111111111114,0.51875,5.786111111111111,84.78333333333333,-102.23750000000001,1000.0,-698.5,18.26388888888889,374.28472222222223,2000.0,0.0,88.01458333333333,-816.9555555555556,0.0,-1000.0,98.28680555555555,811.0861111111111,1000.0,0.0,102.5013888888889,34.96527777777778,178.3951388888889,T07,0.9,13.5,4.9743055555555555,0.600625,0.9,13.7,4.887499999999999,0.649513888888889,12.0,16.0,13.819444444444445,1017.0,1020.0,1018.3888888888889,67.0,94.0,82.45833333333333,0.0,9.0,0.2986111111111111,0.0,96.29166666666667,94.5625,418.3611111111111,,0
2017-12-26 00:00:00+00:00,1717.5,0.0,1212.5423611111112,60.875,35.701388888888886,57.65277777777778,57.65972222222222,57.125,29.29861111111111,49.291666666666664,52.201388888888886,21.979166666666668,15.2,0.0,10.741666666666667,24.8,0.4,5.040277777777778,1.025,-0.04305555555555556,272.8465277777778,14.979166666666666,-170.54166666666666,45126.243055555555,6473622.0,-150.26388888888889,-2312879,69.75,72.125,69.81944444444444,34.458333333333336,26.42361111111111,24.770833333333332,34.513888888888886,23.72222222222222,17.506944444444443,-3.2,89.9,1.4430555555555555,1.1229166666666666,84.85416666666667,34.611111111111114,34.479166666666664,36.22222222222222,32.895833333333336,269.7368055555555,0.8222222222222223,49.99861111111111,398.5104166666667,396.92499999999995,395.7277777777778,237.38541666666666,264.2368055555555,247.58194444444447,2100.5,-40.7,31.84027777777778,0.5416666666666666,5.199999999999999,85.48611111111111,-96.37222222222222,999.8,-556.3,15.643055555555556,272.62430555555557,2000.0,0.0,86.32638888888889,-685.95,0.0,-1000.0,114.21944444444443,685.3576388888889,1000.0,0.0,115.86874999999999,32.625,272.8881944444445,T07,1.4,12.9,5.704166666666667,0.4620833333333334,1.4,13.0,5.734027777777778,0.47458333333333336,13.0,16.0,14.29861111111111,1014.0,1018.0,1016.4097222222222,60.0,96.0,79.91666666666667,0.0,18.0,0.375,0.0,110.85416666666667,111.45833333333333,416.3611111111111,,0
2017-12-27 00:00:00+00:00,1821.0,0.0,1598.334027777778,45.60277777777778,53.21527777777778,97.47222222222223,96.70833333333333,93.85416666666667,39.513888888888886,53.875,59.52777777777778,27.541666666666668,15.9,0.0,14.165277777777778,43.2,0.4,9.570833333333333,1.8937499999999998,-0.09513888888888888,283.66805555555555,16.0625,-36.979166666666664,226439.23611111112,32601925.0,-24.77777777777778,-4363204,80.10416666666667,89.95138888888889,88.875,41.31944444444444,37.02777777777778,25.229166666666668,40.604166666666664,31.631944444444443,17.583333333333332,-3.3,89.9,1.3597222222222223,1.9263888888888887,106.5625,42.541666666666664,42.43055555555556,44.041666666666664,38.673611111111114,1358.3166666666666,0.9708333333333334,50.00069444444445,399.73749999999995,397.5263888888889,397.9138888888889,1133.6680555555556,1162.5229166666666,1138.0006944444444,2102.1,-42.8,40.916666666666664,0.3923611111111111,9.796527777777778,156.61666666666667,-181.8048611111111,402.8,-398.6,7.699305555555556,1357.0361111111113,2000.0,0.0,156.42430555555555,-792.6993055555555,0.0,-1000.0,73.70625000000001,692.161111111111,1000.0,0.0,91.33472222222223,47.888888888888886,283.75625,T07,2.3,22.1,10.100694444444445,1.4678472222222223,2.4,22.1,10.152777777777779,1.4879861111111112,12.0,17.0,15.277777777777779,1010.0,1015.0,1011.8333333333334,68.0,95.0,79.34722222222223,0.0,6.0,0.10416666666666667,0.0,198.92361111111111,200.07638888888889,411.75694444444446,,0
2017-12-28 00:00:00+00:00,1760.7,202.1,1476.5729166666667,81.3763888888889,44.31944444444444,77.0625,76.76388888888889,75.05555555555556,34.80555555555556,52.59722222222222,57.06944444444444,27.6875,15.6,1.9,13.075,41.1,0.4,7.495138888888889,1.4659722222222222,-0.013194444444444401,273.09791666666666,16.47222222222222,-74.58333333333333,146747.01388888888,21120831.0,-76.83333333333333,-3852689,72.16666666666667,79.38194444444444,79.125,40.145833333333336,37.916666666666664,25.770833333333332,39.56944444444444,28.20138888888889,18.5,-3.2,47.3,-0.5506944444444444,1.0590277777777777,97.51388888888889,40.861111111111114,40.78472222222222,42.46527777777778,38.541666666666664,880.0569444444444,0.9534722222222223,49.99722222222223,399.30069444444445,397.3375,397.0715277777778,737.6958333333333,767.3423611111111,747.4756944444445,2102.8,-38.1,38.291666666666664,0.7138888888888889,7.7124999999999995,181.34722222222223,-160.53750000000002,929.1,-512.2,9.198611111111113,880.8756944444444,2000.0,0.0,181.82986111111111,-881.5736111111112,0.0,-1000.0,61.830555555555556,841.1090277777778,1000.0,0.0,79.29861111111111,40.93055555555556,273.11805555555554,T07,2.0,13.9,8.146527777777777,0.7185416666666666,2.2,14.2,8.234027777777778,0.7263888888888889,14.0,17.0,15.868055555555555,1011.0,1016.0,1013.2569444444445,75.0,96.0,86.6875,0.0,2.0,0.041666666666666664,0.0,159.95138888888889,161.58333333333334,413.18055555555554,,0
2017-12-29 00:00:00+00:00,1693.7,0.0,1171.0868055555557,80.78541666666666,36.666666666666664,57.916666666666664,57.9375,57.520833333333336,30.54861111111111,46.638888888888886,49.75694444444444,26.381944444444443,15.0,0.0,10.370138888888889,37.7,0.4,4.870138888888889,0.820138888888889,0.18611111111111106,304.28055555555557,16.51388888888889,-252.34722222222223,35338.166666666664,5052358.0,-246.95138888888889,-1554232,64.34722222222223,69.03472222222223,68.22222222222223,38.43055555555556,34.75,26.166666666666668,36.25,24.84722222222222,19.104166666666668,-3.2,89.9,2.0243055555555554,2.0493055555555557,85.32638888888889,38.47222222222222,38.395833333333336,40.27777777777778,37.6875,210.50555555555556,0.7805555555555556,50.00069444444445,398.80069444444445,397.3354166666667,395.75069444444443,198.00486111111113,222.72916666666666,212.93541666666667,1424.1,-45.5,33.43055555555556,0.7222222222222222,4.911111111111111,54.33680555555556,-64.75763888888889,1000.1,-799.7,52.886805555555554,215.15277777777777,1454.8,0.0,54.828472222222224,-626.2034722222222,0.0,-1000.0,94.96597222222222,626.2020833333333,1000.0,0.0,94.98263888888889,34.09027777777778,304.09722222222223,T07,1.0,9.7,5.180555555555555,0.2525,1.0,9.6,5.152777777777778,0.2559722222222222,14.0,18.0,16.006944444444443,1016.0,1020.0,1018.0486111111111,58.0,95.0,81.49305555555556,0.0,0.0,0.0,0.0,100.41666666666667,99.84722222222223,417.9791666666667,,0
2017-12-30 00:00:00+00:00,1476.9,0.0,360.2451388888889,85.19513888888889,28.09722222222222,37.236111111111114,37.15972222222222,36.84722222222222,32.145833333333336,38.84027777777778,39.173611111111114,25.42361111111111,13.0,0.0,3.011111111111111,37.0,0.4,2.575,0.6548611111111112,-6.285416666666666,180.4763888888889,16.243055555555557,-741.3680555555555,2229.097222222222,214233.0,-441.4166666666667,-208142,68.27083333333333,70.42361111111111,68.00694444444444,31.95138888888889,31.15972222222222,26.38888888888889,32.861111111111114,21.381944444444443,19.881944444444443,-2.9,89.9,19.275,2.158333333333333,43.638888888888886,31.67361111111111,31.57638888888889,33.263888888888886,31.25,8.921527777777778,0.8423611111111111,50.0,399.3798611111111,398.7993055555555,394.84583333333336,26.924999999999997,30.602083333333333,30.525000000000002,443.5,-50.1,27.17361111111111,0.7840277777777778,2.5819444444444444,10.90763888888889,-8.68611111111111,1000.4,-738.3,28.02013888888889,20.268749999999997,933.1,0.0,13.015972222222222,-63.33402777777778,0.0,-1000.0,36.854166666666664,63.33402777777778,1000.0,0.0,36.854166666666664,27.6875,164.2826388888889,T07,0.0,7.9,2.763888888888889,0.14020833333333335,0.0,7.8,2.7618055555555556,0.1320138888888889,13.0,20.0,15.791666666666666,1018.0,1021.0,1019.0694444444445,67.0,97.0,81.63888888888889,0.0,1.0,0.013888888888888888,0.0,51.99305555555556,51.888888888888886,419.0208333333333,,0
2017-12-31 00:00:00+00:00,1685.7,0.0,803.2361111111111,72.21875,30.38888888888889,45.104166666666664,45.104166666666664,44.55555555555556,30.53472222222222,40.65972222222222,42.94444444444444,23.069444444444443,14.9,0.0,7.013194444444444,23.8,0.4,4.172222222222222,0.8423611111111112,-2.96875,232.77291666666667,15.930555555555555,-335.63194444444446,30078.902777777777,4283031.0,-139.15277777777777,-1317777,68.55555555555556,70.8125,68.18055555555556,34.36805555555556,28.319444444444443,26.041666666666668,33.361111111111114,22.631944444444443,19.48611111111111,-3.2,89.9,10.290972222222223,1.2166666666666668,57.041666666666664,34.4375,34.36805555555556,35.513888888888886,32.708333333333336,178.46458333333334,0.9222222222222223,50.0,399.29305555555555,397.83124999999995,395.2631944444445,153.26944444444445,175.19583333333333,168.50208333333333,1213.8,-49.1,28.756944444444443,0.6736111111111112,4.273611111111111,52.670138888888886,-54.916666666666664,1000.0,-689.8,16.808333333333334,184.04583333333332,1244.1,0.0,54.96875,-460.65416666666664,0.0,-1000.0,40.12847222222222,460.65416666666664,1000.0,0.0,40.12847222222222,28.520833333333332,235.73680555555555,T07,0.0,9.9,4.536111111111111,0.25375,0.0,10.1,4.552777777777778,0.268125,12.0,18.0,15.38888888888889,1018.0,1026.0,1020.6527777777778,66.0,97.0,87.65277777777777,0.0,0.0,0.0,0.0,87.49305555555556,87.875,420.59027777777777,,0
2016-01-01 00:00:00+00:00,1688.2,0.0,1268.8208333333334,71.96527777777777,41.99305555555556,58.298611111111114,59.27777777777778,58.8125,29.381944444444443,50.84722222222222,56.548611111111114,26.23611111111111,14.9,0.0,11.215277777777779,22.3,0.4,5.666666666666667,1.0076388888888888,-0.3618055555555556,213.29861111111111,17.958333333333332,-153.0,68243.08333333333,9804974.0,-136.95833333333334,-2314318,50.4375,56.041666666666664,50.520833333333336,39.00694444444444,40.048611111111114,28.32638888888889,42.05555555555556,26.756944444444443,20.756944444444443,-3.2,89.7,1.2423611111111112,1.0340277777777778,85.13194444444444,38.84722222222222,39.90972222222222,39.90972222222222,37.854166666666664,408.5673611111111,0.8902777777777777,50.0,399.1625,397.14930555555554,397.1763888888889,349.25069444444443,377.3347222222222,362.2326388888889,1863.7,-48.5,38.77777777777778,0.6520833333333333,5.864583333333333,97.80069444444445,-96.4125,618.6,-998.7,26.09652777777778,410.6451388888889,1895.5,0.0,98.41319444444444,-790.0666666666667,0.0,-1000.0,52.322916666666664,789.5159722222222,1000.0,0.0,54.02638888888889,39.69444444444444,213.66111111111113,T11,0.3,11.3,6.020138888888889,0.4857638888888889,0.4,10.9,6.063888888888889,0.508125,16.0,18.0,16.92361111111111,1015.0,1018.0,1016.4027777777778,75.0,96.0,87.22916666666667,0.0,0.0,0.0,0.0,117.28472222222223,118.15277777777777,416.31944444444446,,0
2016-01-02 00:00:00+00:00,1763.5,0.0,625.0006944444444,52.111805555555556,33.736111111111114,45.076388888888886,45.4375,45.3125,29.4375,44.895833333333336,46.5,25.23611111111111,15.5,0.0,5.285416666666666,37.0,0.4,3.9402777777777778,0.8840277777777779,14.98263888888889,209.20833333333334,16.416666666666668,-639.9930555555555,47052.270833333336,6683367.0,-330.4236111111111,-1229673,48.076388888888886,53.90972222222222,48.30555555555556,34.28472222222222,35.81944444444444,25.9375,37.25694444444444,22.875,19.055555555555557,-3.3,89.7,15.101388888888888,1.0652777777777778,55.34027777777778,33.90972222222222,34.875,34.90277777777778,33.104166666666664,278.49027777777775,0.9298611111111111,50.0,398.25138888888887,396.6458333333333,394.8861111111111,242.42708333333334,255.03125,247.1138888888889,2102.7,-47.1,32.05555555555556,0.5215277777777778,4.043055555555556,74.8423611111111,-51.22291666666666,691.7,-821.5,12.231944444444444,294.87847222222223,2000.0,0.0,84.46875,-314.8930555555555,0.0,-1000.0,29.790277777777778,306.54375000000005,1000.0,0.0,36.84166666666667,33.861111111111114,239.23263888888889,T11,0.3,14.0,4.114583333333333,0.455625,0.3,14.2,4.113194444444444,0.453125,13.0,18.0,15.208333333333334,1015.0,1019.0,1016.3541666666666,69.0,97.0,87.74305555555556,0.0,21.0,0.375,0.0,79.06944444444444,79.0,416.34027777777777,,0
2016-01-03 00:00:00+00:00,1787.5,0.0,945.6659722222222,52.489583333333336,46.50694444444444,56.826388888888886,56.833333333333336,56.56944444444444,29.375,43.916666666666664,49.291666666666664,25.84027777777778,15.8,0.0,8.216666666666667,32.5,0.4,5.902083333333334,1.2305555555555556,6.770138888888889,219.52777777777777,16.5625,-323.3263888888889,117794.59722222222,16915862.0,-100.48611111111111,-2293559,53.59722222222222,60.833333333333336,54.47222222222222,36.791666666666664,37.15277777777778,26.29861111111111,37.888888888888886,25.77777777777778,18.895833333333332,-3.2,45.4,10.096527777777778,1.0569444444444445,62.625,37.06944444444444,37.81944444444444,37.6875,34.611111111111114,704.8729166666667,0.9611111111111111,50.0,399.15694444444443,396.8152777777778,396.39652777777775,592.4159722222222,613.9979166666667,600.6104166666667,2106.7,-48.1,32.99305555555556,0.5118055555555556,5.990972222222222,143.5625,-95.54791666666667,640.0,-781.1,12.210416666666667,708.0743055555555,2000.0,0.0,143.43055555555554,-475.41805555555555,0.0,-1000.0,59.4076388888889,424.90555555555557,1000.0,0.0,81.60069444444444,38.020833333333336,220.2423611111111,T11,0.0,17.8,5.634722222222222,0.9665277777777779,0.0,18.0,5.652083333333334,0.9630555555555556,13.0,18.0,15.520833333333334,1012.0,1016.0,1013.9513888888889,81.0,98.0,94.20833333333333,0.0,2.0,0.09722222222222222,0.0,109.47222222222223,109.79861111111111,413.90972222222223,,0
2016-01-04 00:00:00+00:00,1807.2,1254.8,1651.6944444444443,33.900000000000006,70.09722222222223,95.90972222222223,95.48611111111111,95.20833333333333,40.201388888888886,53.09027777777778,64.33333333333333,33.326388888888886,15.9,11.1,14.63402777777778,39.2,0.5,10.215277777777779,2.1097222222222225,-0.38125000000000003,249.56666666666666,18.0,0.0,272044.375,39174390.0,0.0,-4588561,70.625,83.25,75.19444444444444,45.25694444444444,44.28472222222222,27.40972222222222,44.49305555555556,36.34027777777778,19.305555555555557,-3.0,14.5,0.14722222222222223,1.7916666666666667,104.82638888888889,46.21527777777778,47.291666666666664,46.888888888888886,41.826388888888886,1632.4131944444443,1.0,49.99791666666667,399.5340277777778,396.84583333333336,399.31597222222223,1364.509722222222,1393.2895833333334,1360.1993055555556,2106.5,239.9,43.5,0.28958333333333336,10.377777777777778,238.03263888888887,-191.19722222222222,-116.7,-223.1,5.236111111111111,1628.0930555555556,2000.0,228.1,235.05277777777778,-838.0034722222222,-583.3,-1000.0,126.89999999999999,691.7826388888889,1000.0,406.1,160.53680555555556,53.4375,249.9423611111111,T11,3.8,18.0,10.003472222222221,1.8233333333333333,3.8,18.3,10.027777777777779,1.8329166666666667,16.0,18.0,17.09027777777778,1004.0,1013.0,1008.8263888888889,75.0,98.0,88.53472222222223,0.0,7.0,0.11805555555555555,0.0,197.0625,197.65277777777777,408.77777777777777,,0
2016-01-05 00:00:00+00:00,1828.5,1230.5,1574.1854166666667,56.59513888888889,53.40972222222222,80.88194444444444,81.01388888888889,80.65972222222223,36.03472222222222,54.25694444444444,63.0,26.86111111111111,16.0,10.9,13.943750000000001,37.8,0.4,9.208333333333334,1.9486111111111113,1.2590277777777779,300.5826388888889,14.340277777777779,0.0,202113.39583333334,29104329.0,0.0,-4295024,67.41666666666667,77.80555555555556,70.59722222222223,39.701388888888886,40.25694444444444,25.27777777777778,41.0625,29.59722222222222,17.166666666666668,-3.2,23.2,0.3416666666666666,1.2930555555555554,96.97916666666667,40.451388888888886,41.5625,41.229166666666664,36.6875,1212.6840277777778,0.9965277777777778,49.99861111111111,399.35069444444446,396.8513888888889,398.8305555555555,1016.470138888889,1043.1395833333333,1013.4680555555556,2107.5,144.4,39.020833333333336,0.49236111111111114,9.414583333333333,188.4701388888889,-178.95555555555555,-93.8,-228.4,5.058333333333334,1211.4013888888887,2000.0,138.3,187.7701388888889,-892.4756944444445,-583.3,-1000.0,48.135416666666664,820.9166666666666,1000.0,406.1,68.56527777777778,44.94444444444444,299.3236111111111,T11,4.7,23.8,10.00138888888889,1.4977777777777779,4.4,24.0,9.929861111111112,1.4986805555555556,10.0,18.0,13.36111111111111,1001.0,1013.0,1006.9166666666666,52.0,98.0,76.64583333333333,0.0,15.0,0.4236111111111111,0.0,197.03472222222223,195.58333333333334,406.88194444444446,,0
2016-01-06 00:00:00+00:00,1615.8,0.0,696.7423611111111,53.12152777777778,32.833333333333336,43.75,44.333333333333336,44.09027777777778,25.15972222222222,42.770833333333336,45.333333333333336,23.020833333333332,14.3,0.0,6.11875,37.1,0.4,3.411111111111111,0.7375,-1.6604166666666664,257.2659722222222,14.034722222222221,-478.3611111111111,15629.736111111111,2181796.0,-243.66666666666666,-1064628,39.826388888888886,44.69444444444444,39.77777777777778,34.1875,34.111111111111114,22.92361111111111,34.576388888888886,20.20138888888889,16.36111111111111,-3.3,89.7,11.709027777777777,1.4090277777777778,57.25,33.72222222222222,34.5,34.55555555555556,32.416666666666664,90.89444444444445,0.8097222222222222,50.00208333333333,398.63750000000005,396.71666666666664,395.36041666666665,104.82152777777777,119.46111111111112,113.225,788.9,-49.4,29.90972222222222,0.4694444444444444,3.472916666666667,27.89513888888889,-44.420833333333334,698.2,-990.3,55.79236111111111,96.13055555555555,804.7,0.0,28.006944444444443,-345.7680555555555,0.0,-1000.0,66.93194444444445,345.7680555555555,1000.0,0.0,66.93194444444445,33.15277777777778,291.42291666666665,T11,0.0,9.9,3.2819444444444446,0.17618055555555556,0.0,9.9,3.2562499999999996,0.17722222222222223,9.0,16.0,12.902777777777779,1013.0,1017.0,1015.4166666666666,59.0,85.0,72.63194444444444,0.0,1.0,0.013888888888888888,0.0,62.333333333333336,61.833333333333336,415.375,,0
2016-01-07 00:00:00+00:00,1624.2,0.0,1072.9652777777778,53.609722222222224,39.63194444444444,54.30555555555556,55.423611111111114,54.888888888888886,27.631944444444443,46.46527777777778,51.354166666666664,26.194444444444443,14.4,0.0,9.495138888888889,18.5,0.4,4.504166666666666,0.820138888888889,0.9680555555555556,247.94444444444446,16.694444444444443,-235.34027777777777,30409.333333333332,4345055.0,-156.625,-1560109,44.38194444444444,49.388888888888886,44.30555555555556,38.104166666666664,38.72222222222222,26.36111111111111,40.375,24.756944444444443,19.270833333333332,-2.8,89.7,4.246527777777778,1.3444444444444443,79.89583333333333,37.50694444444444,38.59027777777778,38.645833333333336,36.93055555555556,181.06736111111113,0.8041666666666667,50.0,398.40277777777777,396.43888888888887,395.2444444444444,174.7486111111111,197.54166666666666,185.90833333333333,989.8,-49.4,36.43055555555556,0.49027777777777776,4.679861111111111,51.80833333333333,-64.99930555555555,663.4,-940.1,52.354166666666664,184.6986111111111,1006.8,0.0,52.32361111111111,-594.4895833333334,0.0,-1000.0,99.83055555555556,594.4895833333334,1000.0,0.0,99.83055555555556,39.56944444444444,246.97708333333333,T11,0.7000000000000001,8.0,3.953472222222222,0.24493055555555557,0.6000000000000001,8.1,3.9694444444444446,0.24895833333333334,14.0,17.0,15.631944444444445,1013.0,1017.0,1014.8680555555555,67.0,84.0,76.625,0.0,0.0,0.0,0.0,75.8125,76.04861111111111,414.75694444444446,,0
2016-01-08 00:00:00+00:00,1732.7,0.0,1096.8930555555555,61.34166666666667,39.6875,54.27777777777778,54.958333333333336,54.5625,26.819444444444443,47.548611111111114,52.673611111111114,25.1875,15.3,0.0,9.608333333333333,24.2,0.4,5.234722222222222,0.96875,0.588888888888889,207.32916666666668,16.756944444444443,-251.38194444444446,66180.88888888889,9493848.0,-142.02777777777777,-1803082,47.638888888888886,53.19444444444444,47.75694444444444,37.49305555555556,36.958333333333336,26.5625,39.104166666666664,24.54861111111111,19.32638888888889,-3.3,45.7,5.28125,0.7055555555555556,73.01388888888889,37.395833333333336,38.43055555555556,38.4375,36.236111111111114,395.6166666666667,0.8645833333333334,49.99930555555555,398.82500000000005,396.7076388888889,396.13472222222225,343.62083333333334,367.92777777777775,356.85347222222225,2100.3,-49.4,34.895833333333336,0.55625,5.362500000000001,94.79930555555556,-75.10138888888889,657.6,-752.7,31.56319444444445,398.8388888888889,2000.0,0.0,95.72291666666666,-610.7437500000001,0.0,-1000.0,38.28194444444445,607.4916666666667,1000.0,0.0,41.84027777777778,38.96527777777778,206.74305555555554,T11,0.0,13.1,5.298611111111111,0.47215277777777775,0.2,13.3,5.290972222222222,0.5008333333333334,13.0,18.0,15.784722222222221,1005.0,1013.0,1008.8194444444445,70.0,93.0,82.94444444444444,0.0,0.0,0.0,0.0,102.71527777777777,102.5,408.7916666666667,,0
2016-01-09 00:00:00+00:00,1758.0,1218.4,1477.3256944444445,67.31180555555555,45.28472222222222,67.00694444444444,67.8125,67.23611111111111,29.23611111111111,52.854166666666664,60.30555555555556,26.180555555555557,15.6,10.8,13.084027777777777,30.8,0.4,7.190277777777778,1.4430555555555555,-0.663888888888889,259.00416666666666,16.756944444444443,-2.1319444444444446,125619.29861111111,18088872.0,-1.2152777777777777,-3326035,59.826388888888886,67.30555555555556,61.18055555555556,40.201388888888886,40.43055555555556,26.65972222222222,42.388888888888886,27.569444444444443,18.79861111111111,-3.3,9.8,-1.6152777777777778,0.5888888888888889,92.77083333333333,40.55555555555556,41.63194444444444,41.53472222222222,38.49305555555556,753.682638888889,0.9680555555555556,50.00069444444445,398.76944444444445,396.3826388888889,396.9201388888889,629.5604166666667,663.8034722222222,642.9777777777778,2107.5,-40.8,39.583333333333336,0.5923611111111111,7.3604166666666675,195.79375,-138.57638888888889,601.2,-974.8,12.272916666666667,752.9361111111111,2000.0,0.0,195.28055555555557,-946.0208333333334,0.0,-1000.0,66.07361111111112,921.7534722222222,1000.0,0.0,83.48611111111111,43.513888888888886,259.6625,T11,1.7000000000000002,17.0,7.059027777777778,0.9356944444444445,1.6,17.2,7.069444444444445,0.9353472222222222,14.0,18.0,15.680555555555555,1004.0,1012.0,1007.9236111111111,58.0,97.0,78.72222222222223,0.0,4.0,0.125,0.0,138.02083333333334,138.27777777777777,407.875,,0
2016-01-10 00:00:00+00:00,1800.2,182.3,1553.0298611111111,60.44027777777777,49.791666666666664,74.89583333333333,75.28472222222223,74.74305555555556,31.006944444444443,53.923611111111114,62.5,27.506944444444443,15.8,1.8,13.756250000000001,41.7,0.5,8.322222222222223,1.7215277777777778,-1.5430555555555556,232.0993055555556,17.305555555555557,-10.416666666666666,181004.38194444444,26063131.0,-6.666666666666667,-3883774,61.486111111111114,70.84027777777777,63.958333333333336,41.5,41.173611111111114,27.125,42.78472222222222,30.5625,19.15277777777778,-3.3,55.3,-1.2729166666666667,1.0479166666666666,95.27777777777777,42.166666666666664,43.208333333333336,43.020833333333336,39.236111111111114,1086.0104166666667,0.9874999999999999,50.0,399.0548611111111,396.1479166666667,397.37430555555557,904.23125,943.1020833333334,915.5888888888888,2109.6,-43.7,40.541666666666664,0.5305555555555556,8.488888888888889,243.02291666666667,-161.82986111111111,21.2,-221.5,5.746527777777778,1084.4715277777777,2000.0,0.0,241.27083333333334,-933.1715277777779,0.0,-1000.0,83.89097222222222,870.5819444444445,1000.0,0.0,120.86874999999999,44.47222222222222,233.64583333333334,T11,2.6,19.0,8.306249999999999,1.6411805555555556,2.6,19.4,8.339583333333334,1.645,15.0,18.0,16.444444444444443,1009.0,1012.0,1010.0694444444445,53.0,87.0,72.65277777777777,0.0,1.0,0.006944444444444444,0.0,163.02083333333334,163.76388888888889,410.03472222222223,,0
2016-01-11 00:00:00+00:00,1816.4,0.0,1434.1597222222222,61.14791666666666,61.53472222222222,85.77777777777777,85.89583333333333,85.54166666666667,43.923611111111114,50.1875,59.24305555555556,30.506944444444443,16.0,0.0,12.70625,38.4,0.4,8.747222222222222,2.0180555555555557,1.2986111111111112,242.1826388888889,16.59722222222222,-198.72916666666666,194810.24305555556,28024058.0,-145.70833333333334,-3581280,64.54861111111111,76.06944444444444,68.8125,43.71527777777778,42.729166666666664,27.583333333333332,43.145833333333336,32.375,19.78472222222222,-2.8,89.5,4.061805555555555,3.2645833333333334,99.03472222222223,44.21527777777778,45.27777777777778,44.93055555555556,40.979166666666664,1167.5229166666666,0.8527777777777777,50.00208333333333,399.5493055555555,396.8215277777778,397.63125,997.3638888888888,1025.8784722222222,1000.4833333333333,2110.0,-51.8,41.645833333333336,0.5395833333333333,8.82986111111111,149.94652777777776,-149.19722222222222,597.3,-704.9,46.06736111111111,1183.8701388888887,2000.0,0.0,148.81597222222223,-596.0520833333334,0.0,-1000.0,146.61805555555554,484.2444444444444,1000.0,0.0,158.3013888888889,47.5,260.8902777777778,T11,1.5,21.8,9.188194444444443,2.2656944444444442,1.5,21.9,9.190277777777778,2.2780555555555555,12.0,18.0,15.666666666666666,1008.0,1015.0,1010.9444444444445,67.0,100.0,84.29166666666667,0.0,3.0,0.1111111111111111,0.0,180.75,180.75694444444446,410.90972222222223,,0
2016-01-12 00:00:00+00:00,1671.1,43.0,829.6430555555556,96.64166666666667,35.354166666666664,45.020833333333336,45.625,45.333333333333336,26.555555555555557,43.576388888888886,47.298611111111114,23.055555555555557,14.8,0.0,7.263888888888889,36.2,0.4,4.031944444444445,0.9708333333333334,-1.9965277777777777,232.46736111111113,13.875,-428.6041666666667,26526.631944444445,3758116.0,-180.60416666666666,-1228086,40.541666666666664,45.30555555555556,40.28472222222222,34.61805555555556,34.361111111111114,24.020833333333332,35.47222222222222,20.833333333333332,16.868055555555557,-3.1,84.1,10.281944444444443,1.9180555555555554,59.423611111111114,34.076388888888886,35.048611111111114,35.111111111111114,33.15277777777778,156.59027777777777,0.8736111111111111,50.00138888888889,398.61249999999995,396.7034722222222,395.5173611111111,143.71805555555557,160.29861111111111,152.77152777777778,1367.2,-49.8,30.4375,0.9041666666666666,4.182638888888889,56.395833333333336,-51.143055555555556,609.4,-827.8,23.486805555555556,163.51458333333332,1381.3,0.0,58.454861111111114,-409.11805555555554,0.0,-1000.0,66.54861111111111,409.11805555555554,1000.0,0.0,66.54861111111111,30.006944444444443,244.4597222222222,T11,0.5,11.4,4.728472222222222,0.3854861111111111,0.5,11.2,4.65,0.36944444444444446,9.0,16.0,12.847222222222221,1015.0,1018.0,1015.9097222222222,49.0,100.0,77.29166666666667,0.0,1.0,0.006944444444444444,0.0,91.35416666666667,89.79861111111111,415.88194444444446,,0
2016-01-13 00:00:00+00:00,1702.9,176.1,1416.9465277777776,61.68472222222223,43.61805555555556,59.80555555555556,60.548611111111114,60.201388888888886,25.86111111111111,52.375,58.854166666666664,23.875,15.1,1.7000000000000002,12.551388888888889,36.7,0.5,6.626388888888889,1.1618055555555555,0.8972222222222221,96.57013888888889,15.368055555555555,-43.041666666666664,99999.5,14393728.0,-34.93055555555556,-3439898,53.50694444444444,59.625,53.61805555555556,37.423611111111114,38.24305555555556,25.36111111111111,40.44444444444444,25.319444444444443,17.631944444444443,-3.3,57.7,-0.9333333333333333,0.40347222222222223,87.38194444444444,37.541666666666664,38.666666666666664,38.59027777777778,35.68055555555556,599.7826388888889,0.8701388888888889,49.99930555555555,398.3409722222222,395.99791666666664,397.07430555555555,530.9875,554.254861111111,531.8055555555555,2084.3,-49.8,37.520833333333336,0.5395833333333333,6.706250000000001,136.17013888888889,-143.2798611111111,762.7,-976.8,45.22708333333333,600.3263888888889,2000.0,0.0,136.66666666666666,-878.7694444444445,0.0,-1000.0,28.079166666666666,873.5493055555556,1000.0,0.0,38.075,36.736111111111114,93.17430555555556,T11,1.1,12.9,7.434027777777778,0.4403472222222222,1.1,13.3,7.48888888888889,0.44548611111111114,11.0,17.0,14.333333333333334,1014.0,1017.0,1015.7152777777778,51.0,82.0,67.42361111111111,0.0,0.0,0.0,0.0,145.67361111111111,146.70833333333334,415.6666666666667,,0
2016-01-14 00:00:00+00:00,1702.8,0.0,1008.6930555555555,65.86875,38.02777777777778,51.375,52.13194444444444,51.84027777777778,27.430555555555557,47.451388888888886,51.56944444444444,25.17361111111111,15.1,0.0,8.900694444444445,26.4,0.4,4.729861111111111,0.8548611111111112,-3.0520833333333335,186.1763888888889,16.194444444444443,-434.3611111111111,42222.01388888889,6017418.0,-314.13194444444446,-1440187,48.55555555555556,54.09722222222222,48.6875,37.576388888888886,37.673611111111114,27.09722222222222,39.236111111111114,23.944444444444443,20.069444444444443,-3.1,89.7,8.006944444444445,1.7333333333333334,73.36111111111111,37.201388888888886,38.3125,38.34722222222222,36.5625,250.69375000000002,0.8277777777777778,49.99791666666667,398.81388888888887,397.025,395.8826388888889,228.47222222222223,247.81041666666664,237.3326388888889,2096.5,-50.1,35.34722222222222,0.5833333333333334,4.770833333333333,56.21111111111111,-59.962500000000006,883.1,-1000.5,39.11597222222222,258.56319444444443,2000.0,0.0,56.75694444444444,-505.6333333333333,0.0,-1000.0,78.22847222222222,502.15277777777777,1000.0,0.0,80.38194444444444,33.18055555555556,191.72361111111113,T11,0.9,12.2,4.512499999999999,0.3504861111111111,1.1,12.2,4.518055555555556,0.3560416666666667,13.0,18.0,15.13888888888889,1012.0,1016.0,1014.0277777777778,67.0,97.0,81.75,0.0,0.0,0.0,0.0,87.02777777777777,87.07638888888889,413.94444444444446,,0
2016-01-15 00:00:00+00:00,1719.4,0.0,1168.2819444444444,78.96944444444445,40.02777777777778,53.56944444444444,54.4375,54.104166666666664,26.67361111111111,47.979166666666664,53.65277777777778,23.756944444444443,15.2,0.0,10.334027777777777,26.0,0.4,5.234027777777778,1.0243055555555556,-0.0784722222222223,299.4111111111111,14.972222222222221,-251.36805555555554,55304.069444444445,7927591.0,-209.26388888888889,-2092486,46.798611111111114,52.138888888888886,46.645833333333336,38.53472222222222,37.03472222222222,25.34027777777778,38.96527777777778,23.61111111111111,17.819444444444443,-3.2,89.7,4.379861111111111,1.6972222222222222,79.13888888888889,38.21527777777778,39.354166666666664,39.34027777777778,37.28472222222222,330.3666666666667,0.8298611111111112,49.99930555555555,398.46944444444443,396.38472222222225,396.0152777777778,293.39166666666665,317.1472222222222,301.9888888888889,2101.2,-49.9,35.416666666666664,0.7097222222222223,5.421527777777778,90.62708333333333,-87.14513888888888,591.8,-996.2,31.49027777777778,335.8618055555555,2000.0,0.0,92.10347222222222,-665.6840277777778,0.0,-1000.0,60.708333333333336,662.6291666666667,1000.0,0.0,64.45347222222222,34.0625,299.5027777777778,T11,1.2,12.6,5.522916666666666,0.3715972222222222,1.2,12.1,5.480555555555556,0.3699305555555556,11.0,16.0,13.854166666666666,1012.0,1019.0,1015.3472222222222,71.0,98.0,84.125,0.0,2.0,0.020833333333333332,0.0,107.36111111111111,106.48611111111111,415.2986111111111,,0
2016-01-16 00:00:00+00:00,1697.9,34.2,1146.8444444444444,89.63888888888889,41.638888888888886,53.09027777777778,53.673611111111114,53.298611111111114,25.59722222222222,49.416666666666664,54.63194444444444,23.36111111111111,15.0,0.0,10.120138888888889,23.9,0.4,5.5375,0.9770833333333334,-0.21180555555555566,102.99652777777777,13.652777777777779,-297.9861111111111,74819.32638888889,10731073.0,-204.79861111111111,-2090444,47.013888888888886,52.65277777777778,46.97222222222222,36.09722222222222,35.86805555555556,23.875,37.208333333333336,22.59027777777778,16.45138888888889,-3.3,47.6,4.895833333333333,1.7034722222222223,72.09722222222223,36.05555555555556,37.09722222222222,37.09722222222222,34.4375,447.20416666666665,0.8076388888888889,50.00069444444445,398.2125,396.09375,395.98333333333335,398.8597222222222,418.20208333333335,408.13680555555555,2100.0,-49.7,33.979166666666664,0.8118055555555556,5.604861111111111,79.4986111111111,-87.07777777777778,719.5,-986.1,51.66875,452.46180555555554,2000.0,0.0,80.47222222222223,-581.45,0.0,-1000.0,52.45902777777778,571.213888888889,1000.0,0.0,58.92152777777778,32.875,93.20833333333333,T11,0.0,11.7,5.484027777777778,0.36895833333333333,0.0,12.0,5.49375,0.37375,9.0,17.0,12.590277777777779,1018.0,1021.0,1019.0,38.0,88.0,61.798611111111114,0.0,1.0,0.006944444444444444,0.0,106.56944444444444,106.74305555555556,418.9791666666667,,0
2016-01-17 00:00:00+00:00,1772.1,95.5,1522.3854166666667,44.33888888888889,57.6875,73.78472222222223,74.15277777777777,73.68055555555556,26.77777777777778,54.11805555555556,61.84722222222222,23.833333333333332,15.6,0.0,13.485416666666667,37.3,0.4,7.98888888888889,1.3458333333333334,0.18541666666666667,83.49583333333334,13.645833333333334,-55.96527777777778,171571.9375,24698299.0,-46.44444444444444,-3781028,63.520833333333336,72.88888888888889,65.84027777777777,38.111111111111114,38.486111111111114,23.72222222222222,39.708333333333336,27.5625,15.555555555555555,-3.2,79.9,-0.8340277777777778,0.7104166666666667,93.23611111111111,38.61805555555556,39.6875,39.458333333333336,35.3125,1029.0222222222224,0.9333333333333333,50.00277777777777,398.9006944444444,396.4597222222222,397.6652777777778,869.9381944444444,898.1229166666667,873.7986111111111,2104.6,-47.1,37.395833333333336,0.3902777777777778,8.072222222222223,165.10902777777778,-157.55416666666667,518.4,-582.5,19.350694444444443,1029.5583333333334,2000.0,0.0,164.81666666666666,-871.6812500000001,0.0,-1000.0,61.25486111111112,809.2375,1000.0,0.0,91.95277777777778,41.56944444444444,83.30902777777777,T11,1.1,14.5,8.321527777777778,0.5744444444444444,1.1,14.8,8.368055555555555,0.5779861111111111,12.0,15.0,12.73611111111111,1015.0,1019.0,1017.0972222222222,59.0,72.0,63.65972222222222,0.0,0.0,0.0,0.0,163.34722222222223,164.20833333333334,417.0625,,0
2016-01-18 00:00:00+00:00,1647.6,0.0,708.0583333333333,58.28541666666667,39.25694444444444,42.69444444444444,43.3125,43.125,25.8125,42.93055555555556,45.40277777777778,23.666666666666668,14.6,0.0,6.194444444444445,18.1,0.4,3.675694444444444,0.7652777777777778,-4.238194444444445,260.35,14.13888888888889,-509.6736111111111,11293.826388888889,1552918.0,-264.6458333333333,-826247,39.826388888888886,44.423611111111114,39.5,33.895833333333336,33.6875,23.77777777777778,34.97222222222222,20.70138888888889,16.791666666666668,-2.7,89.7,18.788194444444443,1.9145833333333333,56.21527777777778,33.416666666666664,34.36805555555556,34.451388888888886,32.638888888888886,64.71527777777777,0.7229166666666668,49.99930555555555,398.6111111111111,397.07222222222225,395.51458333333335,99.57361111111112,109.92291666666667,106.25416666666666,1002.6,-49.9,30.479166666666668,0.5423611111111111,3.6624999999999996,22.014583333333334,-34.327777777777776,615.1,-870.1,82.55902777777777,77.1,1018.9,0.0,27.03611111111111,-259.26180555555555,0.0,-1000.0,56.75,259.26180555555555,1000.0,0.0,56.75,29.13888888888889,262.1027777777778,T11,0.5,9.1,3.6284722222222223,0.15215277777777778,0.4,9.0,3.595138888888889,0.15048611111111113,10.0,17.0,12.930555555555555,1013.0,1017.0,1014.7083333333334,38.0,89.0,65.52083333333333,0.0,0.0,0.0,0.0,69.32638888888889,68.53472222222223,414.65277777777777,,0
2016-01-19 00:00:00+00:00,1534.6,0.0,432.4465277777778,80.71111111111111,32.145833333333336,37.53472222222222,37.84722222222222,37.77777777777778,26.118055555555557,38.44444444444444,39.46527777777778,23.166666666666668,13.6,0.0,3.6513888888888886,15.7,0.4,2.5652777777777778,0.5868055555555556,-2.296527777777778,240.49027777777778,14.659722222222221,-664.7777777777778,3528.5069444444443,412379.0,-280.15277777777777,-287317,38.25694444444444,42.9375,37.951388888888886,32.24305555555556,33.298611111111114,23.88888888888889,33.888888888888886,19.694444444444443,17.694444444444443,-2.4,89.7,17.379166666666666,2.0833333333333335,46.479166666666664,31.854166666666668,32.604166666666664,32.72222222222222,30.90972222222222,17.177777777777777,0.8083333333333333,49.99583333333333,398.6847222222222,397.53472222222223,395.9,42.912499999999994,46.954166666666666,46.11944444444444,619.1,-49.5,28.59722222222222,0.7069444444444444,2.571527777777778,11.881250000000001,-11.96875,590.0,-737.9,46.87152777777778,25.581249999999997,631.4,0.0,12.99861111111111,-89.29444444444444,0.0,-1000.0,41.204166666666666,89.29444444444444,1000.0,0.0,41.204166666666666,27.46527777777778,202.76875,T11,0.0,6.7,2.567361111111111,0.12034722222222223,0.0,6.7,2.5430555555555556,0.11881944444444444,11.0,16.0,13.430555555555555,1011.0,1014.0,1012.0486111111111,47.0,97.0,68.86111111111111,0.0,0.0,0.0,0.0,47.93055555555556,47.486111111111114,412.0,,0
2016-01-20 00:00:00+00:00,1735.1,0.0,802.5013888888889,85.23472222222222,39.763888888888886,46.916666666666664,47.34027777777778,47.166666666666664,27.006944444444443,44.354166666666664,47.770833333333336,24.319444444444443,15.3,0.0,7.034027777777777,37.6,0.4,4.13125,0.8812500000000001,-3.7312499999999997,240.3409722222222,16.15277777777778,-588.8402777777778,36194.208333333336,5127176.0,-400.2986111111111,-1150774,45.520833333333336,50.46527777777778,45.13194444444444,35.736111111111114,35.78472222222222,25.4375,37.00694444444444,22.88888888888889,18.46527777777778,-3.1,89.7,11.486805555555556,2.201388888888889,60.34722222222222,35.36805555555556,36.395833333333336,36.458333333333336,34.65972222222222,213.64999999999998,0.7826388888888889,49.99722222222223,398.34513888888887,396.8493055555556,395.62361111111113,208.14305555555555,219.2527777777778,214.01736111111111,2104.0,-50.3,32.84027777777778,0.7701388888888889,4.235416666666667,63.56736111111112,-47.916666666666664,618.9,-999.9,54.230555555555554,223.78125,2000.0,0.0,66.125,-323.02708333333334,0.0,-1000.0,67.58125000000001,317.9583333333333,1000.0,0.0,73.5875,33.013888888888886,246.56944444444446,T11,0.5,14.2,4.197916666666667,0.2984027777777778,0.5,14.5,4.178472222222222,0.30791666666666667,11.0,17.0,14.993055555555555,1008.0,1014.0,1010.7152777777778,60.0,97.0,83.56944444444444,0.0,27.0,0.3958333333333333,0.0,80.60416666666667,80.27083333333333,410.6736111111111,,0
2016-01-21 00:00:00+00:00,1398.9,0.0,243.01250000000002,40.31041666666667,27.270833333333332,32.30555555555556,32.395833333333336,32.38194444444444,27.270833333333332,36.38194444444444,36.28472222222222,24.180555555555557,12.4,0.0,1.9124999999999999,33.6,0.4,2.1631944444444446,0.4979166666666667,-2.3812499999999996,196.41041666666666,16.59027777777778,-672.9791666666666,1601.0416666666667,133643.0,-220.25,-148117,38.25,42.59722222222222,37.65277777777778,31.27777777777778,32.736111111111114,25.8125,33.701388888888886,20.25,19.479166666666668,-2.3,89.7,21.37777777777778,1.2479166666666666,33.81944444444444,30.76388888888889,31.40972222222222,31.51388888888889,29.958333333333332,5.559722222222223,0.9145833333333333,49.99652777777778,398.1069444444445,397.2472222222222,394.7409722222222,16.466666666666665,19.40972222222222,19.37222222222222,365.7,-49.5,26.84722222222222,0.3888888888888889,2.189583333333333,8.213194444444445,-6.118055555555555,567.4,-790.5,14.947222222222223,12.17013888888889,446.1,0.0,8.477777777777778,-44.27152777777778,0.0,-1000.0,25.075694444444444,44.27152777777778,1000.0,0.0,25.075694444444444,26.3125,198.80624999999998,T11,0.0,6.5,1.9743055555555555,0.07729166666666668,0.0,6.6,1.9618055555555556,0.08229166666666667,13.0,17.0,15.54861111111111,1013.0,1018.0,1015.1736111111111,83.0,98.0,91.70833333333333,0.0,0.0,0.0,0.0,36.06944444444444,35.8125,415.125,,0
2016-01-22 00:00:00+00:00,1682.5,0.0,573.6576388888889,51.87291666666667,33.96527777777778,39.0625,39.27777777777778,39.166666666666664,29.01388888888889,38.333333333333336,40.72222222222222,25.59027777777778,14.9,0.0,4.831944444444444,18.5,0.4,3.5812500000000003,0.6395833333333334,-8.202083333333333,81.40416666666667,17.618055555555557,-445.5416666666667,26151.625,3701677.0,-107.34027777777777,-783966,42.458333333333336,46.75694444444444,41.75694444444444,33.81944444444444,33.833333333333336,27.694444444444443,36.19444444444444,23.4375,21.03472222222222,-3.2,81.4,15.388194444444444,0.8979166666666667,44.00694444444444,33.236111111111114,34.34027777777778,34.458333333333336,32.75,154.26805555555555,0.9270833333333334,50.0,398.69930555555555,397.30833333333334,395.8833333333333,138.0236111111111,147.82708333333332,143.68263888888887,1469.9,-49.8,30.270833333333332,0.5604166666666667,3.5854166666666663,25.17361111111111,-32.68819444444445,453.8,-693.0,15.684722222222222,160.09166666666667,1485.0,0.0,26.964583333333334,-261.12638888888887,0.0,-1000.0,22.69027777777778,261.1222222222222,1000.0,0.0,22.726388888888888,33.701388888888886,79.62083333333334,T11,0.0,10.5,3.579861111111111,0.16868055555555556,0.0,10.5,3.599305555555555,0.1711111111111111,14.0,25.0,16.541666666666668,1018.0,1022.0,1019.9722222222222,62.0,100.0,80.44444444444444,0.0,1.0,0.013888888888888888,0.0,68.29166666666667,68.63194444444444,419.9166666666667,,0
2016-01-23 00:00:00+00:00,1784.3,1212.0,1525.8041666666666,62.78125,56.548611111111114,70.63194444444444,71.17361111111111,70.80555555555556,30.104166666666668,54.798611111111114,62.388888888888886,26.36111111111111,15.7,10.7,13.5125,35.8,0.4,7.822916666666667,1.3770833333333334,0.27291666666666664,107.26527777777778,16.868055555555557,0.0,148690.54166666666,21411438.0,0.0,-3886565,62.111111111111114,69.70138888888889,63.09722222222222,40.8125,41.38194444444444,27.0,43.145833333333336,29.125,18.95138888888889,-3.3,10.2,-1.51875,0.6000000000000001,94.67361111111111,41.21527777777778,42.326388888888886,42.083333333333336,38.895833333333336,892.2409722222222,0.9861111111111112,50.0,398.5534722222222,396.3041666666667,398.07708333333335,755.1493055555555,776.8166666666667,749.3833333333333,2107.6,65.2,40.78472222222222,0.557638888888889,7.9208333333333325,179.44652777777776,-161.9361111111111,-47.8,-221.2,4.459722222222222,891.29375,2000.0,64.0,179.1986111111111,-962.2590277777776,-314.4,-1000.0,37.66180555555556,930.0826388888888,1000.0,314.4,53.29375,49.77777777777778,106.99513888888889,T11,2.1,14.0,8.011111111111111,0.78625,2.0,14.1,8.08125,0.7918055555555555,14.0,18.0,15.916666666666666,1020.0,1024.0,1022.0416666666666,64.0,89.0,76.95833333333333,0.0,0.0,0.0,0.0,157.08333333333334,158.50694444444446,421.99305555555554,,0
2016-01-24 00:00:00+00:00,1715.9,0.0,1440.8333333333333,60.107638888888886,45.104166666666664,60.979166666666664,61.90277777777778,61.520833333333336,27.541666666666668,53.38194444444444,59.895833333333336,25.47222222222222,15.1,0.0,12.761805555555556,36.0,0.5,6.734027777777778,1.0527777777777778,1.1388888888888888,114.72430555555555,16.930555555555557,-37.6875,94331.15277777778,13578259.0,-23.28472222222222,-3002237,56.125,62.263888888888886,56.298611111111114,39.63194444444444,40.09722222222222,27.03472222222222,42.111111111111114,26.868055555555557,19.03472222222222,-3.3,89.7,-1.3888888888888888,0.8166666666666668,90.53472222222223,39.638888888888886,40.770833333333336,40.673611111111114,38.15972222222222,565.7534722222222,0.9437500000000001,49.99930555555555,398.94166666666666,396.42499999999995,397.9270833333333,482.18958333333336,507.15625,478.13958333333335,2101.4,-50.0,38.986111111111114,0.5284722222222222,6.698611111111111,110.56041666666667,-125.09444444444443,14.1,-186.6,6.961805555555555,566.7597222222222,2000.0,0.0,110.4048611111111,-939.1715277777779,0.0,-1000.0,41.861111111111114,934.9694444444444,1000.0,0.0,47.19861111111111,40.354166666666664,113.59444444444445,T11,1.7000000000000002,11.6,6.204861111111111,0.7141666666666667,1.7000000000000002,12.3,6.258333333333334,0.7229861111111111,14.0,19.0,15.9375,1021.0,1024.0,1022.3611111111111,61.0,78.0,70.91666666666667,0.0,0.0,0.0,0.0,120.97222222222223,122.06944444444444,422.30555555555554,,0
2016-01-25 00:00:00+00:00,1699.9,0.0,1172.9256944444444,66.58888888888889,39.53472222222222,54.3125,55.15277777777778,54.81944444444444,27.03472222222222,50.09027777777778,55.09722222222222,24.270833333333332,15.0,0.0,10.340277777777779,34.0,0.4,5.523611111111111,0.938888888888889,0.0930555555555556,112.67291666666667,16.368055555555557,-218.16666666666666,62233.083333333336,8930146.0,-137.31944444444446,-2161229,48.8125,54.53472222222222,49.09027777777778,38.25,38.09027777777778,26.54861111111111,40.19444444444444,24.65972222222222,18.97222222222222,-3.1,89.7,3.290277777777778,1.0541666666666667,81.97916666666667,37.99305555555556,39.09027777777778,39.111111111111114,37.02777777777778,372.06388888888887,0.90625,50.00069444444445,398.41319444444446,396.3951388888889,396.8548611111111,326.87291666666664,345.7125,325.4090277777778,1836.5,-48.3,36.75694444444444,0.6055555555555556,5.553472222222222,82.88749999999999,-90.0375,630.3,-663.0,22.665972222222223,375.3361111111111,1859.1,0.0,83.60138888888889,-737.71875,0.0,-1000.0,51.68194444444444,735.442361111111,1000.0,0.0,54.31736111111111,35.236111111111114,112.56944444444444,T11,0.0,11.4,5.322222222222222,0.500625,0.0,11.6,5.3694444444444445,0.5049305555555557,14.0,18.0,15.409722222222221,1021.0,1024.0,1022.0347222222222,66.0,87.0,77.125,0.0,0.0,0.0,0.0,103.11111111111111,104.25694444444444,422.00694444444446,,0
2016-01-26 00:00:00+00:00,1457.1,0.0,423.5888888888889,42.38402777777778,29.458333333333332,37.56944444444444,37.84722222222222,37.74305555555556,26.73611111111111,38.479166666666664,39.59722222222222,23.208333333333332,12.9,0.0,3.529166666666667,17.1,0.4,2.497916666666667,0.5951388888888889,1.1625,239.51666666666668,14.76388888888889,-641.4583333333334,4076.965277777778,494713.0,-252.02777777777777,-410110,37.923611111111114,42.375,37.44444444444444,32.15277777777778,32.9375,24.479166666666668,33.395833333333336,19.8125,18.15972222222222,-2.4,78.5,17.40347222222222,0.9659722222222222,42.520833333333336,31.82638888888889,32.416666666666664,32.486111111111114,30.694444444444443,20.609027777777776,0.8875,50.00347222222222,398.65625,397.1902777777778,395.62152777777777,31.467361111111114,37.75763888888889,34.03472222222222,399.5,-49.6,27.73611111111111,0.41944444444444445,2.5472222222222225,13.868749999999999,-17.069444444444443,547.2,-800.1,18.143749999999997,27.586805555555557,403.3,0.0,14.380555555555556,-118.2159722222222,0.0,-1000.0,53.84583333333333,118.2159722222222,1000.0,0.0,53.84583333333333,27.90277777777778,258.3666666666667,T11,0.0,6.7,2.634027777777778,0.12020833333333332,0.0,6.6,2.6131944444444444,0.11875000000000001,11.0,16.0,13.583333333333334,1022.0,1025.0,1023.3541666666666,62.0,96.0,82.86805555555556,0.0,1.0,0.020833333333333332,0.0,49.166666666666664,48.916666666666664,423.25,,0
2016-01-27 00:00:00+00:00,1402.2,0.0,113.58888888888889,39.955555555555556,22.569444444444443,26.8125,26.791666666666668,26.729166666666668,26.4375,32.0625,31.1875,23.381944444444443,12.4,0.0,0.7333333333333333,12.8,0.4,1.9645833333333331,0.4729166666666667,38.65069444444444,179.6451388888889,14.409722222222221,-605.1458333333334,44.3125,-80762.0,-95.84027777777777,-13710,36.388888888888886,40.30555555555556,35.72222222222222,29.694444444444443,31.90972222222222,25.03472222222222,31.65277777777778,18.458333333333332,18.993055555555557,-2.3,89.7,23.610416666666666,0.9375,26.875,29.375,29.77777777777778,29.90277777777778,28.006944444444443,-3.3680555555555554,0.9437500000000001,50.00069444444445,398.7993055555555,397.6423611111111,395.34444444444443,3.259027777777778,4.705555555555556,5.235416666666667,233.0,-49.7,24.625,0.3979166666666667,1.9673611111111111,3.334722222222222,-0.5722222222222222,261.5,-370.7,3.849305555555556,2.8409722222222222,234.3,0.0,4.3069444444444445,-1.4631944444444445,0.0,-1000.0,4.010416666666667,1.4631944444444445,1000.0,0.0,4.010416666666667,23.208333333333332,241.00902777777776,T11,0.0,5.2,1.9486111111111113,0.09854166666666667,0.0,5.5,1.9562499999999998,0.10041666666666667,10.0,17.0,13.07638888888889,1020.0,1023.0,1021.375,48.0,96.0,77.49305555555556,0.0,1.0,0.020833333333333332,0.0,35.55555555555556,35.77777777777778,421.3333333333333,,0
2016-01-28 00:00:00+00:00,1429.0,0.0,554.6048611111112,98.62777777777778,30.854166666666668,39.49305555555556,39.77777777777778,39.69444444444444,26.006944444444443,40.88194444444444,43.11805555555556,23.0,12.6,0.0,4.714583333333334,13.0,0.4,3.0756944444444443,0.6784722222222223,-6.823611111111111,97.25069444444445,14.3125,-628.8402777777778,4024.402777777778,488958.0,-302.24305555555554,-430727,37.72222222222222,41.763888888888886,36.770833333333336,32.736111111111114,32.701388888888886,24.28472222222222,33.65972222222222,19.631944444444443,17.34722222222222,-2.4,89.7,15.82638888888889,2.5472222222222225,46.236111111111114,32.06944444444444,33.166666666666664,33.263888888888886,31.57638888888889,20.383333333333333,0.7604166666666666,50.00069444444445,398.51180555555555,397.22222222222223,395.5368055555556,54.00833333333333,58.556250000000006,57.893055555555556,379.3,-49.1,27.9375,0.9458333333333333,3.0652777777777778,12.45138888888889,-17.925694444444446,735.6,-955.1,63.54097222222222,31.533333333333335,391.0,0.0,15.229166666666666,-117.20138888888889,0.0,-1000.0,47.93819444444445,117.20138888888889,1000.0,0.0,47.93819444444445,28.38888888888889,106.57013888888889,T11,0.0,6.8,3.1312499999999996,0.14395833333333333,0.0,6.7,3.098611111111111,0.14340277777777777,11.0,16.0,13.152777777777779,1020.0,1023.0,1021.3333333333334,66.0,90.0,78.93055555555556,0.0,0.0,0.0,0.0,59.263888888888886,58.666666666666664,421.30555555555554,,0
2016-01-29 00:00:00+00:00,1539.3,0.0,464.0472222222222,66.68472222222222,32.673611111111114,36.145833333333336,36.44444444444444,36.416666666666664,26.145833333333332,38.729166666666664,40.47222222222222,23.354166666666668,13.6,0.0,3.994444444444445,35.1,0.4,2.8430555555555554,0.7104166666666667,2.1375,172.47430555555556,14.48611111111111,-678.375,2810.9375,307087.0,-362.43055555555554,-308037,37.88194444444444,41.90972222222222,37.02777777777778,32.270833333333336,32.74305555555556,23.98611111111111,33.333333333333336,19.84027777777778,17.46527777777778,-2.4,89.7,17.788194444444443,1.851388888888889,44.00694444444444,31.79861111111111,32.59027777777778,32.65972222222222,30.833333333333332,12.81111111111111,0.8111111111111111,50.0,398.9173611111111,397.5256944444444,396.3513888888889,30.75763888888889,34.802083333333336,33.02291666666667,478.6,-50.3,27.71527777777778,0.6409722222222222,2.879166666666667,13.41388888888889,-12.843055555555557,613.2,-749.9,29.546527777777776,27.533333333333335,2000.0,0.0,19.959722222222222,-80.59861111111111,0.0,-1000.0,49.920833333333334,80.59861111111111,1000.0,0.0,49.920833333333334,27.40277777777778,205.32638888888889,T11,0.0,7.6,3.3319444444444444,0.15104166666666666,0.0,7.5,3.276388888888889,0.14722222222222223,10.0,18.0,13.29861111111111,1020.0,1023.0,1021.7569444444445,50.0,87.0,72.90972222222223,0.0,0.0,0.0,0.0,63.298611111111114,62.22222222222222,421.6875,,0
2016-01-30 00:00:00+00:00,1381.2,0.0,316.0451388888889,59.16805555555556,28.77777777777778,34.03472222222222,34.111111111111114,34.111111111111114,26.46527777777778,36.25694444444444,37.125,23.92361111111111,12.2,0.0,2.463888888888889,37.6,0.4,2.5770833333333334,0.7083333333333334,-3.6784722222222217,183.92847222222224,14.479166666666666,-626.8541666666666,1927.451388888889,187287.0,-220.22916666666666,-190555,37.645833333333336,41.520833333333336,36.861111111111114,31.375,32.59027777777778,24.34722222222222,32.74305555555556,19.77777777777778,17.90972222222222,-2.5,89.7,20.531944444444445,1.4076388888888889,35.27777777777778,30.92361111111111,31.53472222222222,31.618055555555557,29.59027777777778,7.802777777777777,0.875,50.0,398.4090277777778,397.1534722222222,395.2027777777778,21.546527777777776,24.972916666666666,24.737499999999997,402.2,-49.8,26.833333333333332,0.5888888888888889,2.6041666666666665,8.077083333333333,-7.970833333333333,604.5,-743.4,20.90972222222222,19.6625,2000.0,0.0,16.227083333333333,-52.83263888888889,0.0,-1000.0,24.728472222222223,52.83263888888889,1000.0,0.0,24.728472222222223,27.1875,142.60625,T11,0.0,7.4,2.714583333333333,0.14395833333333333,0.0,7.2,2.6847222222222222,0.1425,8.0,18.0,13.20138888888889,1023.0,1028.0,1025.5,54.0,87.0,69.02777777777777,0.0,0.0,0.0,0.0,50.99305555555556,50.395833333333336,425.4513888888889,,0
2016-01-31 00:00:00+00:00,1666.4,0.0,802.8715277777778,90.89097222222222,38.729166666666664,45.1875,45.826388888888886,45.604166666666664,26.28472222222222,43.15277777777778,46.736111111111114,23.618055555555557,14.8,0.0,7.0368055555555555,25.0,0.4,3.7680555555555557,0.8611111111111112,-1.7673611111111112,247.92499999999998,15.020833333333334,-501.74305555555554,16334.659722222223,2279943.0,-303.6388888888889,-1007903,40.11805555555556,44.479166666666664,39.458333333333336,35.111111111111114,34.798611111111114,24.125,35.90277777777778,21.479166666666668,17.15277777777778,-3.1,69.1,10.506944444444445,1.9847222222222223,60.076388888888886,34.63194444444444,35.65277777777778,35.72222222222222,33.951388888888886,94.9625,0.7666666666666667,50.0,398.62708333333336,396.67083333333335,395.26458333333335,110.86180555555556,123.55347222222223,117.17361111111111,1046.6,-49.8,31.333333333333332,0.8729166666666667,3.822222222222222,40.83611111111111,-41.96805555555555,674.9,-998.5,58.67916666666666,103.7875,1075.9,0.0,43.125,-311.7583333333333,0.0,-1000.0,90.70069444444444,311.7583333333333,1000.0,0.0,90.70069444444444,31.944444444444443,274.69722222222225,T11,0.6000000000000001,10.4,4.088888888888889,0.26083333333333336,0.6000000000000001,10.3,4.022222222222222,0.25319444444444444,10.0,18.0,13.875,1023.0,1028.0,1025.4027777777778,43.0,85.0,67.09722222222223,0.0,0.0,0.0,0.0,78.53472222222223,77.1875,425.3263888888889,,0
2016-02-01 00:00:00+00:00,1482.5,0.0,394.275,68.75347222222223,31.555555555555557,36.833333333333336,37.02777777777778,36.986111111111114,28.604166666666668,38.875,40.03472222222222,25.854166666666668,13.1,0.0,3.1715277777777775,13.2,0.4,2.709027777777778,0.5583333333333333,-2.271527777777778,113.89305555555555,17.92361111111111,-689.2569444444445,4606.972222222223,564148.0,-321.8611111111111,-330233,40.40277777777778,44.61805555555556,39.708333333333336,33.22222222222222,34.24305555555556,27.28472222222222,35.361111111111114,22.493055555555557,20.854166666666668,-2.5,89.7,18.665277777777778,1.7326388888888888,41.15972222222222,32.55555555555556,33.451388888888886,33.59027777777778,32.25694444444444,23.518055555555556,0.8611111111111112,50.0,398.4222222222222,397.1041666666667,395.32708333333335,37.99791666666667,43.03402777777777,42.145833333333336,563.7,-50.0,29.333333333333332,0.6819444444444445,2.740277777777778,10.111805555555556,-13.773611111111112,574.2,-910.7,27.65972222222222,32.025000000000006,566.8,0.0,11.261805555555556,-105.80000000000001,0.0,-1000.0,29.802083333333332,105.80000000000001,1000.0,0.0,29.802083333333332,29.36111111111111,128.6576388888889,T11,0.4,7.6,2.836111111111111,0.14222222222222222,0.4,7.5,2.8159722222222223,0.14666666666666667,12.0,23.0,16.72222222222222,1020.0,1024.0,1022.0972222222222,34.0,85.0,58.916666666666664,0.0,0.0,0.0,0.0,53.298611111111114,52.90972222222222,422.02777777777777,,0
2016-02-02 00:00:00+00:00,1634.1,0.0,733.5965277777777,104.63333333333334,39.09722222222222,46.88194444444444,47.458333333333336,47.34027777777778,29.541666666666668,43.576388888888886,46.708333333333336,26.479166666666668,14.5,0.0,6.338194444444444,19.4,0.4,3.5506944444444444,0.6930555555555556,6.358333333333333,171.09791666666666,17.631944444444443,-583.1041666666666,14299.520833333334,1975168.0,-339.5763888888889,-764063,43.270833333333336,47.81944444444444,42.84027777777778,36.388888888888886,36.729166666666664,28.51388888888889,38.166666666666664,23.993055555555557,21.34722222222222,-3.0,89.7,11.963888888888889,2.5347222222222223,61.229166666666664,35.77777777777778,36.9375,37.05555555555556,35.763888888888886,82.28333333333333,0.7840277777777778,49.99930555555555,398.59583333333336,397.0680555555556,395.9597222222222,93.5013888888889,102.92500000000001,96.83125000000001,795.4,-51.7,34.048611111111114,0.9833333333333333,3.609027777777778,21.863194444444446,-31.80763888888889,705.3,-810.4,40.06111111111111,91.13958333333333,807.5,0.0,24.441666666666666,-262.8520833333333,0.0,-1000.0,54.25763888888889,262.8520833333333,1000.0,0.0,54.25763888888889,34.173611111111114,157.2375,T11,0.3,8.9,3.855555555555556,0.17381944444444444,0.3,8.9,3.8687500000000004,0.1801388888888889,14.0,21.0,16.243055555555557,1018.0,1021.0,1019.4652777777778,39.0,83.0,55.74305555555556,0.0,0.0,0.0,0.0,73.90972222222223,74.10416666666667,419.4236111111111,,0
2016-02-03 00:00:00+00:00,1748.3,0.0,443.45416666666665,59.27847222222223,31.381944444444443,39.916666666666664,39.9375,39.84027777777778,26.96527777777778,38.40972222222222,40.083333333333336,23.40972222222222,15.4,0.0,3.7104166666666663,17.9,0.4,3.0923611111111113,0.6291666666666668,3.0791666666666666,208.3125,15.104166666666666,-614.2083333333334,23157.604166666668,3246250.0,-227.04166666666666,-547773,39.513888888888886,44.166666666666664,38.99305555555556,32.68055555555556,32.75,24.493055555555557,33.625,20.0625,18.42361111111111,-3.2,89.7,18.37986111111111,1.5472222222222223,41.083333333333336,32.25,33.041666666666664,33.041666666666664,31.006944444444443,135.26458333333332,0.8895833333333333,50.00069444444445,398.4215277777778,397.3388888888889,395.10833333333335,125.34375,132.10069444444446,130.8763888888889,2102.8,-50.1,27.17361111111111,0.5368055555555555,3.111111111111111,21.485416666666666,-22.805555555555557,686.2,-743.4,18.637500000000003,143.71666666666667,2000.0,0.0,22.297222222222224,-134.33680555555554,0.0,-1000.0,23.637500000000003,122.90069444444445,1000.0,0.0,25.806944444444447,29.854166666666668,225.22847222222222,T11,0.0,12.7,2.896527777777778,0.14402777777777778,0.0,12.2,2.8680555555555554,0.14388888888888887,9.0,17.0,13.895833333333334,1017.0,1020.0,1018.8611111111111,65.0,100.0,85.69444444444444,0.0,0.0,0.0,0.0,54.52777777777778,54.03472222222222,418.8333333333333,,0
2016-02-04 00:00:00+00:00,1878.7,1253.0,1644.1819444444445,40.170833333333334,62.97222222222222,91.73611111111111,91.38888888888889,91.04861111111111,39.423611111111114,54.25694444444444,64.49305555555556,30.145833333333332,16.4,11.1,14.5625,37.2,0.6000000000000001,10.955555555555556,2.259722222222222,1.0805555555555555,104.81666666666666,16.25,0.0,259583.59722222222,37380038.0,0.0,-4873540,72.97916666666667,84.72222222222223,76.04861111111111,44.736111111111114,43.548611111111114,26.6875,44.55555555555556,33.520833333333336,18.54861111111111,-3.2,21.8,2.3930555555555557,2.472916666666667,105.22916666666667,45.59722222222222,46.666666666666664,46.208333333333336,41.31944444444444,1557.3631944444444,0.9993055555555556,49.99930555555555,399.58680555555554,397.1326388888889,399.63472222222225,1306.4166666666667,1329.0465277777778,1297.367361111111,2111.7,200.7,43.833333333333336,0.34652777777777777,10.938194444444443,162.80624999999998,-203.0638888888889,-129.4,-225.2,2.8111111111111113,1554.0423611111112,2000.0,196.2,161.16458333333333,-797.6430555555556,-583.3,-1000.0,88.22152777777778,675.4611111111111,1000.0,406.1,99.71041666666666,54.05555555555556,103.73958333333333,T11,6.2,24.3,12.67361111111111,2.0149305555555554,6.3,24.6,12.752777777777778,2.0477777777777777,14.0,17.0,15.340277777777779,1018.0,1023.0,1020.2083333333334,53.0,81.0,70.25694444444444,0.0,1.0,0.006944444444444444,0.0,250.65972222222223,252.17361111111111,420.13194444444446,,0
2016-02-05 00:00:00+00:00,1828.0,1230.4,1624.6930555555555,48.78611111111111,55.333333333333336,89.95138888888889,89.68055555555556,89.5,41.09027777777778,53.69444444444444,63.826388888888886,28.993055555555557,16.2,10.9,14.384722222222223,40.2,0.5,10.006944444444445,2.165972222222222,-1.3680555555555556,111.16666666666667,15.805555555555555,0.0,243920.47916666666,35124549.0,0.0,-4545237,67.07638888888889,78.93055555555556,71.34027777777777,43.541666666666664,42.791666666666664,26.868055555555557,43.34722222222222,33.06944444444444,18.52777777777778,-3.2,17.0,0.375,1.9409722222222223,102.79166666666667,44.38194444444444,45.50694444444444,45.09027777777778,40.375,1463.579861111111,0.9986111111111112,50.0,399.6611111111111,397.3048611111111,399.7097222222222,1226.9555555555555,1249.2479166666667,1218.1583333333333,2114.6,61.8,42.111111111111114,0.4236111111111111,10.009722222222223,247.72291666666666,-189.37847222222223,-87.8,-224.8,3.2340277777777775,1459.415972222222,2000.0,61.3,244.81597222222223,-857.2194444444444,-300.3,-1000.0,116.46527777777777,738.1624999999999,1000.0,300.3,148.44791666666666,48.00694444444444,112.53472222222223,T11,2.2,21.2,10.15763888888889,2.093125,2.4,21.5,10.227083333333333,2.098402777777778,13.0,18.0,14.840277777777779,1015.0,1019.0,1016.5694444444445,62.0,81.0,72.67361111111111,0.0,0.0,0.0,0.0,200.15972222222223,201.53472222222223,416.5138888888889,,0
2016-02-06 00:00:00+00:00,1738.0,0.0,1345.4250000000002,68.16180555555555,44.19444444444444,61.86805555555556,62.65972222222222,62.173611111111114,28.020833333333332,52.388888888888886,58.583333333333336,25.819444444444443,15.3,0.0,11.914583333333333,36.1,0.4,6.596527777777777,1.1861111111111111,-0.4083333333333333,179.89722222222224,16.618055555555557,-188.125,102882.58333333333,14788001.0,-164.82638888888889,-2654022,56.86805555555556,63.71527777777778,57.826388888888886,39.15972222222222,39.791666666666664,26.72222222222222,41.701388888888886,26.76388888888889,18.96527777777778,-3.2,89.7,2.398611111111111,0.984027777777778,86.1875,39.25,40.326388888888886,40.25,37.65277777777778,616.1131944444445,0.8965277777777777,50.0,398.71875,396.4715277777778,396.5826388888889,525.8062500000001,555.776388888889,540.4000000000001,2094.0,-49.3,38.88194444444444,0.5972222222222222,6.640972222222222,133.8111111111111,-110.57916666666667,722.6,-950.2,28.956944444444446,621.0569444444444,2000.0,0.0,135.38333333333333,-798.8305555555556,0.0,-1000.0,53.047916666666666,788.5465277777778,1000.0,0.0,65.76111111111112,37.520833333333336,182.80069444444445,T11,0.9,12.7,5.702083333333333,0.9605555555555555,0.9,12.4,5.69375,0.9895138888888889,13.0,18.0,15.430555555555555,1014.0,1017.0,1015.3333333333334,70.0,92.0,79.74305555555556,0.0,0.0,0.0,0.0,110.72916666666667,110.79166666666667,415.2708333333333,,0
2016-02-07 00:00:00+00:00,1771.8,1220.6,1506.3937500000002,53.77569444444444,46.729166666666664,71.0625,71.70138888888889,71.29166666666667,30.770833333333332,53.888888888888886,61.548611111111114,26.34027777777778,15.7,10.8,13.34375,38.6,0.4,7.653472222222222,1.5229166666666667,-0.5833333333333334,282.4777777777778,16.21527777777778,0.0,150153.91666666666,21622164.0,0.0,-3741513,63.013888888888886,71.45833333333333,64.72916666666667,40.916666666666664,41.44444444444444,26.208333333333332,43.0625,28.48611111111111,18.27777777777778,-3.2,14.4,-1.4409722222222223,0.6847222222222222,94.83333333333333,41.30555555555556,42.40277777777778,42.236111111111114,38.979166666666664,900.8881944444444,0.9729166666666667,50.00138888888889,398.8611111111111,396.16805555555555,397.18958333333336,753.1236111111111,789.1305555555556,761.901388888889,2105.6,-0.1,40.625,0.46875,7.8500000000000005,189.69652777777776,-155.88888888888889,449.7,-663.1,7.770833333333333,899.9590277777778,2000.0,0.0,189.59444444444443,-944.4611111111111,0.0,-1000.0,58.18958333333333,903.2798611111111,1000.0,0.0,79.15972222222223,41.77777777777778,283.0673611111111,T11,3.1,16.4,8.026388888888889,0.8727777777777779,3.2,16.7,8.0125,0.8674305555555555,13.0,17.0,15.17361111111111,1014.0,1022.0,1017.7708333333334,45.0,97.0,74.53472222222223,0.0,3.0,0.08333333333333333,0.0,157.47916666666666,157.1875,417.7291666666667,,0
2016-02-08 00:00:00+00:00,1666.0,0.0,1069.6597222222222,82.13263888888889,36.00694444444444,50.388888888888886,51.395833333333336,51.048611111111114,26.916666666666668,46.47222222222222,50.94444444444444,24.145833333333332,14.8,0.0,9.476388888888888,26.8,0.4,4.1618055555555555,0.8708333333333333,-1.4451388888888888,295.65486111111113,15.020833333333334,-319.8333333333333,18587.402777777777,2630534.0,-231.11111111111111,-1238984,42.236111111111114,47.09027777777778,42.076388888888886,36.798611111111114,36.236111111111114,24.90277777777778,37.88194444444444,22.71527777777778,17.756944444444443,-3.0,89.7,4.628472222222222,2.325,74.97916666666667,36.375,37.5,37.548611111111114,35.798611111111114,109.59722222222223,0.6472222222222223,50.0,398.54097222222225,396.47291666666666,395.7361111111111,141.67083333333332,158.00902777777776,149.6222222222222,1148.7,-49.6,34.201388888888886,0.7298611111111111,4.21875,50.72152777777777,-51.52013888888889,590.4,-886.8,94.67361111111111,116.56875000000001,1169.3,0.0,52.09375,-395.8180555555556,0.0,-1000.0,122.16874999999999,395.8180555555556,1000.0,0.0,122.16874999999999,34.30555555555556,317.1090277777778,T11,1.6,11.3,4.657638888888889,0.2559722222222222,1.5,11.2,4.6,0.2542361111111111,11.0,17.0,13.916666666666666,1021.0,1024.0,1022.1736111111111,55.0,85.0,69.70138888888889,0.0,0.0,0.0,0.0,89.92361111111111,88.83333333333333,422.125,,0
2016-02-09 00:00:00+00:00,1761.0,13.1,1297.3583333333333,63.7486111111111,45.5,62.520833333333336,63.1875,62.71527777777778,27.680555555555557,47.96527777777778,55.06944444444444,25.79861111111111,15.6,0.0,11.463888888888889,34.0,0.4,6.18125,1.2319444444444445,-4.138194444444444,272.1902777777778,15.98611111111111,-157.72916666666666,100347.93055555556,14427390.0,-120.86805555555556,-2702531,52.708333333333336,59.548611111111114,53.50694444444444,39.388888888888886,38.63194444444444,26.006944444444443,40.28472222222222,26.07638888888889,18.375,-3.2,80.7,1.8298611111111112,1.43125,84.34027777777777,39.520833333333336,40.625,40.53472222222222,37.861111111111114,601.1125,0.820138888888889,49.99791666666667,398.64166666666665,396.4138888888889,396.59722222222223,527.6576388888889,552.7604166666666,535.2555555555556,2103.4,-48.2,37.388888888888886,0.5666666666666668,6.290972222222222,145.6875,-112.50902777777777,681.0,-878.6,45.22291666666667,603.7833333333333,2000.0,0.0,145.95555555555555,-669.1069444444444,0.0,-1000.0,90.64930555555556,639.1708333333333,1000.0,0.0,115.65416666666667,42.479166666666664,276.3409722222222,T11,1.4,15.7,6.690972222222222,0.5579166666666667,1.4,15.8,6.6875,0.5610416666666667,13.0,17.0,15.01388888888889,1020.0,1023.0,1021.1944444444445,61.0,96.0,77.625,0.0,0.0,0.0,0.0,130.65277777777777,130.65972222222223,421.13194444444446,,0
2016-02-10 00:00:00+00:00,1761.5,1216.5,1500.9333333333334,79.67777777777778,43.90277777777778,65.09027777777777,65.78472222222223,65.38888888888889,27.479166666666668,54.56944444444444,61.5625,25.854166666666668,15.5,10.8,13.293055555555556,37.5,0.5,7.324999999999999,1.4541666666666666,-0.50625,259.44444444444446,16.40972222222222,0.0,130556.01388888889,18800066.0,0.0,-3376212,62.611111111111114,69.79861111111111,63.68055555555556,39.90972222222222,40.65277777777778,25.944444444444443,42.673611111111114,26.708333333333332,17.97222222222222,-3.3,6.7,-1.8972222222222221,0.40694444444444444,91.875,40.34722222222222,41.47222222222222,41.326388888888886,38.291666666666664,783.3645833333334,0.9888888888888889,49.99861111111111,398.75208333333336,396.37638888888887,396.99791666666664,651.4868055555556,686.5555555555555,665.8256944444444,2102.1,20.5,39.979166666666664,0.7041666666666667,7.560416666666667,200.76319444444445,-140.67430555555555,-84.9,-217.3,6.020138888888889,783.1965277777778,2000.0,20.1,201.00069444444443,-988.4868055555556,-98.6,-1000.0,22.890277777777776,974.8027777777778,1000.0,98.6,37.86388888888889,44.9375,259.9486111111111,T11,3.9,13.3,7.467361111111111,0.6238888888888889,3.9,13.5,7.506944444444445,0.6322916666666667,14.0,17.0,15.45138888888889,1015.0,1021.0,1017.7638888888889,82.0,99.0,92.34027777777777,0.0,2.0,0.06944444444444445,0.0,146.30555555555554,147.02777777777777,417.6736111111111,,0
2016-02-11 00:00:00+00:00,1770.2,1209.5,1567.88125,72.11666666666666,47.701388888888886,73.29861111111111,73.6875,73.29166666666667,29.833333333333332,53.826388888888886,62.451388888888886,28.083333333333332,15.6,10.7,13.886805555555556,41.8,0.6000000000000001,8.200694444444444,1.71875,1.6034722222222222,263.9479166666667,16.90277777777778,0.0,176692.89583333334,25443777.0,0.0,-3993919,69.75694444444444,78.43055555555556,71.48611111111111,40.6875,41.84722222222222,26.583333333333332,43.47222222222222,28.84027777777778,18.375,-3.3,9.2,-1.7368055555555555,0.6048611111111111,94.76388888888889,41.541666666666664,42.625,42.416666666666664,38.8125,1060.1493055555557,0.9986111111111112,50.00138888888889,398.78333333333336,396.3861111111111,397.5340277777778,885.5097222222222,918.2576388888889,894.71875,2104.4,129.4,41.166666666666664,0.6347222222222223,8.447222222222223,256.79999999999995,-166.41597222222222,-97.4,-214.4,5.445138888888889,1059.259722222222,2000.0,126.5,256.1743055555555,-967.125,-583.3,-1000.0,43.181250000000006,921.1277777777777,1000.0,406.1,75.4076388888889,43.69444444444444,262.3381944444444,T11,3.5,14.0,8.321527777777778,0.8305555555555555,3.5,14.1,8.359722222222222,0.8284722222222222,15.0,17.0,15.9375,1012.0,1015.0,1013.6527777777778,82.0,100.0,94.96527777777777,0.0,9.0,0.5555555555555556,0.0,163.40277777777777,164.125,413.625,,0
2016-02-12 00:00:00+00:00,1779.2,34.7,1457.8638888888888,65.86111111111111,49.916666666666664,74.47222222222223,74.83333333333333,74.34027777777777,34.236111111111114,52.326388888888886,59.958333333333336,27.708333333333332,15.7,0.0,12.915277777777778,36.9,0.4,7.559027777777778,1.5770833333333334,0.49583333333333335,258.7868055555556,16.770833333333332,-67.29166666666667,157812.84027777778,22715357.0,-51.291666666666664,-3404769,59.81944444444444,68.9375,62.15277777777778,42.361111111111114,41.02777777777778,26.96527777777778,42.43055555555556,29.979166666666668,19.229166666666668,-3.1,85.6,0.16458333333333336,1.896527777777778,95.3125,42.708333333333336,43.80555555555556,43.548611111111114,40.076388888888886,946.5166666666667,0.90625,50.0,398.7604166666667,396.31875,397.18680555555557,800.7618055555555,829.9444444444445,808.2118055555555,2106.6,-48.5,40.395833333333336,0.5833333333333334,7.757638888888888,162.64166666666668,-141.88402777777776,783.2,-865.4,22.74513888888889,945.8131944444444,2000.0,0.0,161.25416666666666,-747.5298611111111,0.0,-1000.0,137.95902777777778,672.7263888888889,1000.0,0.0,148.01805555555555,42.708333333333336,260.7861111111111,T11,1.8,15.6,7.852083333333334,0.8703472222222222,1.8,15.6,7.864583333333333,0.8786805555555556,15.0,17.0,15.680555555555555,1013.0,1016.0,1014.3194444444445,76.0,100.0,91.15972222222223,0.0,1.0,0.027777777777777776,0.0,153.92361111111111,154.29166666666666,414.3125,,0
2016-02-13 00:00:00+00:00,1792.9,1220.4,1600.3895833333333,60.65138888888888,51.611111111111114,82.24305555555556,82.32638888888889,81.79166666666667,35.09027777777778,54.458333333333336,63.59027777777778,29.47222222222222,15.8,10.8,14.17361111111111,39.2,0.4,9.125,1.9375,-0.9694444444444446,258.2902777777778,16.78472222222222,0.0,217981.88194444444,31389391.0,0.0,-4312163,71.54861111111111,82.20833333333333,74.81944444444444,42.94444444444444,42.69444444444444,26.958333333333332,43.99305555555556,30.90972222222222,18.944444444444443,-3.3,12.9,-0.5416666666666666,1.2541666666666667,99.71527777777777,43.80555555555556,44.888888888888886,44.479166666666664,40.298611111111114,1307.7916666666667,0.9979166666666666,50.0,398.6090277777778,396.1847222222222,397.5736111111111,1093.3659722222224,1124.4361111111111,1101.4791666666667,2107.5,53.5,42.4375,0.5270833333333333,9.345833333333333,239.75416666666666,-179.67152777777778,-101.3,-220.4,5.2444444444444445,1307.8104166666667,2000.0,42.7,238.8034722222222,-889.2493055555556,-209.1,-1000.0,75.63194444444444,800.0340277777777,1000.0,209.1,99.3138888888889,45.75694444444444,259.2583333333333,T11,4.2,17.2,9.284027777777778,1.2349305555555556,4.2,17.1,9.315972222222221,1.24375,14.0,17.0,15.76388888888889,1011.0,1013.0,1012.0138888888889,77.0,100.0,92.35416666666667,0.0,2.0,0.0625,0.0,182.61111111111111,183.33333333333334,411.9791666666667,,0
2016-02-14 00:00:00+00:00,1865.0,1227.9,1660.9083333333333,35.83680555555556,61.06944444444444,102.79166666666667,102.23611111111111,101.79166666666667,46.15972222222222,53.548611111111114,64.70833333333333,32.09722222222222,16.2,10.9,14.720833333333335,43.9,0.6000000000000001,13.098611111111111,2.9361111111111113,-0.9673611111111112,287.87708333333336,14.868055555555555,0.0,302104.55555555556,43503056.0,0.0,-5051174,76.39583333333333,91.48611111111111,82.22222222222223,45.895833333333336,44.208333333333336,26.368055555555557,44.27777777777778,35.27777777777778,18.45138888888889,-2.7,25.6,6.684027777777778,2.8666666666666667,110.27083333333333,46.90277777777778,48.00694444444444,47.354166666666664,41.59722222222222,1812.7034722222222,1.0,50.00138888888889,399.7722222222222,396.9215277777778,399.4861111111111,1514.704861111111,1544.5437499999998,1512.072222222222,2111.5,175.2,44.076388888888886,0.3048611111111111,13.163194444444445,113.58263888888888,-210.46180555555554,-138.3,-223.8,2.76875,1814.2034722222222,2000.0,173.4,109.71666666666667,-699.3069444444444,-583.3,-1000.0,73.22430555555555,536.2562499999999,1000.0,406.1,78.38055555555555,50.875,288.84166666666664,T11,5.1,26.1,13.931249999999999,3.19125,5.1,26.1,13.864583333333334,3.179027777777778,9.0,17.0,14.0,1005.0,1011.0,1007.5138888888889,47.0,100.0,75.27777777777777,0.0,7.0,0.3472222222222222,0.0,275.69444444444446,274.4583333333333,407.47222222222223,,0
2016-02-15 00:00:00+00:00,1795.7,0.0,1490.1520833333334,76.67777777777778,45.395833333333336,72.60416666666667,72.84722222222223,72.5,31.875,54.479166666666664,61.673611111111114,23.256944444444443,15.8,0.0,13.195138888888888,40.9,0.4,7.9937499999999995,1.7534722222222223,-0.9958333333333333,286.9951388888889,11.67361111111111,-120.39583333333333,173285.47916666666,24935774.0,-88.4375,-3781980,64.53472222222223,74.28472222222223,67.49305555555556,37.111111111111114,37.229166666666664,22.541666666666668,38.30555555555556,25.256944444444443,14.45138888888889,-3.2,89.7,0.27222222222222225,1.963888888888889,90.45138888888889,37.72222222222222,38.833333333333336,38.576388888888886,34.21527777777778,1038.829861111111,0.9541666666666667,50.0,398.9194444444445,396.65555555555557,397.6930555555556,874.34375,901.6006944444445,881.3604166666667,2105.1,-51.6,35.88194444444444,0.68125,8.2,204.16944444444445,-157.60972222222222,548.1,-895.8,15.734027777777776,1039.7513888888889,2000.0,0.0,203.42569444444445,-835.8645833333334,0.0,-1000.0,84.34791666666666,774.5055555555556,1000.0,0.0,109.73819444444445,40.15972222222222,297.99583333333334,T11,1.7000000000000002,17.7,8.897222222222222,1.0271527777777778,1.6,17.5,8.787500000000001,0.9998611111111111,7.0,14.0,10.708333333333334,1007.0,1013.0,1010.2430555555555,38.0,76.0,60.15972222222222,0.0,1.0,0.006944444444444444,0.0,174.86805555555554,172.65972222222223,410.2291666666667,,0
2016-02-16 00:00:00+00:00,1781.7,126.3,1453.6729166666667,53.69444444444444,42.02777777777778,67.6875,68.07638888888889,67.63888888888889,30.28472222222222,52.826388888888886,60.013888888888886,21.875,15.7,0.0,12.87638888888889,41.2,0.4,7.382638888888888,1.6958333333333333,0.8333333333333334,84.03402777777778,10.305555555555555,-30.90972222222222,144863.02777777778,20855825.0,-28.875,-3117894,55.263888888888886,64.04861111111111,57.46527777777778,36.93055555555556,35.770833333333336,20.805555555555557,37.416666666666664,23.09027777777778,13.104166666666666,-3.0,56.5,0.0013888888888888814,1.2965277777777777,89.60416666666667,37.40972222222222,38.520833333333336,38.263888888888886,34.041666666666664,869.0055555555556,0.9048611111111112,50.0,398.87638888888887,396.56180555555557,397.51944444444445,736.442361111111,763.5256944444444,740.6027777777778,2105.3,-51.1,35.125,0.47430555555555554,7.6708333333333325,152.6486111111111,-129.90833333333333,642.1,-999.9,21.999305555555555,868.7249999999999,2000.0,0.0,151.36527777777778,-776.9493055555555,0.0,-1000.0,128.05833333333334,716.2305555555555,1000.0,0.0,138.18194444444444,35.986111111111114,45.69444444444444,T11,1.0,18.8,8.472222222222221,1.3640277777777776,0.9,18.5,8.32986111111111,1.2937500000000002,5.0,12.0,9.13888888888889,1012.0,1019.0,1015.5486111111111,34.0,60.0,44.020833333333336,0.0,0.0,0.0,0.0,166.41666666666666,163.52083333333334,415.5138888888889,,0
2016-02-17 00:00:00+00:00,1671.9,0.0,722.5236111111111,48.66736111111111,37.02777777777778,42.625,43.208333333333336,42.888888888888886,25.208333333333332,44.083333333333336,46.47222222222222,23.07638888888889,14.8,0.0,6.146527777777778,22.0,0.4,3.796527777777778,0.9027777777777778,9.610416666666667,182.05902777777777,11.625,-362.0833333333333,25342.979166666668,3597249.0,-108.46527777777777,-1128527,38.375,42.86805555555556,38.173611111111114,31.96527777777778,33.451388888888886,23.46527777777778,33.69444444444444,19.26388888888889,16.84722222222222,-3.1,89.7,11.745138888888889,0.882638888888889,55.104166666666664,31.881944444444443,32.458333333333336,32.479166666666664,29.319444444444443,149.87083333333334,0.8743055555555556,50.00069444444445,398.68125,397.18333333333334,395.9319444444444,141.85694444444445,154.76875,149.10694444444445,1336.4,-50.3,28.98611111111111,0.45694444444444443,3.8784722222222223,56.30763888888889,-47.06805555555556,579.7,-873.2,30.426388888888887,154.07847222222222,1343.3,0.0,57.14652777777778,-387.62847222222223,0.0,-1000.0,61.34583333333333,387.62847222222223,1000.0,0.0,61.34583333333333,32.854166666666664,174.94236111111113,T11,0.0,11.1,3.6847222222222222,0.34270833333333334,0.0,11.1,3.6909722222222223,0.3452777777777778,7.0,13.0,10.42361111111111,1015.0,1020.0,1017.5763888888889,31.0,61.0,43.78472222222222,0.0,0.0,0.0,0.0,70.42361111111111,70.49305555555556,417.5486111111111,,0
2016-02-18 00:00:00+00:00,1726.7,0.0,1235.7798611111111,69.64236111111111,45.583333333333336,54.270833333333336,55.25,54.854166666666664,24.86111111111111,48.6875,54.111111111111114,22.3125,15.3,0.0,10.925694444444444,26.7,0.4,5.049305555555556,1.151388888888889,2.5562500000000004,254.54861111111111,12.416666666666666,-161.03472222222223,51682.055555555555,7419026.0,-127.72916666666667,-1915476,45.298611111111114,50.72222222222222,45.30555555555556,34.75694444444444,35.298611111111114,22.916666666666668,37.048611111111114,21.756944444444443,15.4375,-3.1,89.7,1.5847222222222221,1.7381944444444446,80.71527777777777,34.65277777777778,35.72222222222222,35.708333333333336,33.0625,309.14374999999995,0.7979166666666667,49.99930555555555,397.65833333333336,395.8986111111111,395.5388888888889,279.4944444444444,300.83680555555554,288.83958333333334,2100.5,-50.2,33.65277777777778,0.6201388888888889,5.238888888888889,97.62777777777778,-79.7875,686.6,-701.0,44.12986111111111,312.7055555555555,2000.0,0.0,97.87152777777777,-624.348611111111,0.0,-1000.0,134.32986111111111,620.2055555555556,1000.0,0.0,139.55069444444445,39.09722222222222,289.4923611111111,T11,0.5,11.8,5.672916666666667,0.43604166666666666,0.5,11.7,5.640277777777778,0.4396527777777778,9.0,13.0,11.347222222222221,1009.0,1015.0,1010.9930555555555,58.0,98.0,77.43055555555556,0.0,9.0,0.3680555555555556,0.0,110.29861111111111,109.65972222222223,410.96527777777777,,0
2016-02-19 00:00:00+00:00,1782.7,79.2,1415.898611111111,53.09444444444445,47.729166666666664,66.76388888888889,67.22916666666667,66.74305555555556,29.055555555555557,51.541666666666664,58.611111111111114,23.5625,15.7,0.0,12.543055555555556,36.7,0.4,6.884027777777778,1.3541666666666667,-2.5805555555555557,71.60138888888889,12.51388888888889,-75.84722222222223,128445.24305555556,18485192.0,-57.65277777777778,-3157880,53.49305555555556,61.25694444444444,55.02777777777778,37.125,36.36805555555556,22.743055555555557,37.69444444444444,24.82638888888889,14.909722222222221,-3.2,63.1,0.3576388888888889,1.551388888888889,87.47222222222223,37.40277777777778,38.486111111111114,38.3125,34.5625,770.2361111111111,0.8111111111111111,49.99791666666667,398.2243055555556,396.1458333333333,396.64374999999995,674.2736111111111,698.5659722222222,682.3298611111111,2106.2,-50.0,35.18055555555556,0.4652777777777778,7.034722222222222,140.19722222222222,-131.64930555555554,682.7,-984.6,60.38263888888889,771.0597222222223,2000.0,0.0,139.63541666666666,-688.2368055555556,0.0,-1000.0,108.69861111111112,635.7986111111111,1000.0,0.0,125.83333333333333,42.84027777777778,79.18541666666667,T11,0.5,17.6,6.976388888888889,0.9029861111111112,0.6000000000000001,17.7,6.955555555555556,0.91125,8.0,15.0,11.54861111111111,1009.0,1014.0,1011.2569444444445,63.0,90.0,75.95833333333333,0.0,2.0,0.0625,0.0,136.44444444444446,136.02777777777777,411.125,,0
2016-02-20 00:00:00+00:00,1825.2,1222.0,1655.9145833333334,33.349999999999994,57.43055555555556,93.83333333333333,93.375,92.89583333333333,39.09027777777778,54.96527777777778,65.1875,28.819444444444443,16.1,10.8,14.672222222222224,39.6,0.7000000000000001,10.613194444444444,2.1354166666666665,0.25000000000000006,91.83263888888888,15.270833333333334,0.0,275490.46527777775,39670627.0,0.0,-4928451,69.13888888888889,82.27777777777777,74.11111111111111,43.13194444444444,41.576388888888886,25.375,42.13194444444444,33.548611111111114,17.21527777777778,-2.7,18.2,1.120138888888889,2.1284722222222223,103.85416666666667,44.00694444444444,45.13194444444444,44.65277777777778,39.11805555555556,1652.9895833333333,0.9993055555555556,49.99861111111111,398.88125,396.4534722222222,398.5173611111111,1384.5993055555555,1412.0923611111111,1384.875,2108.3,79.7,41.236111111111114,0.2868055555555556,10.745138888888889,222.325,-205.34444444444443,-133.4,-222.4,3.8097222222222222,1649.3972222222224,2000.0,77.6,219.825,-811.7423611111111,-380.2,-1000.0,119.19930555555555,667.2291666666666,1000.0,380.2,148.26458333333332,51.020833333333336,91.58263888888888,T11,2.8,21.6,11.744444444444445,1.8456944444444447,3.5,21.9,11.804166666666667,1.8733333333333333,12.0,17.0,14.416666666666666,1013.0,1017.0,1014.7569444444445,51.0,80.0,66.34027777777777,0.0,1.0,0.020833333333333332,0.0,231.90972222222223,233.15972222222223,414.6736111111111,,0
2016-02-21 00:00:00+00:00,1818.1,0.0,1552.8138888888889,66.29097222222222,51.388888888888886,79.5625,79.74305555555556,79.42361111111111,37.673611111111114,54.291666666666664,62.923611111111114,28.041666666666668,15.9,0.0,13.75,30.3,0.5,9.171527777777778,1.8645833333333333,1.6930555555555555,101.4125,15.75,-88.74305555555556,194014.64583333334,27925331.0,-76.23611111111111,-4441943,65.65277777777777,75.73611111111111,68.70833333333333,42.111111111111114,41.916666666666664,26.555555555555557,43.13194444444444,30.15277777777778,18.46527777777778,-3.4,89.7,2.3180555555555555,1.9701388888888889,98.17361111111111,42.666666666666664,43.791666666666664,43.44444444444444,39.55555555555556,1163.6270833333333,0.9805555555555555,49.99861111111111,399.28125,396.4951388888889,398.8201388888889,981.9590277777778,1007.4805555555556,974.0631944444444,2112.4,-42.9,41.28472222222222,0.5791666666666667,9.229861111111111,214.29305555555555,-185.07569444444445,7.0,-235.1,5.6625,1211.2624999999998,2000.0,0.0,226.8625,-876.4722222222222,0.0,-1000.0,77.61666666666666,805.6159722222222,1000.0,0.0,100.61458333333333,45.09027777777778,102.22986111111112,T11,1.7000000000000002,20.6,10.722916666666666,1.4659027777777778,1.8,20.6,10.785416666666666,1.4806944444444445,13.0,17.0,14.770833333333334,1011.0,1015.0,1012.8402777777778,62.0,86.0,75.45138888888889,0.0,0.0,0.0,0.0,211.4375,212.77777777777777,412.7708333333333,,0
2016-02-22 00:00:00+00:00,1679.5,0.0,963.8819444444445,92.07986111111111,36.604166666666664,50.1875,50.916666666666664,50.75,27.84722222222222,47.416666666666664,51.270833333333336,25.07638888888889,14.9,0.0,8.438194444444443,33.0,0.4,4.512499999999999,0.8145833333333334,3.2249999999999996,167.61597222222224,15.625,-428.5833333333333,35976.333333333336,5118875.0,-290.8333333333333,-1481348,45.895833333333336,51.111111111111114,46.111111111111114,37.236111111111114,36.90972222222222,26.333333333333332,38.47222222222222,23.25,19.09027777777778,-3.2,89.7,7.352083333333334,2.323611111111111,71.02083333333333,36.729166666666664,37.826388888888886,37.86805555555556,36.19444444444444,213.23541666666668,0.8319444444444444,49.99930555555555,398.2027777777778,396.4916666666667,395.5673611111111,197.11597222222224,214.89236111111111,205.55833333333334,1333.6,-50.5,34.166666666666664,0.8187500000000001,4.538194444444445,45.09305555555555,-61.673611111111114,681.0,-882.8,34.89652777777778,221.0,1354.7,0.0,46.92638888888889,-503.59166666666664,0.0,-1000.0,67.20138888888889,503.59166666666664,1000.0,0.0,67.20138888888889,33.604166666666664,164.39583333333334,T11,0.0,11.0,4.484027777777778,0.27388888888888885,0.3,11.1,4.475694444444445,0.2854861111111111,12.0,17.0,14.520833333333334,1010.0,1020.0,1013.9097222222222,60.0,94.0,80.15972222222223,0.0,0.0,0.0,0.0,86.46527777777777,86.29166666666667,413.8541666666667,,0
2016-02-23 00:00:00+00:00,1587.7,0.0,1082.857638888889,56.15069444444444,36.583333333333336,51.208333333333336,52.19444444444444,51.861111111111114,27.36111111111111,44.05555555555556,49.27777777777778,24.854166666666668,14.0,0.0,9.573611111111111,23.4,0.4,4.184027777777778,0.788888888888889,-0.13819444444444454,268.2736111111111,15.645833333333334,-268.25,17775.159722222223,2520995.0,-227.875,-1482003,42.458333333333336,47.333333333333336,42.375,38.201388888888886,36.979166666666664,26.13888888888889,38.6875,23.32638888888889,18.97222222222222,-2.8,89.7,3.9152777777777774,1.6687500000000002,76.22916666666667,37.763888888888886,38.979166666666664,39.0,37.361111111111114,105.04791666666667,0.6229166666666667,50.0,398.5180555555555,396.6791666666667,395.6638888888889,159.84305555555557,174.80555555555554,168.13125000000002,803.2,-50.0,34.923611111111114,0.5055555555555555,4.204166666666667,35.14861111111111,-61.44166666666667,684.5,-932.2,136.90208333333334,109.475,822.1,0.0,35.72430555555556,-442.8645833333333,0.0,-1000.0,113.85833333333332,442.8645833333333,1000.0,0.0,113.85833333333332,32.25694444444444,273.41041666666666,T11,0.5,7.8,4.103472222222222,0.17756944444444445,0.6000000000000001,7.8,4.078472222222222,0.17965277777777777,12.0,17.0,14.368055555555555,1018.0,1022.0,1019.6597222222222,54.0,98.0,79.03472222222223,0.0,1.0,0.006944444444444444,0.0,78.86805555555556,78.31944444444444,419.5833333333333,,0
2016-02-24 00:00:00+00:00,1785.9,132.4,1266.99375,80.23402777777778,39.96527777777778,57.020833333333336,57.81944444444444,57.354166666666664,25.84722222222222,47.86805555555556,54.31944444444444,23.055555555555557,15.8,0.0,11.22013888888889,43.0,0.4,5.797916666666667,1.1722222222222223,-1.140972222222222,276.75,13.5625,-169.55555555555554,75281.01388888889,10816051.0,-116.34722222222223,-2441307,47.583333333333336,53.75,48.125,35.27777777777778,35.611111111111114,24.569444444444443,37.19444444444444,23.180555555555557,17.020833333333332,-3.1,56.7,1.7000000000000002,1.38125,79.75694444444444,35.375,36.416666666666664,36.38194444444444,33.548611111111114,450.64374999999995,0.8097222222222222,50.00069444444445,398.5361111111111,396.1875,396.03333333333336,406.65972222222223,433.09722222222223,417.5673611111111,2103.5,-49.7,33.895833333333336,0.7111111111111111,5.852777777777778,117.10416666666667,-101.67013888888889,783.4,-805.5,63.889583333333334,454.2548611111111,2000.0,0.0,117.88749999999999,-684.8333333333334,0.0,-1000.0,77.57777777777778,674.5159722222222,1000.0,0.0,87.5625,33.27777777777778,277.8951388888889,T11,0.7000000000000001,15.3,5.875694444444445,0.5205555555555555,0.7000000000000001,15.6,5.852777777777778,0.5209027777777778,10.0,15.0,12.479166666666666,1013.0,1019.0,1015.7847222222222,61.0,95.0,80.88194444444444,0.0,10.0,0.09722222222222222,0.0,114.3125,113.89583333333333,415.7291666666667,,0
2016-02-25 00:00:00+00:00,1679.0,0.0,1336.1125000000002,78.39513888888888,43.013888888888886,55.02777777777778,56.138888888888886,55.625,25.881944444444443,50.548611111111114,56.729166666666664,22.09722222222222,14.9,0.0,11.829166666666667,36.6,0.4,5.659027777777777,1.1465277777777778,0.054166666666666655,292.78055555555557,14.354166666666666,-48.18055555555556,60674.875,8730243.0,-38.27777777777778,-2647472,47.1875,52.72222222222222,47.59027777777778,34.986111111111114,36.25694444444444,24.75,38.43055555555556,23.72222222222222,17.166666666666668,-3.3,89.3,-0.7076388888888889,1.2708333333333333,85.65972222222223,34.895833333333336,36.0,35.94444444444444,33.3125,363.7673611111111,0.8770833333333333,49.99791666666667,398.17291666666665,396.06388888888887,396.1701388888889,317.9375,345.2868055555556,326.45208333333335,1559.8,-50.5,34.951388888888886,0.6979166666666666,5.828472222222222,105.40972222222223,-110.29652777777778,621.2,-757.0,25.209722222222222,364.8125,1589.0,0.0,105.35138888888889,-841.7986111111111,0.0,-1000.0,84.39930555555556,841.7805555555556,1000.0,0.0,84.53888888888889,32.36805555555556,292.72569444444446,T11,1.4,11.3,6.251388888888889,0.3663194444444444,1.1,11.3,6.2243055555555555,0.3672916666666667,11.0,15.0,13.26388888888889,1014.0,1017.0,1015.5486111111111,47.0,88.0,74.04861111111111,0.0,0.0,0.0,0.0,121.97222222222223,121.26388888888889,415.44444444444446,,0
2016-02-26 00:00:00+00:00,1837.4,0.0,1268.8486111111113,59.05972222222223,47.791666666666664,69.51388888888889,69.58333333333333,69.13888888888889,32.645833333333336,49.43055555555556,56.375,24.34027777777778,16.1,0.0,11.203472222222222,42.4,0.4,7.439583333333333,1.7381944444444446,-1.5326388888888889,264.65416666666664,13.520833333333334,-211.52083333333334,149711.875,21528052.0,-128.29166666666666,-3101743,54.611111111111114,63.583333333333336,56.763888888888886,37.298611111111114,36.53472222222222,23.944444444444443,37.81944444444444,26.479166666666668,16.4375,-3.2,49.9,5.185416666666667,2.242361111111111,83.04166666666667,37.645833333333336,38.68055555555556,38.44444444444444,34.451388888888886,896.9618055555555,0.8694444444444445,49.99861111111111,398.8854166666667,396.62361111111113,396.9909722222222,766.9291666666667,791.05,773.7888888888889,2111.6,-49.6,35.479166666666664,0.5236111111111111,7.571527777777778,142.9611111111111,-129.24374999999998,681.9,-1000.2,36.43055555555556,898.8590277777778,2000.0,0.0,142.35555555555555,-580.6416666666667,0.0,-1000.0,111.24583333333334,509.1118055555556,1000.0,0.0,128.78819444444446,38.361111111111114,271.20000000000005,T11,0.7000000000000001,22.6,7.736111111111111,1.6164583333333333,0.7000000000000001,22.4,7.722916666666666,1.6192361111111113,10.0,15.0,12.527777777777779,1000.0,1015.0,1007.6111111111111,54.0,96.0,79.75694444444444,0.0,16.0,0.5555555555555556,0.0,151.52777777777777,151.29166666666666,407.59027777777777,,0
2016-02-27 00:00:00+00:00,1808.9,1234.8,1644.1743055555555,36.14722222222222,55.27777777777778,95.42361111111111,94.86111111111111,94.49305555555556,41.5,55.18055555555556,64.60416666666667,24.770833333333332,16.0,10.9,14.56736111111111,40.1,0.5,10.8875,2.4534722222222225,-1.084027777777778,305.9777777777778,10.527777777777779,0.0,282163.31944444444,40631518.0,0.0,-4940489,68.53472222222223,82.73611111111111,74.1875,41.59027777777778,39.1875,22.805555555555557,39.78472222222222,29.9375,14.70138888888889,-2.9,16.2,2.4361111111111113,2.479861111111111,103.24305555555556,42.65277777777778,43.798611111111114,43.28472222222222,37.31944444444444,1692.9694444444444,1.0,49.99930555555555,399.45624999999995,396.77708333333334,399.06041666666664,1415.7833333333333,1444.3465277777777,1414.8312500000002,2109.8,204.9,39.173611111111114,0.30972222222222223,11.147222222222222,170.0284722222222,-205.8548611111111,-123.7,-224.4,3.3402777777777777,1690.0812500000002,2000.0,201.4,168.4138888888889,-750.2361111111111,-583.3,-1000.0,100.75763888888889,605.2215277777777,1000.0,406.1,110.63333333333334,46.55555555555556,307.0708333333333,T11,4.7,18.8,11.706944444444444,2.129722222222222,4.7,18.7,11.622916666666667,2.095,8.0,11.0,9.541666666666666,998.0,1002.0,999.7777777777778,49.0,70.0,61.361111111111114,0.0,1.0,0.006944444444444444,0.0,231.31944444444446,229.5625,399.69444444444446,,0
2016-02-28 00:00:00+00:00,1788.2,1214.1,1566.4993055555556,51.70625,45.833333333333336,75.47222222222223,75.51388888888889,75.22916666666667,31.11111111111111,54.55555555555556,62.56944444444444,22.694444444444443,15.8,10.8,13.875,39.0,0.4,8.740972222222222,1.8972222222222221,-0.6937500000000001,300.50694444444446,11.3125,0.0,196680.5,28321992.0,0.0,-4263061,63.548611111111114,73.83333333333333,66.56944444444444,37.888888888888886,37.46527777777778,22.395833333333332,38.74305555555556,25.76388888888889,14.243055555555555,-3.1,14.0,-0.55625,1.2166666666666666,93.59722222222223,38.736111111111114,39.93055555555556,39.56944444444444,34.8125,1179.8756944444444,0.9902777777777777,50.0,398.90763888888887,396.34583333333336,398.04305555555555,988.688888888889,1018.4875000000001,990.998611111111,2108.4,-3.1,36.86805555555556,0.45625000000000004,8.947222222222223,202.5201388888889,-177.61874999999998,0.6000000000000001,-223.7,4.427083333333333,1178.2430555555557,2000.0,0.0,201.81666666666666,-894.7090277777778,0.0,-1000.0,73.34375,821.4777777777778,1000.0,0.0,94.93055555555556,40.125,301.20624999999995,T11,3.2,17.8,9.364583333333334,1.1488194444444444,3.1,17.7,9.302083333333334,1.1247916666666666,7.0,14.0,10.277777777777779,1001.0,1007.0,1003.5416666666666,52.0,81.0,68.01388888888889,0.0,0.0,0.0,0.0,184.20138888888889,182.9375,403.47222222222223,,0
2016-02-29 00:00:00+00:00,1604.7,0.0,1034.1236111111111,65.9375,35.270833333333336,49.59722222222222,50.59027777777778,50.22222222222222,25.5,47.291666666666664,51.75,22.868055555555557,14.2,0.0,9.070138888888888,35.4,0.4,4.2555555555555555,0.9722222222222222,1.6416666666666666,282.31666666666666,12.82638888888889,-262.2916666666667,26196.444444444445,3734516.0,-170.24305555555554,-1497074,40.875,45.94444444444444,41.041666666666664,33.8125,34.833333333333336,23.881944444444443,36.28472222222222,21.04861111111111,16.694444444444443,-3.3,89.7,5.032638888888889,1.5923611111111111,73.47222222222223,33.583333333333336,34.548611111111114,34.55555555555556,32.201388888888886,155.6173611111111,0.7826388888888889,50.00138888888889,398.7319444444445,396.80555555555554,396.23333333333335,153.13055555555556,173.12708333333333,160.47430555555556,942.2,-49.8,32.479166666666664,0.6145833333333334,4.409722222222222,51.388888888888886,-62.30763888888888,526.9,-697.3,39.31944444444444,159.5701388888889,951.2,0.0,52.236111111111114,-531.5965277777777,0.0,-1000.0,100.44861111111112,531.5965277777777,1000.0,0.0,100.44861111111112,30.54861111111111,293.16597222222225,T11,0.2,8.9,4.667361111111111,0.2411805555555556,0.2,9.4,4.651388888888889,0.24340277777777775,8.0,14.0,11.618055555555555,1007.0,1018.0,1011.9444444444445,52.0,83.0,70.04166666666667,0.0,0.0,0.0,0.0,90.11805555555556,89.75694444444444,411.90277777777777,,0
2016-03-01 00:00:00+00:00,1649.6,0.0,868.9340277777778,58.670138888888886,34.65972222222222,46.15277777777778,46.923611111111114,46.65972222222222,26.229166666666668,44.416666666666664,47.93055555555556,23.229166666666668,14.6,0.0,7.5874999999999995,24.6,0.4,3.8874999999999997,0.8673611111111111,-1.9437500000000003,283.28263888888887,14.715277777777779,-376.63194444444446,21579.98611111111,3053286.0,-203.1875,-1332781,40.28472222222222,44.90277777777778,39.97222222222222,35.0,35.104166666666664,23.993055555555557,36.03472222222222,21.5625,17.118055555555557,-2.7,89.7,8.638194444444444,1.5305555555555557,64.29861111111111,34.611111111111114,35.513888888888886,35.59722222222222,33.520833333333336,127.1986111111111,0.8,50.00138888888889,398.5111111111111,396.58194444444445,395.6409722222222,132.11666666666667,149.0548611111111,139.07777777777778,1131.2,-50.1,31.88888888888889,0.5152777777777778,3.9937500000000004,49.58402777777778,-55.56458333333333,573.5,-826.6,45.952777777777776,133.64999999999998,1166.4,0.0,50.57013888888889,-415.49930555555557,0.0,-1000.0,104.65347222222222,415.49930555555557,1000.0,0.0,104.65347222222222,30.375,285.24652777777777,T11,0.0,10.3,4.249305555555555,0.2711111111111111,0.0,10.2,4.19375,0.2667361111111111,9.0,19.0,13.444444444444445,1018.0,1021.0,1019.3958333333334,22.0,87.0,59.923611111111114,0.0,0.0,0.0,0.0,81.69444444444444,80.61805555555556,419.34027777777777,,0
2016-03-02 00:00:00+00:00,1659.6,0.0,470.4645833333333,62.69305555555555,29.493055555555557,37.40972222222222,37.72222222222222,37.69444444444444,26.229166666666668,40.78472222222222,41.604166666666664,23.71527777777778,14.7,0.0,3.8972222222222226,36.0,0.4,2.95,0.6937500000000001,4.364583333333333,259.9222222222222,14.402777777777779,-639.7916666666666,10015.743055555555,1350136.0,-280.28472222222223,-617056,38.638888888888886,43.270833333333336,38.458333333333336,32.513888888888886,33.65277777777778,24.930555555555557,33.895833333333336,19.79861111111111,18.5,-3.0,89.7,17.029166666666665,1.4611111111111112,46.77777777777778,32.15972222222222,32.80555555555556,32.84027777777778,30.680555555555557,56.260416666666664,0.882638888888889,49.99930555555555,398.2638888888889,396.9256944444444,395.01250000000005,61.756249999999994,68.93541666666667,64.35138888888889,1094.3,-49.4,28.86111111111111,0.6000000000000001,3.0027777777777778,26.230555555555554,-25.756944444444443,684.6,-747.5,17.868055555555557,63.33680555555556,1103.0,0.0,27.796527777777776,-178.75833333333333,0.0,-1000.0,49.06944444444444,178.75833333333333,1000.0,0.0,49.06944444444444,30.86111111111111,260.5680555555556,T11,0.0,9.6,3.0881944444444445,0.17520833333333333,0.0,9.7,3.0784722222222225,0.17666666666666667,10.0,17.0,13.125,1016.0,1021.0,1018.6666666666666,46.0,95.0,78.19444444444444,0.0,0.0,0.0,0.0,58.34722222222222,58.19444444444444,418.61805555555554,,0
2016-03-03 00:00:00+00:00,1458.8,0.0,389.9171428571429,38.12785714285714,31.35,43.792857142857144,43.90714285714286,43.58571428571429,26.178571428571427,39.7,40.25,23.242857142857144,12.6,0.0,3.367142857142857,44.0,0.4,3.5642857142857145,0.8478571428571429,0.9028571428571428,271.9835714285714,12.985714285714286,-511.84285714285716,4884.171428571429,612125.0,-116.78571428571429,-494152,37.41428571428571,41.67857142857143,36.92142857142857,31.35,32.42857142857143,22.1,33.52857142857143,19.714285714285715,16.257142857142856,-2.4,90.0,44.28214285714286,2.5771428571428574,44.17142857142857,30.857142857142858,31.59285714285714,31.5,29.75,26.260714285714286,0.8757142857142858,49.99785714285714,398.5407142857143,396.8992857142857,395.66785714285714,40.583571428571425,47.35357142857143,42.74714285714286,506.3,-90.4,27.95,0.35,3.5349999999999997,12.787142857142857,-21.162142857142857,579.9,-688.5,26.477857142857143,85.42928571428571,896.1,0.0,38.63928571428571,-138.6342857142857,0.0,-1000.0,47.93071428571429,138.6342857142857,1000.0,0.0,47.93071428571429,32.95,278.79285714285714,T11,0.0,8.1,3.829861111111111,0.2427777777777778,0.0,8.0,3.822222222222222,0.23958333333333334,9.0,14.0,11.70138888888889,1010.0,1016.0,1013.0486111111111,76.0,98.0,89.29166666666667,0.0,1.0,0.006944444444444444,0.0,73.36805555555556,73.14583333333333,413.0,,0
2016-03-04 00:00:00+00:00,1679.5,0.0,724.9645833333333,45.93194444444444,31.694444444444443,41.951388888888886,42.43055555555556,42.02777777777778,25.59722222222222,38.9375,42.31944444444444,22.95138888888889,14.9,0.0,6.324999999999999,36.0,0.4,3.863888888888889,0.8625,3.577777777777778,222.1847222222222,13.652777777777779,-284.78472222222223,28746.375,4098469.0,-33.25694444444444,-1247912,39.46527777777778,43.75,39.21527777777778,34.05555555555556,34.083333333333336,25.01388888888889,34.486111111111114,20.6875,18.28472222222222,-3.2,44.6,11.604861111111111,0.5291666666666667,52.21527777777778,33.875,34.4375,34.423611111111114,31.819444444444443,170.78125,0.9354166666666666,49.99930555555555,398.7131944444444,396.9847222222222,395.89166666666665,148.75486111111113,165.2784722222222,155.48125,1392.2,-49.4,29.131944444444443,0.43819444444444444,3.959027777777778,54.93333333333333,-52.010416666666664,493.6,-763.8,9.852083333333333,176.07152777777776,1405.8,0.0,56.31736111111111,-422.04305555555555,0.0,-1000.0,48.925694444444446,422.04305555555555,1000.0,0.0,48.925694444444446,33.43055555555556,243.61041666666668,T11,0.0,10.7,4.019444444444444,0.19069444444444444,0.0,10.9,3.979861111111111,0.20222222222222222,9.0,16.0,12.51388888888889,1004.0,1011.0,1006.7569444444445,64.0,100.0,86.44444444444444,0.0,1.0,0.020833333333333332,0.0,77.04861111111111,76.19444444444444,406.71527777777777,,0
2016-03-05 00:00:00+00:00,1769.8,1223.1,1530.99375,63.52361111111111,45.71527777777778,67.22916666666667,67.75694444444444,67.38888888888889,25.916666666666668,54.90972222222222,62.09722222222222,22.020833333333332,15.6,10.8,13.565277777777778,38.3,0.4,7.825694444444445,1.676388888888889,-0.4166666666666667,295.6701388888889,12.819444444444445,0.0,154982.48611111112,22317478.0,0.0,-3926114,62.326388888888886,70.20833333333333,63.40972222222222,36.52777777777778,36.791666666666664,23.5,38.520833333333336,25.63888888888889,15.243055555555555,-3.2,9.8,-1.7284722222222222,0.5631944444444446,89.13194444444444,37.15972222222222,38.27777777777778,38.076388888888886,34.03472222222222,929.7562499999999,0.9902777777777777,50.00138888888889,398.59305555555557,396.1069444444445,397.24791666666664,779.0055555555556,810.4048611111111,786.3263888888889,2103.7,5.9,36.13194444444444,0.5597222222222222,8.009722222222223,230.59166666666664,-163.58402777777778,-29.0,-220.1,5.582638888888889,929.7270833333334,2000.0,5.4,230.93611111111113,-975.2930555555556,-26.5,-1000.0,40.859722222222224,942.34375,1000.0,26.5,72.79583333333333,46.59722222222222,298.58958333333334,T11,3.3,14.6,8.462499999999999,0.8709722222222223,3.1,14.3,8.413194444444445,0.8564583333333333,9.0,14.0,11.82638888888889,1005.0,1010.0,1007.8888888888889,49.0,95.0,69.70833333333333,0.0,1.0,0.006944444444444444,0.0,166.13194444444446,165.19444444444446,407.8541666666667,,0
2016-03-06 00:00:00+00:00,1677.8,0.0,1309.6236111111111,60.89652777777778,42.388888888888886,54.28472222222222,55.46527777777778,54.90972222222222,24.555555555555557,48.416666666666664,54.666666666666664,21.61111111111111,14.9,0.0,11.593055555555557,38.4,0.4,5.314583333333333,1.1819444444444445,0.7784722222222222,295.0361111111111,12.118055555555555,-42.97222222222222,48906.27777777778,7036317.0,-35.138888888888886,-2380677,43.59027777777778,48.958333333333336,43.638888888888886,35.00694444444444,35.263888888888886,23.083333333333332,37.208333333333336,21.875,15.590277777777779,-3.2,89.7,-0.6388888888888888,1.1749999999999998,84.38194444444444,34.701388888888886,35.916666666666664,35.861111111111114,33.18055555555556,293.2243055555556,0.86875,50.0,398.40208333333334,395.9423611111111,396.225,257.2319444444445,285.60069444444446,263.8666666666667,1624.5,-50.2,33.90277777777778,0.5423611111111112,5.475694444444445,90.45763888888888,-99.2513888888889,650.8,-980.9,23.204166666666666,294.81458333333336,1655.1,0.0,90.44444444444444,-790.4618055555555,0.0,-1000.0,125.71249999999999,790.4243055555556,1000.0,0.0,126.00208333333333,32.645833333333336,304.25416666666666,T11,1.1,10.6,5.997916666666667,0.44701388888888893,0.9,10.7,5.9631944444444445,0.4471527777777778,7.0,14.0,11.0,1009.0,1012.0,1010.2361111111111,47.0,82.0,66.63888888888889,0.0,0.0,0.0,0.0,116.86111111111111,116.08333333333333,410.15972222222223,,0
2016-03-07 00:00:00+00:00,1832.6,93.7,1436.025,56.57361111111111,53.020833333333336,70.13888888888889,70.5625,70.13888888888889,31.27777777777778,51.263888888888886,58.826388888888886,23.430555555555557,16.1,0.0,12.72013888888889,42.7,0.4,7.493055555555555,1.6111111111111112,-1.6416666666666666,300.9166666666667,12.45138888888889,-39.111111111111114,136359.24305555556,19630101.0,-27.368055555555557,-3334842,54.50694444444444,62.74305555555556,56.111111111111114,37.34027777777778,37.09027777777778,22.895833333333332,38.520833333333336,26.46527777777778,15.090277777777779,-3.2,59.3,0.5381944444444444,1.7236111111111112,91.01388888888889,37.611111111111114,38.736111111111114,38.5625,34.65277777777778,817.8722222222223,0.8986111111111111,49.99861111111111,398.91041666666666,396.3701388888889,397.3979166666667,695.6402777777778,724.1520833333333,700.3541666666666,2107.8,-50.0,36.333333333333336,0.5,7.624305555555556,129.53958333333333,-138.94722222222222,553.1,-808.8,25.730555555555554,817.925,2000.0,0.0,128.42152777777778,-765.8222222222222,0.0,-1000.0,107.74305555555556,709.995138888889,1000.0,0.0,117.38263888888888,41.875,302.56458333333336,T11,1.6,22.6,8.234722222222222,1.036875,1.5,22.0,8.170833333333333,1.0366666666666666,8.0,27.0,11.541666666666666,1001.0,1011.0,1006.2569444444445,43.0,95.0,66.82638888888889,0.0,10.0,0.1527777777777778,0.0,161.53472222222223,160.40277777777777,406.21527777777777,,0
2016-03-08 00:00:00+00:00,1718.6,0.0,996.4715277777777,127.13472222222224,36.0,48.09722222222222,48.861111111111114,48.61805555555556,26.506944444444443,47.076388888888886,51.15277777777778,22.84027777777778,15.2,0.0,8.754166666666666,36.3,0.4,4.253472222222222,1.0354166666666667,2.45,229.01041666666666,12.9375,-466.00694444444446,29159.6875,4131886.0,-355.9375,-1206417,42.72222222222222,47.736111111111114,42.736111111111114,34.951388888888886,34.986111111111114,22.604166666666668,36.270833333333336,21.03472222222222,15.409722222222221,-3.0,89.7,6.979861111111111,3.3291666666666666,69.88888888888889,34.645833333333336,35.701388888888886,35.75,33.666666666666664,172.18958333333333,0.7305555555555556,49.99930555555555,398.56041666666664,396.46527777777777,395.8826388888889,176.41180555555556,190.87222222222223,181.87986111111113,2098.6,-52.2,32.49305555555556,1.1729166666666666,4.3375,70.52361111111111,-50.19027777777777,571.2,-995.7,62.80555555555556,182.59375,2000.0,0.0,71.44513888888889,-374.43680555555557,0.0,-1000.0,111.26458333333333,372.8569444444445,1000.0,0.0,113.96875,31.875,231.5402777777778,T11,0.6000000000000001,13.5,4.605555555555556,0.5249999999999999,0.7000000000000001,13.5,4.538194444444445,0.5095138888888889,7.0,16.0,11.666666666666666,1007.0,1015.0,1011.0555555555555,32.0,83.0,59.6875,0.0,0.0,0.0,0.0,88.84027777777777,87.45833333333333,410.9861111111111,,0
2016-03-09 00:00:00+00:00,1722.2,0.0,834.9263888888888,41.61736111111111,34.701388888888886,46.88194444444444,47.15277777777778,46.88194444444444,25.54861111111111,44.77777777777778,47.99305555555556,23.756944444444443,15.3,0.0,7.296527777777778,36.0,0.4,4.924305555555556,1.0833333333333333,-0.2243055555555556,206.26458333333332,14.159722222222221,-312.1875,78314.92361111111,11232394.0,-52.90972222222222,-2002808,48.916666666666664,54.74305555555556,49.13194444444444,34.548611111111114,35.52777777777778,24.92361111111111,36.229166666666664,22.083333333333332,17.59027777777778,-3.2,24.5,10.800694444444444,0.29444444444444445,57.13194444444444,34.90277777777778,35.451388888888886,35.423611111111114,32.15277777777778,468.0625,0.9694444444444444,50.0,398.6645833333333,396.775,395.96944444444443,393.9173611111111,413.39652777777775,402.59166666666664,2101.1,-44.1,31.70138888888889,0.35625,5.035416666666666,118.07222222222224,-83.45555555555556,535.1,-608.5,6.045138888888889,471.4944444444444,2000.0,0.0,118.55069444444445,-492.7909722222222,0.0,-1000.0,18.10486111111111,480.95416666666665,1000.0,0.0,35.87638888888889,32.47222222222222,161.47847222222222,T11,0.3,12.0,5.095833333333333,0.3838194444444445,0.0,12.0,5.084722222222222,0.38152777777777774,10.0,16.0,13.222222222222221,1010.0,1015.0,1013.1111111111111,31.0,85.0,54.604166666666664,0.0,0.0,0.0,0.0,98.65972222222223,98.33333333333333,413.0208333333333,,0
2016-03-10 00:00:00+00:00,1764.1,0.0,1236.4090277777777,69.09583333333333,39.3125,56.94444444444444,57.895833333333336,57.40972222222222,25.6875,51.09722222222222,56.59027777777778,23.02777777777778,15.6,0.0,10.922916666666667,40.9,0.4,5.820138888888889,1.3090277777777777,2.586111111111111,290.725,13.131944444444445,-183.90277777777777,76182.42361111111,10943785.0,-142.97916666666666,-2556420,51.979166666666664,58.00694444444444,52.02777777777778,35.291666666666664,36.78472222222222,24.208333333333332,38.263888888888886,23.15277777777778,16.645833333333332,-3.3,89.7,2.8069444444444445,1.1944444444444444,81.84027777777777,35.28472222222222,36.416666666666664,36.354166666666664,33.63194444444444,455.9527777777778,0.911111111111111,49.99791666666667,398.6847222222222,396.53333333333336,396.6097222222222,388.51180555555555,414.7423611111111,394.8840277777778,2100.5,-52.0,35.03472222222222,0.6256944444444446,5.981944444444444,128.71319444444444,-106.50555555555555,366.9,-370.8,12.167361111111111,460.5847222222222,2000.0,0.0,129.87847222222223,-770.3951388888888,0.0,-1000.0,84.18125,765.0159722222222,1000.0,0.0,92.29097222222222,35.333333333333336,305.63194444444446,T11,0.7000000000000001,13.5,6.113888888888889,0.6444444444444444,0.8,14.5,6.0875,0.6431944444444445,7.0,16.0,11.95138888888889,1008.0,1012.0,1010.1805555555555,29.0,91.0,64.90972222222223,0.0,0.0,0.0,0.0,119.09027777777777,118.4375,410.1041666666667,,0
2016-03-11 00:00:00+00:00,1633.7,0.0,562.651388888889,130.31597222222223,31.75,40.36805555555556,40.701388888888886,40.5625,27.59722222222222,40.5,42.770833333333336,23.958333333333332,14.5,0.0,4.830555555555556,33.9,0.4,3.0951388888888887,0.8375,-2.8645833333333335,167.5125,14.79861111111111,-677.8402777777778,6403.798611111111,824539.0,-335.2916666666667,-504048,38.80555555555556,43.09722222222222,38.24305555555556,33.111111111111114,33.451388888888886,24.520833333333332,34.11805555555556,20.368055555555557,17.88888888888889,-2.9,89.7,15.684722222222222,3.3743055555555554,46.458333333333336,32.56944444444444,33.388888888888886,33.50694444444444,31.59027777777778,34.35486111111111,0.8097222222222222,50.00069444444445,398.77430555555554,397.4201388888889,395.90208333333334,50.59861111111111,56.00833333333333,53.46527777777778,825.4,-50.1,28.680555555555557,1.1902777777777778,3.127083333333333,25.464583333333334,-21.018749999999997,593.7,-846.4,33.37013888888889,47.65625,832.8,0.0,30.829166666666666,-141.78333333333333,0.0,-1000.0,69.24722222222222,141.78333333333333,1000.0,0.0,69.24722222222222,29.63888888888889,142.8625,T11,0.0,10.3,3.4652777777777777,0.36416666666666664,0.0,10.2,3.4131944444444446,0.354375,9.0,17.0,13.51388888888889,1010.0,1013.0,1011.5138888888889,23.0,57.0,36.854166666666664,0.0,0.0,0.0,0.0,65.93055555555556,64.88888888888889,411.4583333333333,,0
2016-03-12 00:00:00+00:00,1628.6,0.0,683.9048611111111,82.66805555555555,34.888888888888886,44.84722222222222,45.395833333333336,45.28472222222222,27.65277777777778,44.645833333333336,47.11805555555556,24.625,14.4,0.0,5.8493055555555555,20.5,0.4,3.4986111111111113,0.78125,2.50625,151.28333333333333,15.118055555555555,-597.2847222222222,14362.173611111111,1982143.0,-395.3611111111111,-848448,40.5625,44.72222222222222,39.6875,34.24305555555556,34.451388888888886,26.375,35.833333333333336,21.625,19.458333333333332,-2.8,89.7,12.975000000000001,2.0756944444444443,56.9375,33.673611111111114,34.65972222222222,34.729166666666664,33.15277777777778,82.59097222222222,0.7729166666666667,50.0,398.65277777777777,396.96944444444443,395.7840277777778,99.40555555555555,108.55902777777777,103.11597222222223,928.9,-50.2,31.416666666666668,0.8020833333333334,3.5458333333333334,29.811111111111114,-35.30277777777778,598.4,-998.5,49.96597222222223,90.99930555555555,947.7,0.0,32.09513888888889,-254.7722222222222,0.0,-1000.0,58.74791666666667,254.7722222222222,1000.0,0.0,58.74791666666667,31.791666666666668,136.27291666666667,T11,0.0,8.8,3.568055555555555,0.2627777777777778,0.0,9.0,3.5347222222222223,0.25854166666666667,11.0,19.0,13.979166666666666,1011.0,1014.0,1012.625,26.0,59.0,41.708333333333336,0.0,0.0,0.0,0.0,68.02777777777777,67.42361111111111,412.5138888888889,,0
2016-03-13 00:00:00+00:00,1492.1,0.0,546.5979166666667,118.25902777777777,31.59722222222222,39.604166666666664,39.895833333333336,39.88194444444444,28.34027777777778,41.55555555555556,43.43055555555556,24.13888888888889,13.2,0.0,4.731944444444444,35.5,0.4,2.966666666666667,0.7520833333333334,12.317361111111111,135.46041666666667,15.409722222222221,-740.2847222222222,3592.3333333333335,410695.0,-437.9166666666667,-394594,39.03472222222222,43.291666666666664,38.3125,33.15972222222222,33.8125,26.86111111111111,34.24305555555556,20.63888888888889,20.59722222222222,-2.4,89.7,15.904861111111112,3.428472222222222,46.979166666666664,32.625,33.513888888888886,33.625,31.96527777777778,17.112499999999997,0.7784722222222222,50.0,399.01458333333335,397.12708333333336,395.6673611111111,43.166666666666664,47.37638888888889,45.643055555555556,611.1,-52.1,29.618055555555557,1.1180555555555556,2.9659722222222222,18.819444444444443,-16.37013888888889,660.9,-975.7,47.65902777777777,31.657638888888886,617.0,0.0,23.19097222222222,-97.78194444444445,0.0,-1000.0,68.38333333333334,97.78194444444445,1000.0,0.0,68.38333333333334,29.97222222222222,153.14236111111111,T11,0.4,10.3,3.2840277777777778,0.27416666666666667,0.3,10.2,3.283333333333333,0.2790972222222222,11.0,19.0,14.097222222222221,1008.0,1013.0,1010.5555555555555,39.0,80.0,54.50694444444444,0.0,0.0,0.0,0.0,62.388888888888886,62.326388888888886,410.5208333333333,,0
2016-03-14 00:00:00+00:00,1546.1,0.0,755.7708333333334,67.8451388888889,40.25,44.0625,44.708333333333336,44.423611111111114,27.055555555555557,41.15972222222222,43.958333333333336,23.65277777777778,13.7,0.0,6.650694444444444,36.3,0.4,3.365972222222222,0.8041666666666667,7.9624999999999995,207.40138888888887,14.6875,-448.11805555555554,10137.388888888889,1395253.0,-254.69444444444446,-877298,39.36805555555556,43.65277777777778,38.833333333333336,34.47222222222222,34.84722222222222,26.180555555555557,35.916666666666664,21.243055555555557,20.229166666666668,-3.0,89.7,10.41875,2.029166666666667,59.15972222222222,34.15972222222222,34.96527777777778,34.99305555555556,32.895833333333336,58.1263888888889,0.7597222222222223,50.00069444444445,398.4631944444444,396.65833333333336,395.78125,83.95972222222223,92.75694444444444,86.51597222222222,814.6,-50.0,30.819444444444443,0.6034722222222223,3.3618055555555557,33.19027777777777,-36.578472222222224,909.3,-999.2,61.84027777777778,65.78888888888889,837.5,0.0,33.769444444444446,-270.24791666666664,0.0,-1000.0,116.76527777777778,270.24791666666664,1000.0,0.0,116.76527777777778,30.25,216.9388888888889,T11,0.0,10.2,3.401388888888889,0.24013888888888887,0.0,10.0,3.35625,0.23763888888888887,10.0,17.0,13.3125,1007.0,1011.0,1008.7361111111111,41.0,87.0,70.15277777777777,0.0,0.0,0.0,0.0,64.75694444444444,63.958333333333336,408.7083333333333,,0
2016-03-15 00:00:00+00:00,1700.8,0.0,668.6541666666667,48.39375,35.263888888888886,42.076388888888886,42.4375,42.24305555555556,25.979166666666668,41.52777777777778,43.05555555555556,23.09027777777778,15.1,0.0,5.824999999999999,24.5,0.4,3.806944444444445,0.8729166666666667,-19.99513888888889,217.36666666666667,15.083333333333334,-404.1736111111111,34958.354166666664,4975801.0,-104.75,-1290273,42.38194444444444,47.166666666666664,42.1875,33.88194444444444,34.611111111111114,25.82638888888889,35.50694444444444,21.020833333333332,18.854166666666668,-3.1,89.7,12.34236111111111,1.0104166666666667,54.13194444444444,33.77777777777778,34.326388888888886,34.326388888888886,31.930555555555557,207.29583333333332,0.9270833333333334,50.0,398.7652777777778,397.1743055555555,396.1069444444445,185.24375,198.48541666666668,190.72291666666666,2100.0,-48.9,30.381944444444443,0.4027777777777778,3.8368055555555554,66.56666666666666,-53.75555555555556,575.8,-778.1,22.39513888888889,211.67083333333332,2000.0,0.0,66.04861111111111,-392.36527777777775,0.0,-1000.0,45.69513888888889,389.5138888888889,1000.0,0.0,49.35625,31.04861111111111,284.85833333333335,T11,0.0,12.7,3.7152777777777777,0.2530555555555556,0.0,13.0,3.7083333333333335,0.2551388888888889,11.0,17.0,13.70138888888889,1010.0,1014.0,1012.5486111111111,47.0,91.0,74.13888888888889,0.0,0.0,0.0,0.0,71.00694444444444,70.9375,412.46527777777777,,0
2016-03-16 00:00:00+00:00,1677.9,0.0,1222.0055555555555,91.4125,42.59722222222222,54.701388888888886,55.791666666666664,55.27777777777778,27.97222222222222,48.80555555555556,54.24305555555556,24.416666666666668,14.9,0.0,10.817361111111111,35.4,0.4,4.979861111111111,1.0409722222222222,2.921527777777778,271.225,15.26388888888889,-246.75,45397.70138888889,6501743.0,-189.74305555555554,-1825965,45.88194444444444,51.00694444444444,45.770833333333336,38.21527777777778,37.763888888888886,27.041666666666668,39.63194444444444,24.20138888888889,19.53472222222222,-3.1,71.1,1.5229166666666667,2.04375,82.10416666666667,38.041666666666664,39.166666666666664,39.1875,37.1875,270.9375,0.7875000000000001,49.99930555555555,398.61527777777775,396.48749999999995,396.4513888888889,254.03819444444446,274.6791666666667,261.23125000000005,1669.5,-51.8,36.291666666666664,0.8111111111111111,5.106249999999999,77.24166666666666,-76.12847222222223,608.4,-859.8,57.324999999999996,276.5763888888889,1691.3,0.0,77.48680555555556,-609.5506944444445,0.0,-1000.0,121.37708333333333,609.4291666666667,1000.0,0.0,122.00208333333333,36.138888888888886,285.7972222222222,T11,0.2,15.8,5.326388888888889,0.38006944444444446,0.3,15.9,5.325694444444444,0.38333333333333336,11.0,18.0,14.090277777777779,1010.0,1013.0,1011.8125,45.0,96.0,81.08333333333333,0.0,1.0,0.006944444444444444,0.0,103.22916666666667,103.29166666666667,411.78472222222223,,0
2016-03-17 00:00:00+00:00,1476.8,0.0,507.2701388888888,54.445138888888884,30.3125,38.18055555555556,38.56944444444444,38.375,26.90972222222222,39.24305555555556,40.40972222222222,23.541666666666668,13.1,0.0,4.454166666666667,39.8,0.4,2.879166666666667,0.7444444444444445,-18.706944444444446,243.94930555555553,14.895833333333334,-619.1944444444445,5498.048611111111,702553.0,-285.8958333333333,-511441,38.36805555555556,42.84722222222222,38.048611111111114,33.0625,33.798611111111114,26.416666666666668,34.201388888888886,19.95138888888889,19.458333333333332,-2.4,89.7,16.088194444444444,1.836111111111111,47.861111111111114,32.673611111111114,33.34722222222222,33.40277777777778,31.27777777777778,29.275694444444444,0.8465277777777778,49.99861111111111,398.4798611111111,396.8722222222222,395.3909722222222,45.05347222222222,51.46388888888889,47.52152777777778,520.8,-51.7,28.881944444444443,0.4965277777777778,2.923611111111111,22.579166666666666,-21.288194444444443,597.7,-876.5,31.713194444444444,37.729166666666664,533.3,0.0,23.389583333333334,-149.42916666666667,0.0,-1000.0,82.11666666666666,149.42916666666667,1000.0,0.0,82.11666666666666,28.104166666666668,275.1645833333334,T11,0.0,8.1,2.773611111111111,0.2061111111111111,0.0,8.1,2.771527777777778,0.20902777777777778,11.0,17.0,13.645833333333334,1010.0,1013.0,1011.5763888888889,54.0,96.0,80.66666666666667,0.0,1.0,0.006944444444444444,0.0,52.15972222222222,52.09722222222222,411.53472222222223,,0
2016-03-18 00:00:00+00:00,1556.2,0.0,464.70000000000005,41.261805555555554,28.541666666666668,35.5,35.861111111111114,35.75,26.993055555555557,37.875,39.263888888888886,23.895833333333332,13.8,0.0,3.9479166666666665,27.4,0.4,2.9131944444444446,0.6388888888888888,-2.0805555555555557,218.44375000000002,15.166666666666666,-543.8055555555555,7261.013888888889,967280.0,-195.45138888888889,-513832,38.541666666666664,42.826388888888886,37.94444444444444,32.604166666666664,33.770833333333336,26.444444444444443,34.28472222222222,20.22222222222222,20.25,-2.5,89.7,17.09375,1.2013888888888888,43.638888888888886,32.18055555555556,32.80555555555556,32.84722222222222,30.708333333333332,40.302083333333336,0.8875,49.99861111111111,398.78541666666666,397.0229166666667,395.6201388888889,45.644444444444446,53.08611111111111,48.06666666666667,734.6,-50.1,28.11111111111111,0.3680555555555556,2.9583333333333335,19.316666666666666,-21.43125,578.0,-738.1,15.735416666666667,48.55555555555556,754.0,0.0,20.94236111111111,-176.63055555555556,0.0,-1000.0,54.0,176.63055555555556,1000.0,0.0,54.0,26.930555555555557,290.5201388888889,T11,0.0,9.0,3.023611111111111,0.16,0.0,9.2,3.0194444444444444,0.16625,11.0,17.0,13.833333333333334,1008.0,1011.0,1009.3402777777778,61.0,99.0,84.63194444444444,0.0,1.0,0.006944444444444444,0.0,57.166666666666664,57.125,409.2916666666667,,0
2016-03-19 00:00:00+00:00,1680.9,0.0,1000.6986111111112,65.11388888888888,40.458333333333336,51.61805555555556,52.541666666666664,52.18055555555556,26.916666666666668,45.451388888888886,50.09722222222222,24.520833333333332,14.9,0.0,8.781944444444443,37.8,0.4,4.290972222222222,0.9763888888888889,-2.857638888888889,248.29722222222225,15.194444444444445,-324.9583333333333,29818.972222222223,4247140.0,-227.36805555555554,-1360384,42.63194444444444,47.4375,42.388888888888886,37.541666666666664,36.5,26.881944444444443,38.236111111111114,23.20138888888889,19.645833333333332,-3.2,89.7,6.192361111111111,1.5298611111111111,73.02777777777777,36.96527777777778,38.09722222222222,38.15277777777778,36.451388888888886,176.95069444444445,0.7833333333333333,50.00069444444445,398.8354166666667,396.6875,396.31319444444443,172.20416666666668,188.87291666666667,176.88194444444446,1758.7,-50.6,34.083333333333336,0.5687500000000001,4.461111111111111,67.42847222222223,-56.73541666666667,607.0,-795.2,39.52777777777778,182.1590277777778,1796.0,0.0,68.85833333333333,-502.47013888888887,0.0,-1000.0,100.27638888888889,502.28402777777774,1000.0,0.0,100.80555555555556,34.09722222222222,253.65416666666664,T11,0.2,11.9,4.579861111111111,0.3318055555555556,0.3,12.3,4.601388888888889,0.34861111111111115,12.0,16.0,14.13888888888889,1006.0,1009.0,1007.4097222222222,54.0,99.0,79.49305555555556,0.0,9.0,0.4236111111111111,0.0,88.36805555555556,88.76388888888889,407.3888888888889,,0
2016-03-20 00:00:00+00:00,1681.5,0.0,872.6756944444445,85.34722222222223,40.71527777777778,45.361111111111114,46.111111111111114,45.763888888888886,26.34722222222222,44.173611111111114,47.729166666666664,23.180555555555557,14.9,0.0,7.636805555555556,34.7,0.4,4.021527777777778,0.9118055555555556,-1.7881944444444444,192.01527777777778,14.569444444444445,-394.7638888888889,23289.01388888889,3296772.0,-200.79166666666666,-952336,40.895833333333336,45.52777777777778,40.47222222222222,34.326388888888886,34.645833333333336,25.78472222222222,36.00694444444444,21.854166666666668,18.694444444444443,-3.0,56.7,9.020138888888889,1.7041666666666666,61.638888888888886,34.05555555555556,34.888888888888886,34.916666666666664,32.729166666666664,137.37916666666666,0.8034722222222223,49.99791666666667,399.0541666666667,396.81041666666664,396.23333333333335,137.8763888888889,151.5388888888889,142.91597222222222,1832.6,-49.6,31.208333333333332,0.8381944444444445,4.136805555555556,59.62916666666667,-39.671527777777776,566.2,-701.0,34.037499999999994,144.86041666666668,1855.0,0.0,61.772222222222226,-390.05833333333334,0.0,-1000.0,87.85,389.7916666666667,1000.0,0.0,88.41180555555555,31.006944444444443,193.80555555555554,T11,0.6000000000000001,11.7,4.277083333333334,0.34152777777777776,0.5,11.3,4.191666666666666,0.4011805555555556,10.0,20.0,13.42361111111111,1005.0,1008.0,1005.7152777777778,55.0,96.0,79.47222222222223,0.0,1.0,0.013888888888888888,0.0,82.32638888888889,80.54861111111111,405.6666666666667,,0
2016-03-21 00:00:00+00:00,1677.0,0.0,918.0277777777778,125.9076388888889,41.22222222222222,47.861111111111114,48.65277777777778,48.34722222222222,26.67361111111111,44.86805555555556,49.1875,22.868055555555557,14.9,0.0,8.02986111111111,25.7,0.4,4.106944444444444,0.9597222222222224,-0.23888888888888907,202.37152777777777,14.104166666666666,-466.2708333333333,26845.63888888889,3798627.0,-308.9791666666667,-1189258,41.701388888888886,46.666666666666664,41.59027777777778,33.986111111111114,34.548611111111114,25.09027777777778,36.15972222222222,21.868055555555557,17.805555555555557,-3.1,89.7,8.153472222222222,2.9930555555555554,67.35416666666667,33.59027777777778,34.666666666666664,34.74305555555556,32.763888888888886,158.2263888888889,0.7652777777777778,49.99930555555555,398.82222222222225,396.7555555555556,396.2722222222222,163.1534722222222,176.67013888888889,168.55902777777777,1861.9,-50.0,32.333333333333336,1.1347222222222222,4.206944444444444,65.92083333333333,-49.45,776.7,-985.5,58.990972222222226,166.85694444444445,1881.0,0.0,68.20833333333333,-413.46805555555557,0.0,-1000.0,95.40277777777777,412.9791666666667,1000.0,0.0,95.21944444444445,31.73611111111111,205.11527777777778,T11,0.0,11.2,3.954861111111111,0.39069444444444446,0.0,11.3,3.8784722222222223,0.424375,10.0,15.0,12.881944444444445,1001.0,1005.0,1002.3472222222222,57.0,96.0,77.75,0.0,25.0,0.24305555555555555,0.0,75.84027777777777,74.33333333333333,402.2708333333333,,0
2016-03-22 00:00:00+00:00,1721.0,0.0,1066.7076388888888,80.57569444444444,42.888888888888886,54.854166666666664,55.375,55.09027777777778,25.680555555555557,47.81944444444444,52.75,23.02777777777778,15.2,0.0,9.360416666666667,37.5,0.4,5.284722222222222,1.213888888888889,-0.7909722222222222,246.07291666666666,13.777777777777779,-297.68055555555554,68909.59027777778,9880115.0,-145.32638888888889,-2226027,47.951388888888886,53.52777777777778,47.78472222222222,33.861111111111114,34.298611111111114,24.88888888888889,35.44444444444444,23.0625,17.40277777777778,-3.2,89.7,5.997916666666667,1.3020833333333333,67.09027777777777,33.875,34.854166666666664,34.77777777777778,31.979166666666668,411.65972222222223,0.8930555555555555,50.0,399.025,396.79791666666665,396.77430555555554,359.1402777777778,380.56944444444446,365.4451388888889,2101.0,-52.0,31.895833333333332,0.7298611111111111,5.405555555555555,134.82152777777776,-92.75694444444444,661.6,-989.3,31.931250000000002,415.7451388888889,2000.0,0.0,135.6222222222222,-610.2215277777777,0.0,-1000.0,69.75833333333334,600.0534722222222,1000.0,0.0,83.46875,36.423611111111114,254.36458333333334,T11,0.2,13.9,5.479166666666667,0.5101388888888888,0.3,14.0,5.392361111111111,0.5220138888888889,9.0,15.0,12.715277777777779,1000.0,1005.0,1002.1875,60.0,96.0,80.36111111111111,0.0,8.0,0.09722222222222222,0.0,106.31944444444444,104.65277777777777,402.125,,0
2016-03-23 00:00:00+00:00,1652.7,0.0,1200.7965277777778,68.47916666666667,38.548611111111114,53.541666666666664,54.69444444444444,54.208333333333336,26.34027777777778,47.25,52.979166666666664,22.868055555555557,14.6,0.0,10.631944444444445,36.1,0.4,4.757638888888889,1.0444444444444445,-2.111111111111111,296.01250000000005,13.756944444444445,-153.38194444444446,33344.625,4779540.0,-135.07638888888889,-1841214,43.513888888888886,48.59722222222222,43.416666666666664,34.59027777777778,35.96527777777778,25.0625,37.729166666666664,22.8125,17.63888888888889,-3.1,89.7,1.44375,1.6319444444444444,82.19444444444444,34.28472222222222,35.44444444444444,35.486111111111114,33.05555555555556,199.13958333333332,0.7791666666666667,49.99722222222223,398.57430555555555,396.3618055555555,396.08402777777775,189.8236111111111,214.6986111111111,198.6222222222222,1200.9,-50.2,34.1875,0.60625,4.90625,68.15277777777777,-76.71319444444445,656.3,-825.2,43.45972222222222,202.44583333333333,1210.6,0.0,68.51597222222222,-653.2354166666667,0.0,-1000.0,129.30555555555554,653.2354166666667,1000.0,0.0,129.30555555555554,33.69444444444444,298.1166666666667,T11,0.4,11.0,5.334722222222222,0.34062499999999996,0.7000000000000001,11.0,5.291666666666667,0.34069444444444447,10.0,15.0,12.73611111111111,1002.0,1005.0,1003.3194444444445,46.0,87.0,69.16666666666667,0.0,1.0,0.006944444444444444,0.0,103.44444444444444,102.61805555555556,403.28472222222223,,0
2016-03-24 00:00:00+00:00,1683.4,0.0,629.2131944444444,55.424305555555556,33.583333333333336,41.458333333333336,41.80555555555556,41.56944444444444,25.97222222222222,41.36805555555556,42.8125,23.305555555555557,14.9,0.0,5.454861111111111,24.6,0.4,3.351388888888889,0.8500000000000001,-8.354861111111111,236.1652777777778,14.583333333333334,-479.49305555555554,29020.604166666668,4109922.0,-171.09027777777777,-1229472,41.78472222222222,46.548611111111114,41.513888888888886,33.75,34.30555555555556,24.333333333333332,34.80555555555556,20.54861111111111,17.82638888888889,-3.1,89.7,13.372916666666667,1.1958333333333335,51.666666666666664,33.645833333333336,34.22222222222222,34.25,31.82638888888889,171.28055555555557,0.8604166666666667,49.99930555555555,398.43402777777777,396.76250000000005,395.7902777777778,170.60972222222222,180.37430555555557,173.7423611111111,1855.1,-50.2,29.680555555555557,0.5020833333333333,3.410416666666667,56.68055555555556,-51.359027777777776,695.1,-999.0,46.331944444444446,176.37916666666666,1872.0,0.0,56.58541666666667,-301.36249999999995,0.0,-1000.0,67.17152777777778,300.34305555555557,1000.0,0.0,69.19861111111112,32.9375,277.01250000000005,T11,0.0,11.1,3.560416666666667,0.22895833333333332,0.0,11.1,3.582638888888889,0.23458333333333334,10.0,18.0,13.243055555555555,1005.0,1016.0,1009.1805555555555,42.0,81.0,68.90277777777777,0.0,0.0,0.0,0.0,67.96527777777777,68.34027777777777,409.15277777777777,,0
2016-03-25 00:00:00+00:00,1675.5,0.0,1170.4680555555556,79.71458333333334,42.13194444444444,54.229166666666664,55.34027777777778,54.84722222222222,27.09027777777778,45.729166666666664,51.416666666666664,24.40972222222222,14.8,0.0,10.368055555555555,36.4,0.4,4.415972222222222,1.0208333333333333,0.32708333333333334,223.59375,15.333333333333334,-196.09722222222223,29479.61111111111,4216825.0,-142.40277777777777,-1484940,43.326388888888886,48.333333333333336,43.30555555555556,38.583333333333336,37.43055555555556,26.743055555555557,39.3125,23.77777777777778,19.38888888888889,-2.8,89.7,2.3958333333333335,1.9562499999999998,81.88194444444444,38.208333333333336,39.34027777777778,39.361111111111114,37.59027777777778,175.6861111111111,0.7416666666666667,49.99861111111111,399.14930555555554,396.8798611111111,396.93819444444443,180.96805555555557,199.06458333333333,184.8722222222222,1328.7,-51.1,35.770833333333336,0.7152777777777778,4.672222222222222,68.54374999999999,-61.84097222222223,659.6,-867.2,62.41319444444444,180.06180555555557,1374.0,0.0,70.08888888888889,-550.4666666666667,0.0,-1000.0,131.90277777777777,550.4666666666667,1000.0,0.0,131.90277777777777,38.59027777777778,223.26388888888889,T11,2.5,10.4,5.427083333333333,0.33041666666666664,2.0,10.5,5.409027777777777,0.38708333333333333,13.0,17.0,14.25,1016.0,1020.0,1017.9166666666666,70.0,95.0,84.20138888888889,0.0,0.0,0.0,0.0,105.36805555555556,104.94444444444444,417.8611111111111,,0
2016-03-26 00:00:00+00:00,1670.8,103.1,996.8291666666667,86.83402777777778,39.03472222222222,48.979166666666664,49.80555555555556,49.44444444444444,27.131944444444443,45.333333333333336,49.958333333333336,23.59722222222222,14.8,0.0,8.796527777777778,22.2,0.4,4.409722222222222,0.9208333333333333,1.0965277777777778,254.2444444444444,15.0,-335.78472222222223,29666.354166666668,4223596.0,-198.25,-1482011,41.861111111111114,46.645833333333336,41.604166666666664,36.770833333333336,35.6875,25.92361111111111,37.576388888888886,22.506944444444443,18.72222222222222,-3.2,58.2,6.418055555555556,1.7979166666666666,69.65277777777777,36.43055555555556,37.416666666666664,37.44444444444444,35.63194444444444,175.98055555555555,0.8034722222222223,49.99930555555555,398.5111111111111,396.3548611111111,395.6458333333333,171.42430555555555,190.0013888888889,178.9076388888889,1389.3,-50.0,32.88194444444444,0.7958333333333333,4.497916666666667,66.36041666666667,-61.798611111111114,667.3,-1000.0,44.68333333333333,183.37430555555557,1414.2,0.0,68.82499999999999,-474.22499999999997,0.0,-1000.0,99.1236111111111,474.22499999999997,1000.0,0.0,99.125,34.701388888888886,253.14027777777775,T11,0.0,10.5,4.263888888888889,0.33902777777777776,0.0,10.4,4.268055555555556,0.33979166666666666,12.0,16.0,13.909722222222221,1016.0,1019.0,1017.8333333333334,66.0,92.0,80.13888888888889,0.0,0.0,0.0,0.0,82.02777777777777,82.16666666666667,417.7708333333333,,0
2016-03-27 00:00:00+00:00,1614.8,0.0,695.995652173913,56.641304347826086,41.18840579710145,45.630434782608695,46.231884057971016,45.94927536231884,27.44927536231884,41.97826086956522,44.992753623188406,25.028985507246375,14.3,0.0,6.139130434782609,21.5,0.4,4.878985507246377,0.9644927536231883,0.127536231884058,266.16884057971015,16.27536231884058,-410.3188405797101,17057.5,2297310.0,-198.04347826086956,-1012444,41.19565217391305,45.710144927536234,41.03623188405797,35.10144927536232,35.34782608695652,25.615942028985508,36.69565217391305,23.72463768115942,19.36231884057971,-2.9,90.0,34.981884057971016,2.309420289855072,59.210144927536234,34.56521739130435,35.45652173913044,35.528985507246375,33.905797101449274,99.88840579710146,0.8347826086956522,50.00217391304348,399.23840579710145,396.90942028985506,396.3826086956522,101.66521739130434,115.91811594202899,106.84710144927536,852.4,-48.6,32.15217391304348,0.4992753623188406,4.983333333333333,38.02536231884058,-44.018115942028984,587.5,-730.2,30.71159420289855,225.39420289855073,1674.4,0.0,76.49855072463768,-373.18985507246373,0.0,-1000.0,83.90072463768115,373.18985507246373,1000.0,0.0,83.90072463768115,32.369565217391305,266.0376811594203,T11,0.6000000000000001,9.3,4.92536231884058,0.26231884057971017,0.6000000000000001,9.6,4.946376811594203,0.266304347826087,13.0,18.0,15.159420289855072,1014.0,1017.0,1015.1666666666666,57.0,99.0,84.21014492753623,0.0,4.0,0.11594202898550725,0.0,95.21014492753623,95.6231884057971,415.1376811594203,,0
2016-03-28 00:00:00+00:00,1620.2,0.0,842.9138888888889,35.18958333333333,41.75694444444444,48.0625,48.958333333333336,48.55555555555556,26.78472222222222,43.43055555555556,46.895833333333336,24.53472222222222,14.3,0.0,7.290277777777778,21.7,0.4,3.7895833333333337,0.8034722222222223,-5.499305555555555,277.3722222222222,15.152777777777779,-328.5486111111111,21344.458333333332,3026290.0,-142.58333333333334,-1289568,41.03472222222222,45.75694444444444,40.74305555555556,35.96527777777778,36.145833333333336,25.881944444444443,37.1875,22.32638888888889,18.854166666666668,-3.1,64.1,8.396527777777777,0.73125,66.66666666666667,35.47222222222222,36.291666666666664,36.34027777777778,34.4375,126.09027777777777,0.8666666666666667,50.00069444444445,398.7993055555555,396.8125,395.68680555555557,117.32499999999999,137.28333333333333,125.61458333333333,898.3,-49.6,32.8125,0.3298611111111111,3.9090277777777778,38.85138888888889,-53.71944444444445,638.7,-773.1,20.65138888888889,129.40069444444444,910.1,0.0,38.78611111111111,-474.7805555555555,0.0,-1000.0,89.66458333333334,474.7805555555555,1000.0,0.0,89.66458333333334,32.5625,285.37083333333334,T11,0.1,9.6,3.884722222222222,0.2079861111111111,0.2,9.5,3.859027777777778,0.21125,11.0,17.0,13.972222222222221,1013.0,1016.0,1014.2638888888889,27.0,87.0,69.72916666666667,0.0,0.0,0.0,0.0,74.30555555555556,73.84027777777777,414.24305555555554,,0
2016-03-29 00:00:00+00:00,1445.1,0.0,209.42083333333332,52.59236111111111,27.88888888888889,32.236111111111114,32.38194444444444,32.375,27.944444444444443,37.645833333333336,37.270833333333336,25.25,12.8,0.0,1.7312500000000002,16.4,0.4,2.222916666666667,0.5944444444444446,10.256944444444445,236.4118055555556,16.90277777777778,-746.1805555555555,691.2916666666666,-7905.0,-314.94444444444446,-129558,39.173611111111114,43.46527777777778,38.548611111111114,31.86111111111111,33.770833333333336,26.73611111111111,34.05555555555556,20.45138888888889,20.48611111111111,-2.4,89.7,22.03611111111111,1.5812499999999998,35.90277777777778,31.291666666666668,31.97222222222222,32.06944444444444,30.36111111111111,-0.3340277777777778,0.8916666666666667,49.99930555555555,398.1222222222222,397.1326388888889,394.9173611111111,11.289583333333333,12.918055555555556,13.13888888888889,409.1,-52.4,28.145833333333332,0.4701388888888889,2.2333333333333334,6.916666666666667,-5.390972222222222,503.8,-820.7,12.283333333333333,9.036111111111111,413.0,0.0,8.400694444444445,-20.761805555555554,0.0,-1000.0,20.904861111111114,20.761805555555554,1000.0,0.0,20.904861111111114,26.756944444444443,293.63680555555555,T11,0.0,7.6,2.2347222222222225,0.1511111111111111,0.0,7.7,2.2381944444444444,0.15173611111111113,11.0,22.0,15.23611111111111,1008.0,1014.0,1010.3888888888889,42.0,99.0,79.90277777777777,0.0,0.0,0.0,0.0,41.326388888888886,41.34722222222222,410.34027777777777,,0
2016-03-30 00:00:00+00:00,1680.8,0.0,659.8361111111111,58.73402777777778,37.61805555555556,42.201388888888886,42.65972222222222,42.520833333333336,29.77777777777778,41.50694444444444,44.229166666666664,26.430555555555557,14.9,0.0,5.728472222222222,21.3,0.4,3.564583333333333,0.7486111111111112,4.484027777777778,189.21875,17.979166666666668,-428.2638888888889,17909.875,2517352.0,-178.57638888888889,-915896,42.99305555555556,47.19444444444444,42.34722222222222,35.25,35.326388888888886,29.180555555555557,37.263888888888886,24.0625,22.791666666666668,-2.8,79.1,12.940972222222221,1.1465277777777778,52.916666666666664,34.47222222222222,35.604166666666664,35.72222222222222,34.208333333333336,104.92152777777778,0.8451388888888889,50.00138888888889,398.49652777777777,396.975,395.6652777777778,107.8423611111111,118.82708333333332,112.89861111111111,1691.2,-50.7,32.0625,0.5347222222222222,3.5875000000000004,36.74513888888889,-38.15555555555555,628.7,-886.1,33.28541666666667,112.61736111111111,1713.2,0.0,38.75277777777777,-305.8041666666667,0.0,-1000.0,56.858333333333334,305.5236111111111,1000.0,0.0,57.587500000000006,32.076388888888886,184.74097222222224,T11,0.0,12.3,3.695138888888889,0.23625000000000002,0.0,12.4,3.711111111111111,0.238125,14.0,21.0,16.555555555555557,1004.0,1008.0,1005.4305555555555,42.0,85.0,63.611111111111114,0.0,0.0,0.0,0.0,70.74305555555556,70.90277777777777,405.40972222222223,,0
2016-03-31 00:00:00+00:00,1786.2,39.8,1450.4270833333333,62.205555555555556,55.15277777777778,68.39583333333333,68.96527777777777,68.49305555555556,30.02777777777778,52.11805555555556,59.333333333333336,23.75,15.7,0.0,12.845833333333333,37.1,0.4,7.188888888888889,1.5770833333333334,-1.2395833333333333,305.67083333333335,14.180555555555555,-28.625,129461.625,18638351.0,-21.493055555555557,-3447790,56.145833333333336,63.68055555555556,57.166666666666664,38.951388888888886,38.40277777777778,25.48611111111111,40.041666666666664,27.020833333333332,17.680555555555557,-3.1,56.5,-0.7888888888888889,1.063888888888889,91.08333333333333,39.21527777777778,40.31944444444444,40.09722222222222,36.75,776.6256944444444,0.9298611111111111,50.00069444444445,399.0826388888889,396.66041666666666,397.7708333333333,656.0916666666667,683.6770833333334,658.8201388888889,2107.4,-50.5,37.576388888888886,0.5472222222222222,7.324305555555556,180.50833333333333,-143.65694444444443,437.6,-552.9,12.31388888888889,776.1541666666667,2000.0,0.0,179.85069444444446,-853.7736111111111,0.0,-1000.0,100.74236111111111,812.5881944444444,1000.0,0.0,116.18402777777777,44.479166666666664,311.9173611111111,T11,1.5,15.8,8.077083333333333,0.9854861111111111,1.5,15.8,8.009027777777778,0.9706944444444444,8.0,16.0,13.083333333333334,1007.0,1011.0,1008.6875,34.0,88.0,58.52777777777778,0.0,0.0,0.0,0.0,158.51388888888889,157.11111111111111,408.68055555555554,,0
2016-04-01 00:00:00+00:00,1675.5,30.9,1157.2791666666667,99.11041666666667,44.84722222222222,52.93055555555556,53.97222222222222,53.47222222222222,27.76388888888889,47.604166666666664,52.88194444444444,23.694444444444443,14.8,0.0,10.216666666666667,36.8,0.4,4.757638888888889,1.1340277777777779,-1.3048611111111112,266.25069444444443,14.652777777777779,-240.24305555555554,36408.90277777778,5208286.0,-176.00694444444446,-1819515,44.21527777777778,49.24305555555556,44.31944444444444,36.78472222222222,36.68055555555556,25.36111111111111,38.486111111111114,23.430555555555557,18.03472222222222,-3.2,84.8,2.7993055555555557,2.0909722222222222,79.25694444444444,36.458333333333336,37.55555555555556,37.55555555555556,35.583333333333336,217.03750000000002,0.78125,49.99930555555555,398.5,396.29999999999995,396.3333333333333,207.27569444444444,227.47222222222223,212.18541666666667,1328.7,-50.2,34.88194444444444,0.8784722222222222,4.832638888888889,92.41874999999999,-75.7798611111111,600.1,-880.7,46.232638888888886,222.08680555555554,1361.0,0.0,92.28958333333334,-589.3583333333333,0.0,-1000.0,144.04861111111111,589.3583333333333,1000.0,0.0,144.04861111111111,34.0625,270.0444444444445,T11,1.2,11.8,5.457638888888889,0.5759027777777779,1.1,11.2,5.388888888888889,0.5623611111111111,8.0,18.0,13.395833333333334,1006.0,1012.0,1008.9930555555555,27.0,72.0,47.72222222222222,0.0,0.0,0.0,0.0,105.97222222222223,104.65277777777777,408.9375,,0
2016-04-02 00:00:00+00:00,1589.6,0.0,666.4708333333333,76.16736111111112,36.75694444444444,42.90277777777778,43.513888888888886,43.326388888888886,27.916666666666668,43.27777777777778,45.03472222222222,24.368055555555557,14.1,0.0,5.765277777777778,36.2,0.4,3.302777777777778,0.7875000000000001,15.26388888888889,196.91250000000002,15.32638888888889,-567.2986111111111,9478.208333333334,1283172.0,-332.0208333333333,-832232,40.19444444444444,44.80555555555556,39.916666666666664,33.90972222222222,34.94444444444444,26.631944444444443,36.041666666666664,21.458333333333332,20.381944444444443,-2.4,89.4,12.8625,2.33125,57.375,33.44444444444444,34.31944444444444,34.36805555555556,32.520833333333336,53.46180555555556,0.807638888888889,49.99861111111111,398.31041666666664,396.7076388888889,395.0805555555555,71.3125,81.22569444444444,76.21875,799.9,-50.8,30.96527777777778,0.7180555555555556,3.332638888888889,31.269444444444446,-34.672222222222224,819.0,-962.8,47.27430555555556,62.71458333333333,809.7,0.0,32.30486111111111,-240.40763888888887,0.0,-1000.0,105.33402777777778,240.40763888888887,1000.0,0.0,105.33402777777778,30.29861111111111,221.66250000000002,T11,0.0,9.4,3.4069444444444446,0.2576388888888889,0.0,9.1,3.3687500000000004,0.2659722222222222,10.0,17.0,13.958333333333334,1003.0,1008.0,1005.3194444444445,55.0,89.0,71.22916666666667,0.0,0.0,0.0,0.0,64.86805555555556,64.00694444444444,405.1875,,0
2016-04-03 00:00:00+00:00,1689.7,0.0,815.0173611111111,57.85555555555556,36.15972222222222,43.451388888888886,43.96527777777778,43.638888888888886,26.40277777777778,43.4375,46.916666666666664,22.65277777777778,14.9,0.0,7.084027777777778,32.1,0.4,4.024305555555555,0.8618055555555556,6.25625,238.8076388888889,14.930555555555555,-392.25,27356.32638888889,3882827.0,-139.63888888888889,-1159436,40.9375,45.611111111111114,40.59027777777778,34.56944444444444,34.263888888888886,25.694444444444443,35.47222222222222,21.368055555555557,18.875,-3.3,67.4,10.052777777777777,1.2048611111111112,56.951388888888886,34.28472222222222,35.02777777777778,35.013888888888886,32.75,161.7736111111111,0.8722222222222222,50.0,398.3722222222222,396.54791666666665,395.1652777777778,158.16597222222222,174.29583333333332,166.48541666666668,1891.6,-50.1,30.21527777777778,0.5472222222222222,4.083333333333333,56.077777777777776,-48.30833333333333,641.4,-867.9,48.03541666666667,167.8736111111111,1911.9,0.0,56.5125,-410.9791666666667,0.0,-1000.0,88.44652777777777,410.6381944444445,1000.0,0.0,89.44375,29.90972222222222,245.04513888888889,T11,0.0,11.0,3.8930555555555557,0.30715277777777783,0.0,10.8,3.892361111111111,0.3142361111111111,10.0,16.0,13.694444444444445,1006.0,1009.0,1007.2013888888889,67.0,99.0,83.40277777777777,0.0,1.0,0.020833333333333332,0.0,74.61805555555556,74.59027777777777,407.15972222222223,,0
2016-04-04 00:00:00+00:00,1849.8,1211.2,1561.4868055555555,39.81597222222222,60.03472222222222,86.38888888888889,86.36805555555556,85.94444444444444,39.4375,54.708333333333336,63.354166666666664,27.354166666666668,16.1,10.8,13.834027777777777,44.2,0.4,9.98125,2.1930555555555555,-0.38680555555555557,237.46944444444443,14.993055555555555,0.0,223809.47916666666,32228565.0,0.0,-4230888,64.51388888888889,76.09027777777777,68.19444444444444,44.208333333333336,41.451388888888886,25.666666666666668,42.951388888888886,32.354166666666664,17.854166666666668,-3.3,22.2,2.341666666666667,2.084027777777778,102.91666666666667,44.78472222222222,45.90972222222222,45.40972222222222,40.958333333333336,1342.9173611111112,0.9722222222222222,50.00138888888889,399.05833333333334,396.33124999999995,398.1979166666667,1126.509722222222,1156.4104166666666,1127.6201388888887,2108.4,-18.9,42.076388888888886,0.3416666666666667,10.10763888888889,144.0340277777778,-176.30624999999998,575.5,-770.8,12.115277777777777,1340.507638888889,2000.0,0.0,142.5638888888889,-786.5840277777778,0.0,-1000.0,82.52361111111111,680.4666666666667,1000.0,0.0,93.35972222222222,47.895833333333336,237.8659722222222,T11,1.5,23.3,10.303472222222222,2.3419444444444446,1.6,22.6,10.335416666666667,2.359375,13.0,17.0,14.291666666666666,999.0,1009.0,1003.7916666666666,73.0,99.0,89.70833333333333,0.0,13.0,0.5555555555555556,0.0,203.11111111111111,203.76388888888889,403.74305555555554,,0
2016-04-05 00:00:00+00:00,1770.1,74.1,1479.0909722222223,70.47361111111111,44.50694444444444,66.67361111111111,67.36111111111111,66.88194444444444,29.125,54.770833333333336,61.541666666666664,23.57638888888889,15.6,0.0,13.094444444444443,38.3,0.4,7.28125,1.5506944444444446,-0.7930555555555556,295.6041666666667,14.32638888888889,-29.70138888888889,132505.18055555556,19076469.0,-26.22222222222222,-3668833,61.02777777777778,68.84722222222223,62.576388888888886,37.895833333333336,38.69444444444444,25.86111111111111,40.46527777777778,26.506944444444443,17.86111111111111,-3.3,76.1,-1.3263888888888888,0.6513888888888889,90.82638888888889,38.395833333333336,39.52777777777778,39.375,35.90277777777778,794.8340277777778,0.9624999999999999,49.99930555555555,398.7361111111111,396.4631944444444,397.4402777777778,668.8659722222222,698.1951388888889,674.7840277777777,2104.8,-52.1,37.84722222222222,0.6243055555555556,7.490972222222222,190.6486111111111,-152.86041666666668,17.5,-220.2,7.4430555555555555,794.7430555555555,2000.0,0.0,190.52708333333334,-931.1097222222221,0.0,-1000.0,66.20138888888889,906.4798611111112,1000.0,0.0,81.78194444444445,39.416666666666664,296.39374999999995,T11,0.4,15.5,8.197222222222223,0.8350000000000001,0.3,15.4,8.161111111111111,0.8263888888888888,10.0,16.0,13.340277777777779,1000.0,1006.0,1003.0138888888889,58.0,89.0,73.21527777777777,0.0,0.0,0.0,0.0,160.83333333333334,160.15972222222223,402.97222222222223,,0
2016-04-06 00:00:00+00:00,1664.7,0.0,692.8069444444444,94.36805555555556,34.298611111111114,45.1875,45.798611111111114,45.69444444444444,28.319444444444443,44.916666666666664,47.041666666666664,25.180555555555557,14.7,0.0,5.928472222222222,36.6,0.4,3.4749999999999996,0.8111111111111111,1.7381944444444444,258.03263888888887,16.006944444444443,-659.0555555555555,15006.9375,2066096.0,-472.71527777777777,-920209,42.458333333333336,47.048611111111114,42.083333333333336,34.888888888888886,35.375,26.3125,36.604166666666664,22.520833333333332,19.541666666666668,-2.9,89.7,13.872222222222222,2.79375,59.708333333333336,34.201388888888886,35.333333333333336,35.416666666666664,33.916666666666664,86.11041666666667,0.7986111111111112,50.0,398.3597222222222,396.6534722222222,395.4145833333333,95.77222222222223,105.83541666666666,98.89236111111111,1179.7,-50.0,32.02777777777778,0.9229166666666667,3.5430555555555556,43.21736111111111,-38.368750000000006,652.4,-792.6,36.90555555555555,97.4076388888889,1204.5,0.0,45.20902777777778,-283.7916666666667,0.0,-1000.0,95.41180555555555,283.7916666666667,1000.0,0.0,95.41180555555555,31.59027777777778,271.29097222222225,T11,0.0,10.9,3.8270833333333334,0.35736111111111113,0.0,11.4,3.7979166666666666,0.3604861111111111,11.0,20.0,14.722222222222221,1005.0,1008.0,1006.5972222222222,41.0,88.0,69.18055555555556,0.0,0.0,0.0,0.0,73.3125,72.625,406.5625,,0
2016-04-07 00:00:00+00:00,1586.2,0.0,488.3756944444445,22.266666666666666,30.40277777777778,38.6875,39.18055555555556,38.895833333333336,28.770833333333332,38.55555555555556,39.798611111111114,26.17361111111111,14.0,0.0,4.220138888888889,18.9,0.4,2.8916666666666666,0.6715277777777778,13.324305555555556,230.17916666666667,18.381944444444443,-416.5138888888889,10879.3125,1506644.0,-82.91666666666667,-741219,41.11805555555556,45.43055555555556,40.708333333333336,33.5625,35.34722222222222,28.506944444444443,36.63194444444444,22.895833333333332,23.305555555555557,-2.5,61.7,15.085416666666667,0.4340277777777778,47.43055555555556,33.041666666666664,33.833333333333336,33.888888888888886,32.333333333333336,62.7798611111111,0.9118055555555556,50.0,398.7868055555556,397.1763888888889,395.5368055555556,61.29236111111111,72.12986111111111,65.09027777777777,728.8,-38.6,30.45138888888889,0.20208333333333334,2.9680555555555554,24.87777777777778,-30.881249999999998,454.9,-525.1,9.5,66.52708333333334,733.1,0.0,24.481944444444444,-265.5861111111111,0.0,-1000.0,63.64444444444444,265.5861111111111,1000.0,0.0,63.64444444444444,32.854166666666664,216.86944444444444,T11,0.0,9.0,3.004861111111111,0.17319444444444446,0.0,9.1,2.9618055555555554,0.1765972222222222,13.0,22.0,16.791666666666668,1006.0,1008.0,1006.9375,49.0,90.0,72.63194444444444,0.0,0.0,0.0,0.0,56.71527777777778,55.708333333333336,406.8958333333333,,0
2016-04-08 00:00:00+00:00,1721.1,0.0,901.1500000000001,81.67500000000001,38.229166666666664,50.59722222222222,51.208333333333336,51.09027777777778,29.13888888888889,47.0,50.49305555555556,26.256944444444443,15.2,0.0,7.831250000000001,30.0,0.4,4.559722222222223,1.0618055555555557,-0.8743055555555556,285.61875,17.958333333333332,-510.40972222222223,43572.1875,6200896.0,-322.0486111111111,-1602490,48.548611111111114,53.625,48.201388888888886,36.34722222222222,37.65277777777778,27.59027777777778,39.34722222222222,25.25,20.48611111111111,-3.1,89.7,9.25,1.3340277777777778,68.47222222222223,35.958333333333336,37.06944444444444,37.111111111111114,35.40277777777778,258.3256944444445,0.8569444444444445,50.0,398.7111111111111,396.8375,396.3826388888889,232.24374999999998,246.66250000000002,234.8180555555556,2099.2,-50.7,34.736111111111114,0.7618055555555556,4.572916666666667,119.82638888888889,-66.77291666666666,680.1,-636.0,20.535416666666666,265.71736111111113,2000.0,0.0,121.26597222222222,-459.4375,0.0,-1000.0,72.62083333333334,455.03194444444443,1000.0,0.0,77.88611111111112,40.416666666666664,296.4923611111111,T11,0.6000000000000001,14.2,5.073611111111111,0.6308333333333334,0.6000000000000001,14.0,5.004861111111111,0.613125,13.0,21.0,16.770833333333332,1005.0,1010.0,1006.9236111111111,27.0,89.0,58.05555555555556,0.0,0.0,0.0,0.0,98.20833333333333,96.88888888888889,406.88194444444446,,0
2016-04-09 00:00:00+00:00,1684.7,0.0,710.2333333333333,100.65625,34.895833333333336,45.333333333333336,45.8125,45.666666666666664,28.98611111111111,43.458333333333336,46.22222222222222,25.28472222222222,14.9,0.0,6.077777777777778,36.7,0.4,3.6333333333333337,0.825,0.3847222222222221,235.60625000000002,16.59722222222222,-539.0069444444445,18909.118055555555,2645294.0,-263.3611111111111,-897254,42.88194444444444,47.34027777777778,42.25694444444444,35.36805555555556,35.13194444444444,27.743055555555557,36.90277777777778,22.71527777777778,21.01388888888889,-2.9,83.5,12.473611111111111,2.271527777777778,56.375,34.6875,35.833333333333336,35.90972222222222,34.47222222222222,110.22708333333334,0.8229166666666666,49.99930555555555,399.0465277777778,397.3618055555555,396.1472222222222,114.16250000000001,123.42777777777776,117.5909722222222,1471.3,-49.6,31.40277777777778,0.9340277777777778,3.657638888888889,41.75972222222222,-37.35069444444444,560.9,-752.7,33.859722222222224,119.96388888888889,1490.8,0.0,44.41111111111111,-272.4319444444444,0.0,-1000.0,59.729166666666664,272.4291666666667,1000.0,0.0,59.762499999999996,34.63194444444444,282.7298611111111,T11,0.3,9.8,4.009722222222222,0.2529166666666667,0.3,10.0,4.011805555555556,0.25479166666666664,12.0,20.0,15.25,1006.0,1010.0,1008.0763888888889,27.0,82.0,46.86805555555556,0.0,0.0,0.0,0.0,76.86111111111111,76.97222222222223,408.03472222222223,,0
2016-04-10 00:00:00+00:00,1795.7,0.0,1165.5819444444444,78.85902777777778,38.4375,53.145833333333336,54.03472222222222,53.65277777777778,27.368055555555557,46.84722222222222,52.520833333333336,23.36111111111111,15.8,0.0,10.25138888888889,35.1,0.4,5.070138888888889,1.073611111111111,-3.463888888888889,244.94583333333333,14.5,-226.45833333333334,51154.90277777778,7333698.0,-173.73611111111111,-2142697,44.986111111111114,50.31944444444444,45.03472222222222,38.333333333333336,36.298611111111114,24.9375,38.326388888888886,23.243055555555557,17.631944444444443,-3.2,89.7,3.0881944444444445,1.7194444444444443,77.42361111111111,38.0625,39.201388888888886,39.19444444444444,37.104166666666664,305.60069444444446,0.7993055555555556,50.0,398.48333333333335,396.1784722222222,395.6743055555555,288.6875,314.6076388888889,301.59166666666664,2099.5,-49.9,34.75,0.7222222222222222,5.213888888888889,100.0625,-89.24652777777777,627.5,-1000.2,77.07083333333334,310.81666666666666,2000.0,0.0,101.92291666666667,-649.7701388888888,0.0,-1000.0,104.92152777777778,648.026388888889,1000.0,0.0,107.73402777777778,36.854166666666664,248.4138888888889,T11,0.5,13.0,4.855555555555556,0.494375,0.5,12.8,4.877777777777777,0.5020833333333333,12.0,15.0,13.3125,1002.0,1006.0,1003.2430555555555,73.0,99.0,90.15972222222223,0.0,7.0,0.2986111111111111,0.0,93.79166666666667,94.43055555555556,403.2083333333333,,0
2016-04-11 00:00:00+00:00,1760.1,1201.6,1408.4798611111112,69.38611111111112,40.69444444444444,58.94444444444444,59.94444444444444,59.4375,26.02777777777778,52.0625,58.576388888888886,22.92361111111111,15.6,10.7,12.471527777777778,37.3,0.4,6.356944444444444,1.3034722222222221,-2.832638888888889,216.02222222222224,15.125,0.0,86963.30555555556,12522716.0,0.0,-2728294,51.47222222222222,57.6875,52.09722222222222,38.6875,38.03472222222222,25.88888888888889,40.55555555555556,25.15277777777778,18.25,-3.3,6.3,-1.6097222222222223,0.4590277777777778,89.52083333333333,38.65972222222222,39.80555555555556,39.708333333333336,37.048611111111114,521.7972222222222,0.9347222222222222,50.0,398.46458333333334,396.12916666666666,396.27152777777775,438.1986111111111,472.8208333333333,454.51944444444445,2101.8,-37.1,37.49305555555556,0.6145833333333334,6.527777777777778,155.85277777777776,-113.65555555555555,724.2,-584.8,16.76388888888889,521.7409722222222,2000.0,0.0,156.10000000000002,-938.498611111111,0.0,-1000.0,75.63611111111112,931.9708333333333,1000.0,0.0,82.95277777777778,38.6875,218.85902777777778,T11,2.3,14.1,6.749305555555555,0.8334722222222222,1.7000000000000002,14.1,6.769444444444444,0.8866666666666667,11.0,16.0,14.090277777777779,1002.0,1006.0,1003.9097222222222,62.0,96.0,80.02777777777777,0.0,4.0,0.1388888888888889,0.0,131.81944444444446,132.20138888888889,403.7916666666667,,0
2016-04-12 00:00:00+00:00,1781.3,1188.1,1450.923611111111,68.79305555555555,42.11805555555556,63.354166666666664,64.07638888888889,63.69444444444444,27.65277777777778,52.645833333333336,59.59027777777778,23.92361111111111,15.7,10.5,12.850694444444445,38.1,0.5,6.804166666666666,1.4756944444444444,-0.06805555555555563,210.4090277777778,15.465277777777779,-2.548611111111111,112580.50694444444,16211226.0,-1.4930555555555556,-3075682,57.69444444444444,64.70138888888889,58.645833333333336,38.80555555555556,38.236111111111114,25.48611111111111,40.34722222222222,26.40972222222222,17.604166666666668,-3.1,12.1,-1.4534722222222223,0.6423611111111112,89.79166666666667,39.083333333333336,40.1875,40.09722222222222,37.048611111111114,675.4986111111111,0.9187500000000001,50.00069444444445,398.8361111111111,396.4013888888889,396.93888888888887,573.7111111111111,606.2826388888889,586.2493055555556,2104.4,-43.8,37.40277777777778,0.6076388888888888,7.030555555555555,195.28611111111113,-128.1236111111111,654.1,-886.1,31.556944444444444,675.0597222222223,2000.0,0.0,195.20347222222222,-902.3576388888889,0.0,-1000.0,85.25625,882.8243055555555,1000.0,0.0,104.02777777777777,40.875,210.46875,T11,2.3,16.3,7.532638888888889,1.2043055555555555,1.8,16.3,7.470833333333333,1.404097222222222,12.0,16.0,14.444444444444445,1004.0,1008.0,1006.0902777777778,74.0,97.0,88.30555555555556,0.0,20.0,0.5208333333333334,0.0,147.70138888888889,146.1875,406.03472222222223,,0
2016-04-13 00:00:00+00:00,1692.6,0.0,1139.697222222222,55.206944444444446,40.416666666666664,54.36805555555556,55.34722222222222,54.888888888888886,27.40277777777778,49.24305555555556,54.111111111111114,24.729166666666668,15.0,0.0,10.057638888888889,33.9,0.4,4.993055555555555,0.9520833333333333,7.177777777777777,233.09722222222223,16.86111111111111,-214.375,48936.65972222222,7016011.0,-143.02777777777777,-2065676,48.09027777777778,53.625,48.61805555555556,38.40972222222222,38.263888888888886,27.79861111111111,40.34722222222222,25.243055555555557,20.59027777777778,-3.2,58.2,2.997916666666667,0.7034722222222222,82.375,38.083333333333336,39.22222222222222,39.208333333333336,37.34722222222222,292.3069444444444,0.8472222222222222,50.00138888888889,398.44722222222225,396.5451388888889,395.7902777777778,269.64444444444445,295.4013888888889,283.2076388888889,1581.6,-48.1,36.763888888888886,0.5,5.106249999999999,86.43194444444445,-85.99305555555556,709.8,-952.5,56.97708333333334,294.62083333333334,1598.9,0.0,86.62708333333333,-695.5590277777778,0.0,-1000.0,89.4361111111111,695.5284722222223,1000.0,0.0,89.60069444444444,34.826388888888886,240.91597222222222,T11,0.0,10.9,4.856944444444444,0.42520833333333335,0.0,10.8,4.893750000000001,0.43256944444444445,14.0,18.0,15.6875,1007.0,1010.0,1008.5555555555555,55.0,97.0,79.85416666666667,0.0,0.0,0.0,0.0,93.99305555555556,94.68055555555556,408.52777777777777,,0
2016-04-14 00:00:00+00:00,1420.6,0.0,416.65,32.427083333333336,29.54861111111111,37.28472222222222,37.65972222222222,37.354166666666664,29.180555555555557,37.833333333333336,38.09027777777778,26.145833333333332,12.6,0.0,3.599305555555555,20.9,0.4,2.3854166666666665,0.6576388888888889,3.0520833333333335,207.05416666666667,17.944444444444443,-494.69444444444446,5270.756944444444,687752.0,-145.33333333333334,-507392,40.8125,45.09722222222222,40.458333333333336,33.270833333333336,34.875,27.97222222222222,36.11805555555556,22.26388888888889,21.98611111111111,-2.6,89.7,16.59375,1.1493055555555556,44.75694444444444,32.736111111111114,33.513888888888886,33.645833333333336,32.111111111111114,28.65625,0.8673611111111111,49.99930555555555,398.43888888888887,397.1166666666667,395.3333333333333,38.19097222222222,46.09097222222223,41.24722222222223,429.9,-50.1,29.86111111111111,0.2826388888888889,2.459722222222222,16.366666666666667,-21.124305555555555,498.2,-804.7,21.586805555555557,33.18333333333333,435.0,0.0,15.409722222222221,-148.70694444444445,0.0,-1000.0,61.87291666666667,148.70694444444445,1000.0,0.0,61.87291666666667,29.4375,294.0284722222222,T11,0.0,6.6,2.351388888888889,0.11645833333333333,0.0,6.6,2.3520833333333333,0.11756944444444445,13.0,20.0,16.53472222222222,1006.0,1010.0,1007.9375,42.0,92.0,66.40972222222223,0.0,0.0,0.0,0.0,43.69444444444444,43.63194444444444,407.875,,0
2016-04-15 00:00:00+00:00,1700.8,0.0,894.8826388888889,54.82916666666667,42.06944444444444,49.44444444444444,49.854166666666664,49.5625,27.98611111111111,46.4375,49.80555555555556,25.07638888888889,15.1,0.0,7.71875,36.8,0.4,5.033333333333333,1.0083333333333335,-15.662500000000001,240.9138888888889,16.75,-346.0416666666667,71544.38194444444,10252562.0,-122.80555555555556,-1849238,49.791666666666664,55.263888888888886,49.604166666666664,35.25,36.673611111111114,28.25,38.3125,24.583333333333332,21.01388888888889,-3.3,73.3,9.613194444444444,0.5069444444444444,61.38194444444444,35.34027777777778,36.15972222222222,36.15277777777778,33.75694444444444,427.2013888888889,0.9659722222222222,50.0,398.39444444444445,396.6798611111111,395.6875,360.4638888888889,379.44166666666666,369.94444444444446,1892.8,-41.8,33.38194444444444,0.4986111111111111,5.094444444444445,109.72222222222223,-77.07291666666667,687.4,-951.5,8.097916666666668,430.7388888888889,1910.7,0.0,110.19652777777777,-530.588888888889,0.0,-1000.0,15.809722222222222,527.8381944444444,1000.0,0.0,23.699305555555558,36.55555555555556,259.0729166666667,T11,0.0,12.8,4.810416666666667,0.5192361111111111,0.0,12.5,4.833333333333333,0.5273611111111111,14.0,18.0,15.666666666666666,1006.0,1008.0,1007.1388888888889,70.0,98.0,86.83333333333333,0.0,1.0,0.006944444444444444,0.0,93.01388888888889,93.45833333333333,407.0138888888889,,0
2016-04-16 00:00:00+00:00,1757.0,1207.7,1500.225,67.83819444444445,57.09722222222222,69.77777777777777,70.45833333333333,70.0,30.29861111111111,53.548611111111114,61.56944444444444,26.819444444444443,15.6,10.7,13.291666666666666,37.8,0.5,7.484722222222222,1.5215277777777778,2.3506944444444446,219.29375,17.680555555555557,0.0,139696.24305555556,20116259.0,0.0,-3456906,61.11805555555556,68.99305555555556,62.833333333333336,40.50694444444444,41.30555555555556,28.17361111111111,43.020833333333336,30.25,20.180555555555557,-4.2,11.4,-1.6493055555555556,0.6305555555555555,93.61805555555556,40.84027777777778,41.958333333333336,41.798611111111114,38.611111111111114,838.1326388888889,0.9826388888888888,49.99861111111111,398.55833333333334,396.15,396.52708333333334,695.6854166666667,733.4541666666667,713.6131944444445,2105.3,-39.2,40.263888888888886,0.6020833333333333,7.663194444444445,214.53472222222223,-144.03750000000002,0.4,-211.8,5.489583333333333,841.4611111111111,2000.0,0.0,217.04375,-971.8159722222222,0.0,-1000.0,57.70902777777778,940.4888888888888,1000.0,0.0,86.99444444444445,44.49305555555556,216.93958333333333,T11,2.9,15.2,7.908333333333333,1.1077777777777778,2.3,15.5,7.970138888888889,1.1472222222222221,15.0,19.0,16.645833333333332,1006.0,1009.0,1007.2777777777778,75.0,98.0,89.99305555555556,0.0,0.0,0.0,0.0,155.14583333333334,156.32638888888889,407.19444444444446,,0
2016-04-17 00:00:00+00:00,1656.3,0.0,1132.1041666666667,116.8013888888889,41.75,53.5625,54.548611111111114,54.333333333333336,29.84027777777778,48.041666666666664,53.0625,26.23611111111111,14.7,0.0,10.015972222222222,35.5,0.4,4.799305555555556,0.9548611111111112,2.529166666666667,265.52430555555554,18.041666666666668,-341.90277777777777,37287.32638888889,5320142.0,-288.4861111111111,-1625982,48.44444444444444,53.75694444444444,48.895833333333336,38.59027777777778,39.21527777777778,29.305555555555557,41.020833333333336,26.20138888888889,22.208333333333332,-3.1,89.7,3.5229166666666667,2.542361111111111,81.18055555555556,38.13194444444444,39.27777777777778,39.25694444444444,37.625,221.6222222222222,0.8111111111111112,49.99930555555555,398.6361111111111,396.49027777777775,395.7659722222222,200.95347222222222,225.67916666666667,212.14930555555554,1112.0,-50.0,37.208333333333336,1.0486111111111112,4.927083333333333,71.16736111111112,-67.74027777777778,557.4,-866.9,36.07083333333333,228.5736111111111,1127.9,0.0,72.73333333333333,-603.4493055555555,0.0,-1000.0,97.73819444444445,603.4493055555555,1000.0,0.0,97.73819444444445,36.729166666666664,262.9909722222222,T11,0.7000000000000001,10.3,5.016666666666667,0.4754166666666666,0.3,10.5,5.030555555555555,0.48208333333333336,15.0,20.0,16.944444444444443,1007.0,1009.0,1008.4236111111111,55.0,98.0,78.78472222222223,0.0,0.0,0.0,0.0,97.13194444444444,97.44444444444444,408.36805555555554,,0
2016-04-18 00:00:00+00:00,1818.7,85.6,1201.0208333333333,75.39513888888888,52.5625,70.30555555555556,70.18055555555556,70.02777777777777,35.19444444444444,48.65972222222222,55.94444444444444,29.041666666666668,16.1,0.0,10.631250000000001,38.6,0.4,7.2243055555555555,1.448611111111111,0.3777777777777778,140.40069444444444,18.61111111111111,-296.1666666666667,146709.04861111112,21083454.0,-171.13194444444446,-2982668,57.125,65.26388888888889,58.611111111111114,40.65277777777778,39.84027777777778,29.333333333333332,41.09027777777778,31.52777777777778,21.791666666666668,-3.0,64.8,6.479861111111111,2.295138888888889,80.00694444444444,40.74305555555556,41.84722222222222,41.638888888888886,38.513888888888886,878.5250000000001,0.8937499999999999,50.0,399.06458333333336,396.95208333333335,397.5208333333333,748.8812499999999,764.7465277777778,746.7590277777778,2112.6,-48.6,38.05555555555556,0.6756944444444444,7.191666666666666,165.30833333333334,-124.2923611111111,560.4,-885.5,21.602083333333333,883.223611111111,2000.0,0.0,165.36111111111111,-553.3180555555556,0.0,-1000.0,96.41041666666666,479.92569444444445,1000.0,0.0,119.41805555555555,45.05555555555556,137.52291666666667,T11,1.0,20.0,7.407638888888889,1.7327777777777778,0.8,20.0,7.450694444444445,1.728402777777778,13.0,22.0,17.631944444444443,1003.0,1009.0,1005.2291666666666,52.0,81.0,65.04861111111111,0.0,0.0,0.0,0.0,145.05555555555554,145.83333333333334,405.22222222222223,,0
2016-04-19 00:00:00+00:00,1798.6,0.0,1387.7847222222222,85.93541666666667,52.03472222222222,77.65277777777777,77.88194444444444,77.63888888888889,39.65972222222222,51.270833333333336,59.048611111111114,28.444444444444443,15.9,0.0,12.28125,37.9,0.4,7.607638888888889,1.6784722222222224,-1.9437500000000003,133.89305555555555,17.54861111111111,-234.55555555555554,156199.6875,22458986.0,-189.34722222222223,-3181712,63.40277777777778,72.91666666666667,66.40277777777777,41.99305555555556,42.13194444444444,28.131944444444443,42.99305555555556,32.083333333333336,20.48611111111111,-2.9,89.7,2.5833333333333335,2.848611111111111,93.78472222222223,42.25,43.388888888888886,43.11805555555556,39.791666666666664,935.8104166666667,0.8625,49.99930555555555,399.17499999999995,396.8020833333333,397.68125,802.9229166666667,824.175,802.9840277777778,2110.4,-50.1,40.854166666666664,0.7638888888888888,7.646527777777777,193.26875,-132.57916666666668,581.8,-807.4,34.706944444444446,938.0729166666666,2000.0,0.0,192.91111111111113,-636.2583333333333,0.0,-1000.0,132.425,566.057638888889,1000.0,0.0,154.82847222222222,46.05555555555556,135.84375,T11,0.7000000000000001,19.9,6.829861111111111,2.7724305555555557,0.8,20.1,6.775,2.7891666666666666,15.0,19.0,16.444444444444443,1003.0,1007.0,1004.9097222222222,64.0,97.0,80.22222222222223,0.0,7.0,0.2152777777777778,0.0,133.57638888888889,132.34722222222223,404.80555555555554,,0
2016-04-20 00:00:00+00:00,1769.0,96.2,1282.2152777777778,77.70069444444444,40.673611111111114,58.22222222222222,59.03472222222222,58.69444444444444,29.03472222222222,50.354166666666664,56.173611111111114,24.63888888888889,15.6,0.0,11.35625,37.8,0.4,5.672222222222222,1.1583333333333334,1.7958333333333334,201.06666666666666,15.79861111111111,-186.45833333333334,66490.52777777778,9547786.0,-136.97222222222223,-2442673,51.229166666666664,57.013888888888886,51.520833333333336,38.604166666666664,38.388888888888886,26.993055555555557,40.270833333333336,25.47222222222222,19.47222222222222,-3.1,76.4,0.6631944444444444,1.261111111111111,85.52083333333333,38.375,39.458333333333336,39.416666666666664,37.166666666666664,397.81597222222223,0.8305555555555556,50.0,398.85069444444446,396.52986111111113,396.4659722222222,360.80069444444445,387.42777777777775,371.96736111111113,2107.8,-50.0,37.111111111111114,0.6888888888888889,5.790277777777778,122.0027777777778,-101.75416666666666,820.5,-999.8,64.73124999999999,400.99583333333334,2000.0,0.0,122.44583333333334,-762.1312499999999,0.0,-1000.0,96.65138888888889,752.9222222222222,1000.0,0.0,102.52430555555556,36.229166666666664,199.2798611111111,T11,1.1,17.1,5.538194444444445,0.6827777777777777,1.0,17.3,5.442361111111111,0.7675694444444444,11.0,17.0,14.5625,1005.0,1014.0,1008.7361111111111,56.0,96.0,78.47222222222223,0.0,18.0,0.2638888888888889,0.0,107.59722222222223,105.61111111111111,408.68055555555554,,0
2016-04-21 00:00:00+00:00,1576.6,0.0,434.66041666666666,94.36597222222223,29.666666666666668,37.78472222222222,38.083333333333336,38.048611111111114,28.756944444444443,39.72222222222222,41.0625,25.569444444444443,14.0,0.0,3.576388888888889,17.6,0.4,2.8194444444444446,0.6666666666666666,-0.13055555555555529,195.3951388888889,16.930555555555557,-663.2638888888889,6020.131944444444,771387.0,-285.90277777777777,-358053,40.666666666666664,45.083333333333336,40.291666666666664,33.125,34.361111111111114,28.09722222222222,35.375,21.916666666666668,21.38888888888889,-3.1,89.7,18.125,2.2125000000000004,44.80555555555556,32.458333333333336,33.36805555555556,33.458333333333336,32.09722222222222,32.142361111111114,0.8715277777777778,49.99861111111111,398.3361111111111,397.1847222222222,395.1743055555555,40.09861111111111,45.15555555555555,43.65486111111111,777.3,-49.3,30.041666666666668,0.8888888888888888,2.892361111111111,16.089583333333334,-14.931249999999999,571.4,-695.7,16.854166666666668,41.87847222222222,786.6,0.0,18.163194444444443,-125.19305555555555,0.0,-1000.0,38.25555555555556,125.19305555555555,1000.0,0.0,38.25555555555556,29.0625,200.5284722222222,T11,0.0,8.3,3.004166666666667,0.16409722222222223,0.0,8.2,2.9319444444444445,0.16597222222222222,12.0,20.0,15.618055555555555,1011.0,1015.0,1013.25,54.0,93.0,74.65972222222223,0.0,0.0,0.0,0.0,56.833333333333336,55.333333333333336,413.22222222222223,,0
2016-04-22 00:00:00+00:00,1454.1,0.0,460.5715277777778,89.73680555555556,35.229166666666664,38.479166666666664,38.80555555555556,38.77777777777778,30.84722222222222,39.93055555555556,41.416666666666664,26.78472222222222,12.8,0.0,3.8409722222222222,15.9,0.4,2.7083333333333335,0.6090277777777778,2.198611111111111,197.05208333333334,18.583333333333332,-673.5347222222222,3137.8055555555557,354851.0,-382.50694444444446,-352553,41.770833333333336,45.86805555555556,41.05555555555556,33.81944444444444,35.31944444444444,30.09027777777778,36.65277777777778,23.444444444444443,23.95138888888889,-2.4,89.7,18.797222222222224,2.9437499999999996,45.27777777777778,33.18055555555556,34.15277777777778,34.236111111111114,33.083333333333336,14.795833333333333,0.8131944444444446,49.99861111111111,398.78125,397.37152777777777,395.69722222222225,31.823611111111113,36.30902777777778,33.66597222222222,457.1,-50.6,30.944444444444443,0.8694444444444445,2.761111111111111,15.204166666666667,-14.70138888888889,569.2,-833.7,28.46388888888889,24.561805555555555,467.5,0.0,16.71736111111111,-89.12222222222222,0.0,-1000.0,56.71875,89.12222222222222,1000.0,0.0,56.71875,30.17361111111111,207.3513888888889,T11,0.0,8.1,2.9680555555555554,0.19986111111111113,0.0,8.1,2.9409722222222223,0.19972222222222225,14.0,21.0,17.09722222222222,1010.0,1013.0,1011.75,42.0,85.0,65.13888888888889,0.0,0.0,0.0,0.0,56.111111111111114,55.5625,411.68055555555554,,0
2016-04-23 00:00:00+00:00,1681.0,0.0,665.4486111111112,72.02361111111111,38.38194444444444,43.03472222222222,43.50694444444444,43.291666666666664,30.34027777777778,42.048611111111114,44.625,26.583333333333332,14.9,0.0,5.705555555555556,38.2,0.4,3.4659722222222222,0.6979166666666666,-3.663888888888889,269.78055555555557,18.88888888888889,-505.8125,17276.319444444445,2414949.0,-204.25694444444446,-830439,43.47222222222222,47.861111111111114,42.97222222222222,34.888888888888886,35.638888888888886,28.944444444444443,37.59722222222222,24.47222222222222,22.368055555555557,-3.0,64.1,12.957638888888889,1.5187499999999998,53.861111111111114,34.21527777777778,35.34722222222222,35.40972222222222,33.979166666666664,100.63125,0.8590277777777778,50.00069444444445,398.8201388888889,397.31944444444446,395.37569444444443,101.06875,113.49305555555556,109.04722222222222,1258.6,-49.8,32.00694444444444,0.6416666666666667,3.5194444444444444,37.193749999999994,-34.672222222222224,561.0,-738.1,31.94236111111111,107.83472222222223,1279.2,0.0,37.32083333333333,-276.36875,0.0,-1000.0,61.575694444444444,276.36875,1000.0,0.0,61.575694444444444,31.79861111111111,320.9638888888889,T11,0.3,9.7,3.529166666666667,0.22583333333333336,0.2,9.5,3.488888888888889,0.22284722222222225,15.0,22.0,17.65277777777778,1008.0,1011.0,1009.2222222222222,38.0,89.0,61.11805555555556,0.0,0.0,0.0,0.0,67.39583333333333,66.46527777777777,409.2083333333333,,0
2016-04-24 00:00:00+00:00,1690.8,0.0,879.3993055555555,90.22638888888889,43.38194444444444,49.84027777777778,50.50694444444444,50.375,31.15277777777778,45.479166666666664,49.125,27.73611111111111,15.0,0.0,7.6812499999999995,23.1,0.4,4.074999999999999,0.8909722222222223,6.181944444444444,283.55069444444445,19.583333333333332,-478.625,30807.881944444445,4367413.0,-314.71527777777777,-1375491,47.395833333333336,52.104166666666664,46.99305555555556,36.47222222222222,37.74305555555556,29.583333333333332,39.34027777777778,26.70138888888889,23.02777777777778,-3.1,89.7,9.004861111111111,2.283333333333333,65.75,36.0,37.138888888888886,37.21527777777778,35.701388888888886,181.94722222222222,0.7833333333333334,50.00069444444445,398.60833333333335,396.68541666666664,395.91041666666666,180.61319444444445,193.62569444444443,184.90694444444443,1803.3,-52.3,34.611111111111114,0.8270833333333334,4.127777777777777,64.31319444444445,-57.361111111111114,774.5,-999.9,52.514583333333334,189.6861111111111,1823.2,0.0,64.76527777777778,-364.9972222222222,0.0,-1000.0,96.14097222222222,364.37916666666666,1000.0,0.0,97.99236111111111,36.479166666666664,287.3694444444444,T11,0.3,12.8,4.473611111111111,0.4396527777777778,0.3,12.9,4.43125,0.43041666666666667,14.0,25.0,18.354166666666668,1006.0,1009.0,1007.125,35.0,100.0,74.875,0.0,0.0,0.0,0.0,86.21527777777777,85.32638888888889,407.06944444444446,,0
2016-04-25 00:00:00+00:00,1697.3,53.6,1118.3874999999998,80.89375000000001,47.02777777777778,56.15277777777778,56.979166666666664,56.68055555555556,31.34722222222222,47.770833333333336,53.25,28.180555555555557,15.0,0.0,9.911111111111111,37.7,0.4,5.197916666666667,0.9333333333333333,1.3409722222222222,94.50069444444445,20.21527777777778,-345.06944444444446,55228.25,7903179.0,-230.40972222222223,-1944279,52.53472222222222,57.88194444444444,52.59722222222222,38.00694444444444,39.201388888888886,30.506944444444443,40.576388888888886,28.45138888888889,23.833333333333332,-3.3,83.6,4.934722222222223,1.5006944444444443,75.90277777777777,37.72222222222222,38.90972222222222,38.916666666666664,37.0625,329.2701388888889,0.8131944444444446,50.0,398.80625,396.6402777777778,396.5986111111111,298.73819444444445,316.9583333333333,302.1965277777778,1845.4,-50.3,36.763888888888886,0.7131944444444445,5.229166666666667,93.29861111111111,-80.98333333333333,525.8,-720.0,36.943749999999994,336.7756944444444,1870.3,0.0,94.86805555555556,-553.0104166666666,0.0,-1000.0,76.20347222222222,551.0833333333334,1000.0,0.0,79.87430555555555,39.75694444444444,93.15416666666667,T11,1.5,12.0,5.782638888888889,0.35333333333333333,1.5,12.2,5.805555555555555,0.3630555555555556,16.0,23.0,19.069444444444443,1005.0,1007.0,1005.9444444444445,43.0,80.0,62.708333333333336,0.0,0.0,0.0,0.0,112.4375,113.01388888888889,405.88194444444446,,0
2016-04-26 00:00:00+00:00,1658.7,0.0,1071.3874999999998,58.16597222222222,41.59722222222222,54.138888888888886,55.173611111111114,54.80555555555556,30.98611111111111,47.40277777777778,52.048611111111114,27.70138888888889,14.7,0.0,9.43888888888889,35.8,0.4,4.406944444444445,0.807638888888889,1.6590277777777778,164.41180555555556,19.67361111111111,-332.34722222222223,27375.472222222223,3894214.0,-298.9166666666667,-1595944,47.94444444444444,52.798611111111114,47.736111111111114,38.44444444444444,39.8125,31.520833333333332,41.46527777777778,27.243055555555557,25.11111111111111,-3.0,89.7,4.747222222222223,1.7645833333333334,79.18055555555556,38.048611111111114,39.125,39.18055555555556,37.798611111111114,162.25625000000002,0.7652777777777778,50.00069444444445,398.6326388888889,396.6784722222222,396.7097222222222,157.27569444444444,173.11458333333334,158.0701388888889,982.7,-50.0,37.6875,0.5479166666666667,4.464583333333334,40.34513888888889,-66.51458333333333,613.7,-891.2,25.991666666666667,167.96041666666667,991.9,0.0,42.18263888888889,-486.7340277777778,0.0,-1000.0,113.52638888888889,486.7340277777778,1000.0,0.0,113.52638888888889,36.97222222222222,160.2513888888889,T11,0.3,8.6,5.226388888888889,0.2309027777777778,0.2,8.3,5.263888888888889,0.2357638888888889,15.0,24.0,18.208333333333332,1004.0,1007.0,1005.1041666666666,43.0,90.0,67.07638888888889,0.0,0.0,0.0,0.0,101.29166666666667,102.04861111111111,405.05555555555554,,0
2016-04-27 00:00:00+00:00,1521.0,0.0,611.1520833333333,46.275000000000006,34.104166666666664,43.173611111111114,43.736111111111114,43.59722222222222,30.79861111111111,42.625,44.52777777777778,26.9375,13.5,0.0,5.265972222222222,35.7,0.4,3.254166666666667,0.7451388888888889,3.173611111111111,215.97291666666666,18.59027777777778,-607.4513888888889,10907.3125,1483182.0,-352.6458333333333,-823761,43.68055555555556,48.173611111111114,43.395833333333336,34.61805555555556,36.416666666666664,30.02777777777778,37.979166666666664,24.27777777777778,23.666666666666668,-2.7,89.7,14.203472222222222,1.2020833333333334,55.645833333333336,33.84027777777778,34.94444444444444,35.041666666666664,33.69444444444444,61.78888888888889,0.8583333333333334,49.99930555555555,397.6930555555556,396.3861111111111,395.0104166666667,66.80902777777777,75.90972222222223,69.40694444444445,669.7,-51.0,32.763888888888886,0.5034722222222222,3.310416666666667,32.31319444444444,-34.31666666666667,510.1,-911.1,16.202777777777776,68.97291666666666,678.4,0.0,34.46805555555555,-264.87847222222223,0.0,-1000.0,94.18194444444445,264.87847222222223,1000.0,0.0,94.18194444444445,32.201388888888886,252.79166666666666,T11,0.3,8.6,3.4881944444444444,0.21090277777777777,0.3,8.7,3.4854166666666666,0.2210416666666667,15.0,19.0,17.319444444444443,1004.0,1006.0,1004.6041666666666,47.0,100.0,77.49305555555556,0.0,0.0,0.0,0.0,66.42361111111111,66.54166666666667,404.52777777777777,,0
2016-04-28 00:00:00+00:00,1644.2,35.7,870.0631944444444,128.8638888888889,36.50694444444444,46.645833333333336,47.3125,47.104166666666664,30.34722222222222,43.979166666666664,47.81944444444444,25.694444444444443,14.6,0.0,7.659722222222222,40.5,0.4,3.827777777777778,0.8277777777777778,0.8715277777777778,259.6423611111111,17.506944444444443,-540.2847222222222,15058.631944444445,2090638.0,-366.8125,-816578,43.0625,47.611111111111114,42.71527777777778,36.72222222222222,36.4375,29.020833333333332,38.15972222222222,24.069444444444443,22.09722222222222,-3.0,85.3,9.274305555555555,3.288888888888889,64.15972222222223,36.138888888888886,37.25,37.333333333333336,35.97222222222222,87.12708333333333,0.7423611111111111,49.99930555555555,398.5777777777778,396.9888888888889,396.2895833333333,102.97569444444444,110.49444444444445,105.04305555555555,912.9,-50.0,33.5,1.1708333333333334,3.8854166666666665,41.47777777777778,-34.045138888888886,630.4,-861.6,49.484027777777776,98.48680555555556,923.6,0.0,44.84305555555555,-300.31458333333336,0.0,-1000.0,101.30000000000001,300.31458333333336,1000.0,0.0,101.30000000000001,33.05555555555556,258.775,T11,0.5,9.5,3.964583333333333,0.271875,0.4,9.5,3.9638888888888886,0.2733333333333333,15.0,18.0,16.09722222222222,1004.0,1006.0,1005.2708333333334,62.0,98.0,84.25,0.0,0.0,0.0,0.0,75.94444444444444,76.07638888888889,405.2361111111111,,0
2016-04-29 00:00:00+00:00,1805.5,0.0,1225.13125,49.106944444444444,52.236111111111114,68.01388888888889,68.13194444444444,67.86111111111111,33.34722222222222,50.138888888888886,56.61805555555556,28.73611111111111,15.8,0.0,10.815277777777778,36.3,0.4,7.2333333333333325,1.3756944444444443,13.321527777777778,132.52569444444444,18.75,-175.49305555555554,145514.20833333334,20928775.0,-45.173611111111114,-3396905,58.486111111111114,66.24305555555556,59.81944444444444,39.55555555555556,39.81944444444444,28.27777777777778,41.21527777777778,30.708333333333332,20.84722222222222,-3.2,24.1,4.893055555555556,0.8979166666666667,79.60416666666667,39.80555555555556,40.861111111111114,40.611111111111114,37.5,872.0277777777778,0.9874999999999999,50.00138888888889,398.5875,396.5201388888889,397.36249999999995,738.0513888888888,756.7930555555555,734.6791666666667,2105.9,-47.3,37.895833333333336,0.42430555555555555,7.149305555555555,190.41597222222222,-141.5326388888889,647.8,-852.1,8.930555555555555,872.1118055555556,2000.0,0.0,189.09444444444443,-708.7145833333333,0.0,-1000.0,54.66388888888889,659.1680555555555,1000.0,0.0,79.96458333333334,44.65972222222222,151.70069444444442,T11,0.6000000000000001,16.1,7.738194444444444,1.1947916666666667,0.5,16.0,7.79236111111111,1.2078472222222223,14.0,21.0,17.54861111111111,1004.0,1008.0,1005.9652777777778,60.0,90.0,76.46527777777777,0.0,0.0,0.0,0.0,151.63888888888889,152.65972222222223,405.93055555555554,,0
2016-04-30 00:00:00+00:00,1747.2,0.0,1058.2666666666667,81.8138888888889,42.5625,56.59722222222222,57.291666666666664,57.00694444444444,31.46527777777778,48.1875,53.11805555555556,28.625,15.5,0.0,9.338888888888889,25.7,0.4,5.160416666666666,0.9208333333333333,-0.30902777777777785,174.1875,19.930555555555557,-478.1458333333333,61607.131944444445,8802568.0,-391.72222222222223,-1831343,53.076388888888886,59.0625,54.11805555555556,38.47222222222222,40.298611111111114,31.04861111111111,41.6875,28.381944444444443,24.22222222222222,-3.2,89.7,6.504861111111111,2.2597222222222224,77.40277777777777,38.03472222222222,39.15277777777778,39.145833333333336,37.46527777777778,366.70416666666665,0.8187500000000001,49.99930555555555,398.43958333333336,396.4576388888889,396.0256944444444,322.3326388888889,341.2965277777778,329.10625000000005,2102.0,-50.1,38.11805555555556,0.7326388888888888,5.145138888888889,66.21944444444445,-76.22430555555555,509.8,-960.8,27.691666666666666,376.14374999999995,2000.0,0.0,70.22291666666666,-503.6666666666667,0.0,-1000.0,91.22361111111111,491.37847222222223,1000.0,0.0,101.27291666666666,38.604166666666664,171.9986111111111,T11,0.0,13.4,5.297916666666667,0.3984722222222222,0.0,13.4,5.321527777777778,0.403125,16.0,22.0,18.666666666666668,1008.0,1012.0,1010.1319444444445,53.0,85.0,70.28472222222223,0.0,0.0,0.0,0.0,102.73611111111111,103.1875,410.09722222222223,,0
2016-05-01 00:00:00+00:00,1754.2,156.8,1415.5263888888887,65.0611111111111,48.38194444444444,68.84722222222223,69.35416666666667,69.0,32.27777777777778,51.173611111111114,59.21527777777778,28.493055555555557,15.6,0.0,12.533333333333333,48.0,0.4,7.324305555555556,1.3402777777777777,1.2277777777777776,96.76597222222222,19.805555555555557,-95.64583333333333,134425.45833333334,19343492.0,-42.18055555555556,-3441044,60.979166666666664,68.40972222222223,62.291666666666664,40.88194444444444,40.986111111111114,30.47222222222222,42.27777777777778,31.73611111111111,22.708333333333332,-3.2,45.9,0.37638888888888883,0.8493055555555555,87.49305555555556,40.96527777777778,42.076388888888886,41.888888888888886,39.013888888888886,805.9798611111112,0.9493055555555555,50.00208333333333,398.84027777777777,396.25416666666666,397.52986111111113,681.5708333333333,708.2118055555555,680.7388888888888,2102.1,-48.6,39.46527777777778,0.5756944444444445,7.314583333333333,182.92777777777778,-143.40555555555557,505.6,-703.5,10.359027777777778,807.9541666666667,2000.0,0.0,183.47777777777776,-850.7194444444444,0.0,-1000.0,64.66805555555555,808.6736111111111,1000.0,0.0,92.1625,43.63194444444444,100.54027777777777,T11,1.0,14.8,7.947916666666667,0.7170138888888888,1.2,14.9,8.009027777777778,0.7348611111111112,15.0,22.0,18.52777777777778,1011.0,1013.0,1011.7222222222222,56.0,87.0,71.47916666666667,0.0,0.0,0.0,0.0,155.9375,157.08333333333334,411.6875,,0
2016-05-02 00:00:00+00:00,1839.7,1218.8,1655.0756944444445,31.115972222222222,61.65277777777778,100.28472222222223,99.77083333333333,99.40277777777777,45.298611111111114,54.27777777777778,65.29861111111111,31.631944444444443,16.0,10.8,14.663888888888888,46.5,0.7000000000000001,11.116666666666667,2.2159722222222222,-1.2173611111111111,85.49583333333334,18.88888888888889,-8.958333333333334,283197.56944444444,40779160.0,-5.472222222222222,-4944622,78.0,91.0625,81.90277777777777,46.041666666666664,45.673611111111114,29.84027777777778,46.59027777777778,38.9375,22.395833333333332,-2.9,16.9,2.26875,2.4131944444444446,109.625,46.916666666666664,48.041666666666664,47.520833333333336,42.388888888888886,1699.1527777777778,0.9972222222222222,50.0,399.43819444444443,396.90416666666664,399.96736111111113,1427.915972222222,1446.5569444444445,1412.007638888889,2110.7,-42.6,46.263888888888886,0.2638888888888889,11.093055555555557,180.11458333333334,-206.02777777777777,16.8,-226.1,3.2583333333333333,1696.1451388888888,2000.0,0.0,178.3986111111111,-758.5770833333333,0.0,-1000.0,111.09027777777777,609.5562500000001,1000.0,0.0,127.87152777777777,54.451388888888886,86.71736111111112,T11,4.5,20.2,12.573611111111111,1.9697916666666666,4.5,20.6,12.629861111111111,2.0175694444444447,15.0,21.0,17.90277777777778,1008.0,1013.0,1009.4583333333334,33.0,82.0,56.56944444444444,0.0,0.0,0.0,0.0,248.54166666666666,249.75,409.4513888888889,,0
2016-05-03 00:00:00+00:00,1886.7,1275.3,1655.0187500000002,36.90486111111111,65.97222222222223,98.41666666666667,97.98611111111111,97.75,44.11805555555556,54.048611111111114,65.27083333333333,32.520833333333336,16.2,11.3,14.660416666666666,37.3,0.5,11.261111111111111,2.353472222222222,-0.9451388888888891,101.11527777777778,20.46527777777778,0.0,269159.50694444444,38758969.0,0.0,-5055685,77.11111111111111,89.52083333333333,81.09027777777777,45.1875,46.520833333333336,30.631944444444443,47.36805555555556,40.486111111111114,23.569444444444443,-3.2,20.7,2.283333333333333,2.2645833333333334,108.86805555555556,45.986111111111114,47.083333333333336,46.56944444444444,41.90972222222222,1614.90625,1.0,49.99930555555555,399.0173611111111,396.55902777777777,399.62430555555557,1360.576388888889,1378.0847222222224,1342.790972222222,2110.1,268.0,46.583333333333336,0.3180555555555556,11.117361111111112,207.25902777777776,-210.6576388888889,-175.8,-232.6,2.9076388888888887,1611.5194444444444,2000.0,249.1,205.32152777777776,-818.7020833333333,-583.3,-1000.0,99.67638888888888,686.5104166666666,1000.0,406.1,130.12152777777777,53.63194444444444,102.04930555555556,T11,6.1,23.0,13.70625,1.952361111111111,5.8,23.3,13.777083333333334,1.992361111111111,16.0,24.0,19.333333333333332,1006.0,1010.0,1007.6388888888889,19.0,62.0,34.93055555555556,0.0,0.0,0.0,0.0,271.375,272.77777777777777,407.5763888888889,,0
2016-05-04 00:00:00+00:00,1838.1,1190.0,1629.0124999999998,47.52430555555556,68.00694444444444,97.96527777777777,97.56944444444444,97.35416666666667,46.583333333333336,54.236111111111114,64.88888888888889,32.3125,16.1,10.5,14.431944444444444,39.5,0.7000000000000001,10.77986111111111,2.2256944444444446,-0.6958333333333333,110.725,20.27777777777778,-1.4305555555555556,255337.26388888888,36768360.0,-1.3055555555555556,-4891695,76.07638888888889,88.22222222222223,80.13888888888889,45.041666666666664,46.11805555555556,30.79861111111111,46.673611111111114,40.048611111111114,23.333333333333332,-3.2,18.2,2.060416666666667,2.207638888888889,108.3125,45.75694444444444,46.854166666666664,46.263888888888886,41.69444444444444,1531.9986111111111,0.9902777777777777,49.99722222222223,399.1763888888889,396.75694444444446,399.71875,1292.1319444444443,1308.611111111111,1275.0104166666667,2109.8,-50.4,45.74305555555556,0.41458333333333336,10.648611111111112,195.40694444444443,-203.81666666666666,6.1,-229.6,4.795833333333333,1529.0847222222224,2000.0,0.0,193.69930555555555,-797.7722222222222,0.0,-1000.0,100.53472222222223,672.6319444444445,1000.0,0.0,116.74374999999999,53.826388888888886,111.42500000000001,T11,1.0,21.7,11.17361111111111,2.482361111111111,1.0,21.4,11.249305555555557,2.50125,17.0,22.0,19.59027777777778,1005.0,1008.0,1007.1041666666666,31.0,63.0,44.28472222222222,0.0,0.0,0.0,0.0,220.54166666666666,221.91666666666666,407.05555555555554,,0
2016-05-05 00:00:00+00:00,1789.3,0.0,1534.478472222222,57.44444444444444,51.78472222222222,79.875,80.13194444444444,79.86111111111111,36.99305555555556,53.02777777777778,62.02777777777778,29.20138888888889,15.8,0.0,13.593055555555557,39.5,0.5,8.253472222222221,1.6527777777777777,-0.7486111111111111,128.00625000000002,18.958333333333332,-19.756944444444443,174972.69444444444,25193223.0,-14.541666666666666,-3912888,65.46527777777777,74.71527777777777,68.27083333333333,42.4375,42.958333333333336,29.993055555555557,43.666666666666664,33.854166666666664,22.006944444444443,-3.3,89.7,-0.7048611111111112,1.3243055555555554,97.85416666666667,42.88194444444444,44.0,43.701388888888886,40.18055555555556,1049.7923611111112,0.9527777777777777,50.0,399.1798611111111,396.7944444444445,398.86041666666665,888.9041666666667,909.8277777777778,879.0222222222222,2106.9,-50.0,41.28472222222222,0.5069444444444444,8.252777777777778,237.71527777777777,-163.03958333333333,455.5,-456.7,10.945833333333333,1048.2180555555556,2000.0,0.0,236.3361111111111,-866.1333333333333,0.0,-1000.0,123.4263888888889,799.1166666666667,1000.0,0.0,155.54652777777778,46.833333333333336,128.75972222222222,T11,1.2,18.5,8.255555555555555,1.7399305555555555,1.3,18.6,8.134027777777778,1.8649305555555555,17.0,20.0,18.083333333333332,1003.0,1007.0,1004.1041666666666,44.0,91.0,69.34027777777777,0.0,1.0,0.006944444444444444,0.0,162.03472222222223,159.61805555555554,404.0486111111111,,0
2016-05-06 00:00:00+00:00,1689.2,29.0,1364.8083333333334,88.17222222222222,42.99305555555556,59.138888888888886,60.145833333333336,59.61805555555556,29.72222222222222,52.270833333333336,58.1875,25.70138888888889,15.0,0.0,12.085416666666667,38.5,0.4,5.979166666666667,1.1958333333333335,-0.020833333333333356,225.60972222222222,17.979166666666668,-106.51388888888889,73359.51388888889,10548431.0,-76.81944444444444,-2604324,52.34722222222222,58.333333333333336,53.145833333333336,39.375,39.916666666666664,28.72222222222222,42.25694444444444,27.63888888888889,21.09722222222222,-3.3,72.6,-0.7423611111111111,1.1472222222222224,88.59027777777777,39.25,40.38194444444444,40.354166666666664,38.208333333333336,439.4847222222222,0.8861111111111112,50.0,398.7444444444444,396.3354166666667,396.59236111111113,381.5680555555556,411.62361111111113,392.0138888888889,1814.0,-50.5,38.986111111111114,0.7784722222222222,6.101388888888889,133.61874999999998,-108.48958333333333,752.8,-918.3,32.77222222222222,441.68402777777777,1841.8,0.0,133.8125,-834.6402777777778,0.0,-1000.0,85.19097222222223,834.1854166666667,1000.0,0.0,86.70833333333333,36.611111111111114,225.63194444444446,T11,1.2,13.1,6.343055555555555,0.7295138888888889,1.2,13.5,6.317361111111111,0.8003472222222222,15.0,19.0,16.875,1003.0,1005.0,1003.8472222222222,63.0,97.0,85.61805555555556,0.0,38.0,0.7083333333333334,0.0,123.625,123.18055555555556,403.80555555555554,,0
2016-05-07 00:00:00+00:00,1670.6,0.0,1195.0444444444445,82.4048611111111,39.958333333333336,55.375,56.53472222222222,56.104166666666664,29.479166666666668,47.173611111111114,52.9375,25.76388888888889,14.8,0.0,10.558333333333334,36.7,0.4,4.675694444444444,1.0763888888888888,-0.7583333333333333,218.58541666666667,17.0,-165.67361111111111,33152.32638888889,4750081.0,-144.59722222222223,-1833485,45.548611111111114,50.59027777777778,45.611111111111114,39.048611111111114,38.80555555555556,27.645833333333332,40.75694444444444,25.65972222222222,20.506944444444443,-2.9,89.7,1.5138888888888888,1.8805555555555555,83.70833333333333,38.55555555555556,39.63194444444444,39.638888888888886,37.9375,197.92361111111111,0.7777777777777778,50.0,398.7729166666667,396.34791666666666,395.98333333333335,193.06666666666666,219.60972222222222,203.37986111111113,1171.9,-50.2,37.145833333333336,0.7423611111111111,4.882638888888889,81.37986111111111,-76.32013888888889,620.0,-1000.1,57.44583333333334,201.11874999999998,1198.2,0.0,81.30277777777778,-661.1354166666666,0.0,-1000.0,167.6847222222222,661.1354166666666,1000.0,0.0,167.6847222222222,34.38194444444444,219.3465277777778,T11,0.9,11.3,5.360416666666667,0.51625,0.7000000000000001,11.6,5.297916666666667,0.6915277777777777,13.0,18.0,15.868055555555555,998.0,1005.0,1001.2638888888889,66.0,99.0,84.91666666666667,0.0,4.0,0.18055555555555555,0.0,104.05555555555556,102.77777777777777,401.21527777777777,,0
2016-05-08 00:00:00+00:00,1824.3,1198.8,1596.572222222222,67.30555555555556,52.576388888888886,83.3125,83.33333333333333,82.9375,37.770833333333336,54.513888888888886,63.77777777777778,28.354166666666668,16.0,10.6,14.143055555555556,39.5,0.5,9.431944444444445,2.2249999999999996,-1.0895833333333333,181.3048611111111,16.63888888888889,0.0,218568.35416666666,31473843.0,0.0,-4438868,69.42361111111111,80.32638888888889,72.6875,42.8125,42.40277777777778,27.03472222222222,43.9375,32.479166666666664,19.145833333333332,-3.1,19.7,0.05416666666666667,1.6576388888888889,100.47222222222223,43.59027777777778,44.666666666666664,44.31944444444444,40.09027777777778,1311.3486111111113,0.9944444444444444,49.99930555555555,399.52986111111113,396.5520833333333,398.26874999999995,1094.163888888889,1131.0381944444443,1100.2319444444445,2110.1,30.8,42.548611111111114,0.5888888888888889,9.539583333333333,277.5444444444445,-184.95277777777778,-96.4,-226.5,6.047916666666667,1308.4770833333334,2000.0,22.9,276.12569444444443,-883.5645833333333,-112.4,-1000.0,88.69444444444444,798.8402777777778,1000.0,112.4,124.62916666666666,45.916666666666664,182.3951388888889,T11,3.5,22.2,10.708333333333334,2.8052777777777775,2.7,22.1,9.919444444444444,3.730208333333333,14.0,17.0,15.76388888888889,991.0,998.0,994.2569444444445,73.0,98.0,86.26388888888889,0.0,27.0,0.9027777777777778,0.0,211.24305555555554,195.38194444444446,394.2013888888889,,0
2016-05-09 00:00:00+00:00,1788.2,127.9,1506.2993055555555,84.31597222222223,46.625,72.23611111111111,72.69444444444444,72.27083333333333,33.020833333333336,54.71527777777778,62.22222222222222,26.8125,15.8,0.0,13.347916666666666,38.1,0.4,7.881944444444445,1.8472222222222223,-3.536111111111111,190.3326388888889,16.194444444444443,-56.06944444444444,156398.31944444444,22513285.0,-38.951388888888886,-3728220,63.576388888888886,72.17361111111111,65.72222222222223,41.013888888888886,41.298611111111114,27.069444444444443,42.854166666666664,29.29861111111111,19.07638888888889,-3.2,66.1,-0.5263888888888889,1.3312499999999998,94.65972222222223,41.541666666666664,42.61805555555556,42.4375,39.06944444444444,938.0500000000001,0.9576388888888889,49.99861111111111,398.7347222222222,396.3576388888889,397.38680555555555,790.7118055555555,819.6756944444445,797.4388888888889,2106.6,-44.2,40.49305555555556,0.7465277777777778,8.035416666666666,258.43958333333336,-155.31875000000002,489.0,-720.3,12.538194444444445,954.3756944444444,2000.0,0.0,267.58124999999995,-890.4993055555556,0.0,-1000.0,71.98055555555555,848.8694444444444,1000.0,0.0,101.51249999999999,42.020833333333336,193.87291666666667,T11,2.3,18.2,9.193750000000001,1.7699305555555556,1.8,17.8,8.824305555555556,2.439166666666667,13.0,18.0,15.194444444444445,995.0,1002.0,998.0,63.0,98.0,84.30555555555556,0.0,8.0,0.8402777777777778,0.0,180.77083333333334,173.52777777777777,397.9236111111111,,0
2016-05-10 00:00:00+00:00,1766.7,30.5,1470.9326388888887,73.87013888888889,45.05555555555556,65.375,66.125,65.68055555555556,29.15972222222222,53.298611111111114,60.486111111111114,25.895833333333332,15.6,0.0,13.025694444444445,38.1,0.4,7.142361111111111,1.4118055555555555,-0.12291666666666679,179.14652777777778,16.555555555555557,-20.916666666666668,119611.09027777778,17220985.0,-14.11111111111111,-3334267,58.52777777777778,65.63194444444444,59.80555555555556,40.13194444444444,40.25694444444444,26.680555555555557,42.49305555555556,27.8125,18.96527777777778,-3.3,84.1,-1.546527777777778,0.7083333333333334,91.625,40.361111111111114,41.4375,41.31944444444444,38.49305555555556,717.6076388888889,0.9541666666666667,50.0,398.35625000000005,396.0534722222222,396.81388888888887,604.5534722222222,634.4909722222222,613.3923611111111,2104.2,-50.1,39.763888888888886,0.6472222222222223,7.214583333333334,197.42430555555555,-138.93680555555557,407.8,-778.6,12.516666666666667,717.6729166666667,2000.0,0.0,197.25486111111113,-939.6340277777776,0.0,-1000.0,70.84930555555555,917.03125,1000.0,0.0,90.73055555555555,44.326388888888886,179.27152777777778,T11,2.0,16.9,7.6000000000000005,0.9740972222222223,1.4,17.0,7.5625,1.0504166666666666,13.0,18.0,15.541666666666666,997.0,1002.0,999.5277777777778,61.0,94.0,77.31944444444444,0.0,16.0,0.5902777777777778,0.0,148.90972222222223,148.22222222222223,399.4583333333333,,0
2016-05-11 00:00:00+00:00,1804.0,1194.6,1498.857638888889,71.30277777777778,53.99305555555556,69.5625,70.05555555555556,69.57638888888889,30.82638888888889,53.166666666666664,60.861111111111114,24.805555555555557,15.9,10.6,13.276388888888889,39.6,0.4,7.7555555555555555,1.7416666666666667,-0.7784722222222223,191.42430555555555,15.125,-6.097222222222222,147952.85416666666,21304333.0,-4.645833333333333,-3403300,59.701388888888886,67.9375,61.625,38.763888888888886,38.423611111111114,25.17361111111111,40.19444444444444,28.194444444444443,17.22222222222222,-3.1,17.0,-0.9583333333333334,1.0875,92.31944444444444,39.19444444444444,40.3125,40.09722222222222,36.44444444444444,887.6069444444444,0.9715277777777778,49.99930555555555,398.6638888888889,396.3125,397.18958333333336,741.9673611111111,773.0368055555556,751.9618055555555,2109.1,-50.9,37.74305555555556,0.61875,7.896527777777777,224.06666666666666,-141.80347222222224,21.9,-349.8,8.802777777777777,886.5319444444444,2000.0,0.0,223.11180555555555,-915.8666666666666,0.0,-1000.0,91.40694444444445,872.1034722222222,1000.0,0.0,112.42083333333333,41.375,192.19722222222222,T11,0.7000000000000001,23.9,7.9319444444444445,2.0223611111111115,0.9,24.9,7.523611111111112,2.483402777777778,11.0,16.0,14.159722222222221,998.0,1004.0,1000.5486111111111,73.0,93.0,84.51388888888889,0.0,16.0,0.6597222222222222,0.0,155.59027777777777,147.375,400.4861111111111,,0
2016-05-12 00:00:00+00:00,1790.2,1218.9,1588.4847222222222,56.06458333333333,50.69444444444444,79.125,79.375,78.84722222222223,32.61805555555556,53.638888888888886,62.986111111111114,28.541666666666668,15.7,10.8,14.064583333333333,37.8,0.4,8.75138888888889,1.7847222222222223,-0.6937499999999999,247.92708333333334,16.78472222222222,0.0,198921.51388888888,28644698.0,0.0,-3901911,67.54166666666667,77.46527777777777,70.93055555555556,41.9375,42.19444444444444,27.27777777777778,43.44444444444444,31.15277777777778,19.25,-3.2,12.0,-1.2416666666666667,0.9118055555555556,97.36805555555556,42.74305555555556,43.84722222222222,43.604166666666664,39.59027777777778,1193.5756944444445,0.9944444444444444,50.00069444444445,399.01250000000005,396.5625,397.70000000000005,993.9902777777778,1027.959027777778,1005.1319444444445,2105.9,-19.7,41.423611111111114,0.48888888888888893,8.881944444444445,246.58402777777778,-162.57430555555555,0.1,-221.1,6.847916666666666,1191.9958333333334,2000.0,0.0,245.47222222222223,-935.4152777777776,0.0,-1000.0,78.13611111111112,862.1305555555556,1000.0,0.0,114.27708333333334,45.270833333333336,248.62291666666664,T11,2.4,19.7,8.431944444444445,1.2882638888888889,2.6,19.4,8.472916666666666,1.2927083333333333,14.0,18.0,15.743055555555555,1003.0,1007.0,1004.5833333333334,63.0,94.0,77.34722222222223,0.0,9.0,0.13194444444444445,0.0,165.59027777777777,166.36805555555554,404.5416666666667,,0
2016-05-13 00:00:00+00:00,1744.9,0.0,1366.7055555555555,84.65694444444445,43.763888888888886,61.638888888888886,62.416666666666664,62.076388888888886,28.26388888888889,51.888888888888886,58.736111111111114,25.708333333333332,15.4,0.0,12.099305555555555,39.8,0.4,6.721527777777777,1.3944444444444446,-2.35625,281.0673611111111,16.63888888888889,-93.41666666666667,103030.77777777778,14822980.0,-58.34722222222222,-3168226,57.895833333333336,64.40277777777777,58.74305555555556,39.423611111111114,39.826388888888886,27.458333333333332,41.75694444444444,26.881944444444443,19.555555555555557,-3.3,89.7,2.7493055555555554,1.3118055555555557,87.06944444444444,39.479166666666664,40.59722222222222,40.49305555555556,37.986111111111114,617.5979166666667,0.9527777777777777,50.0,398.4326388888889,396.1138888888889,396.5798611111111,521.1541666666667,550.7833333333333,530.8395833333333,2100.2,-50.2,38.71527777777778,0.7541666666666668,6.870833333333334,174.0638888888889,-132.01319444444445,551.1,-651.9,10.488194444444444,630.0527777777778,2000.0,0.0,180.62569444444443,-895.2694444444445,0.0,-1000.0,35.50277777777777,887.4472222222222,1000.0,0.0,49.33541666666667,44.09722222222222,283.4152777777778,T11,1.2,13.4,7.307638888888889,0.6227083333333333,1.2,13.3,7.305555555555555,0.6241666666666666,12.0,18.0,15.57638888888889,1007.0,1012.0,1009.1111111111111,52.0,87.0,73.44444444444444,0.0,2.0,0.020833333333333332,0.0,142.99305555555554,143.0,409.0833333333333,,0
2016-05-14 00:00:00+00:00,1675.9,0.0,1160.1868055555556,78.64791666666666,39.19444444444444,53.423611111111114,54.46527777777778,54.00694444444444,28.993055555555557,47.43055555555556,52.645833333333336,25.09027777777778,14.9,0.0,10.271527777777777,36.5,0.4,4.647916666666666,0.9923611111111111,-0.17569444444444443,289.9326388888889,17.27777777777778,-228.21527777777777,31417.416666666668,4491246.0,-178.27083333333334,-1715774,46.020833333333336,50.958333333333336,46.00694444444444,38.46527777777778,38.15972222222222,28.618055555555557,40.11805555555556,25.381944444444443,21.57638888888889,-3.2,89.7,2.560416666666667,1.8215277777777779,81.13194444444444,37.979166666666664,39.083333333333336,39.09027777777778,37.479166666666664,187.12083333333334,0.7625000000000001,50.0,398.72291666666666,396.6111111111111,396.28819444444446,186.32847222222222,206.95902777777778,194.03055555555557,1591.7,-52.0,36.486111111111114,0.7104166666666667,4.747222222222223,69.61944444444445,-71.48402777777778,638.1,-826.3,57.98055555555556,192.05833333333334,1629.1,0.0,70.81666666666666,-574.0916666666667,0.0,-1000.0,138.35347222222222,574.0847222222222,1000.0,0.0,138.43958333333333,36.291666666666664,295.1173611111111,T11,0.5,10.8,4.945138888888889,0.37104166666666666,0.5,10.9,4.927777777777778,0.3697916666666667,13.0,19.0,15.993055555555555,1011.0,1014.0,1012.5555555555555,44.0,91.0,74.63194444444444,0.0,0.0,0.0,0.0,95.80555555555556,95.20138888888889,412.5,,0
2016-05-15 00:00:00+00:00,1684.1,0.0,601.1784722222222,61.525000000000006,34.895833333333336,43.09722222222222,43.56944444444444,43.25694444444444,30.395833333333332,42.576388888888886,44.09027777777778,27.319444444444443,14.9,0.0,5.259722222222222,36.8,0.4,3.2645833333333334,0.78125,-24.174305555555556,253.48749999999998,19.479166666666668,-418.75694444444446,24812.0,3512624.0,-126.64583333333333,-1064058,44.21527777777778,48.951388888888886,44.104166666666664,34.645833333333336,36.53472222222222,29.76388888888889,38.22222222222222,24.79861111111111,23.20138888888889,-3.1,89.7,13.35625,1.4340277777777777,54.763888888888886,34.048611111111114,35.048611111111114,35.11805555555556,33.65972222222222,146.3777777777778,0.9090277777777778,50.0,398.7055555555555,396.9576388888889,395.6513888888889,133.64305555555555,146.66527777777776,139.0326388888889,1308.1,-51.9,32.86805555555556,0.5472222222222222,3.3409722222222222,48.677083333333336,-44.361805555555556,821.4,-987.3,20.46597222222222,151.0326388888889,1325.8,0.0,47.85625,-360.12430555555557,0.0,-1000.0,41.39513888888889,360.12430555555557,1000.0,0.0,41.39513888888889,32.78472222222222,290.1736111111111,T11,0.0,11.0,3.1819444444444445,0.31527777777777777,0.0,11.2,3.176388888888889,0.3113194444444444,14.0,23.0,18.131944444444443,1011.0,1014.0,1012.0972222222222,51.0,93.0,73.19444444444444,0.0,0.0,0.0,0.0,60.31944444444444,60.145833333333336,412.03472222222223,,0
2016-05-16 00:00:00+00:00,1581.3,0.0,463.32500000000005,111.72569444444444,37.0,44.03472222222222,44.388888888888886,44.31944444444444,34.416666666666664,42.88194444444444,44.68055555555556,31.03472222222222,14.0,0.0,3.9652777777777777,23.0,0.4,2.9402777777777778,0.6847222222222222,-5.2333333333333325,122.27361111111112,23.069444444444443,-850.9722222222222,4004.2916666666665,454079.0,-624.3819444444445,-414016,47.076388888888886,51.18055555555556,46.625,36.854166666666664,39.34027777777778,32.916666666666664,40.583333333333336,28.243055555555557,26.86111111111111,-2.7,89.7,25.59722222222222,3.4930555555555554,52.548611111111114,36.013888888888886,37.1875,37.28472222222222,36.708333333333336,18.922222222222224,0.7527777777777778,50.00069444444445,398.7680555555555,397.1298611111111,395.95624999999995,41.145833333333336,44.66527777777778,43.297916666666666,776.7,-49.8,36.31944444444444,1.0368055555555555,2.95625,17.546527777777776,-17.21527777777778,668.3,-976.4,37.99722222222223,34.230555555555554,787.3,0.0,23.452777777777776,-94.83680555555556,0.0,-1000.0,53.94444444444444,94.83680555555556,1000.0,0.0,53.94444444444444,35.333333333333336,127.51458333333332,T11,0.0,7.8,3.0611111111111113,0.27402777777777776,0.0,7.4,3.0611111111111113,0.27402777777777776,17.0,26.0,21.618055555555557,1010.0,1013.0,1011.8472222222222,38.0,86.0,55.986111111111114,0.0,0.0,0.0,0.0,57.96527777777778,57.798611111111114,411.74305555555554,,0
2016-05-17 00:00:00+00:00,1780.0,248.9,1583.8784722222222,42.731944444444444,60.479166666666664,82.42361111111111,82.61111111111111,82.09722222222223,36.25,53.30555555555556,63.229166666666664,31.618055555555557,15.7,2.3,14.024999999999999,37.2,0.6000000000000001,8.76388888888889,1.4909722222222224,-1.5145833333333334,86.625,21.95138888888889,-18.65277777777778,198051.86805555556,28516783.0,-15.67361111111111,-4019194,67.72222222222223,76.70138888888889,70.09027777777777,43.833333333333336,44.13194444444444,31.555555555555557,45.0625,37.49305555555556,24.319444444444443,-3.3,45.5,-1.0444444444444445,0.8048611111111111,97.32638888888889,44.30555555555556,45.43055555555556,45.104166666666664,41.423611111111114,1188.2847222222222,0.9743055555555556,49.99861111111111,398.7472222222222,396.5534722222222,398.0888888888889,997.9604166666666,1022.875,999.1270833333333,2107.2,-48.5,42.94444444444444,0.3777777777777778,8.735416666666667,205.84444444444443,-167.46527777777777,541.2,-773.1,9.686805555555557,1187.5805555555555,2000.0,0.0,205.2826388888889,-912.7215277777777,0.0,-1000.0,65.00902777777777,836.2694444444445,1000.0,0.0,103.38402777777777,53.361111111111114,88.13194444444444,T11,1.8,16.4,9.056944444444445,0.896388888888889,1.9,16.5,9.109027777777778,0.9138888888888889,18.0,25.0,21.0,1005.0,1011.0,1007.5694444444445,31.0,56.0,43.375,0.0,0.0,0.0,0.0,178.13194444444446,179.06944444444446,407.50694444444446,,0
2016-05-18 00:00:00+00:00,1724.8,0.0,1209.6201388888887,93.67430555555556,46.99305555555556,64.80555555555556,65.58333333333333,65.25,34.74305555555556,50.24305555555556,56.229166666666664,30.97222222222222,15.2,0.0,10.702777777777778,36.9,0.4,5.784722222222222,1.0638888888888889,3.6999999999999997,159.70694444444445,22.21527777777778,-439.96527777777777,81508.79166666667,11673908.0,-369.34027777777777,-2203981,57.40972222222222,64.11805555555556,59.09027777777778,39.77777777777778,43.013888888888886,33.68055555555556,44.145833333333336,32.361111111111114,26.97222222222222,-3.2,89.7,3.7562499999999996,2.3284722222222225,85.98611111111111,39.59722222222222,40.72222222222222,40.645833333333336,38.75694444444444,486.41388888888895,0.8354166666666667,49.99861111111111,399.1326388888889,397.21944444444443,397.5881944444444,424.2673611111111,441.2840277777778,427.5083333333333,2100.5,-52.1,40.75694444444444,0.8423611111111111,5.765277777777778,95.93402777777777,-91.85416666666667,602.2,-998.0,31.37569444444445,493.3965277777778,2000.0,0.0,97.20763888888888,-602.9243055555556,0.0,-1000.0,117.5923611111111,581.08125,1000.0,0.0,125.34791666666666,42.86805555555556,156.01458333333332,T11,0.9,14.6,6.052777777777778,0.7298611111111111,0.7000000000000001,15.0,6.009722222222222,0.7515277777777778,18.0,26.0,21.03472222222222,1006.0,1011.0,1008.0416666666666,34.0,79.0,49.458333333333336,0.0,0.0,0.0,0.0,117.84722222222223,117.0,408.0138888888889,,0
2016-05-19 00:00:00+00:00,1457.3,0.0,594.3034722222222,39.64375,34.75,43.611111111111114,44.125,43.94444444444444,32.77777777777778,41.826388888888886,43.77777777777778,28.743055555555557,12.9,0.0,5.122222222222223,23.1,0.4,3.107638888888889,0.6090277777777778,-12.643055555555556,254.1951388888889,21.52777777777778,-574.3888888888889,8977.826388888889,1210094.0,-238.0,-687895,45.25694444444444,49.75694444444444,45.18055555555556,35.38194444444444,37.423611111111114,32.18055555555556,38.916666666666664,26.53472222222222,26.48611111111111,-2.4,83.9,14.056944444444445,0.9548611111111112,55.15277777777778,34.576388888888886,35.666666666666664,35.798611111111114,34.72222222222222,50.425694444444446,0.8555555555555556,49.99861111111111,398.80625,397.18333333333334,396.31944444444446,59.74027777777778,67.34375,60.97638888888889,513.0,-50.1,34.28472222222222,0.36250000000000004,3.1694444444444443,23.195833333333333,-28.67430555555556,622.3,-755.7,20.294444444444444,56.72430555555556,521.3,0.0,23.603472222222223,-238.98680555555555,0.0,-1000.0,77.17777777777778,238.98680555555555,1000.0,0.0,77.17777777777778,32.75,276.8388888888889,T11,0.0,8.8,3.3291666666666666,0.15020833333333333,0.0,8.9,3.3152777777777778,0.15423611111111113,16.0,24.0,20.07638888888889,1009.0,1012.0,1010.3541666666666,44.0,99.0,72.83333333333333,0.0,0.0,0.0,0.0,63.19444444444444,62.888888888888886,410.3333333333333,,0
2016-05-20 00:00:00+00:00,1736.4,0.0,1021.8613445378152,68.48655462184874,45.04201680672269,57.6890756302521,58.10084033613445,57.924369747899156,33.52100840336134,47.73109243697479,53.02521008403362,30.428571428571427,15.3,0.0,8.983193277310924,38.3,0.4,5.73781512605042,1.1445378151260504,3.912605042016807,128.26050420168067,23.07563025210084,-225.890756302521,77680.88235294117,9217140.0,-63.02521008403362,-2096133,57.016806722689076,61.81512605042017,56.80672268907563,38.15126050420168,39.680672268907564,31.563025210084035,41.05042016806723,31.571428571428573,25.73109243697479,-3.3,90.0,18.317647058823532,1.4815126050420169,70.88235294117646,37.96638655462185,39.11764705882353,39.08403361344538,37.016806722689076,464.76050420168065,0.907563025210084,49.99915966386554,398.32016806722686,396.3176470588236,397.04957983193276,405.37226890756307,416.9226890756303,398.5420168067227,2101.1,-43.2,37.134453781512605,0.604201680672269,5.742016806722689,142.19411764705882,-105.69747899159664,498.9,-697.7,10.27310924369748,490.6647058823529,2000.0,0.0,152.0672268907563,-644.7949579831933,0.0,-1000.0,50.19159663865546,633.7016806722689,1000.0,0.0,62.523529411764706,41.680672268907564,151.58067226890756,T11,0.3,14.6,5.832638888888889,0.6361805555555555,0.3,15.0,5.855555555555556,0.651875,17.0,26.0,21.42361111111111,1009.0,1011.0,1009.7083333333334,49.0,89.0,65.05555555555556,0.0,0.0,0.0,0.0,113.45138888888889,113.93055555555556,409.6736111111111,,0
2016-05-21 00:00:00+00:00,1791.4,0.0,1467.6694444444445,72.4361111111111,52.30555555555556,73.36111111111111,73.88194444444444,73.70138888888889,35.8125,53.77777777777778,61.854166666666664,31.541666666666668,15.8,0.0,12.991666666666667,37.7,0.4,7.6625000000000005,1.3145833333333334,-0.4201388888888889,117.75347222222223,22.9375,-155.65277777777777,137076.97222222222,19716671.0,-106.77777777777777,-3447572,67.81944444444444,74.83333333333333,68.48611111111111,41.06944444444444,43.65277777777778,32.111111111111114,44.576388888888886,34.666666666666664,25.430555555555557,-3.3,84.7,-0.11805555555555561,1.0125000000000002,94.07638888888889,41.40972222222222,42.486111111111114,42.354166666666664,39.59027777777778,821.5111111111112,0.9652777777777778,50.0,398.5104166666667,396.3388888888889,398.0180555555555,699.2888888888889,717.1548611111111,690.9868055555556,2107.8,-49.7,41.513888888888886,0.6493055555555556,7.554861111111112,169.87986111111113,-143.66319444444446,421.0,-546.8,10.765277777777778,822.4555555555556,2000.0,0.0,169.93680555555557,-890.2222222222222,0.0,-1000.0,43.04097222222222,858.8534722222222,1000.0,0.0,59.3111111111111,48.46527777777778,118.17083333333332,T11,0.7000000000000001,15.4,6.717361111111111,1.2783333333333333,0.8,15.6,6.770833333333333,1.2890972222222221,18.0,27.0,22.15972222222222,1007.0,1010.0,1008.0138888888889,36.0,68.0,50.84722222222222,0.0,0.0,0.0,0.0,131.13888888888889,132.20138888888889,408.0,,0
2016-05-22 00:00:00+00:00,1659.3,0.0,1028.0263888888887,105.95902777777778,40.31944444444444,52.423611111111114,53.30555555555556,53.03472222222222,33.63194444444444,47.38194444444444,51.68055555555556,28.40972222222222,14.7,0.0,9.0125,38.7,0.4,4.398611111111111,0.9791666666666666,4.554166666666666,274.78194444444443,20.743055555555557,-379.53472222222223,30386.868055555555,4321053.0,-281.8888888888889,-1511218,48.75694444444444,53.74305555555556,48.861111111111114,37.763888888888886,39.40277777777778,31.381944444444443,40.84027777777778,28.118055555555557,24.82638888888889,-3.0,89.7,5.572916666666667,2.740972222222222,73.51388888888889,37.25694444444444,38.38194444444444,38.458333333333336,37.09027777777778,180.06319444444443,0.807638888888889,50.00208333333333,398.75208333333336,396.7131944444444,395.94722222222225,169.2923611111111,189.7486111111111,177.85208333333333,1177.1,-51.2,36.979166666666664,0.9624999999999999,4.481944444444444,75.00347222222223,-62.99027777777778,662.8,-881.9,37.47291666666667,185.75416666666666,1189.8,0.0,75.625,-521.5486111111111,0.0,-1000.0,131.24444444444444,521.5486111111111,1000.0,0.0,131.24444444444444,36.15277777777778,272.7291666666667,T11,0.3,10.3,4.779861111111111,0.4627777777777778,0.3,10.2,4.768055555555556,0.4629861111111111,16.0,24.0,19.430555555555557,1009.0,1013.0,1010.9652777777778,48.0,97.0,79.45138888888889,0.0,0.0,0.0,0.0,92.48611111111111,92.11805555555556,410.94444444444446,,0
2016-05-23 00:00:00+00:00,1745.1,0.0,906.3472222222222,65.19166666666666,48.84722222222222,56.00694444444444,56.27777777777778,56.19444444444444,32.77777777777778,47.40277777777778,51.59027777777778,29.770833333333332,15.4,0.0,7.906944444444444,37.8,0.4,5.102777777777778,1.0416666666666667,2.5875000000000004,149.19305555555556,21.708333333333332,-469.22222222222223,72237.48611111111,10334631.0,-255.63888888888889,-2076942,54.104166666666664,59.875,54.63194444444444,37.833333333333336,39.25,30.84027777777778,40.40277777777778,30.020833333333332,24.47222222222222,-3.1,89.7,10.692361111111111,1.2826388888888889,67.65972222222223,37.576388888888886,38.68055555555556,38.673611111111114,36.75,430.5625,0.8951388888888889,50.00138888888889,398.6166666666667,396.94166666666666,396.61319444444445,375.0,386.36805555555554,373.17291666666665,2102.8,-50.1,36.416666666666664,0.5986111111111111,5.047916666666667,126.09027777777777,-86.53333333333333,617.7,-975.0,12.620138888888889,436.3354166666667,2000.0,0.0,127.02638888888889,-488.34513888888887,0.0,-1000.0,50.456944444444446,469.0993055555556,1000.0,0.0,69.72986111111112,39.72222222222222,181.60416666666666,T11,0.0,13.4,5.331250000000001,0.6413194444444444,0.0,13.6,5.348611111111111,0.6457638888888888,15.0,25.0,20.416666666666668,1008.0,1013.0,1010.9652777777778,46.0,99.0,73.94444444444444,0.0,1.0,0.006944444444444444,0.0,103.40972222222223,103.79166666666667,410.9375,,0
2016-05-24 00:00:00+00:00,1698.4,0.0,1299.7076388888888,90.94097222222223,51.6875,60.138888888888886,61.166666666666664,60.6875,32.395833333333336,51.076388888888886,56.951388888888886,28.59722222222222,15.0,0.0,11.499305555555557,38.1,0.4,5.723611111111111,1.1097222222222223,-0.9159722222222223,191.31736111111113,20.895833333333332,-238.17361111111111,65190.166666666664,9353088.0,-185.98611111111111,-2340417,54.854166666666664,60.44444444444444,55.263888888888886,39.09027777777778,41.729166666666664,31.979166666666668,43.458333333333336,30.020833333333332,25.11111111111111,-3.2,89.7,0.8180555555555555,1.9979166666666666,86.54861111111111,38.9375,40.013888888888886,39.979166666666664,38.21527777777778,389.69375,0.8708333333333333,50.0,398.52152777777775,396.37152777777777,396.53055555555557,340.5388888888889,364.1298611111111,347.4944444444444,1892.8,-50.6,39.90277777777778,0.8159722222222222,5.738194444444444,105.3138888888889,-97.53125,607.7,-886.1,27.393749999999997,394.0826388888889,1912.4,0.0,105.64930555555556,-746.245138888889,0.0,-1000.0,111.68333333333334,744.9472222222222,1000.0,0.0,114.29861111111111,40.125,192.23541666666665,T11,0.3,12.7,5.652083333333334,0.5329166666666666,0.3,12.9,5.676388888888889,0.5363888888888888,17.0,24.0,19.72222222222222,1005.0,1009.0,1006.3402777777778,54.0,92.0,73.43055555555556,0.0,0.0,0.0,0.0,109.81944444444444,110.39583333333333,406.31944444444446,,0
2016-05-25 00:00:00+00:00,1668.3,0.0,1158.6472222222224,114.22638888888888,42.979166666666664,54.958333333333336,55.99305555555556,55.55555555555556,32.00694444444444,47.65277777777778,53.00694444444444,27.22222222222222,14.8,0.0,10.246527777777779,45.0,0.4,4.774305555555555,1.0159722222222223,2.689583333333333,277.7215277777778,19.53472222222222,-261.8263888888889,33914.041666666664,4845918.0,-205.47222222222223,-1771550,47.9375,52.97222222222222,48.15277777777778,38.61805555555556,39.520833333333336,30.854166666666668,41.40277777777778,27.395833333333332,24.083333333333332,-3.2,89.7,2.745833333333333,3.009722222222222,80.90972222222223,38.145833333333336,39.27777777777778,39.28472222222222,37.833333333333336,201.90972222222223,0.7895833333333333,49.99930555555555,398.09305555555557,396.0805555555555,395.48541666666665,191.6451388888889,213.6847222222222,200.86944444444444,1329.4,-52.0,37.6875,1.0277777777777777,4.84375,76.67708333333333,-73.83055555555556,789.7,-999.5,44.12013888888889,208.88680555555555,1344.2,0.0,78.1625,-602.0409722222222,0.0,-1000.0,146.96458333333334,602.0409722222222,1000.0,0.0,146.96458333333334,35.53472222222222,282.53541666666666,T11,1.0,10.1,5.144444444444444,0.4288888888888889,1.1,9.6,5.138194444444444,0.4263888888888889,16.0,21.0,18.21527777777778,1004.0,1007.0,1005.6388888888889,51.0,89.0,71.47222222222223,0.0,0.0,0.0,0.0,99.64583333333333,99.5,405.5833333333333,,0
2016-05-26 00:00:00+00:00,1654.1,0.0,1049.7013986013985,86.87412587412588,39.9020979020979,52.43356643356643,53.3986013986014,53.0,31.132867132867133,46.05594405594405,50.83916083916084,27.405594405594407,14.6,0.0,9.3,33.0,0.4,4.463636363636363,0.8608391608391609,1.2279720279720279,281.83986013986015,19.67132867132867,-321.31468531468533,23968.167832167834,3381504.0,-226.993006993007,-1346484,46.28671328671329,51.04195804195804,46.17482517482517,37.97202797202797,38.93006993006993,30.055944055944057,40.76223776223776,26.902097902097903,23.475524475524477,-3.2,90.0,7.5874125874125875,2.458041958041958,76.5944055944056,37.45454545454545,38.61538461538461,38.62937062937063,37.27972027972028,141.9174825174825,0.7174825174825176,50.0,398.73706293706294,396.8342657342657,396.12517482517484,148.32517482517483,163.95314685314685,154.24965034965035,1155.2,-50.1,36.90909090909091,0.7699300699300698,4.462937062937063,63.7034965034965,-56.4993006993007,570.6,-673.8,46.58181818181818,152.05384615384617,1181.1,0.0,66.57342657342657,-459.7181818181818,0.0,-1000.0,116.7132867132867,459.7181818181818,1000.0,0.0,116.7132867132867,40.46853146853147,280.6181818181818,T11,1.3,10.7,4.618055555555555,0.42076388888888894,1.3,11.2,4.592361111111111,0.4215277777777778,16.0,21.0,18.45138888888889,1004.0,1007.0,1005.8541666666666,47.0,83.0,67.47222222222223,0.0,0.0,0.0,0.0,89.14583333333333,88.64583333333333,405.74305555555554,,0
2016-05-27 00:00:00+00:00,1647.7,0.0,811.0826388888888,70.57638888888889,37.88194444444444,47.84722222222222,48.65277777777778,48.40277777777778,31.26388888888889,44.770833333333336,47.9375,27.993055555555557,14.6,0.0,7.116666666666666,35.0,0.4,3.636111111111111,0.79375,5.326388888888889,249.86249999999998,20.194444444444443,-458.59027777777777,17716.708333333332,2485169.0,-261.46527777777777,-1121145,45.395833333333336,50.020833333333336,45.333333333333336,36.49305555555556,37.93055555555556,30.208333333333332,39.71527777777778,26.458333333333332,24.256944444444443,-3.1,89.7,9.221527777777778,1.7638888888888888,66.65277777777777,35.81944444444444,36.94444444444444,37.013888888888886,35.736111111111114,103.53472222222223,0.8138888888888889,49.99930555555555,398.7416666666667,397.01874999999995,395.9597222222222,105.7826388888889,119.20069444444445,109.36111111111111,1110.8,-50.4,35.270833333333336,0.6402777777777778,3.6624999999999996,47.12986111111111,-46.77013888888889,543.3,-674.8,25.202777777777776,110.04444444444444,1123.5,0.0,47.767361111111114,-386.70694444444445,0.0,-1000.0,102.33055555555556,386.70694444444445,1000.0,0.0,102.33055555555556,38.326388888888886,302.0395833333333,T11,0.0,10.3,3.917361111111111,0.2995138888888889,0.0,10.6,3.913888888888889,0.30645833333333333,15.0,22.0,18.97222222222222,1006.0,1010.0,1008.3402777777778,44.0,83.0,67.4375,0.0,0.0,0.0,0.0,75.19444444444444,75.0,408.28472222222223,,0
2016-05-28 00:00:00+00:00,1815.6,103.8,1284.954861111111,57.420138888888886,57.25,68.48611111111111,68.94444444444444,68.59027777777777,33.84027777777778,49.84722222222222,56.65277777777778,28.416666666666668,16.0,0.0,11.320138888888888,52.5,0.4,6.711111111111111,1.3486111111111112,-3.222916666666667,258.8284722222222,19.381944444444443,-227.43055555555554,118919.5625,17091667.0,-171.59027777777777,-2825203,56.375,63.52777777777778,57.74305555555556,40.34722222222222,40.68055555555556,29.993055555555557,41.94444444444444,31.458333333333332,22.45138888888889,-3.2,47.1,2.9868055555555557,1.1916666666666667,84.84027777777777,40.5625,41.736111111111114,41.55555555555556,38.78472222222222,712.254861111111,0.84375,50.0,398.81597222222223,396.72083333333336,397.3409722222222,623.8951388888888,641.8812499999999,625.9798611111112,2105.7,-49.4,39.048611111111114,0.525,6.688888888888889,166.1326388888889,-117.63958333333332,627.2,-877.0,48.675694444444446,713.76875,2000.0,0.0,165.31666666666666,-654.1770833333334,0.0,-1000.0,82.70763888888888,612.5423611111112,1000.0,0.0,105.65138888888889,48.888888888888886,262.04791666666665,T11,0.6000000000000001,18.0,6.939583333333333,0.8003472222222222,0.7000000000000001,18.1,6.958333333333333,0.8080555555555555,16.0,21.0,18.47222222222222,1009.0,1014.0,1011.2430555555555,55.0,91.0,77.43055555555556,0.0,1.0,0.013888888888888888,0.0,135.70138888888889,136.02083333333334,411.2013888888889,,0
2016-05-29 00:00:00+00:00,1681.5,0.0,1077.5694444444443,78.16944444444444,49.19444444444444,53.31944444444444,54.24305555555556,53.826388888888886,30.743055555555557,48.59722222222222,53.208333333333336,26.583333333333332,14.9,0.0,9.518055555555556,40.7,0.4,4.972222222222222,1.0145833333333334,3.0597222222222222,287.32500000000005,19.01388888888889,-327.4583333333333,40642.09722222222,5805308.0,-225.65277777777777,-1838795,48.486111111111114,53.63194444444444,48.75,37.75694444444444,38.916666666666664,30.083333333333332,40.72222222222222,27.069444444444443,23.229166666666668,-3.2,89.7,4.934722222222223,1.2798611111111111,76.15277777777777,37.375,38.50694444444444,38.548611111111114,36.93055555555556,241.8805555555556,0.8402777777777778,50.0,398.46527777777777,396.23819444444445,395.8833333333333,225.18541666666667,246.52708333333334,232.90555555555557,1539.3,-50.1,36.96527777777778,0.6979166666666666,5.009027777777778,85.20208333333333,-76.57083333333334,611.6,-887.0,42.40416666666667,249.18055555555554,1553.3,0.0,87.3138888888889,-627.1256944444444,0.0,-1000.0,87.55069444444445,627.1187500000001,1000.0,0.0,87.62083333333334,39.0,291.7673611111111,T11,0.4,11.7,5.141666666666667,0.47131944444444446,0.4,11.9,5.127777777777777,0.47284722222222225,15.0,20.0,17.65972222222222,1013.0,1015.0,1013.5069444444445,43.0,86.0,69.35416666666667,0.0,0.0,0.0,0.0,99.70833333333333,99.36805555555556,413.4583333333333,,0
2016-05-30 00:00:00+00:00,1740.0,0.0,1053.865277777778,78.40902777777778,47.65277777777778,55.763888888888886,56.416666666666664,56.25,31.28472222222222,47.486111111111114,52.69444444444444,27.930555555555557,15.4,0.0,9.336111111111112,36.5,0.4,5.074999999999999,1.0944444444444443,-1.0611111111111111,286.29999999999995,19.881944444444443,-409.5,54999.22222222222,7860916.0,-287.3125,-1852786,52.479166666666664,57.729166666666664,52.263888888888886,37.708333333333336,38.71527777777778,30.0625,40.15972222222222,28.083333333333332,23.493055555555557,-3.2,89.7,6.408333333333333,1.8263888888888888,73.71527777777777,37.4375,38.548611111111114,38.576388888888886,36.72222222222222,327.5201388888889,0.8305555555555556,50.00069444444445,398.93333333333334,396.7006944444445,396.7416666666667,295.55069444444445,311.8888888888889,298.06319444444443,2095.7,-51.7,36.166666666666664,0.6972222222222223,5.102083333333334,103.65277777777777,-77.16388888888889,568.8,-869.8,33.693749999999994,335.06666666666666,2000.0,0.0,105.29375,-525.3812499999999,0.0,-1000.0,93.20416666666667,520.7208333333333,1000.0,0.0,101.92500000000001,40.263888888888886,287.3701388888889,T11,1.2,12.9,5.284722222222222,0.5979166666666667,1.0,12.4,5.230555555555556,0.5877777777777777,13.0,24.0,18.631944444444443,1009.0,1014.0,1010.5347222222222,39.0,85.0,64.49305555555556,0.0,0.0,0.0,0.0,102.47222222222223,101.29166666666667,410.5138888888889,,0
2016-05-31 00:00:00+00:00,1647.7,0.0,551.3659722222222,118.04027777777777,37.40277777777778,42.43055555555556,42.86805555555556,42.80555555555556,34.34027777777778,44.104166666666664,45.826388888888886,30.833333333333332,14.6,0.0,4.605555555555555,18.2,0.4,3.0777777777777775,0.7243055555555556,2.8993055555555554,223.80208333333334,23.041666666666668,-810.0833333333334,9338.819444444445,1228138.0,-548.7013888888889,-659469,48.0625,52.298611111111114,47.46527777777778,36.638888888888886,38.84027777777778,32.86805555555556,39.93055555555556,28.493055555555557,26.645833333333332,-2.8,89.7,15.660416666666666,2.945138888888889,53.59722222222222,35.826388888888886,36.979166666666664,37.05555555555556,36.298611111111114,51.1875,0.8069444444444445,50.00069444444445,398.85555555555555,397.0090277777778,396.1826388888889,60.145833333333336,66.36597222222223,61.31458333333333,1048.1,-52.1,35.53472222222222,1.1326388888888888,3.120833333333333,25.61388888888889,-27.481944444444444,735.0,-1000.5,18.87222222222222,63.12013888888888,1054.2,0.0,30.33958333333333,-171.5548611111111,0.0,-1000.0,56.256249999999994,171.5548611111111,1000.0,0.0,56.256249999999994,34.486111111111114,248.4173611111111,T11,0.0,12.6,4.024305555555555,0.39111111111111113,0.2,12.5,3.988194444444444,0.38625,16.0,28.0,21.61111111111111,1008.0,1011.0,1009.3958333333334,30.0,80.0,53.486111111111114,0.0,0.0,0.0,0.0,77.11805555555556,76.65277777777777,409.36805555555554,,0
2016-06-01 00:00:00+00:00,1747.1,1218.5,1515.5055555555555,53.55138888888889,59.798611111111114,73.875,74.53472222222223,74.15277777777777,34.583333333333336,53.395833333333336,62.03472222222222,32.013888888888886,15.4,10.8,13.421527777777778,38.1,0.6000000000000001,7.65625,1.2736111111111112,0.96875,96.71805555555555,23.618055555555557,0.0,136360.82638888888,19635959.0,0.0,-3615203,65.41666666666667,72.38888888888889,66.47916666666667,41.88194444444444,43.611111111111114,32.576388888888886,44.5625,35.583333333333336,25.833333333333332,-3.2,5.8,-1.775,0.3944444444444445,93.86805555555556,42.111111111111114,43.19444444444444,43.05555555555556,40.40277777777778,818.1958333333333,0.9729166666666667,49.99930555555555,398.74861111111113,396.4625,397.7951388888889,688.8812499999999,715.6506944444444,690.0805555555556,2102.4,18.7,41.53472222222222,0.4680555555555556,7.577777777777778,172.74027777777778,-150.6326388888889,-20.7,-218.0,5.376388888888889,818.1180555555555,2000.0,18.2,172.95902777777778,-968.9534722222221,-89.3,-1000.0,37.858333333333334,941.5506944444444,1000.0,89.3,57.80486111111111,49.71527777777778,95.75,T11,1.5,14.8,8.131944444444445,0.7670138888888889,1.7000000000000002,14.9,8.211111111111112,0.7813888888888889,18.0,28.0,22.63888888888889,1006.0,1010.0,1008.3055555555555,28.0,69.0,43.15277777777778,0.0,0.0,0.0,0.0,159.55555555555554,161.15277777777777,408.28472222222223,,0
2016-06-02 00:00:00+00:00,1701.9,0.0,1315.2895833333334,64.00208333333333,54.34027777777778,70.20138888888889,70.86111111111111,70.60416666666667,35.625,52.888888888888886,59.583333333333336,32.24305555555556,15.1,0.0,11.627777777777778,36.2,0.4,6.543749999999999,1.1034722222222222,-1.7479166666666666,132.43680555555557,24.65277777777778,-314.4513888888889,104168.58333333333,14954997.0,-237.97222222222223,-2642567,63.59027777777778,70.45138888888889,64.77083333333333,40.78472222222222,43.083333333333336,34.361111111111114,43.63194444444444,35.34027777777778,27.77777777777778,-3.3,89.7,1.8430555555555554,1.0298611111111111,89.625,40.71527777777778,41.81944444444444,41.708333333333336,39.388888888888886,623.0743055555555,0.8965277777777777,50.00069444444445,399.34305555555557,397.2368055555555,397.8388888888889,528.9583333333334,552.4763888888889,531.6506944444444,2098.9,-50.7,40.11805555555556,0.5638888888888889,6.491666666666666,109.34861111111111,-110.11805555555556,561.1,-745.6,11.552777777777777,626.8888888888889,2000.0,0.0,110.05902777777777,-768.2895833333333,0.0,-1000.0,85.2826388888889,732.6659722222222,1000.0,0.0,98.30000000000001,48.09027777777778,131.6902777777778,T11,1.2,12.3,6.319444444444445,0.630625,1.1,12.7,6.344444444444445,0.6438888888888888,20.0,29.0,23.59027777777778,1003.0,1007.0,1005.1041666666666,25.0,73.0,40.38194444444444,0.0,0.0,0.0,0.0,123.20833333333333,123.8125,405.0416666666667,,0
2016-06-03 00:00:00+00:00,1695.1,0.0,1351.0500000000002,99.12430555555555,43.65277777777778,59.96527777777778,60.88194444444444,60.53472222222222,31.92361111111111,50.9375,57.298611111111114,28.104166666666668,15.0,0.0,11.964583333333334,37.0,0.4,5.950694444444444,1.2555555555555555,0.6604166666666665,229.06180555555557,19.72222222222222,-125.44444444444444,70663.60416666667,10157496.0,-99.48611111111111,-2517837,54.65972222222222,60.270833333333336,54.798611111111114,39.208333333333336,41.104166666666664,31.17361111111111,42.875,29.0,24.0,-3.1,89.7,-0.07361111111111114,1.6256944444444443,85.98611111111111,39.15972222222222,40.25694444444444,40.24305555555556,38.28472222222222,423.18819444444443,0.8909722222222223,50.00069444444445,398.1701388888889,395.9236111111111,396.62152777777777,367.53472222222223,390.4743055555556,370.19375,1778.1,-50.1,39.298611111111114,0.8777777777777778,5.979166666666667,150.61805555555554,-104.91458333333334,611.0,-892.4,24.813888888888886,425.90972222222223,1797.8,0.0,150.68124999999998,-800.0180555555556,0.0,-1000.0,110.15416666666667,799.3118055555556,1000.0,0.0,112.38333333333334,40.71527777777778,228.3986111111111,T11,1.9,11.5,6.148611111111111,0.7351388888888889,1.6,11.9,6.126388888888889,0.7681944444444445,17.0,21.0,18.57638888888889,1004.0,1009.0,1006.4375,65.0,96.0,79.43055555555556,0.0,0.0,0.0,0.0,119.81944444444444,119.36805555555556,406.34722222222223,,0
2016-06-04 00:00:00+00:00,1687.7,0.0,1274.5375,79.00069444444445,43.47222222222222,59.666666666666664,60.77777777777778,60.27777777777778,30.90972222222222,50.638888888888886,56.30555555555556,27.70138888888889,14.9,0.0,11.278472222222222,37.4,0.4,5.483333333333333,1.1479166666666667,3.1666666666666665,283.5055555555556,19.22222222222222,-175.02777777777777,54260.23611111111,7788269.0,-146.72916666666666,-2294367,50.125,55.40972222222222,50.270833333333336,39.05555555555556,40.77777777777778,30.1875,42.6875,28.208333333333332,23.131944444444443,-3.4,89.7,0.7270833333333333,1.2784722222222222,87.72916666666667,38.736111111111114,39.8125,39.80555555555556,38.138888888888886,324.5375,0.8694444444444445,50.0,398.9236111111111,396.8013888888889,397.51666666666665,286.7291666666667,306.8263888888889,286.63125,1689.0,-51.1,39.166666666666664,0.7083333333333334,5.572222222222222,108.65277777777777,-95.5923611111111,433.1,-957.4,19.74652777777778,327.6145833333333,1720.3,0.0,109.08958333333334,-771.4770833333333,0.0,-1000.0,110.9625,771.4277777777778,1000.0,0.0,111.16736111111112,37.708333333333336,282.84236111111113,T11,1.3,11.3,5.982638888888889,0.5363194444444445,1.3,11.3,5.975,0.5415277777777778,16.0,21.0,18.09027777777778,1007.0,1010.0,1008.4444444444445,56.0,91.0,74.66666666666667,0.0,0.0,0.0,0.0,116.49305555555556,116.3125,408.40972222222223,,0
2016-06-05 00:00:00+00:00,1658.6,0.0,576.0125,45.82222222222222,35.96527777777778,43.416666666666664,43.923611111111114,43.71527777777778,32.013888888888886,44.21527777777778,44.93055555555556,28.5,14.7,0.0,4.977777777777778,38.3,0.4,3.242361111111111,0.7631944444444445,-12.604861111111113,246.44375000000002,22.083333333333332,-509.27777777777777,18222.527777777777,2550708.0,-196.30555555555554,-971280,45.88194444444444,50.486111111111114,45.74305555555556,34.645833333333336,36.951388888888886,31.9375,38.65972222222222,26.729166666666668,25.67361111111111,-3.0,89.7,13.922222222222222,0.9847222222222223,54.548611111111114,33.94444444444444,35.02777777777778,35.104166666666664,33.84027777777778,106.2763888888889,0.8909722222222223,49.99861111111111,398.86875,396.76944444444445,395.92777777777775,99.15555555555555,109.69513888888889,99.80208333333333,1081.3,-50.0,33.34027777777778,0.3923611111111111,3.3118055555555554,36.12430555555555,-40.47569444444444,229.2,-239.7,5.438194444444445,111.03333333333333,1095.7,0.0,36.61736111111111,-313.0513888888889,0.0,-1000.0,41.78958333333333,313.0513888888889,1000.0,0.0,41.78958333333333,32.49305555555556,296.56458333333336,T11,0.0,10.5,3.3854166666666665,0.2940277777777778,0.0,10.5,3.3784722222222223,0.29152777777777783,16.0,26.0,20.569444444444443,1007.0,1010.0,1008.0277777777778,46.0,100.0,76.84722222222223,0.0,1.0,0.006944444444444444,0.0,64.36111111111111,64.11805555555556,407.96527777777777,,0
2016-06-06 00:00:00+00:00,1653.1,0.0,781.5256944444444,130.36111111111111,40.84027777777778,49.625,50.25,50.104166666666664,36.0625,46.625,49.479166666666664,30.930555555555557,14.6,0.0,6.795138888888889,36.3,0.4,3.561111111111111,0.7541666666666668,3.1215277777777777,144.34722222222223,23.895833333333332,-650.8680555555555,12071.256944444445,1644539.0,-522.9375,-867501,48.916666666666664,53.298611111111114,48.361111111111114,37.50694444444444,40.166666666666664,34.986111111111114,41.34027777777778,30.29861111111111,28.9375,-2.6,89.8,10.96875,3.5208333333333335,63.77777777777778,36.854166666666664,38.00694444444444,38.166666666666664,37.21527777777778,68.52083333333333,0.7270833333333333,50.00069444444445,398.87638888888887,396.9659722222222,396.43541666666664,85.69999999999999,93.86527777777778,88.01041666666667,992.4,-51.7,37.25,1.1798611111111112,3.584027777777778,37.514583333333334,-36.16388888888889,709.1,-976.5,45.24652777777778,80.00347222222223,1008.6,0.0,38.9375,-255.82847222222225,0.0,-1000.0,116.77152777777776,255.82847222222225,1000.0,0.0,116.77152777777776,37.65277777777778,166.23472222222222,T11,0.8,8.9,3.8131944444444446,0.31625,0.7000000000000001,8.9,3.8291666666666666,0.3169444444444445,16.0,28.0,22.59722222222222,1007.0,1010.0,1009.0555555555555,33.0,88.0,58.298611111111114,0.0,0.0,0.0,0.0,73.02777777777777,73.28472222222223,409.0138888888889,,0
2016-06-07 00:00:00+00:00,1794.6,119.5,1522.9840277777778,52.63611111111111,66.76388888888889,83.89583333333333,84.16666666666667,83.84027777777777,40.729166666666664,53.701388888888886,63.173611111111114,33.986111111111114,15.8,0.0,13.488194444444444,36.5,0.6000000000000001,8.397222222222222,1.5131944444444445,1.6902777777777778,85.14791666666666,25.680555555555557,-34.361111111111114,177035.77083333334,25488204.0,-31.444444444444443,-4083140,71.94444444444444,80.40277777777777,73.34027777777777,43.791666666666664,46.263888888888886,34.4375,47.53472222222222,40.90972222222222,28.243055555555557,-3.3,57.9,-0.41250000000000003,1.0944444444444443,98.85416666666667,44.19444444444444,45.27777777777778,44.99305555555556,41.84722222222222,1062.0340277777777,0.9604166666666667,50.00416666666667,398.9819444444445,396.77708333333334,398.3201388888889,899.4229166666667,922.2680555555556,897.95625,2109.4,-32.2,45.326388888888886,0.4659722222222223,8.340277777777779,186.12013888888887,-170.07569444444445,880.0,-999.8,20.05763888888889,1061.290972222222,2000.0,0.0,185.3451388888889,-884.0819444444445,0.0,-1000.0,80.1,814.4152777777778,1000.0,0.0,100.86666666666666,55.0,83.46111111111111,T11,1.9,18.6,9.752777777777778,0.933125,1.8,19.0,9.810416666666667,0.9553472222222221,21.0,28.0,24.3125,1008.0,1011.0,1009.625,32.0,50.0,40.861111111111114,0.0,0.0,0.0,0.0,192.09027777777777,193.20138888888889,409.59722222222223,,0
2016-06-08 00:00:00+00:00,1776.0,1204.4,1575.5437499999998,51.52569444444444,63.6875,83.53472222222223,83.875,83.61805555555556,40.375,53.88194444444444,63.895833333333336,35.354166666666664,15.7,10.7,13.95486111111111,30.0,0.5,8.506944444444445,1.452777777777778,0.6055555555555556,93.67916666666666,26.26388888888889,0.0,175250.41666666666,25236060.0,0.0,-4194979,70.01388888888889,78.54861111111111,72.63888888888889,43.673611111111114,46.263888888888886,34.34027777777778,46.49305555555556,40.24305555555556,28.291666666666668,-3.3,11.1,-1.2902777777777779,0.6222222222222222,99.24305555555556,44.0625,45.173611111111114,44.916666666666664,41.826388888888886,1051.6291666666666,0.9784722222222223,50.0,398.5534722222222,396.3180555555556,398.125,888.2847222222222,911.2048611111111,883.5319444444444,2103.7,-29.6,43.68055555555556,0.4548611111111111,8.436805555555557,171.7159722222222,-174.79097222222222,0.1,-223.0,4.71875,1050.9722222222222,2000.0,0.0,171.86180555555558,-945.5236111111111,0.0,-1000.0,46.300694444444446,896.6590277777777,1000.0,0.0,65.43402777777777,52.979166666666664,93.06875,T11,3.6,20.1,10.019444444444444,0.7630555555555555,3.8,20.1,10.086111111111112,0.7845833333333334,21.0,30.0,25.07638888888889,1007.0,1010.0,1008.7847222222222,31.0,74.0,51.8125,0.0,0.0,0.0,0.0,197.45138888888889,198.76388888888889,408.71527777777777,,0
2016-06-09 00:00:00+00:00,1580.6,0.0,856.9076388888889,132.40625,44.645833333333336,54.86805555555556,55.59027777777778,55.416666666666664,39.61805555555556,49.40972222222222,52.4375,33.576388888888886,14.0,0.0,7.539583333333334,18.4,0.4,3.7062500000000003,0.7333333333333334,0.39166666666666655,158.97430555555556,26.84027777777778,-734.8402777777778,14522.895833333334,1985475.0,-620.4236111111111,-877785,55.583333333333336,60.166666666666664,55.145833333333336,38.68055555555556,42.736111111111114,36.798611111111114,43.40972222222222,33.90972222222222,31.26388888888889,-3.0,89.7,9.175694444444444,3.7624999999999997,70.20138888888889,38.076388888888886,39.173611111111114,39.25694444444444,38.43055555555556,82.69861111111112,0.7125,49.99861111111111,399.12291666666664,397.1590277777778,396.35625000000005,100.5625,112.00972222222222,105.47916666666667,800.8,-59.9,39.125,1.207638888888889,3.738194444444444,32.412499999999994,-36.55902777777778,688.8,-935.9,49.388888888888886,94.56319444444445,805.7,0.0,34.743750000000006,-293.4770833333333,0.0,-1000.0,97.76736111111111,293.4770833333333,1000.0,0.0,97.76736111111111,44.895833333333336,153.58888888888887,T11,0.0,8.4,3.8499999999999996,0.3490972222222222,0.0,8.5,3.842361111111111,0.3578472222222222,21.0,30.0,25.3125,1005.0,1008.0,1006.4166666666666,35.0,85.0,52.729166666666664,0.0,0.0,0.0,0.0,73.75,73.61111111111111,406.3611111111111,,0
2016-06-10 00:00:00+00:00,1703.4,0.0,1326.490277777778,84.51805555555556,44.78472222222222,61.111111111111114,62.21527777777778,61.770833333333336,34.65277777777778,50.104166666666664,56.583333333333336,29.305555555555557,15.1,0.0,11.739583333333334,38.4,0.4,5.5256944444444445,1.1979166666666667,0.26805555555555544,258.1201388888889,22.22222222222222,-147.59722222222223,57931.680555555555,8320910.0,-103.63194444444444,-2503204,54.583333333333336,59.958333333333336,54.666666666666664,39.125,41.50694444444444,32.43055555555556,43.06944444444444,31.25,25.791666666666668,-3.2,89.7,-0.08541666666666668,1.5159722222222223,87.0625,38.958333333333336,40.06944444444444,40.02777777777778,38.27777777777778,346.7006944444445,0.8395833333333333,50.0,398.7722222222222,396.3951388888889,396.62291666666664,310.7472222222222,338.00972222222225,318.04375000000005,1872.1,-50.3,39.38194444444444,0.7520833333333333,5.586111111111111,118.05555555555556,-104.27430555555556,620.6,-980.6,44.64652777777778,349.27430555555554,1954.0,0.0,117.60624999999999,-728.2659722222222,0.0,-1000.0,135.3326388888889,727.8958333333334,1000.0,0.0,136.58819444444444,45.81944444444444,257.8527777777778,T11,0.4,12.0,5.758333333333334,0.5897222222222223,0.4,11.7,5.763194444444444,0.6077083333333334,19.0,25.0,21.03472222222222,1005.0,1008.0,1006.3680555555555,53.0,93.0,78.34722222222223,0.0,0.0,0.0,0.0,111.90277777777777,112.11111111111111,406.2638888888889,,0
2016-06-11 00:00:00+00:00,1658.1,0.0,956.1895833333333,65.92291666666667,40.15277777777778,52.44444444444444,53.416666666666664,53.13194444444444,32.99305555555556,46.673611111111114,50.75694444444444,28.59027777777778,14.7,0.0,8.399305555555555,35.7,0.4,4.011111111111111,0.8784722222222222,-3.7861111111111114,268.8333333333333,21.194444444444443,-466.9375,20301.020833333332,2856109.0,-406.21527777777777,-1316952,48.25,53.00694444444444,48.21527777777778,38.13194444444444,40.138888888888886,31.78472222222222,41.826388888888886,28.46527777777778,25.32638888888889,-3.1,89.7,6.611111111111111,1.7180555555555557,76.23611111111111,37.50694444444444,38.59027777777778,38.701388888888886,37.576388888888886,118.99513888888889,0.7659722222222223,50.0,398.52152777777775,396.50347222222223,396.04999999999995,124.26736111111111,139.45972222222224,127.11180555555555,1031.9,-51.4,37.86805555555556,0.6152777777777778,4.069444444444445,54.84375,-54.861805555555556,687.0,-849.9,37.69861111111111,124.86666666666666,1043.6,0.0,55.574305555555554,-451.4222222222222,0.0,-1000.0,138.76875,451.4222222222222,1000.0,0.0,138.76875,37.77777777777778,272.6201388888889,T11,0.0,10.0,4.292361111111111,0.3857638888888889,0.0,10.2,4.28125,0.393125,16.0,23.0,19.916666666666668,1006.0,1009.0,1007.1527777777778,50.0,92.0,72.75,0.0,0.0,0.0,0.0,82.54166666666667,82.43055555555556,407.125,,0
2016-06-12 00:00:00+00:00,1666.9,0.0,605.8979166666667,72.31041666666667,36.826388888888886,44.31944444444444,44.68055555555556,44.638888888888886,34.69444444444444,44.861111111111114,46.638888888888886,31.131944444444443,14.8,0.0,5.163194444444445,22.3,0.4,3.433333333333333,0.7506944444444446,-5.4125,209.76527777777778,23.65277777777778,-582.8125,21417.222222222223,3000156.0,-249.33333333333334,-902109,48.28472222222222,52.645833333333336,47.90972222222222,36.15972222222222,38.44444444444444,33.875,39.520833333333336,28.71527777777778,27.881944444444443,-3.3,89.7,14.325000000000001,1.7069444444444446,53.513888888888886,35.49305555555556,36.604166666666664,36.708333333333336,35.604166666666664,125.00625000000001,0.9118055555555556,50.0,398.7763888888889,397.06111111111113,395.7611111111111,114.68680555555557,126.13958333333332,120.63819444444445,1078.6,-51.1,34.65972222222222,0.6701388888888888,3.4791666666666665,35.94166666666667,-37.618750000000006,514.9,-708.9,14.464583333333334,131.70208333333332,1095.1,0.0,37.861805555555556,-300.6722222222222,0.0,-1000.0,32.729166666666664,300.6722222222222,1000.0,0.0,32.729166666666664,36.61805555555556,212.69166666666666,T11,0.2,9.8,3.4805555555555556,0.3157638888888889,0.0,9.8,3.428472222222222,0.3167361111111111,16.0,30.0,22.34027777777778,1008.0,1010.0,1008.7708333333334,36.0,100.0,73.75694444444444,0.0,1.0,0.006944444444444444,0.0,66.25694444444444,65.22916666666667,408.72222222222223,,0
2016-06-13 00:00:00+00:00,1685.3,0.0,704.5763888888889,51.450694444444444,45.0,49.673611111111114,50.138888888888886,50.05555555555556,36.80555555555556,47.90972222222222,50.111111111111114,33.986111111111114,14.9,0.0,6.020833333333333,31.8,0.4,3.9562500000000003,0.7784722222222222,5.391666666666667,265.9527777777778,26.569444444444443,-465.90277777777777,41919.59722222222,5969332.0,-209.88888888888889,-1449848,54.81944444444444,59.361111111111114,54.40277777777778,38.5625,41.18055555555556,35.4375,41.72222222222222,32.28472222222222,29.76388888888889,-3.2,89.7,12.2,0.5416666666666666,60.8125,38.0625,39.15972222222222,39.208333333333336,38.145833333333336,248.75,0.9479166666666666,50.0,398.625,396.9236111111111,395.7729166666667,212.10277777777776,228.35000000000002,219.125,1660.8,-49.5,37.40972222222222,0.44652777777777775,3.967361111111111,67.99166666666666,-60.418749999999996,344.9,-405.3,4.446527777777778,252.30208333333334,1683.1,0.0,67.39097222222222,-445.6784722222222,0.0,-1000.0,13.115277777777777,445.6111111111111,1000.0,0.0,13.590972222222222,40.74305555555556,293.0520833333333,T11,0.0,11.8,4.075694444444444,0.3950694444444445,0.0,11.8,4.078472222222222,0.39208333333333334,20.0,30.0,25.291666666666668,1006.0,1009.0,1007.7152777777778,43.0,77.0,59.93055555555556,0.0,0.0,0.0,0.0,78.34722222222223,78.21527777777777,407.6666666666667,,0
2016-06-14 00:00:00+00:00,1692.8,45.2,1325.771527777778,90.40694444444445,54.875,64.6875,65.59027777777777,65.29861111111111,36.59722222222222,52.46527777777778,58.93055555555556,32.298611111111114,15.0,0.0,11.733333333333333,39.3,0.4,5.984722222222222,1.1194444444444445,-0.1680555555555555,301.2548611111111,25.26388888888889,-185.47916666666666,72563.94444444444,10422499.0,-144.0,-2574563,60.47222222222222,65.90277777777777,60.5,39.708333333333336,42.916666666666664,34.708333333333336,43.90972222222222,34.451388888888886,28.63888888888889,-3.3,74.8,0.2409722222222222,1.475,87.06944444444444,39.645833333333336,40.736111111111114,40.72222222222222,38.916666666666664,434.2583333333333,0.8993055555555556,50.0,398.74583333333334,396.4888888888889,396.87569444444443,373.0131944444445,399.9194444444445,380.57430555555555,1934.0,-50.0,39.895833333333336,0.8145833333333333,6.018055555555556,110.07638888888889,-107.27083333333333,590.2,-835.2,17.286805555555556,438.00972222222225,1955.1,0.0,111.68541666666667,-804.9979166666667,0.0,-1000.0,63.575694444444444,802.39375,1000.0,0.0,67.16041666666666,50.576388888888886,301.42083333333335,T11,0.4,11.9,6.196527777777778,0.5253472222222223,0.3,11.9,6.153472222222223,0.5205555555555555,19.0,28.0,24.13888888888889,1004.0,1007.0,1005.5416666666666,24.0,77.0,56.3125,0.0,0.0,0.0,0.0,120.78472222222223,119.93055555555556,405.4236111111111,,0
2016-06-15 00:00:00+00:00,1786.2,1208.1,1518.552777777778,56.83611111111111,59.125,76.41666666666667,76.86111111111111,76.57638888888889,35.63194444444444,53.826388888888886,62.1875,30.0,15.7,10.7,13.447222222222223,40.6,0.6000000000000001,8.037500000000001,1.7062499999999998,0.6590277777777775,290.9763888888889,20.84027777777778,0.0,159344.68055555556,22945633.0,0.0,-3930434,62.4375,70.52083333333333,64.09722222222223,42.145833333333336,43.423611111111114,31.79861111111111,44.40277777777778,34.916666666666664,24.61111111111111,-3.1,9.7,-1.2986111111111112,0.8291666666666667,96.27083333333333,42.513888888888886,43.63194444444444,43.395833333333336,40.25,956.1486111111111,0.9750000000000001,49.99930555555555,398.65972222222223,396.26180555555555,397.68333333333334,804.3652777777778,832.0083333333333,805.3881944444444,2105.0,39.6,41.763888888888886,0.49861111111111117,8.013194444444444,225.925,-163.77083333333334,-11.6,-220.3,4.8069444444444445,955.0055555555555,2000.0,38.4,225.4076388888889,-942.4118055555555,-188.2,-1000.0,79.40069444444445,889.0763888888889,1000.0,188.2,112.96180555555556,53.604166666666664,290.3201388888889,T11,2.8,15.6,8.712499999999999,0.9948611111111111,2.8,15.6,8.695833333333333,0.9897222222222223,18.0,22.0,19.84027777777778,1003.0,1005.0,1003.9444444444445,49.0,93.0,72.0,0.0,0.0,0.0,0.0,171.27083333333334,170.81944444444446,403.90277777777777,,0
2016-06-16 00:00:00+00:00,1698.9,0.0,1415.4291666666666,92.19444444444444,45.53472222222222,64.03472222222223,64.89583333333333,64.59027777777777,31.46527777777778,52.395833333333336,59.22222222222222,27.73611111111111,15.1,0.0,12.536111111111111,38.2,0.5,6.594444444444445,1.4118055555555555,0.2722222222222223,287.1902777777778,19.26388888888889,-77.47222222222223,94950.05555555556,13661653.0,-55.548611111111114,-3131827,59.18055555555556,65.49305555555556,60.05555555555556,39.34722222222222,41.28472222222222,30.208333333333332,43.0,29.34722222222222,23.0625,-3.2,89.7,-0.6888888888888889,1.0472222222222223,89.23611111111111,39.55555555555556,40.65972222222222,40.645833333333336,38.298611111111114,569.2229166666667,0.9152777777777779,50.0,398.77152777777775,396.49375,397.40763888888887,488.38263888888895,513.5854166666667,491.1916666666667,2044.4,-50.0,39.8125,0.8166666666666668,6.638194444444444,173.35902777777778,-130.49027777777778,611.9,-770.9,19.320833333333333,570.7465277777778,2000.0,0.0,173.7826388888889,-871.5736111111112,0.0,-1000.0,49.75,868.3090277777778,1000.0,0.0,57.71319444444445,45.19444444444444,286.9118055555556,T11,2.5,12.9,7.146527777777777,0.7234027777777778,2.4,12.9,7.136805555555556,0.7215972222222222,15.0,21.0,18.21527777777778,1004.0,1009.0,1006.6180555555555,47.0,80.0,66.88888888888889,0.0,0.0,0.0,0.0,139.80555555555554,139.63888888888889,406.55555555555554,,0
2016-06-17 00:00:00+00:00,1692.4,0.0,874.5687499999999,105.36041666666667,38.951388888888886,49.31944444444444,49.986111111111114,49.826388888888886,32.71527777777778,46.548611111111114,50.13194444444444,29.09722222222222,15.0,0.0,7.555555555555555,36.5,0.4,4.214583333333334,0.9152777777777779,3.8458333333333337,276.98125000000005,21.45138888888889,-512.1597222222222,33299.444444444445,4721371.0,-320.1736111111111,-1358575,50.048611111111114,54.74305555555556,49.791666666666664,36.52777777777778,38.78472222222222,31.57638888888889,40.166666666666664,28.270833333333332,25.15277777777778,-3.2,89.7,9.197222222222223,2.370138888888889,65.99305555555556,36.041666666666664,37.15972222222222,37.19444444444444,35.798611111111114,196.71944444444443,0.8458333333333333,50.00069444444445,398.73819444444445,396.7736111111111,396.42291666666665,183.97291666666666,197.2826388888889,187.21041666666667,1580.9,-52.2,35.798611111111114,0.9847222222222223,4.246527777777778,64.88541666666667,-56.599999999999994,621.3,-993.7,32.19097222222222,204.44861111111112,1600.7,0.0,67.33125000000001,-430.8256944444445,0.0,-1000.0,65.99027777777778,430.7951388888889,1000.0,0.0,66.19930555555555,37.166666666666664,308.13750000000005,T11,0.2,11.3,4.240972222222222,0.49916666666666665,0.2,11.6,4.194444444444445,0.4925,16.0,25.0,20.11111111111111,1008.0,1011.0,1009.2361111111111,38.0,81.0,59.708333333333336,0.0,0.0,0.0,0.0,81.54166666666667,80.77083333333333,409.22222222222223,,0
2016-06-18 00:00:00+00:00,1704.3,0.0,743.9718309859155,84.01971830985914,41.11971830985915,49.471830985915496,49.901408450704224,49.901408450704224,34.88028169014085,46.2887323943662,49.528169014084504,31.823943661971832,15.1,0.0,6.478169014084507,38.4,0.4,4.2302816901408455,0.8838028169014085,7.444366197183098,228.10422535211268,23.950704225352112,-678.3380281690141,39795.31690140845,5554611.0,-412.2676056338028,-1218933,53.816901408450704,58.59154929577465,53.570422535211264,37.232394366197184,39.67605633802817,33.21830985915493,40.528169014084504,30.169014084507044,27.12676056338028,-3.2,90.0,14.209859154929577,2.2859154929577468,60.37323943661972,36.690140845070424,37.83802816901409,37.87323943661972,36.647887323943664,234.34295774647885,0.8570422535211267,50.0,399.0014084507042,397.0507042253521,396.2239436619719,214.8330985915493,226.94647887323944,220.17042253521126,2099.1,-52.4,36.32394366197183,0.8408450704225352,4.211971830985916,63.5169014084507,-51.57535211267606,980.0,-989.3,28.766901408450703,245.00845070422534,2000.0,0.0,67.39788732394366,-331.7823943661972,0.0,-1000.0,46.1,329.5161971830986,1000.0,0.0,50.1556338028169,38.88028169014085,271.3633802816901,T11,0.3,13.1,4.449999999999999,0.47583333333333333,0.2,13.2,4.411111111111111,0.46513888888888894,18.0,30.0,22.65972222222222,1010.0,1014.0,1012.0625,22.0,71.0,46.03472222222222,0.0,0.0,0.0,0.0,85.8125,85.01388888888889,412.0,,0
2016-06-19 00:00:00+00:00,1752.8,27.3,1287.0770833333333,89.31875,50.125,68.47916666666667,69.05555555555556,68.89583333333333,36.72222222222222,52.65277777777778,59.09722222222222,32.298611111111114,15.5,0.0,11.390277777777778,37.7,0.4,6.469444444444445,1.198611111111111,0.14166666666666666,89.63958333333333,24.694444444444443,-329.4166666666667,101615.90277777778,14585249.0,-248.61111111111111,-2694844,62.24305555555556,68.78472222222223,62.875,40.5625,43.40972222222222,33.513888888888886,44.354166666666664,35.083333333333336,27.375,-3.3,85.0,2.7131944444444445,1.7548611111111112,86.28472222222223,40.645833333333336,41.75,41.6875,39.5,607.7208333333333,0.8583333333333334,49.99930555555555,399.3208333333333,396.7111111111111,397.63750000000005,529.29375,549.8118055555556,526.1763888888888,2103.6,-51.4,41.06944444444444,0.80625,6.394444444444444,151.3513888888889,-112.26180555555555,610.5,-793.8,29.791666666666668,612.4118055555556,2000.0,0.0,151.90694444444443,-681.2694444444445,0.0,-1000.0,67.3736111111111,655.6520833333333,1000.0,0.0,83.88402777777777,48.38194444444444,86.99791666666667,T11,1.0,15.2,6.709027777777778,0.6992361111111111,0.9,15.4,6.74375,0.7134027777777778,19.0,28.0,23.541666666666668,1013.0,1016.0,1014.5208333333334,36.0,69.0,50.520833333333336,0.0,0.0,0.0,0.0,130.99305555555554,131.75,414.5,,0
2016-06-20 00:00:00+00:00,1766.4,0.0,1321.1493055555557,82.82986111111111,47.61805555555556,65.38194444444444,66.0625,65.74305555555556,35.49305555555556,51.208333333333336,58.298611111111114,32.041666666666664,15.5,0.0,11.651388888888889,39.8,0.4,6.420833333333333,1.2305555555555556,4.574999999999999,92.225,24.15972222222222,-204.22222222222223,97598.03472222222,14024709.0,-176.04861111111111,-2980721,60.24305555555556,66.29861111111111,60.61805555555556,40.701388888888886,42.5,33.576388888888886,43.375,33.56944444444444,27.23611111111111,-3.3,89.7,1.65,1.3833333333333335,83.85416666666667,40.770833333333336,41.84027777777778,41.80555555555556,39.65277777777778,584.3923611111111,0.8888888888888888,50.0,398.9548611111111,396.7319444444445,397.58402777777775,504.98333333333335,525.4479166666666,504.2347222222222,2105.0,-50.2,39.8125,0.7229166666666668,6.402083333333334,154.31319444444443,-124.20555555555555,638.5,-723.3,20.811111111111114,587.0368055555556,2000.0,0.0,154.18263888888887,-772.7680555555556,0.0,-1000.0,62.193749999999994,758.4840277777778,1000.0,0.0,73.79791666666667,52.423611111111114,87.6548611111111,T11,0.9,16.3,7.410416666666666,0.6072916666666667,0.8,16.3,7.470138888888889,0.6245138888888889,18.0,28.0,22.84027777777778,1010.0,1014.0,1011.9930555555555,32.0,82.0,54.21527777777778,0.0,0.0,0.0,0.0,145.05555555555554,146.20138888888889,411.9236111111111,,0
2016-06-21 00:00:00+00:00,1866.6,1197.5,1649.0437499999998,39.236111111111114,68.55555555555556,99.75,99.50694444444444,99.125,44.583333333333336,56.00694444444444,66.45833333333333,33.673611111111114,16.4,10.6,14.606944444444444,43.2,0.5,11.225694444444445,2.240972222222222,-1.7937500000000002,106.14513888888888,24.07638888888889,0.0,259286.58333333334,37337268.0,0.0,-4829601,79.95138888888889,91.74305555555556,83.44444444444444,46.458333333333336,47.888888888888886,33.65972222222222,48.90972222222222,44.34027777777778,27.256944444444443,-3.3,21.7,2.3597222222222225,2.1416666666666666,109.30555555555556,47.18055555555556,48.333333333333336,47.8125,43.451388888888886,1555.7486111111111,0.9965277777777778,49.99930555555555,399.89444444444445,397.4638888888889,400.20694444444445,1305.7180555555556,1326.0423611111112,1292.5715277777776,2112.3,37.8,48.173611111111114,0.3361111111111111,10.972222222222221,186.24652777777777,-201.23194444444445,-148.9,-227.6,3.2895833333333333,1552.5777777777778,2000.0,35.9,184.54861111111111,-814.6638888888889,-175.7,-1000.0,88.0298611111111,691.9444444444445,1000.0,175.7,106.74236111111111,60.3125,107.94513888888889,T11,3.2,25.0,12.898611111111112,2.1915277777777775,3.4,25.6,12.977083333333333,2.242986111111111,20.0,27.0,23.0625,1007.0,1012.0,1009.3402777777778,30.0,70.0,42.388888888888886,0.0,0.0,0.0,0.0,255.02777777777777,256.59722222222223,409.28472222222223,,0
2016-06-22 00:00:00+00:00,1826.6,1198.6,1629.4256944444444,47.34097222222223,71.83333333333333,99.79166666666667,99.74305555555556,99.41666666666667,47.361111111111114,54.576388888888886,65.52083333333333,35.5625,16.0,10.6,14.433333333333334,43.7,0.5,10.320138888888888,2.216666666666667,1.2208333333333332,112.76180555555555,24.20138888888889,0.0,246969.26388888888,35563574.0,0.0,-4744943,76.63888888888889,88.41666666666667,80.75694444444444,46.36805555555556,48.770833333333336,33.604166666666664,49.15972222222222,44.36805555555556,27.17361111111111,-3.1,14.5,0.6263888888888889,2.1722222222222225,109.03472222222223,47.076388888888886,48.208333333333336,47.826388888888886,43.604166666666664,1481.9069444444444,0.9986111111111112,50.00069444444445,399.90555555555557,397.2840277777778,399.98055555555555,1243.226388888889,1266.7722222222224,1231.4527777777778,2110.3,82.6,48.05555555555556,0.4118055555555556,10.091666666666667,262.7263888888889,-197.69791666666666,-101.6,-229.4,3.3368055555555554,1477.9368055555556,2000.0,79.4,260.1409722222222,-851.1104166666667,-388.9,-1000.0,124.46666666666667,728.8888888888889,1000.0,388.9,160.00694444444446,55.9375,111.53958333333334,T11,2.0,19.9,10.783333333333333,2.0908333333333333,2.0,20.3,10.851388888888888,2.1154166666666665,20.0,28.0,23.15972222222222,1006.0,1009.0,1007.5763888888889,40.0,70.0,51.65277777777778,0.0,0.0,0.0,0.0,212.71527777777777,214.14583333333334,407.5208333333333,,0
2016-06-23 00:00:00+00:00,1797.8,1197.3,1501.025,77.21458333333334,51.34027777777778,72.78472222222223,73.54166666666667,73.17361111111111,37.125,54.125,62.361111111111114,33.27777777777778,15.9,10.6,13.294444444444444,37.3,0.4,7.529861111111111,1.3965277777777778,0.4694444444444444,111.84791666666666,25.083333333333332,0.0,124044.63194444444,17862427.0,0.0,-3436930,67.18055555555556,74.125,68.63194444444444,41.90972222222222,44.36805555555556,34.125,45.06944444444444,35.71527777777778,27.618055555555557,-3.2,11.5,-1.5993055555555555,0.4930555555555556,94.25,42.104166666666664,43.19444444444444,43.02777777777778,40.59722222222222,744.2590277777778,0.9729166666666667,50.00069444444445,398.93611111111113,396.75972222222225,397.9430555555556,626.2819444444444,652.4916666666667,628.6138888888888,2106.2,-52.2,41.59027777777778,0.6791666666666667,7.415277777777778,177.05277777777778,-143.19722222222222,1.1,-217.6,5.845833333333333,744.1243055555556,2000.0,0.0,177.35763888888889,-969.6583333333333,0.0,-1000.0,40.68194444444444,949.2923611111112,1000.0,0.0,52.631249999999994,47.19444444444444,111.37152777777777,T11,1.6,15.0,7.039583333333334,1.379027777777778,1.6,15.0,7.090277777777778,1.3879166666666667,20.0,31.0,24.07638888888889,1009.0,1012.0,1010.4791666666666,30.0,79.0,57.576388888888886,0.0,0.0,0.0,0.0,137.66666666666666,138.77777777777777,410.43055555555554,,0
2016-06-24 00:00:00+00:00,1685.7,0.0,1249.975,108.77361111111111,46.15972222222222,61.59027777777778,62.520833333333336,62.24305555555556,36.40972222222222,51.875,57.354166666666664,33.13194444444444,14.9,0.0,11.059027777777779,21.7,0.4,5.4631944444444445,0.9618055555555556,2.691666666666667,161.55555555555554,26.006944444444443,-390.09722222222223,55215.381944444445,7894843.0,-313.13194444444446,-2003709,58.625,63.97222222222222,58.986111111111114,40.361111111111114,43.93055555555556,35.951388888888886,45.083333333333336,33.416666666666664,29.54861111111111,-3.2,89.7,1.8763888888888889,2.811805555555556,86.11805555555556,40.06944444444444,41.11805555555556,41.11805555555556,39.71527777777778,328.9888888888889,0.8388888888888889,50.0,398.49027777777775,396.4604166666667,396.3041666666667,288.93819444444443,312.93888888888887,297.22222222222223,1541.1,-51.8,41.21527777777778,0.973611111111111,5.413194444444445,75.25416666666666,-83.47569444444444,721.8,-843.8,25.614583333333332,337.6298611111111,1553.6,0.0,78.26736111111111,-661.6527777777778,0.0,-1000.0,106.53333333333333,661.5965277777777,1000.0,0.0,106.80277777777778,42.65972222222222,153.87291666666667,T11,0.2,10.8,5.535416666666666,0.5636805555555555,0.2,10.9,5.531944444444445,0.5743055555555556,20.0,33.0,24.729166666666668,1008.0,1011.0,1009.5347222222222,28.0,78.0,56.80555555555556,0.0,0.0,0.0,0.0,107.48611111111111,107.48611111111111,409.4791666666667,,0
2016-06-25 00:00:00+00:00,1627.6,0.0,729.9625000000001,109.51805555555556,39.5625,48.375,49.048611111111114,48.80555555555556,37.72222222222222,46.31944444444444,48.625,31.25,14.4,0.0,6.385416666666667,19.7,0.4,3.4097222222222223,0.7368055555555556,-3.232638888888889,231.85000000000002,24.583333333333332,-632.7638888888889,12945.1875,1772990.0,-380.97222222222223,-929808,49.701388888888886,54.24305555555556,49.52777777777778,37.423611111111114,40.24305555555556,35.09722222222222,41.361111111111114,30.90277777777778,29.47222222222222,-2.7,89.7,11.515277777777778,3.1041666666666665,62.47222222222222,36.68055555555556,37.78472222222222,37.888888888888886,37.0625,73.87916666666666,0.8055555555555556,49.99861111111111,398.7277777777778,396.9215277777778,395.7916666666667,80.38680555555555,90.54097222222222,82.64791666666666,760.9,-52.1,37.125,0.9840277777777777,3.442361111111111,36.22847222222222,-38.75902777777778,496.3,-734.2,22.022222222222222,84.43472222222222,773.3,0.0,38.270833333333336,-282.2722222222222,0.0,-1000.0,99.04027777777777,282.2722222222222,1000.0,0.0,99.04027777777777,36.99305555555556,260.0888888888889,T11,0.0,9.3,3.8125,0.2279861111111111,0.3,9.4,3.7819444444444446,0.23694444444444443,18.0,27.0,22.979166666666668,1006.0,1009.0,1007.3055555555555,35.0,96.0,64.48611111111111,0.0,0.0,0.0,0.0,72.89583333333333,72.34027777777777,407.2708333333333,,0
2016-06-26 00:00:00+00:00,1629.5,13.8,1030.545138888889,103.61388888888888,41.041666666666664,53.59722222222222,54.548611111111114,54.25694444444444,34.701388888888886,46.99305555555556,51.423611111111114,28.59027777777778,14.4,0.0,9.06388888888889,38.4,0.4,4.107638888888889,0.9923611111111111,-1.3569444444444443,208.11597222222224,21.270833333333332,-467.4166666666667,21025.833333333332,2960411.0,-378.28472222222223,-1387763,48.416666666666664,53.34027777777778,48.375,38.229166666666664,40.666666666666664,32.798611111111114,42.30555555555556,28.875,26.29861111111111,-3.2,56.1,5.006944444444445,2.408333333333333,78.36805555555556,37.604166666666664,38.729166666666664,38.80555555555556,37.625,123.3326388888889,0.7645833333333334,50.00138888888889,398.7951388888889,396.6069444444445,396.22291666666666,131.79305555555555,147.9986111111111,134.42222222222222,840.8,-52.1,38.46527777777778,0.952777777777778,4.190277777777777,72.39930555555556,-57.79722222222222,718.5,-1000.0,49.173611111111114,130.41319444444446,854.8,0.0,72.89722222222223,-462.6479166666667,0.0,-1000.0,191.69236111111113,462.6479166666667,1000.0,0.0,191.69236111111113,36.770833333333336,209.46805555555557,T11,0.8,9.9,4.686111111111111,0.5103472222222222,0.8,10.1,4.659722222222222,0.6135416666666668,18.0,24.0,19.958333333333332,1006.0,1010.0,1008.1180555555555,57.0,95.0,79.46527777777777,0.0,0.0,0.0,0.0,90.44444444444444,89.9375,408.05555555555554,,0
2016-06-27 00:00:00+00:00,1857.3,0.0,1100.861111111111,43.947916666666664,53.75,73.32638888888889,73.15972222222223,72.89583333333333,39.611111111111114,48.638888888888886,55.25694444444444,31.86111111111111,16.2,0.0,9.678472222222222,40.8,0.4,7.572916666666667,1.5972222222222223,4.234027777777778,123.95416666666668,23.21527777777778,-283.7638888888889,162269.97916666666,23326014.0,-79.08333333333333,-3135476,65.15972222222223,73.86111111111111,67.04166666666667,41.729166666666664,42.604166666666664,31.65277777777778,44.09027777777778,36.40277777777778,26.166666666666668,-3.4,76.2,9.195833333333333,1.7368055555555555,80.22222222222223,41.798611111111114,42.90277777777778,42.666666666666664,39.50694444444444,971.9548611111111,0.9597222222222221,49.99861111111111,399.13680555555555,397.00972222222225,397.4145833333333,820.9826388888889,839.5055555555556,820.4479166666666,2110.5,-49.9,41.90972222222222,0.3965277777777778,7.471527777777778,157.9402777777778,-130.64375,638.7,-976.5,12.083333333333334,972.6277777777777,2000.0,0.0,156.21805555555557,-521.5472222222222,0.0,-1000.0,80.56319444444445,441.2548611111111,1000.0,0.0,99.26041666666667,47.43055555555556,122.20347222222222,T11,0.0,20.8,8.522222222222222,1.4734027777777778,0.0,21.1,8.556944444444445,1.5105555555555557,17.0,26.0,22.02777777777778,1006.0,1011.0,1008.6875,59.0,94.0,77.36111111111111,0.0,0.0,0.0,0.0,167.33333333333334,167.94444444444446,408.625,,0
2016-06-28 00:00:00+00:00,1836.0,0.0,1515.492361111111,75.36527777777778,65.30555555555556,84.875,85.32638888888889,84.92361111111111,42.72222222222222,54.104166666666664,63.27777777777778,34.96527777777778,16.0,0.0,13.42013888888889,43.5,0.4,8.622916666666667,1.6819444444444445,-0.55,99.44027777777778,25.270833333333332,-116.27777777777777,171003.33333333334,24607735.0,-95.47916666666667,-3801310,71.29861111111111,80.57638888888889,74.48611111111111,43.333333333333336,46.270833333333336,32.666666666666664,46.513888888888886,40.125,26.95138888888889,-3.3,89.8,1.6868055555555557,1.834027777777778,99.64583333333333,43.708333333333336,44.8125,44.56944444444444,41.375,1025.259722222222,0.96875,50.00138888888889,399.0805555555555,396.7638888888889,397.8548611111111,859.1868055555556,889.2305555555555,866.7256944444445,2109.0,-50.4,43.916666666666664,0.6645833333333333,8.524999999999999,196.51944444444445,-158.38472222222222,10.7,-222.7,8.204166666666667,1028.9,2000.0,0.0,197.10208333333333,-860.1041666666666,0.0,-1000.0,90.26736111111111,799.0520833333334,1000.0,0.0,102.93472222222222,52.84027777777778,102.48611111111111,T11,2.3,21.9,8.948611111111111,1.6515972222222224,2.2,22.1,9.0,1.666388888888889,22.0,28.0,24.17361111111111,1005.0,1009.0,1006.4652777777778,48.0,77.0,64.32638888888889,0.0,2.0,0.013888888888888888,0.0,176.01388888888889,176.96527777777777,406.44444444444446,,0
2016-06-29 00:00:00+00:00,1694.3,0.0,851.8166666666667,57.96597222222223,44.395833333333336,54.65277777777778,55.44444444444444,55.19444444444444,35.5625,49.34722222222222,52.388888888888886,32.0,15.0,0.0,7.324999999999999,35.9,0.4,4.052777777777778,0.788888888888889,-3.605555555555556,196.77708333333334,24.84722222222222,-565.0833333333334,31073.604166666668,4393229.0,-469.40277777777777,-1425629,55.0,60.166666666666664,55.1875,38.395833333333336,41.6875,34.50694444444444,42.645833333333336,31.95138888888889,28.61111111111111,-3.1,89.7,9.122916666666667,1.292361111111111,72.79166666666667,37.770833333333336,38.916666666666664,38.93055555555556,37.84722222222222,183.03541666666666,0.8027777777777778,50.0,398.4451388888889,396.7395833333333,395.84236111111113,173.82222222222222,190.11944444444444,180.3097222222222,2066.1,-50.1,38.479166666666664,0.5243055555555556,4.075694444444444,52.63263888888889,-59.43402777777778,738.3,-930.0,31.256944444444443,188.00625000000002,2000.0,0.0,51.91041666666667,-461.6138888888888,0.0,-1000.0,86.5298611111111,459.2541666666667,1000.0,0.0,88.84583333333333,39.763888888888886,200.39236111111111,T11,0.0,12.8,4.436111111111111,0.34402777777777777,0.0,12.7,4.442361111111111,0.35618055555555556,20.0,26.0,23.34027777777778,1006.0,1009.0,1007.25,63.0,92.0,73.49305555555556,0.0,0.0,0.0,0.0,85.39583333333333,85.54166666666667,407.21527777777777,,0
2016-06-30 00:00:00+00:00,1513.1,0.0,848.0777777777778,65.13749999999999,40.84722222222222,50.05555555555556,50.9375,50.604166666666664,35.65972222222222,45.701388888888886,48.770833333333336,30.1875,13.4,0.0,7.470138888888889,36.7,0.4,3.622916666666667,0.7743055555555556,-4.344444444444445,237.70902777777778,23.53472222222222,-522.0902777777778,12891.1875,1781149.0,-301.18055555555554,-1072264,48.375,52.88194444444444,48.375,37.4375,39.86805555555556,34.43055555555556,41.18055555555556,29.944444444444443,28.17361111111111,-2.8,89.7,8.784722222222221,2.0208333333333335,67.51388888888889,36.74305555555556,37.861111111111114,37.93055555555556,36.9375,74.20486111111111,0.820138888888889,49.99791666666667,398.6930555555556,396.84375,396.07916666666665,78.21388888888889,91.14305555555556,80.61319444444445,540.9,-50.4,37.020833333333336,0.5916666666666667,3.6840277777777777,40.52916666666667,-44.671527777777776,690.2,-672.9,19.788888888888888,81.87152777777777,548.3,0.0,41.73125,-350.66597222222225,0.0,-1000.0,150.45694444444445,350.66597222222225,1000.0,0.0,150.45694444444445,36.34027777777778,242.05069444444447,T11,0.6000000000000001,8.5,3.9097222222222223,0.30118055555555556,0.6000000000000001,8.7,3.894444444444444,0.32208333333333333,20.0,26.0,22.17361111111111,1008.0,1011.0,1009.0277777777778,48.0,100.0,80.35416666666667,0.0,0.0,0.0,0.0,74.90277777777777,74.53472222222223,408.9861111111111,,0
2016-07-01 00:00:00+00:00,1647.5,0.0,800.0692307692308,111.44384615384615,40.92307692307692,49.96923076923077,50.684615384615384,50.46923076923077,35.215384615384615,46.315384615384616,49.261538461538464,30.907692307692308,14.6,0.0,7.019230769230769,35.1,0.4,3.7623076923076924,0.8161538461538462,-4.373846153846154,239.9646153846154,24.03076923076923,-697.5153846153846,15230.1,1889239.0,-549.3923076923077,-890182,48.238461538461536,52.50769230769231,48.253846153846155,37.66923076923077,39.91538461538462,33.55384615384615,41.19230769230769,30.338461538461537,27.553846153846155,-2.9,90.0,14.746153846153845,3.9853846153846155,64.9076923076923,36.99230769230769,38.13846153846154,38.246153846153845,37.215384615384615,87.20076923076924,0.7446153846153847,49.997692307692304,398.73230769230764,396.9507692307692,396.4653846153846,99.71153846153847,109.39461538461539,102.49153846153845,961.1,-50.0,36.94615384615385,1.0161538461538462,3.8623076923076924,43.74076923076923,-41.066153846153846,577.3,-966.1,42.16538461538462,105.80307692307692,988.2,0.0,47.599230769230765,-322.29538461538465,0.0,-1000.0,110.54769230769232,322.29538461538465,1000.0,0.0,110.54769230769232,37.30769230769231,244.35153846153847,T11,0.4,10.2,4.143055555555556,0.31548611111111113,0.4,9.9,4.048611111111111,0.36333333333333334,19.0,28.0,22.791666666666668,1008.0,1011.0,1009.3958333333334,40.0,100.0,73.26388888888889,0.0,0.0,0.0,0.0,79.61111111111111,77.75,409.28472222222223,,0
2016-07-02 00:00:00+00:00,1764.6,0.0,654.0527777777778,119.47361111111111,43.52777777777778,51.208333333333336,51.375,51.291666666666664,39.13194444444444,45.854166666666664,49.104166666666664,34.44444444444444,15.6,0.0,5.631944444444445,24.3,0.4,4.221527777777777,0.9305555555555556,2.261111111111111,187.4923611111111,26.791666666666668,-646.5416666666666,49987.083333333336,7105036.0,-394.1875,-1188816,53.625,58.826388888888886,53.951388888888886,40.326388888888886,42.24305555555556,35.63194444444444,43.31944444444444,33.19444444444444,29.555555555555557,-3.3,89.7,16.163194444444443,3.252083333333333,59.076388888888886,39.833333333333336,40.9375,41.0,40.020833333333336,296.06111111111113,0.8562500000000001,49.99930555555555,398.49583333333334,396.95000000000005,396.13680555555555,259.3229166666667,268.98125000000005,262.7631944444445,2103.0,-49.7,39.548611111111114,1.0923611111111111,4.201388888888889,62.056250000000006,-49.52152777777778,499.8,-617.7,15.475000000000001,314.82500000000005,2000.0,0.0,69.76805555555556,-273.52708333333334,0.0,-1000.0,51.47222222222222,253.90694444444443,1000.0,0.0,55.27569444444444,40.5625,192.73541666666668,T11,0.0,15.1,4.354861111111111,0.5706944444444445,0.0,15.2,4.345833333333333,0.6054166666666667,19.0,34.0,25.3125,1005.0,1010.0,1008.2152777777778,32.0,99.0,66.40277777777777,0.0,0.0,0.0,0.0,83.77777777777777,83.59027777777777,408.1875,,0
2016-07-03 00:00:00+00:00,1818.5,46.6,1548.3083333333334,61.71875,65.76388888888889,92.47222222222223,92.5625,92.24305555555556,43.75694444444444,55.201388888888886,64.5625,36.298611111111114,16.0,0.0,13.711111111111112,38.8,0.5,9.565972222222221,1.9124999999999999,-0.30833333333333324,108.81597222222223,27.36111111111111,-76.45833333333333,201222.51388888888,28965033.0,-50.833333333333336,-4187935,78.1875,88.18055555555556,81.04166666666667,46.0,48.625,35.72222222222222,49.43055555555556,44.145833333333336,30.125,-3.2,56.3,1.6006944444444444,2.0277777777777777,105.46527777777777,46.458333333333336,47.548611111111114,47.201388888888886,43.75,1206.8729166666667,0.9541666666666667,49.99930555555555,398.97083333333336,396.62708333333336,398.15277777777777,1017.2638888888889,1043.7444444444445,1018.9715277777777,2109.0,-50.2,47.763888888888886,0.5409722222222223,9.331944444444444,184.9923611111111,-174.49027777777778,704.9,-997.0,17.656944444444445,1205.7340277777778,2000.0,0.0,183.55694444444444,-785.7680555555556,0.0,-1000.0,121.08402777777776,693.2777777777778,1000.0,0.0,137.1236111111111,57.625,109.1263888888889,T11,0.2,22.9,9.621527777777779,1.8286805555555554,0.3,23.2,9.676388888888889,1.855,23.0,29.0,26.34027777777778,1004.0,1007.0,1006.0902777777778,34.0,74.0,51.02777777777778,0.0,0.0,0.0,0.0,189.27083333333334,190.47916666666666,406.0486111111111,,0
2016-07-04 00:00:00+00:00,1694.3,0.0,981.6930555555555,123.42986111111112,44.9375,56.38194444444444,57.291666666666664,57.083333333333336,38.47222222222222,49.0625,52.97222222222222,31.729166666666668,15.0,0.0,8.65486111111111,36.2,0.4,4.222222222222222,0.9055555555555556,2.3618055555555557,201.00069444444443,24.270833333333332,-583.8333333333334,25328.840277777777,3563287.0,-491.5625,-1404933,54.486111111111114,59.9375,55.229166666666664,38.354166666666664,42.125,34.84027777777778,42.826388888888886,31.625,29.02777777777778,-2.9,89.7,6.636805555555556,3.3118055555555554,76.20138888888889,37.826388888888886,38.9375,38.97222222222222,37.90972222222222,148.43680555555557,0.7791666666666667,50.00208333333333,398.6333333333333,397.04999999999995,396.45208333333335,144.89166666666668,158.88819444444445,149.10625,1984.5,-51.9,38.673611111111114,1.129861111111111,4.220833333333333,61.78055555555555,-58.53819444444444,520.0,-828.2,31.511805555555554,158.01597222222222,2000.0,0.0,62.875,-433.5548611111111,0.0,-1000.0,138.74583333333334,433.0513888888889,1000.0,0.0,139.38472222222222,42.513888888888886,198.6375,T11,0.0,13.6,4.774305555555555,0.6436805555555556,0.0,13.9,4.730555555555556,0.6904861111111111,20.0,26.0,22.77777777777778,1007.0,1010.0,1008.5486111111111,65.0,93.0,77.79166666666667,0.0,0.0,0.0,0.0,92.35416666666667,91.34722222222223,408.4513888888889,,0
2016-07-05 00:00:00+00:00,1592.6,0.0,518.2145833333333,48.37083333333333,37.013888888888886,43.951388888888886,44.40277777777778,44.25,36.979166666666664,43.84027777777778,44.854166666666664,31.96527777777778,14.1,0.0,4.467361111111111,26.1,0.4,2.78125,0.6034722222222223,10.602083333333333,240.61180555555555,24.770833333333332,-562.4583333333334,9672.819444444445,1311889.0,-234.04861111111111,-695991,48.99305555555556,53.263888888888886,48.701388888888886,36.951388888888886,39.958333333333336,34.763888888888886,41.076388888888886,29.645833333333332,29.38888888888889,-3.0,89.7,15.258333333333333,1.3833333333333335,55.74305555555556,36.13194444444444,37.263888888888886,37.38194444444444,36.68055555555556,54.65138888888889,0.8729166666666667,50.00069444444445,398.68333333333334,397.35,395.9625,57.076388888888886,65.88819444444444,59.922916666666666,666.6,-50.0,36.71527777777778,0.4277777777777778,2.8243055555555556,27.98611111111111,-28.99652777777778,534.6,-565.4,10.693750000000001,62.145833333333336,674.4,0.0,27.444444444444443,-230.98263888888889,0.0,-1000.0,76.47777777777777,230.98263888888889,1000.0,0.0,76.47777777777777,35.486111111111114,257.52986111111113,T11,0.0,9.1,2.9402777777777778,0.26034722222222223,0.0,9.2,2.9388888888888887,0.26222222222222225,19.0,27.0,23.006944444444443,1008.0,1010.0,1009.2916666666666,61.0,98.0,79.23611111111111,0.0,0.0,0.0,0.0,55.36805555555556,55.458333333333336,409.2638888888889,,0
2016-07-06 00:00:00+00:00,1716.4,0.0,865.317361111111,65.74513888888889,43.53472222222222,54.576388888888886,55.09722222222222,54.9375,37.03472222222222,47.833333333333336,51.63194444444444,33.423611111111114,15.2,0.0,7.460416666666666,35.9,0.4,4.610416666666667,0.9465277777777779,24.608333333333334,150.04722222222222,26.07638888888889,-370.9861111111111,55552.583333333336,7946150.0,-163.18055555555554,-1760714,57.46527777777778,62.361111111111114,57.173611111111114,39.0625,41.5,34.986111111111114,42.208333333333336,32.75694444444444,29.26388888888889,-3.3,62.4,9.20625,0.7562500000000001,66.84722222222223,38.708333333333336,39.81944444444444,39.861111111111114,38.451388888888886,331.0784722222222,0.9208333333333333,49.99930555555555,399.0520833333333,397.17569444444445,396.64652777777775,284.04791666666665,300.1694444444445,288.0104166666667,2100.0,-50.3,38.145833333333336,0.5680555555555555,4.553472222222222,124.53472222222223,-73.36458333333333,107.3,-205.2,8.850000000000001,334.19930555555555,2000.0,0.0,123.71666666666667,-509.63124999999997,0.0,-1000.0,71.30833333333334,504.74791666666664,1000.0,0.0,79.97777777777777,44.96527777777778,192.95138888888889,T11,0.5,13.5,4.278472222222223,1.058263888888889,0.4,13.4,4.302777777777778,1.0866666666666667,20.0,30.0,24.72222222222222,1007.0,1010.0,1008.7083333333334,35.0,93.0,65.13194444444444,0.0,0.0,0.0,0.0,82.23611111111111,82.66666666666667,408.65972222222223,,0
2016-07-07 00:00:00+00:00,1680.3,0.0,684.4284722222222,97.37430555555555,40.34027777777778,49.5,50.11805555555556,49.99305555555556,36.94444444444444,47.576388888888886,49.888888888888886,31.76388888888889,14.9,0.0,5.947916666666667,24.2,0.4,3.4243055555555557,0.7722222222222223,5.8381944444444445,233.31041666666664,24.25,-736.9444444444445,13185.902777777777,1792647.0,-544.0763888888889,-831135,51.326388888888886,55.798611111111114,50.958333333333336,37.69444444444444,40.77777777777778,34.104166666666664,41.86805555555556,30.416666666666668,28.305555555555557,-2.8,89.7,14.238194444444446,3.1888888888888887,63.31944444444444,36.93055555555556,38.03472222222222,38.145833333333336,37.361111111111114,74.67152777777778,0.7868055555555556,50.0,399.05277777777775,397.44375,396.46180555555554,82.08680555555556,92.03055555555555,86.21319444444445,1130.2,-50.3,37.61805555555556,0.9006944444444444,3.4569444444444444,37.22847222222222,-34.60208333333333,753.1,-841.6,27.71597222222222,85.42569444444445,1145.9,0.0,40.44861111111111,-284.24583333333334,0.0,-1000.0,98.45138888888889,284.24583333333334,1000.0,0.0,98.45138888888889,40.65972222222222,232.46666666666664,T11,0.0,9.6,3.513888888888889,0.41631944444444446,0.0,9.8,3.521527777777778,0.4277777777777778,20.0,26.0,22.729166666666668,1007.0,1012.0,1009.3819444444445,58.0,93.0,77.83333333333333,0.0,1.0,0.006944444444444444,0.0,67.03472222222223,67.11805555555556,409.3263888888889,,0
2016-07-08 00:00:00+00:00,1468.4,0.0,788.3666666666667,156.44375000000002,42.895833333333336,51.65277777777778,52.31944444444444,52.21527777777778,39.666666666666664,47.97222222222222,51.020833333333336,33.90972222222222,13.0,0.0,6.899305555555555,19.8,0.4,3.4875,0.7958333333333334,-0.3256944444444448,196.3326388888889,27.97222222222222,-849.4375,7278.875,925846.0,-771.25,-800524,52.166666666666664,56.40277777777778,51.513888888888886,40.236111111111114,43.56944444444444,37.65972222222222,44.8125,33.729166666666664,31.57638888888889,-2.4,89.7,11.991666666666667,4.993055555555555,67.72222222222223,39.5625,40.68055555555556,40.80555555555556,40.395833333333336,38.570138888888884,0.6506944444444445,50.00069444444445,399.1451388888889,397.41041666666666,396.9743055555556,74.30486111111111,80.90277777777777,76.32708333333333,562.6,-50.3,40.86805555555556,1.4291666666666667,3.5006944444444446,30.880555555555556,-33.330555555555556,755.4,-1000.1,70.33472222222223,56.73888888888889,1033.3,0.0,38.61736111111111,-197.83125,0.0,-1000.0,116.9576388888889,197.83125,1000.0,0.0,116.9576388888889,41.93055555555556,196.66666666666666,T11,0.4,9.8,4.077777777777778,0.44909722222222226,0.3,9.6,4.061111111111111,0.45048611111111114,19.0,33.0,26.416666666666668,1008.0,1012.0,1010.1458333333334,37.0,96.0,62.916666666666664,0.0,0.0,0.0,0.0,78.22916666666667,77.91666666666667,410.1111111111111,,0
2016-07-09 00:00:00+00:00,1800.2,287.8,1563.5402777777776,43.670833333333334,68.72916666666667,91.53472222222223,91.81944444444444,91.35416666666667,44.611111111111114,55.854166666666664,65.31944444444444,38.09027777777778,15.9,2.6,13.852083333333333,41.4,0.5,9.114583333333334,1.65,-0.9319444444444444,92.64236111111111,29.854166666666668,-7.125,196486.875,28293085.0,-2.923611111111111,-4088255,75.46527777777777,84.64583333333333,77.74305555555556,47.958333333333336,50.333333333333336,37.791666666666664,51.55555555555556,45.80555555555556,32.21527777777778,-3.1,24.1,-0.21666666666666667,1.2916666666666667,105.30555555555556,48.40277777777778,49.52777777777778,49.15277777777778,46.13194444444444,1178.8819444444443,0.9666666666666666,50.00069444444445,399.15277777777777,396.8208333333333,398.39930555555554,992.5875000000001,1020.7756944444445,994.2118055555555,2108.5,-34.9,49.833333333333336,0.3826388888888889,8.881944444444445,181.70347222222222,-170.39444444444445,613.3,-791.3,17.512500000000003,1177.1166666666666,2000.0,0.0,180.34791666666666,-870.1555555555556,0.0,-1000.0,92.37083333333334,781.620138888889,1000.0,0.0,115.19444444444444,60.638888888888886,93.57291666666667,T11,1.2,18.0,9.522916666666667,1.0078472222222221,1.1,18.1,9.574305555555556,1.0292361111111112,25.0,32.0,28.76388888888889,1005.0,1010.0,1007.5277777777778,33.0,60.0,41.701388888888886,0.0,0.0,0.0,0.0,187.45138888888889,188.54166666666666,407.49305555555554,,0
2016-07-10 00:00:00+00:00,1779.9,47.0,1474.5069444444443,81.45555555555556,62.145833333333336,86.77777777777777,87.24305555555556,87.03472222222223,46.06944444444444,54.263888888888886,63.048611111111114,38.11805555555556,15.8,0.0,13.06111111111111,37.5,0.4,7.959027777777777,1.5909722222222222,0.2236111111111111,101.11875,29.291666666666668,-139.90972222222223,151366.46527777778,21776625.0,-81.52777777777777,-3729146,73.39583333333333,82.15277777777777,76.11805555555556,45.72222222222222,49.65277777777778,37.59722222222222,49.9375,43.645833333333336,31.96527777777778,-3.3,83.6,0.30277777777777776,1.7131944444444445,102.35416666666667,45.958333333333336,47.0625,46.826388888888886,44.30555555555556,907.3854166666666,0.9173611111111111,50.0,399.0055555555556,396.69166666666666,398.2736111111111,774.9979166666667,797.5645833333333,770.9479166666666,2106.0,-50.2,47.25,0.71875,7.848611111111111,151.29930555555555,-155.38125000000002,769.7,-888.9,19.23611111111111,908.1722222222222,2000.0,0.0,150.49930555555557,-807.9895833333334,0.0,-1000.0,120.58819444444445,743.6819444444444,1000.0,0.0,121.51805555555555,55.11805555555556,100.90208333333334,T11,1.6,20.0,9.243055555555555,1.1503472222222222,1.7000000000000002,20.2,9.302083333333334,1.1784027777777777,25.0,33.0,28.25,1005.0,1007.0,1006.1111111111111,36.0,62.0,47.24305555555556,0.0,0.0,0.0,0.0,181.86805555555554,183.0,406.05555555555554,,0
2016-07-11 00:00:00+00:00,1723.8,0.0,886.28125,87.81805555555555,46.61805555555556,57.71527777777778,58.44444444444444,58.28472222222222,41.15277777777778,50.59722222222222,54.145833333333336,36.048611111111114,15.2,0.0,7.761805555555556,36.1,0.4,4.168749999999999,0.7951388888888888,-5.332638888888889,233.69097222222223,29.63888888888889,-741.7013888888889,29902.79861111111,4199199.0,-571.3680555555555,-1342335,57.65277777777778,62.40277777777778,57.520833333333336,41.145833333333336,44.68055555555556,38.28472222222222,45.298611111111114,36.27777777777778,32.888888888888886,-3.1,89.7,8.64375,2.283333333333333,74.30555555555556,40.541666666666664,41.59027777777778,41.701388888888886,40.979166666666664,174.95347222222222,0.7659722222222223,50.00208333333333,398.68125,396.93402777777777,396.30625,175.24513888888887,189.77222222222224,180.8013888888889,2076.9,-51.2,41.13194444444444,0.8027777777777777,4.123611111111111,46.77847222222222,-55.89375,700.8,-840.0,44.47569444444444,183.99027777777778,2000.0,0.0,47.20902777777778,-403.34722222222223,0.0,-1000.0,98.01458333333333,398.9486111111111,1000.0,0.0,98.17083333333333,43.81944444444444,229.02291666666667,T11,0.0,12.6,4.420833333333333,0.42006944444444444,0.0,12.9,4.425000000000001,0.4203472222222222,24.0,33.0,28.13888888888889,1005.0,1007.0,1006.1180555555555,30.0,62.0,43.104166666666664,0.0,0.0,0.0,0.0,85.09027777777777,85.22916666666667,406.0763888888889,,0
2016-07-12 00:00:00+00:00,1753.2,0.0,845.5472222222222,122.54166666666667,43.5625,53.375,54.041666666666664,54.0,40.229166666666664,50.041666666666664,53.125,34.75694444444444,15.4,0.0,7.406944444444444,20.4,0.4,4.171527777777778,0.8291666666666667,-4.214583333333334,291.65833333333336,27.42361111111111,-686.6736111111111,29116.680555555555,4093926.0,-586.5138888888889,-1291878,55.826388888888886,60.1875,55.18055555555556,39.69444444444444,43.46527777777778,36.65972222222222,44.333333333333336,33.611111111111114,30.95138888888889,-3.7,89.8,10.413194444444445,3.0791666666666666,68.53472222222223,39.21527777777778,40.34027777777778,40.40972222222222,39.75694444444444,170.58125,0.7548611111111111,49.99861111111111,399.0416666666667,397.3798611111111,396.5368055555556,165.39375,177.64236111111111,170.90625,1773.9,-52.2,40.18055555555556,1.1368055555555556,4.13125,62.80555555555556,-53.80347222222222,603.9,-792.1,32.479166666666664,183.31666666666666,2000.0,0.0,64.21805555555555,-369.15763888888887,0.0,-1000.0,54.21666666666667,369.04375000000005,1000.0,0.0,54.15972222222222,41.986111111111114,295.8909722222222,T11,0.5,11.5,4.622222222222223,0.29965277777777777,0.4,11.4,4.612500000000001,0.2997222222222222,22.0,32.0,25.993055555555557,1006.0,1008.0,1006.5763888888889,29.0,76.0,53.15277777777778,0.0,0.0,0.0,0.0,89.20138888888889,88.91666666666667,406.49305555555554,,0
2016-07-13 00:00:00+00:00,1625.7,0.0,541.901388888889,95.35833333333333,38.61805555555556,44.395833333333336,44.8125,44.75,39.9375,46.25,47.229166666666664,34.1875,14.4,0.0,4.492361111111111,36.0,0.4,2.9069444444444446,0.663888888888889,-4.665277777777778,224.23819444444445,27.27777777777778,-764.6388888888889,8730.194444444445,1147040.0,-506.7083333333333,-590266,51.77777777777778,55.861111111111114,51.06944444444444,38.61805555555556,41.63194444444444,37.3125,42.53472222222222,32.354166666666664,31.680555555555557,-2.7,89.8,15.960416666666667,2.790277777777778,54.22222222222222,37.791666666666664,38.9375,39.0625,38.611111111111114,47.81666666666667,0.8194444444444444,50.0,398.8388888888889,397.29305555555555,395.9375,57.59583333333333,64.50625,60.89444444444444,800.4,-52.1,38.166666666666664,0.8694444444444445,2.9027777777777777,27.34861111111111,-24.59861111111111,626.9,-778.9,24.831944444444446,59.47847222222222,820.4,0.0,28.539583333333333,-172.54652777777778,0.0,-1000.0,77.875,172.54652777777778,1000.0,0.0,77.875,37.298611111111114,248.90486111111107,T11,0.0,9.4,3.1215277777777777,0.363125,0.0,9.6,3.0791666666666666,0.36118055555555556,21.0,30.0,25.569444444444443,1006.0,1009.0,1007.6736111111111,39.0,75.0,55.986111111111114,0.0,0.0,0.0,0.0,59.0625,58.21527777777778,407.5763888888889,,0
2016-07-14 00:00:00+00:00,1839.1,1230.8,1650.6680555555556,34.46041666666667,71.16666666666667,102.04166666666667,101.70833333333333,101.4375,46.09722222222222,55.34722222222222,66.48611111111111,36.40277777777778,16.1,10.9,14.621527777777779,39.7,0.6000000000000001,10.942361111111111,2.1055555555555556,-1.4291666666666667,94.14236111111111,26.520833333333332,0.0,265443.97222222225,38223932.0,0.0,-5027413,80.5,92.125,84.1875,48.354166666666664,50.0625,34.99305555555556,51.34722222222222,46.986111111111114,29.208333333333332,-3.2,15.3,1.6951388888888888,2.0944444444444446,111.4375,49.041666666666664,50.208333333333336,49.729166666666664,45.43055555555556,1592.697222222222,0.9986111111111112,50.0,399.37291666666664,396.9506944444445,399.22013888888887,1335.19375,1360.8194444444443,1330.6131944444444,2111.7,57.9,50.74305555555556,0.2972222222222223,10.712499999999999,182.47083333333333,-209.47083333333333,-109.8,-243.1,3.146527777777778,1589.7125,2000.0,57.0,181.02499999999998,-808.942361111111,-279.2,-1000.0,97.33958333333334,674.2152777777778,1000.0,279.2,116.80624999999999,61.0,95.58472222222223,T11,5.2,20.6,12.692361111111111,1.545,5.4,20.5,12.759722222222223,1.5847222222222221,23.0,28.0,25.319444444444443,1007.0,1010.0,1008.6111111111111,52.0,79.0,67.86111111111111,0.0,0.0,0.0,0.0,250.94444444444446,252.3125,408.56944444444446,,0
2016-07-15 00:00:00+00:00,1876.8,1211.2,1647.3659722222224,39.91319444444444,76.29166666666667,106.73611111111111,106.39583333333333,106.04166666666667,48.895833333333336,55.729166666666664,66.83333333333333,37.388888888888886,16.4,10.7,14.592361111111112,42.9,0.7000000000000001,11.672916666666667,2.4916666666666667,-0.50625,99.26875000000001,26.5,0.0,271183.05555555556,39050360.0,0.0,-5197233,84.24305555555556,97.08333333333333,89.09722222222223,48.65277777777778,51.38194444444444,34.65277777777778,52.25694444444444,48.104166666666664,29.15277777777778,-3.0,21.5,3.185416666666667,2.5180555555555557,114.65277777777777,49.451388888888886,50.548611111111114,50.09722222222222,45.701388888888886,1627.1930555555555,0.9909722222222221,50.00069444444445,399.47013888888887,397.06388888888887,399.44930555555555,1366.1631944444443,1390.21875,1359.6611111111113,2114.5,26.8,51.74305555555556,0.34375,11.365277777777777,192.22500000000002,-216.55347222222224,-90.6,-249.4,3.7159722222222222,1623.9416666666666,2000.0,25.0,190.47083333333333,-783.85625,-122.6,-1000.0,100.54097222222222,645.9312500000001,1000.0,122.6,123.09861111111111,59.36805555555556,99.77708333333334,T11,4.6,25.8,14.359027777777776,2.4683333333333333,4.9,26.0,14.4375,2.5150694444444444,23.0,28.0,25.28472222222222,1006.0,1009.0,1007.5763888888889,31.0,75.0,54.583333333333336,0.0,0.0,0.0,0.0,284.40277777777777,285.96527777777777,407.5416666666667,,0
2016-07-16 00:00:00+00:00,1869.6,1503.7,1677.7722222222224,30.560416666666665,77.0625,118.54861111111111,117.72222222222223,117.59722222222223,50.763888888888886,57.020833333333336,68.39583333333333,37.27777777777778,16.4,13.4,14.87013888888889,39.4,0.7000000000000001,13.22013888888889,2.777083333333333,0.049999999999999996,95.08680555555556,25.694444444444443,0.0,322702.65277777775,46469182.0,0.0,-5359339,93.4375,108.63888888888889,99.13194444444444,50.81944444444444,53.15277777777778,34.34027777777778,54.729166666666664,50.90972222222222,28.6875,-2.5,20.6,6.203472222222222,3.5,123.01388888888889,51.75694444444444,52.833333333333336,52.25,47.05555555555556,1936.2395833333333,1.0,50.0,400.03263888888887,397.53125,400.3979166666667,1620.4673611111111,1643.1888888888889,1610.43125,2120.6,786.4,55.50694444444444,0.2534722222222222,12.997222222222222,96.00763888888889,-223.30347222222224,-202.7,-239.4,2.413888888888889,1932.5527777777777,2000.0,759.3,94.77430555555556,-651.7326388888889,-583.3,-1000.0,96.64375000000001,468.1361111111112,1000.0,406.1,86.65277777777777,61.861111111111114,95.03819444444444,T11,7.8,24.8,16.408333333333335,2.6649305555555554,7.9,24.5,16.490277777777777,2.7415972222222225,22.0,27.0,24.395833333333332,1005.0,1008.0,1007.1875,39.0,69.0,54.05555555555556,0.0,0.0,0.0,0.0,325.43055555555554,327.03472222222223,407.13194444444446,,0
2016-07-17 00:00:00+00:00,1892.3,1225.1,1671.615277777778,32.355555555555554,72.75,113.94444444444444,113.29166666666667,113.08333333333333,50.9375,55.986111111111114,67.56944444444444,36.84027777777778,16.3,10.9,14.811111111111112,42.2,0.7000000000000001,12.525694444444445,2.6319444444444446,-0.9715277777777778,96.13402777777777,25.48611111111111,0.0,307542.2361111111,44286082.0,0.0,-5341414,89.1875,103.71527777777777,94.70138888888889,49.78472222222222,52.18055555555556,33.8125,53.4375,49.604166666666664,28.21527777777778,-2.6,20.9,4.538888888888889,3.0805555555555557,119.52777777777777,50.68055555555556,51.798611111111114,51.15277777777778,46.25,1845.2583333333334,1.0,50.0,399.87291666666664,397.31041666666664,400.1027777777778,1545.0534722222224,1569.1868055555556,1536.0166666666667,2110.8,320.8,53.65277777777778,0.2715277777777778,12.27986111111111,156.37847222222223,-222.56319444444443,-184.8,-236.6,2.870138888888889,1840.9208333333331,2000.0,306.3,154.08819444444444,-714.1354166666666,-583.3,-1000.0,115.60000000000001,540.2631944444444,1000.0,406.1,124.6451388888889,60.375,97.11041666666667,T11,5.6,25.1,15.126388888888888,2.5974305555555555,5.9,25.4,15.188888888888888,2.659861111111111,21.0,27.0,24.26388888888889,1005.0,1008.0,1006.4305555555555,30.0,74.0,54.013888888888886,0.0,0.0,0.0,0.0,299.68055555555554,300.94444444444446,406.3958333333333,,0
2016-07-18 00:00:00+00:00,1837.3,1235.1,1655.336111111111,38.53958333333333,69.74305555555556,106.70138888888889,106.27777777777777,105.95833333333333,49.19444444444444,54.88194444444444,66.625,37.15277777777778,16.1,11.0,14.66527777777778,33.7,0.5,11.358333333333333,2.3625,0.1784722222222222,106.88263888888889,26.354166666666668,0.0,274760.8611111111,39565564.0,0.0,-5214025,82.30555555555556,95.02083333333333,87.22916666666667,48.958333333333336,51.28472222222222,34.326388888888886,52.25694444444444,48.25694444444444,28.805555555555557,-2.5,17.5,2.2659722222222225,2.4256944444444444,114.73611111111111,49.701388888888886,50.84722222222222,50.31944444444444,45.90972222222222,1648.3736111111111,0.9972222222222222,49.99930555555555,398.95416666666665,396.69930555555555,399.12430555555557,1385.9833333333333,1407.4993055555556,1377.4520833333333,2112.6,152.9,51.69444444444444,0.33472222222222225,11.068750000000001,218.91527777777776,-217.24444444444444,-162.6,-237.5,3.3333333333333335,1644.4361111111111,2000.0,149.7,216.15555555555557,-801.3263888888889,-583.3,-1000.0,113.89930555555556,660.3243055555555,1000.0,406.1,141.4673611111111,58.923611111111114,106.70138888888889,T11,4.9,18.9,11.839583333333334,1.5380555555555555,4.9,19.3,11.900694444444445,1.555625,22.0,29.0,25.07638888888889,1006.0,1008.0,1006.7847222222222,26.0,68.0,49.923611111111114,0.0,0.0,0.0,0.0,233.79861111111111,235.04861111111111,406.7013888888889,,0
2016-07-19 00:00:00+00:00,1833.0,0.0,1601.0159722222222,61.39930555555556,68.25,94.88888888888889,94.91666666666667,94.55555555555556,45.576388888888886,54.4375,65.29861111111111,37.90277777777778,16.2,0.0,14.180555555555555,47.5,0.5,9.853472222222223,2.0159722222222225,-0.5590277777777778,107.17708333333333,27.583333333333332,-36.479166666666664,217082.22222222222,31254587.0,-29.993055555555557,-4774612,75.78472222222223,85.95833333333333,79.625,47.354166666666664,49.645833333333336,35.388888888888886,50.041666666666664,44.94444444444444,29.78472222222222,-3.2,89.8,1.0354166666666667,1.870138888888889,106.27083333333333,47.97222222222222,49.048611111111114,48.736111111111114,45.18055555555556,1302.2708333333333,0.9868055555555555,49.99930555555555,398.9597222222222,396.77152777777775,398.5451388888889,1096.6847222222223,1121.1555555555556,1094.5729166666667,2109.2,-51.2,48.19444444444444,0.5347222222222222,9.65486111111111,226.02152777777778,-198.9375,10.5,-410.4,5.721527777777777,1305.7347222222222,2000.0,0.0,228.07222222222222,-873.6430555555556,0.0,-1000.0,80.02638888888889,786.7166666666667,1000.0,0.0,102.16597222222222,60.1875,105.23819444444445,T11,2.5,24.7,10.275694444444445,1.609236111111111,2.3,25.5,10.337499999999999,1.6260416666666666,23.0,32.0,26.47222222222222,1005.0,1010.0,1006.6666666666666,34.0,69.0,52.96527777777778,0.0,0.0,0.0,0.0,202.5625,203.85416666666666,406.61805555555554,,0
2016-07-20 00:00:00+00:00,1824.8,0.0,1043.554861111111,114.3423611111111,54.34722222222222,67.49305555555556,67.96527777777777,67.8125,42.69444444444444,51.861111111111114,57.013888888888886,36.81944444444444,16.0,0.0,9.176388888888889,41.8,0.4,5.734027777777778,1.3083333333333333,-2.8881944444444443,158.6763888888889,29.458333333333332,-781.2847222222222,79525.56944444444,11339180.0,-590.6944444444445,-2129044,66.04861111111111,72.53472222222223,67.47916666666667,42.65277777777778,45.833333333333336,37.666666666666664,45.86805555555556,38.63194444444444,31.916666666666668,-3.1,89.7,7.804861111111112,2.852777777777778,81.34027777777777,42.30555555555556,43.43055555555556,43.34027777777778,42.0,472.38263888888895,0.8555555555555556,49.99861111111111,398.8381944444444,397.1645833333333,396.70208333333335,410.3152777777778,429.02708333333334,417.3888888888889,2106.0,-51.3,42.05555555555556,1.0388888888888888,5.603472222222222,140.46875,-88.70277777777778,627.8,-825.7,24.97222222222222,482.07708333333335,2000.0,0.0,141.6673611111111,-533.8479166666667,0.0,-1000.0,109.48541666666667,511.65972222222223,1000.0,0.0,117.09583333333333,48.78472222222222,161.56736111111113,T11,0.0,21.3,5.090972222222223,1.0634722222222224,0.0,21.8,5.104166666666667,1.0758333333333332,24.0,35.0,28.07638888888889,1005.0,1009.0,1007.4861111111111,30.0,73.0,51.0,0.0,0.0,0.0,0.0,98.63888888888889,98.84722222222223,407.43055555555554,,0
2016-07-21 00:00:00+00:00,1679.0,0.0,678.0520833333334,59.895833333333336,43.27777777777778,49.395833333333336,49.826388888888886,49.74305555555556,40.625,47.076388888888886,49.895833333333336,36.083333333333336,14.9,0.0,5.841666666666667,39.2,0.4,3.9090277777777778,0.7222222222222222,-10.729166666666666,248.79999999999998,28.65972222222222,-579.0416666666666,31633.333333333332,4471817.0,-393.6111111111111,-1248104,56.5625,60.81944444444444,55.923611111111114,40.63194444444444,43.53472222222222,38.27777777777778,44.19444444444444,34.416666666666664,32.31944444444444,-3.2,86.2,13.338888888888889,1.1055555555555554,60.81944444444444,40.048611111111114,41.18055555555556,41.208333333333336,40.59722222222222,186.33125,0.8583333333333334,49.99930555555555,398.42291666666665,397.1409722222222,395.91875000000005,166.3673611111111,176.94930555555555,172.04791666666668,1484.4,-50.2,39.90277777777778,0.5874999999999999,3.9187499999999997,46.08680555555556,-51.985416666666666,520.0,-469.5,8.819444444444445,192.98263888888889,1495.7,0.0,47.556250000000006,-367.375,0.0,-1000.0,32.91388888888889,367.3722222222222,1000.0,0.0,32.947916666666664,40.36805555555556,247.03194444444443,T11,0.0,11.0,4.004861111111111,0.2882638888888889,0.0,10.9,3.997916666666667,0.289375,22.0,32.0,27.17361111111111,1006.0,1009.0,1007.3888888888889,22.0,76.0,52.111111111111114,0.0,0.0,0.0,0.0,76.79861111111111,76.74305555555556,407.3541666666667,,0
2016-07-22 00:00:00+00:00,1677.8,0.0,879.1979166666666,85.50555555555555,44.291666666666664,53.94444444444444,54.72222222222222,54.52777777777778,38.06944444444444,49.69444444444444,52.923611111111114,31.59722222222222,14.9,0.0,7.6812499999999995,40.6,0.4,4.036111111111111,0.8479166666666668,-2.898611111111111,266.0340277777778,24.770833333333332,-573.4791666666666,25720.25,3621135.0,-478.6111111111111,-1530011,53.25,57.86805555555556,52.708333333333336,38.38194444444444,41.888888888888886,34.826388888888886,43.013888888888886,32.125,28.916666666666668,-3.2,89.7,9.159722222222221,2.317361111111111,72.16666666666667,37.770833333333336,38.895833333333336,38.99305555555556,38.05555555555556,150.8763888888889,0.78125,50.0,399.01944444444445,397.3493055555556,396.5388888888889,148.625,162.90833333333333,152.64166666666668,1462.8,-50.6,38.895833333333336,0.7749999999999999,4.059027777777778,61.96388888888888,-63.76527777777778,594.9,-759.0,30.359722222222224,161.05763888888887,1472.1,0.0,63.483333333333334,-438.72083333333336,0.0,-1000.0,112.03541666666666,438.71875,1000.0,0.0,112.0625,40.21527777777778,271.4222222222222,T11,0.0,11.8,4.324999999999999,0.37701388888888887,0.0,11.9,4.3180555555555555,0.3811805555555556,20.0,27.0,23.17361111111111,1006.0,1008.0,1007.4305555555555,51.0,84.0,68.85416666666667,0.0,0.0,0.0,0.0,83.19444444444444,83.18055555555556,407.3611111111111,,0
2016-07-23 00:00:00+00:00,1701.5,0.0,1173.0659722222222,120.70902777777776,49.048611111111114,60.94444444444444,61.63194444444444,61.395833333333336,36.96527777777778,50.0625,56.11805555555556,33.576388888888886,15.1,0.0,10.386111111111111,37.9,0.4,5.515277777777778,1.1701388888888888,-10.78263888888889,130.72222222222223,26.17361111111111,-332.4791666666667,69761.63888888889,9997800.0,-258.8888888888889,-2437417,59.736111111111114,64.90972222222223,59.65972222222222,40.979166666666664,42.88194444444444,34.798611111111114,43.708333333333336,34.104166666666664,28.569444444444443,-3.3,62.4,3.7138888888888886,2.2006944444444443,77.75694444444444,40.74305555555556,41.86805555555556,41.84027777777778,40.30555555555556,416.59513888888887,0.8347222222222223,50.00069444444445,398.69444444444446,396.86041666666665,396.94097222222223,372.3576388888889,388.3673611111111,374.1673611111111,1986.3,-50.0,39.84722222222222,1.0652777777777778,5.508333333333334,128.82083333333333,-101.62708333333333,598.0,-890.9,36.99652777777778,422.38194444444446,2000.0,0.0,130.54166666666666,-629.9277777777778,0.0,-1000.0,86.65833333333333,625.8576388888889,1000.0,0.0,94.12291666666667,43.52777777777778,141.5,T11,0.0,15.4,6.299305555555556,0.6497916666666668,0.0,15.3,6.211805555555555,0.7011805555555556,20.0,31.0,24.881944444444443,1006.0,1008.0,1007.3402777777778,48.0,97.0,72.10416666666667,0.0,0.0,0.0,0.0,122.75694444444444,121.03472222222223,407.28472222222223,,0
2016-07-24 00:00:00+00:00,1823.7,1209.6,1657.1999999999998,31.06180555555555,71.28472222222223,103.29861111111111,102.95138888888889,102.77083333333333,44.361111111111114,55.208333333333336,66.50694444444444,36.94444444444444,16.0,10.7,14.684027777777779,39.3,0.8,10.858333333333333,2.0881944444444445,-1.5770833333333334,92.03819444444444,26.88888888888889,-2.6319444444444446,268194.1666666667,38619582.0,-1.9375,-5134840,79.75694444444444,91.43055555555556,83.68055555555556,49.166666666666664,50.479166666666664,34.826388888888886,51.52777777777778,47.854166666666664,29.131944444444443,-2.9,17.8,1.3354166666666665,1.8729166666666666,112.16666666666667,49.895833333333336,51.06944444444444,50.49305555555556,46.22222222222222,1609.1263888888889,0.9972222222222222,50.0,399.1875,396.70694444444445,399.28819444444446,1352.1180555555557,1375.540972222222,1342.5909722222223,2109.4,-50.1,50.875,0.2659722222222223,10.684027777777779,197.05902777777777,-213.95555555555555,14.6,-289.6,4.762499999999999,1606.5493055555555,2000.0,0.0,195.66319444444446,-829.5451388888889,0.0,-1000.0,98.70486111111111,692.1819444444444,1000.0,0.0,131.34166666666667,60.736111111111114,93.62569444444445,T11,6.3,21.5,13.838194444444445,1.609513888888889,6.4,21.6,13.913888888888888,1.6593749999999998,23.0,29.0,25.65277777777778,1006.0,1008.0,1006.875,44.0,80.0,61.65277777777778,0.0,0.0,0.0,0.0,273.9166666666667,275.4791666666667,406.7986111111111,,0
2016-07-25 00:00:00+00:00,1827.3,0.0,1332.138888888889,51.87430555555555,63.55555555555556,84.875,85.00694444444444,84.73611111111111,42.986111111111114,54.736111111111114,62.791666666666664,36.93055555555556,16.0,0.0,11.745833333333334,40.1,0.4,10.082638888888889,1.8548611111111113,0.03888888888888891,91.84652777777778,27.645833333333332,-533.7708333333334,175598.44444444444,25209313.0,-372.2638888888889,-3980807,75.63888888888889,84.85416666666667,78.61805555555556,45.52777777777778,48.013888888888886,35.47222222222222,48.375,42.65277777777778,29.63888888888889,-3.3,89.7,15.041666666666666,1.6597222222222223,95.45138888888889,45.770833333333336,46.90972222222222,46.625,43.791666666666664,1050.3763888888889,0.9576388888888889,50.0,399.49861111111113,397.33194444444445,399.27986111111113,891.9340277777778,909.3256944444444,885.9243055555556,2112.3,-46.7,45.958333333333336,0.4270833333333333,9.965972222222222,150.04791666666668,-165.86458333333334,11.5,-247.2,5.326388888888889,1381.6576388888889,2000.0,39.8,176.5826388888889,-726.6763888888888,0.0,-1000.0,58.84097222222223,653.3805555555556,1000.0,0.0,67.9625,53.173611111111114,91.80763888888889,T11,3.8,21.3,12.93888888888889,1.39625,3.6,21.2,13.027777777777779,1.437361111111111,24.0,30.0,26.430555555555557,1006.0,1008.0,1007.2638888888889,41.0,66.0,52.479166666666664,0.0,0.0,0.0,0.0,256.0208333333333,257.6041666666667,407.24305555555554,,0
2016-07-26 00:00:00+00:00,1720.2,0.0,1388.4243055555555,72.90555555555555,65.38888888888889,78.45833333333333,79.10416666666667,78.84027777777777,40.3125,53.0,61.354166666666664,37.611111111111114,15.2,0.0,12.290277777777778,39.2,0.4,7.129166666666666,1.3006944444444446,-1.0284722222222225,118.93402777777777,29.541666666666668,-248.17361111111111,123496.69444444444,17747787.0,-179.51388888888889,-3572461,66.84722222222223,73.86805555555556,68.89583333333333,44.38194444444444,47.604166666666664,36.97222222222222,47.75,41.673611111111114,31.38888888888889,-3.2,89.7,1.4812500000000002,1.2840277777777778,94.81944444444444,44.451388888888886,45.59027777777778,45.395833333333336,43.298611111111114,739.3659722222222,0.9069444444444444,49.99930555555555,398.7756944444444,396.80625,397.6645833333333,636.723611111111,656.7361111111111,635.5895833333333,2100.8,-50.1,44.388888888888886,0.6479166666666667,7.010416666666667,150.66041666666666,-148.84861111111113,617.5,-645.9,17.24375,742.2375,2000.0,0.0,151.6263888888889,-814.1548611111111,0.0,-1000.0,64.04861111111111,775.1180555555555,1000.0,0.0,81.40138888888889,52.71527777777778,117.45833333333333,T11,0.4,16.4,8.931944444444445,0.6768055555555557,0.4,16.5,8.990277777777777,0.6888194444444444,24.0,34.0,28.32638888888889,1007.0,1009.0,1007.9930555555555,31.0,65.0,44.30555555555556,0.0,0.0,0.0,0.0,175.59722222222223,176.85416666666666,407.94444444444446,,0
2016-07-27 00:00:00+00:00,1656.8,0.0,653.9520833333333,77.05972222222222,42.861111111111114,48.826388888888886,49.333333333333336,49.25,39.19444444444444,47.03472222222222,48.94444444444444,32.77777777777778,14.7,0.0,5.632638888888889,21.6,0.4,3.240972222222222,0.6847222222222222,-3.470833333333333,213.53611111111113,25.90972222222222,-699.0486111111111,10899.423611111111,1468852.0,-542.4652777777778,-806065,51.604166666666664,56.1875,51.375,38.298611111111114,41.263888888888886,36.583333333333336,42.236111111111114,32.06944444444444,30.708333333333332,-2.9,63.7,13.127777777777778,1.867361111111111,60.513888888888886,37.52777777777778,38.611111111111114,38.81944444444444,38.24305555555556,61.197916666666664,0.7666666666666667,49.99861111111111,398.8569444444445,397.52152777777775,395.9777777777778,67.46111111111111,76.3423611111111,71.17569444444445,921.6,-50.0,37.854166666666664,0.73125,3.2645833333333334,32.199305555555554,-33.63263888888889,532.8,-659.0,18.075694444444444,68.90069444444445,933.8,0.0,33.462500000000006,-242.60694444444445,0.0,-1000.0,88.29027777777777,242.60694444444445,1000.0,0.0,88.29027777777777,38.15277777777778,219.50555555555556,T11,0.0,8.9,3.6284722222222223,0.26694444444444443,0.0,9.1,3.5812500000000003,0.32534722222222223,20.0,28.0,24.354166666666668,1007.0,1010.0,1008.7777777777778,37.0,98.0,71.97916666666667,0.0,0.0,0.0,0.0,69.29166666666667,68.23611111111111,408.68055555555554,,0
2016-07-28 00:00:00+00:00,1757.9,0.0,820.0951388888889,90.03611111111111,46.75694444444444,53.201388888888886,53.451388888888886,53.333333333333336,38.416666666666664,46.24305555555556,50.6875,34.229166666666664,15.5,0.0,7.165277777777778,28.5,0.4,4.88125,1.0069444444444444,-1.1458333333333333,151.55763888888887,26.75,-524.1944444444445,64359.583333333336,9192297.0,-230.09027777777777,-1571642,57.24305555555556,62.40277777777778,57.423611111111114,40.50694444444444,41.958333333333336,35.701388888888886,42.93055555555556,33.71527777777778,30.020833333333332,-3.2,89.7,13.689583333333333,2.1618055555555555,62.125,40.0625,41.24305555555556,41.236111111111114,39.90972222222222,383.0138888888889,0.9277777777777777,49.99930555555555,399.10625000000005,397.4201388888889,396.6069444444445,326.98541666666665,341.0888888888889,332.79999999999995,2102.6,-50.1,39.083333333333336,0.8291666666666667,4.789583333333334,99.42361111111111,-65.47569444444444,537.6,-623.6,11.0125,391.96944444444443,2000.0,0.0,103.21458333333334,-416.9527777777778,0.0,-1000.0,43.84027777777778,402.2034722222222,1000.0,0.0,55.74097222222222,40.520833333333336,152.71527777777777,T11,0.2,15.0,4.270833333333333,0.9242361111111111,0.2,15.0,4.223611111111111,0.9658333333333334,20.0,32.0,25.319444444444443,1006.0,1009.0,1007.7152777777778,34.0,98.0,68.61805555555556,0.0,0.0,0.0,0.0,82.0625,81.1875,407.6111111111111,,0
2016-07-29 00:00:00+00:00,1758.4,0.0,1389.326388888889,105.16736111111112,56.763888888888886,71.31944444444444,72.1875,71.88194444444444,39.0,52.84722222222222,60.27777777777778,34.9375,15.6,0.0,12.296527777777778,37.4,0.4,6.547222222222222,1.24375,-0.8465277777777778,142.96944444444443,26.97222222222222,-229.66666666666666,91197.71527777778,13099397.0,-148.69444444444446,-2768246,64.81944444444444,70.79861111111111,65.77777777777777,41.701388888888886,45.0625,35.77777777777778,45.291666666666664,36.99305555555556,30.006944444444443,-3.3,89.7,-0.033333333333333375,1.9972222222222225,91.48611111111111,41.638888888888886,42.74305555555556,42.6875,40.75,545.7930555555555,0.9041666666666666,49.99930555555555,399.28125,397.15208333333334,397.8979166666667,469.75694444444446,492.65347222222226,473.11249999999995,2103.0,-51.9,41.52777777777778,0.9312499999999999,6.421527777777778,144.3861111111111,-115.33888888888889,621.9,-899.9,22.897916666666667,549.5069444444445,2000.0,0.0,144.74166666666667,-810.754861111111,0.0,-1000.0,91.10624999999999,797.0041666666667,1000.0,0.0,99.23680555555556,48.94444444444444,143.82152777777776,T11,1.3,14.0,6.264583333333333,1.198888888888889,1.2,14.3,6.311805555555555,1.2381944444444446,21.0,32.0,25.90972222222222,1005.0,1009.0,1006.4513888888889,41.0,89.0,68.02083333333333,0.0,0.0,0.0,0.0,122.125,123.1875,406.36805555555554,,0
2016-07-30 00:00:00+00:00,1669.2,0.0,683.7777777777778,111.54027777777777,40.49305555555556,46.923611111111114,47.53472222222222,47.388888888888886,37.479166666666664,45.38194444444444,47.6875,31.541666666666668,14.8,0.0,5.925694444444444,27.6,0.4,3.3625,0.7611111111111112,6.095138888888888,258.0222222222222,24.243055555555557,-697.5416666666666,11960.305555555555,1621834.0,-455.46527777777777,-643008,50.083333333333336,54.59722222222222,49.916666666666664,37.229166666666664,40.270833333333336,34.09027777777778,41.354166666666664,30.520833333333332,28.45138888888889,-3.0,89.7,12.938194444444443,2.9722222222222223,60.75694444444444,36.5,37.638888888888886,37.736111111111114,36.916666666666664,67.56180555555555,0.8034722222222223,50.0,399.11041666666665,397.2902777777778,395.9125,77.1576388888889,85.4076388888889,81.11944444444445,1242.8,-50.1,37.09722222222222,1.0166666666666666,3.3881944444444443,39.4375,-26.80138888888889,574.1,-699.5,29.912499999999998,77.4701388888889,1269.2,0.0,41.02569444444444,-243.01180555555553,0.0,-1000.0,100.52083333333333,243.01180555555553,1000.0,0.0,100.52083333333333,36.03472222222222,259.41875000000005,T11,0.0,9.9,3.55,0.403125,0.0,10.0,3.5576388888888886,0.40423611111111113,20.0,27.0,22.770833333333332,1008.0,1011.0,1009.5555555555555,52.0,92.0,74.15972222222223,0.0,0.0,0.0,0.0,67.65277777777777,67.79166666666667,409.52777777777777,,0
2016-07-31 00:00:00+00:00,1667.7,0.0,771.8986111111111,144.23472222222222,41.75,49.52777777777778,50.263888888888886,50.048611111111114,37.854166666666664,47.80555555555556,50.77777777777778,32.479166666666664,14.8,0.0,6.6715277777777775,17.5,0.4,3.5347222222222223,0.807638888888889,4.815277777777777,268.60555555555555,25.52777777777778,-565.5763888888889,13949.743055555555,1927315.0,-423.5,-1000476,50.520833333333336,54.69444444444444,49.84722222222222,38.25694444444444,40.78472222222222,34.576388888888886,41.74305555555556,31.97222222222222,28.98611111111111,-3.1,89.8,10.834722222222222,3.949305555555556,63.541666666666664,37.520833333333336,38.638888888888886,38.729166666666664,37.9375,80.30902777777777,0.788888888888889,50.0,398.7215277777778,396.7236111111111,395.5680555555556,84.76111111111112,98.61111111111111,90.36111111111111,1017.6,-50.1,37.5,1.3604166666666666,3.601388888888889,45.49930555555555,-41.700694444444444,565.0,-995.4,33.10208333333333,90.23124999999999,1032.0,0.0,47.60208333333333,-316.9034722222222,0.0,-1000.0,135.75694444444446,316.9034722222222,1000.0,0.0,135.75694444444446,37.78472222222222,296.29375000000005,T11,0.0,10.2,3.9749999999999996,0.4484027777777778,0.0,10.3,3.9506944444444443,0.4481944444444445,20.0,30.0,24.256944444444443,1007.0,1011.0,1009.1041666666666,44.0,93.0,75.25,0.0,0.0,0.0,0.0,76.24305555555556,75.74305555555556,409.06944444444446,,0
2016-08-01 00:00:00+00:00,1565.8,0.0,431.25416666666666,45.84652777777777,40.229166666666664,45.28472222222222,45.74305555555556,45.65972222222222,39.25,45.69444444444444,46.076388888888886,34.763888888888886,13.9,0.0,3.6215277777777777,22.9,0.4,2.5118055555555556,0.5902777777777778,-10.676388888888889,243.7756944444444,28.03472222222222,-740.5138888888889,8253.986111111111,1081938.0,-444.52777777777777,-588805,51.56944444444444,55.854166666666664,51.229166666666664,39.38194444444444,42.736111111111114,37.104166666666664,43.75,32.791666666666664,31.65277777777778,-2.8,57.5,16.54513888888889,0.9118055555555556,57.486111111111114,38.53472222222222,39.645833333333336,39.78472222222222,39.548611111111114,45.09722222222222,0.8451388888888889,50.00208333333333,398.8388888888889,397.5340277777778,395.68125,52.767361111111114,59.27152777777778,56.58611111111111,768.9,-49.9,39.53472222222222,0.4,2.5347222222222223,21.17361111111111,-24.55972222222222,461.9,-581.5,15.718055555555557,51.33888888888889,776.5,0.0,20.18263888888889,-178.73541666666668,0.0,-1000.0,46.72986111111111,178.73541666666668,1000.0,0.0,46.72986111111111,37.173611111111114,299.4534722222222,T11,0.0,9.9,2.91875,0.2297916666666667,0.0,10.3,2.9256944444444444,0.23055555555555557,21.0,32.0,26.229166666666668,1008.0,1010.0,1008.7569444444445,28.0,91.0,61.270833333333336,0.0,0.0,0.0,0.0,54.986111111111114,55.09027777777778,408.69444444444446,,0
2016-08-02 00:00:00+00:00,1708.1,0.0,1291.0166666666667,105.59166666666667,56.13194444444444,66.38194444444444,67.19444444444444,66.875,38.94444444444444,51.895833333333336,58.80555555555556,34.9375,15.1,0.0,11.40625,36.3,0.4,6.252083333333333,1.2090277777777778,-9.330555555555556,114.6048611111111,28.194444444444443,-301.6875,82797.65277777778,11879419.0,-222.33333333333334,-2672998,64.61805555555556,70.23611111111111,64.74305555555556,42.145833333333336,44.673611111111114,36.486111111111114,45.25694444444444,37.15972222222222,30.819444444444443,-3.3,76.6,1.7479166666666666,1.3618055555555555,84.36111111111111,42.076388888888886,43.18055555555556,43.1875,41.486111111111114,495.02916666666664,0.9048611111111112,49.99930555555555,398.8840277777778,396.6826388888889,397.0402777777778,426.1826388888889,451.2006944444445,432.9034722222222,2099.6,-50.2,41.4375,0.9444444444444444,6.133333333333334,155.2472222222222,-111.33541666666666,695.6,-944.6,21.84861111111111,500.0270833333333,2000.0,0.0,155.8152777777778,-773.6958333333333,0.0,-1000.0,61.5013888888889,769.7173611111111,1000.0,0.0,68.66874999999999,46.90972222222222,123.92916666666666,T11,0.7000000000000001,12.7,5.640277777777778,0.9314583333333333,0.7000000000000001,12.8,5.679861111111111,0.9425,24.0,32.0,27.09722222222222,1007.0,1010.0,1009.125,45.0,83.0,65.33333333333333,0.0,0.0,0.0,0.0,109.63888888888889,110.38888888888889,409.0833333333333,,0
2016-08-03 00:00:00+00:00,1641.9,0.0,729.7076388888888,119.3722222222222,43.763888888888886,52.11805555555556,52.763888888888886,52.59722222222222,40.138888888888886,47.861111111111114,50.395833333333336,34.291666666666664,14.6,0.0,6.351388888888889,17.6,0.4,3.4402777777777778,0.7159722222222222,12.434722222222222,202.5951388888889,27.395833333333332,-684.1111111111111,10800.256944444445,1456729.0,-510.1041666666667,-792880,53.44444444444444,58.0,53.13194444444444,39.8125,43.583333333333336,37.74305555555556,44.798611111111114,33.56944444444444,31.96527777777778,-3.2,89.8,11.739583333333334,2.997916666666667,66.82638888888889,39.13194444444444,40.229166666666664,40.34722222222222,39.9375,60.702083333333334,0.7527777777777778,49.99930555555555,398.79999999999995,397.0173611111111,395.81597222222223,79.28194444444445,90.56805555555555,84.75208333333333,850.8,-52.5,40.673611111111114,1.1145833333333333,3.4402777777777778,31.33402777777778,-33.045833333333334,986.3,-999.9,50.08402777777778,71.22986111111112,857.4,0.0,33.361111111111114,-255.91666666666666,0.0,-1000.0,103.01319444444444,255.91666666666666,1000.0,0.0,103.01319444444444,39.958333333333336,190.17361111111111,T11,0.0,10.2,3.582638888888889,0.3695833333333333,0.0,10.2,3.5687499999999996,0.37562500000000004,23.0,30.0,25.694444444444443,1006.0,1010.0,1008.0625,60.0,91.0,74.35416666666667,0.0,0.0,0.0,0.0,68.38194444444444,68.16666666666667,408.02777777777777,,0
2016-08-04 00:00:00+00:00,1669.7,0.0,614.3097222222223,69.28055555555555,41.298611111111114,46.74305555555556,47.27777777777778,47.15277777777778,38.875,46.645833333333336,48.31944444444444,33.638888888888886,14.8,0.0,5.218055555555555,35.7,0.4,3.3895833333333334,0.7625,-7.579861111111111,250.60069444444446,26.53472222222222,-624.8819444444445,15893.479166666666,2198679.0,-379.88194444444446,-952746,51.583333333333336,55.763888888888886,51.06944444444444,38.326388888888886,40.895833333333336,36.06944444444444,41.65277777777778,31.944444444444443,30.46527777777778,-3.1,89.7,13.831944444444444,1.879861111111111,58.38194444444444,37.520833333333336,38.65277777777778,38.763888888888886,38.111111111111114,91.61180555555556,0.8395833333333333,50.00069444444445,398.5763888888889,397.08680555555554,395.5111111111111,92.52013888888888,103.0986111111111,97.25833333333334,1004.6,-50.2,37.15972222222222,0.6402777777777778,3.3944444444444444,40.65416666666667,-39.71180555555556,606.3,-992.2,22.19375,99.45277777777777,1019.8,0.0,40.983333333333334,-306.62569444444443,0.0,-1000.0,83.67777777777778,306.62569444444443,1000.0,0.0,83.67777777777778,37.520833333333336,273.1819444444444,T11,0.0,10.6,3.654166666666667,0.29631944444444447,0.0,10.4,3.65625,0.3047222222222222,20.0,30.0,24.881944444444443,1007.0,1009.0,1007.9375,44.0,100.0,75.60416666666667,0.0,0.0,0.0,0.0,69.73611111111111,69.78472222222223,407.8611111111111,,0
2016-08-05 00:00:00+00:00,1663.7,0.0,735.6743055555556,81.89791666666666,43.486111111111114,50.69444444444444,51.30555555555556,51.15972222222222,39.19444444444444,48.298611111111114,50.61805555555556,33.326388888888886,14.7,0.0,6.404861111111111,29.4,0.4,3.536111111111111,0.7111111111111111,6.499305555555555,236.35763888888889,27.319444444444443,-679.9791666666666,13763.861111111111,1884079.0,-607.5138888888889,-777720,52.701388888888886,57.00694444444444,51.9375,38.854166666666664,42.1875,36.3125,43.02777777777778,33.701388888888886,30.8125,-3.1,89.7,11.472916666666666,2.179861111111111,64.07638888888889,38.208333333333336,39.30555555555556,39.423611111111114,38.736111111111114,78.50208333333333,0.7222222222222222,50.00069444444445,398.9152777777778,397.2055555555555,396.125,94.01319444444444,103.65208333333334,98.41041666666666,934.1,-50.4,38.763888888888886,0.7673611111111112,3.540277777777778,30.137500000000003,-32.425694444444446,795.2,-930.9,45.68263888888889,88.13958333333333,953.1,0.0,32.95972222222222,-290.5263888888889,0.0,-1000.0,75.87986111111111,290.5263888888889,1000.0,0.0,75.87986111111111,39.333333333333336,232.36874999999998,T11,0.3,8.9,3.6631944444444446,0.32319444444444445,0.0,9.1,3.6590277777777778,0.3260416666666667,23.0,29.0,25.70138888888889,1008.0,1011.0,1009.1458333333334,37.0,83.0,64.79166666666667,0.0,0.0,0.0,0.0,70.03472222222223,69.90277777777777,409.0625,,0
2016-08-06 00:00:00+00:00,1844.2,1198.8,1651.6236111111111,35.08472222222222,78.59722222222223,104.07638888888889,103.79166666666667,103.48611111111111,47.229166666666664,56.479166666666664,67.32638888888889,36.97222222222222,16.2,10.6,14.627083333333335,38.9,0.4,10.879166666666666,2.1902777777777778,-0.3499999999999999,98.01527777777778,27.770833333333332,0.0,265940.94444444444,38295496.0,0.0,-4959216,82.77083333333333,94.66666666666667,86.42361111111111,49.548611111111114,51.02777777777778,36.041666666666664,52.375,49.201388888888886,30.29861111111111,-3.4,16.5,1.3215277777777779,2.2486111111111113,112.67361111111111,50.298611111111114,51.43055555555556,50.9375,46.729166666666664,1595.7493055555556,0.9993055555555556,50.0,399.31458333333336,396.6506944444444,399.0805555555555,1337.8034722222224,1365.2465277777778,1332.1125000000002,2110.5,167.8,51.96527777777778,0.3013888888888889,10.611805555555556,218.84027777777777,-206.63541666666666,-111.5,-244.7,3.3881944444444443,1591.961111111111,2000.0,157.1,216.55763888888887,-821.8513888888889,-583.3,-1000.0,118.28750000000001,684.2645833333333,1000.0,406.1,145.8638888888889,60.583333333333336,98.36458333333333,T11,3.3,22.2,12.899999999999999,1.7695138888888888,3.4,22.3,12.977777777777778,1.8028472222222223,25.0,30.0,26.680555555555557,1009.0,1012.0,1010.4583333333334,43.0,78.0,64.18055555555556,0.0,0.0,0.0,0.0,255.20833333333334,256.6388888888889,410.38194444444446,,0
2016-08-07 00:00:00+00:00,1833.9,0.0,1537.526241134752,76.08156028368795,64.67375886524823,87.30496453900709,87.52482269503547,87.34042553191489,44.39716312056738,54.60283687943262,64.22695035460993,36.156028368794324,16.1,0.0,13.61276595744681,39.7,0.5,9.102836879432624,2.0148936170212766,1.4808510638297874,105.62127659574469,27.120567375886523,-49.09219858156028,183705.39716312056,25895540.0,-34.716312056737586,-4568933,74.09219858156028,83.0354609929078,76.58156028368795,45.11347517730496,47.5886524822695,35.156028368794324,48.1063829787234,42.50354609929078,29.78723404255319,-3.4,90.0,1.2460992907801418,2.1609929078014183,100.80141843971631,45.56028368794326,46.652482269503544,46.39007092198582,43.241134751773046,1093.4886524822696,0.9539007092198581,49.99929078014184,398.9326241134752,396.3602836879433,398.7482269503546,932.6553191489361,952.4056737588653,919.3659574468086,2113.3,-52.5,45.695035460992905,0.6723404255319149,8.773758865248226,260.322695035461,-193.62836879432624,11.5,-242.0,8.78014184397163,1110.1851063829788,2000.0,0.0,254.10070921985815,-864.6886524822695,0.0,-1000.0,115.54751773049647,792.9460992907801,1000.0,0.0,137.50709219858157,54.53900709219858,104.13829787234043,T11,3.4,23.2,12.760416666666666,1.7128472222222222,3.8,22.9,12.834027777777777,1.7482638888888888,24.0,29.0,25.96527777777778,1009.0,1012.0,1010.5416666666666,41.0,70.0,55.84027777777778,0.0,0.0,0.0,0.0,252.29166666666666,253.83333333333334,410.49305555555554,,0
2016-08-08 00:00:00+00:00,1856.0,1217.1,1648.1354166666667,43.96666666666667,77.40972222222223,105.94444444444444,105.66666666666667,105.375,48.625,55.673611111111114,66.81944444444444,37.27777777777778,16.3,10.8,14.597916666666666,43.4,0.7000000000000001,11.440972222222221,2.464583333333333,-0.2909722222222222,93.39861111111111,26.618055555555557,0.0,268933.38194444444,38726408.0,0.0,-5144256,82.29861111111111,94.88888888888889,87.36111111111111,49.22222222222222,51.11805555555556,34.72222222222222,52.125,48.201388888888886,29.069444444444443,-2.8,23.2,2.6902777777777778,2.642361111111111,114.17361111111111,49.99305555555556,51.09027777777778,50.56944444444444,46.28472222222222,1613.5965277777777,0.9930555555555556,49.99930555555555,398.92777777777775,396.47847222222225,398.85625000000005,1357.0590277777778,1379.7319444444445,1347.9430555555555,2111.3,48.5,51.5625,0.3763888888888889,11.149999999999999,214.825,-214.33958333333334,-155.9,-240.5,3.663888888888889,1610.0833333333333,2000.0,46.4,213.03611111111113,-797.3305555555556,-227.5,-1000.0,108.76736111111111,662.5250000000001,1000.0,227.5,131.54305555555555,60.208333333333336,93.68263888888889,T11,6.1,24.6,14.051388888888889,2.423541666666667,5.9,23.8,14.12638888888889,2.4747222222222223,23.0,29.0,25.40277777777778,1009.0,1011.0,1009.8472222222222,42.0,75.0,59.270833333333336,0.0,0.0,0.0,0.0,278.19444444444446,279.69444444444446,409.8125,,0
2016-08-09 00:00:00+00:00,1756.1,0.0,1568.6915254237288,51.53983050847457,59.889830508474574,83.7542372881356,84.2457627118644,83.78813559322033,39.90677966101695,53.610169491525426,63.67796610169491,36.40677966101695,15.5,0.0,13.891525423728813,24.5,0.6000000000000001,8.616949152542373,1.361864406779661,2.661864406779661,108.12457627118644,27.279661016949152,-5.762711864406779,171101.51694915254,20189300.0,-11.423728813559322,-3357725,66.10169491525424,74.11016949152543,69.45762711864407,45.059322033898304,46.92372881355932,33.88135593220339,47.17796610169491,41.57627118644068,28.627118644067796,-3.3,90.0,-0.4754237288135593,0.9211864406779662,97.0677966101695,45.30508474576271,46.40677966101695,46.21186440677966,43.313559322033896,1024.0135593220339,0.9830508474576272,50.0,398.58813559322033,396.28644067796614,397.46016949152545,860.0796610169491,889.1118644067797,864.9,2103.3,-31.2,44.29661016949152,0.45847457627118643,8.32542372881356,178.59237288135594,-170.54406779661016,9.8,-234.7,6.134745762711864,1040.2627118644068,2000.0,0.0,182.70508474576272,-959.8796610169492,0.0,-1000.0,43.89576271186441,913.0296610169491,1000.0,0.0,76.4864406779661,53.16101694915254,105.46525423728814,T11,1.6,16.0,8.59236111111111,1.2624305555555555,1.3,16.2,8.652777777777779,1.2827777777777778,24.0,32.0,26.9375,1006.0,1010.0,1008.0902777777778,28.0,58.0,42.21527777777778,0.0,0.0,0.0,0.0,168.79166666666666,170.08333333333334,408.0416666666667,,0
2016-08-10 00:00:00+00:00,1809.4,134.5,1427.603472222222,45.40347222222223,61.03472222222222,87.11111111111111,87.10416666666667,86.86805555555556,43.72222222222222,54.173611111111114,62.875,35.048611111111114,15.9,0.0,12.634027777777778,38.5,0.4,8.958333333333334,1.8298611111111112,-1.0138888888888888,110.03958333333334,26.48611111111111,-215.86111111111111,192128.26388888888,27635387.0,-169.95138888888889,-3960393,71.73611111111111,81.42361111111111,74.72222222222223,45.77777777777778,47.875,34.701388888888886,49.111111111111114,43.0,28.9375,-3.0,48.3,3.2604166666666665,2.1548611111111113,99.26388888888889,46.138888888888886,47.236111111111114,46.951388888888886,43.770833333333336,1151.6645833333334,0.9284722222222221,50.0,399.3208333333333,396.7423611111111,398.12638888888887,973.3298611111111,998.3812499999999,973.2375000000001,2110.1,-49.8,47.423611111111114,0.40208333333333335,8.625,198.01736111111111,-165.06805555555556,732.9,-848.5,17.495833333333334,1151.7458333333334,2000.0,0.0,197.05208333333334,-727.9395833333333,0.0,-1000.0,112.79236111111112,637.1076388888889,1000.0,0.0,144.07430555555555,52.770833333333336,111.05833333333334,T11,1.1,17.9,9.080555555555556,1.4025694444444445,1.3,18.2,9.152777777777779,1.4109027777777776,22.0,30.0,25.381944444444443,1005.0,1008.0,1006.3125,41.0,78.0,56.13194444444444,0.0,0.0,0.0,0.0,178.58333333333334,179.94444444444446,406.27777777777777,,0
2016-08-11 00:00:00+00:00,1842.5,1207.7,1644.0743055555556,48.95,69.31944444444444,104.86805555555556,104.54166666666667,104.29166666666667,48.1875,55.375,66.59722222222223,37.138888888888886,16.2,10.7,14.563888888888888,41.3,0.7000000000000001,11.17361111111111,2.4944444444444445,-1.0791666666666666,100.88819444444444,26.59722222222222,0.0,266316.46527777775,38349571.0,0.0,-5139048,81.85416666666667,94.63194444444444,86.81944444444444,49.18055555555556,51.05555555555556,34.875,51.888888888888886,47.9375,29.131944444444443,-3.1,18.0,2.2159722222222222,2.6618055555555555,113.35416666666667,49.9375,51.05555555555556,50.625,46.388888888888886,1597.85,0.9972222222222222,49.99791666666667,399.2131944444444,396.6951388888889,399.19930555555555,1342.1437500000002,1366.8409722222223,1333.8333333333333,2114.8,44.7,51.354166666666664,0.42291666666666666,10.888194444444444,246.90972222222223,-214.1236111111111,-124.9,-285.4,3.8506944444444446,1593.6930555555555,2000.0,39.3,244.40416666666664,-798.6451388888888,-192.5,-1000.0,118.03611111111111,664.0819444444445,1000.0,192.5,143.72777777777776,59.4375,101.96944444444445,T11,3.0,23.1,13.23125,2.3336805555555555,3.0,23.4,13.299305555555556,2.3665972222222225,23.0,29.0,25.395833333333332,1007.0,1010.0,1008.3333333333334,44.0,74.0,60.53472222222222,0.0,0.0,0.0,0.0,261.72222222222223,263.1666666666667,408.28472222222223,,0
2016-08-12 00:00:00+00:00,1910.2,1163.1,1657.2569444444443,48.43194444444444,72.72916666666667,110.29861111111111,109.76388888888889,109.47222222222223,50.270833333333336,55.93055555555556,67.22222222222223,37.63194444444444,16.5,10.3,14.681249999999999,40.7,0.5,12.60625,2.995833333333333,-0.2187499999999999,101.83680555555556,26.118055555555557,0.0,288759.61805555556,41581385.0,0.0,-5195212,84.45138888888889,98.17361111111111,89.88888888888889,50.09027777777778,51.833333333333336,34.513888888888886,52.833333333333336,49.166666666666664,28.73611111111111,-2.9,23.3,4.868055555555555,3.420138888888889,117.09722222222223,50.96527777777778,52.05555555555556,51.49305555555556,46.93055555555556,1732.545138888889,0.9972222222222222,49.99930555555555,399.4583333333333,397.05069444444445,399.77986111111113,1454.8854166666667,1475.3159722222222,1443.3958333333333,2115.6,71.7,52.72222222222222,0.4152777777777778,12.225694444444445,212.3534722222222,-216.47083333333333,-165.9,-242.5,3.277083333333333,1728.3722222222223,2000.0,68.8,210.04583333333332,-741.3499999999999,-336.9,-1000.0,113.68125,591.3854166666666,1000.0,336.9,133.62152777777777,60.43055555555556,102.06041666666667,T11,1.7000000000000002,26.2,14.413888888888888,3.802430555555555,1.7000000000000002,26.0,14.480555555555554,3.860347222222222,23.0,28.0,24.9375,1009.0,1012.0,1010.4166666666666,41.0,71.0,56.80555555555556,0.0,0.0,0.0,0.0,285.4513888888889,286.84722222222223,410.3888888888889,,0
2016-08-13 00:00:00+00:00,1855.7,1207.2,1652.8194444444443,44.05416666666667,69.0625,106.125,105.5625,105.49305555555556,48.61805555555556,55.333333333333336,66.75,36.31944444444444,16.2,10.7,14.645138888888889,37.8,0.4,11.633333333333333,2.5395833333333333,0.26111111111111107,97.36041666666667,25.82638888888889,0.0,275216.96527777775,39631243.0,0.0,-5054885,81.95833333333333,94.99305555555556,86.98611111111111,48.90277777777778,50.25694444444444,33.90277777777778,51.22222222222222,46.72222222222222,28.13888888888889,-2.7,21.0,2.8694444444444445,2.7381944444444444,113.50694444444444,49.75694444444444,50.84722222222222,50.31944444444444,45.854166666666664,1651.211111111111,0.9986111111111112,49.99861111111111,399.2972222222222,396.89930555555554,399.56875,1387.5881944444445,1407.3229166666667,1375.9881944444444,2109.0,73.3,50.69444444444444,0.3784722222222222,11.306944444444445,238.0881944444444,-210.61666666666667,-166.7,-240.0,3.4347222222222222,1647.4527777777778,2000.0,58.9,235.4951388888889,-789.0416666666666,-288.3,-1000.0,120.9798611111111,646.7263888888889,1000.0,288.3,149.48611111111111,58.458333333333336,97.09930555555555,T11,2.6,23.5,13.40763888888889,2.583263888888889,2.6,23.4,13.466666666666667,2.6213194444444445,22.0,28.0,24.46527777777778,1008.0,1011.0,1009.7083333333334,46.0,73.0,58.833333333333336,0.0,0.0,0.0,0.0,265.2361111111111,266.47222222222223,409.7013888888889,,0
2016-08-14 00:00:00+00:00,1837.4,1288.8,1663.9604166666666,33.81527777777777,70.88194444444444,109.61111111111111,108.97916666666667,108.90972222222223,50.701388888888886,55.854166666666664,67.43055555555556,36.125,16.1,11.4,14.738194444444446,42.1,0.6000000000000001,11.629166666666666,2.4583333333333335,-0.636111111111111,98.79305555555555,26.17361111111111,0.0,289304.34027777775,41659825.0,0.0,-5098153,84.20138888888889,97.90972222222223,89.49305555555556,49.611111111111114,51.083333333333336,34.236111111111114,52.28472222222222,48.104166666666664,28.555555555555557,-3.2,17.4,2.5472222222222225,2.865277777777778,116.04861111111111,50.50694444444444,51.604166666666664,51.06944444444444,46.46527777777778,1735.8409722222223,1.0,49.99930555555555,399.56597222222223,397.10625000000005,399.8347222222222,1456.2333333333333,1477.2430555555557,1445.3930555555555,2113.6,235.1,52.138888888888886,0.2847222222222222,11.315277777777778,218.25208333333333,-212.425,-164.9,-232.4,2.9430555555555555,1731.0895833333334,2000.0,211.5,214.92847222222224,-769.5229166666667,-583.3,-1000.0,135.90694444444443,610.7013888888889,1000.0,406.1,156.68819444444443,59.40972222222222,99.44513888888889,T11,5.2,20.1,12.899305555555555,1.7787499999999998,5.5,20.5,12.962499999999999,1.8079166666666664,23.0,28.0,24.930555555555557,1007.0,1009.0,1007.9583333333334,53.0,71.0,62.09027777777778,0.0,0.0,0.0,0.0,255.09722222222223,256.36805555555554,407.88194444444446,,0
2016-08-15 00:00:00+00:00,1807.7,57.8,1518.204861111111,73.44513888888889,56.69444444444444,82.15972222222223,82.57638888888889,82.25694444444444,42.326388888888886,53.74305555555556,62.94444444444444,34.333333333333336,15.9,0.0,13.445833333333333,32.3,0.7000000000000001,8.241666666666667,1.5763888888888888,-0.6875,101.41180555555555,25.743055555555557,-62.263888888888886,158017.73611111112,22745588.0,-41.138888888888886,-3757727,68.40972222222223,77.15277777777777,71.61111111111111,43.47222222222222,45.0,32.979166666666664,45.21527777777778,38.84722222222222,27.40277777777778,-3.3,83.6,-0.5729166666666666,1.2312500000000002,97.24305555555556,43.729166666666664,44.826388888888886,44.611111111111114,41.59027777777778,947.7951388888889,0.9604166666666667,50.0,399.0159722222222,396.56875,398.04999999999995,799.7381944444445,826.3347222222222,799.8909722222222,2110.0,-50.9,42.30555555555556,0.6493055555555556,8.070138888888888,208.18124999999998,-156.56041666666667,351.0,-801.7,11.898611111111112,947.5187500000001,2000.0,0.0,207.02638888888887,-896.5729166666666,0.0,-1000.0,92.29861111111111,842.91875,1000.0,0.0,110.52916666666667,50.888888888888886,99.60347222222222,T11,1.5,17.8,8.39375,1.2011111111111112,1.1,17.9,8.443750000000001,1.2070138888888888,23.0,28.0,24.70138888888889,1006.0,1010.0,1008.3333333333334,56.0,77.0,68.125,0.0,0.0,0.0,0.0,164.76388888888889,165.66666666666666,408.31944444444446,,0
2016-08-16 00:00:00+00:00,1694.4,0.0,893.3270833333333,129.68333333333334,46.75,57.326388888888886,57.90972222222222,57.86805555555556,39.38194444444444,50.083333333333336,53.923611111111114,35.24305555555556,15.0,0.0,7.786111111111111,41.0,0.4,4.452083333333333,0.86875,1.9486111111111113,139.1326388888889,29.083333333333332,-763.375,38261.72222222222,5399762.0,-639.7361111111111,-1257658,59.40277777777778,64.48611111111111,59.47222222222222,41.083333333333336,44.25,37.52777777777778,45.00694444444444,35.423611111111114,31.791666666666668,-3.3,89.7,11.397916666666667,3.5305555555555554,72.84722222222223,40.52777777777778,41.673611111111114,41.6875,40.951388888888886,224.96041666666667,0.7854166666666668,50.0,399.1027777777778,397.23125000000005,396.7277777777778,207.27638888888887,221.56180555555557,211.90416666666667,1723.7,-50.9,40.97222222222222,1.2222222222222223,4.373611111111111,55.86944444444444,-52.416666666666664,653.2,-850.3,32.83402777777778,237.98611111111111,1744.2,0.0,59.3736111111111,-388.7868055555556,0.0,-1000.0,82.89166666666667,386.59513888888887,1000.0,0.0,85.11944444444445,42.736111111111114,142.18819444444443,T11,0.2,10.0,4.238888888888889,0.49347222222222226,0.2,9.9,4.216666666666667,0.4964583333333333,23.0,34.0,27.65277777777778,1006.0,1009.0,1007.5486111111111,32.0,77.0,56.111111111111114,0.0,0.0,0.0,0.0,81.64583333333333,81.11805555555556,407.52777777777777,,0
2016-08-17 00:00:00+00:00,1684.2,0.0,783.5701388888889,65.59166666666667,43.50694444444444,52.083333333333336,52.65972222222222,52.583333333333336,39.88194444444444,48.68055555555556,51.611111111111114,35.03472222222222,14.9,0.0,6.709722222222222,22.4,0.4,4.014583333333333,0.7291666666666666,-6.621527777777778,215.8451388888889,27.680555555555557,-517.8055555555555,28604.958333333332,4044552.0,-353.5208333333333,-1205127,55.208333333333336,59.604166666666664,54.59027777777778,39.958333333333336,43.21527777777778,36.55555555555556,44.00694444444444,33.96527777777778,30.96527777777778,-3.2,89.7,10.886805555555556,1.3506944444444444,65.91666666666667,39.38194444444444,40.50694444444444,40.625,39.875,168.54513888888889,0.8333333333333334,49.99861111111111,398.74652777777777,396.94166666666666,396.05833333333334,157.96666666666667,170.9611111111111,164.21875,1295.2,-50.3,39.80555555555556,0.6097222222222222,4.012499999999999,48.25416666666667,-50.104166666666664,475.8,-549.4,24.68263888888889,174.40833333333333,1311.3,0.0,49.44722222222222,-406.1451388888889,0.0,-1000.0,47.520138888888894,406.1451388888889,1000.0,0.0,47.520138888888894,40.979166666666664,199.95138888888889,T11,0.3,11.1,4.036111111111111,0.28402777777777777,0.2,11.7,4.0256944444444445,0.28444444444444444,23.0,32.0,26.34027777777778,1006.0,1008.0,1006.9583333333334,21.0,72.0,54.861111111111114,0.0,0.0,0.0,0.0,77.36111111111111,77.18055555555556,406.875,,0
2016-08-18 00:00:00+00:00,1645.7,0.0,637.8180555555556,66.61180555555556,39.96527777777778,47.229166666666664,47.826388888888886,47.71527777777778,37.673611111111114,47.77777777777778,49.083333333333336,33.00694444444444,14.6,0.0,5.409027777777777,19.4,0.4,3.33125,0.7034722222222222,-4.927083333333333,237.41041666666666,25.79861111111111,-629.5069444444445,15542.923611111111,2147530.0,-390.97222222222223,-892768,51.236111111111114,55.75,50.97222222222222,38.09722222222222,40.63194444444444,36.1875,41.46527777777778,31.5,30.333333333333332,-2.9,89.8,13.507638888888888,1.5798611111111112,59.4375,37.388888888888886,38.513888888888886,38.611111111111114,37.88194444444444,89.47361111111111,0.8347222222222223,50.0,398.69097222222223,397.1798611111111,396.2708333333333,89.93055555555556,97.68194444444445,93.11597222222223,972.1,-50.1,37.13194444444444,0.6375,3.3569444444444443,35.349999999999994,-37.21805555555555,530.4,-693.0,17.72222222222222,96.27569444444445,979.7,0.0,36.006249999999994,-283.8694444444444,0.0,-1000.0,64.31944444444444,283.8694444444444,1000.0,0.0,64.31944444444444,36.96527777777778,239.8361111111111,T11,0.0,10.9,3.577777777777778,0.22722222222222221,0.0,10.3,3.577777777777778,0.22868055555555555,20.0,29.0,24.118055555555557,1004.0,1008.0,1005.5208333333334,22.0,98.0,71.63194444444444,0.0,0.0,0.0,0.0,68.1875,68.20833333333333,405.4861111111111,,0
2016-08-19 00:00:00+00:00,1660.9,0.0,719.0534722222222,87.99583333333334,40.826388888888886,49.02777777777778,49.5625,49.423611111111114,37.09722222222222,46.6875,49.361111111111114,31.71527777777778,14.7,0.0,6.213888888888889,22.5,0.4,3.782638888888889,0.7569444444444444,-9.515277777777778,229.36249999999998,24.881944444444443,-633.5277777777778,22283.13888888889,3117544.0,-339.7638888888889,-1078090,50.173611111111114,54.75,49.99305555555556,37.826388888888886,39.71527777777778,35.11805555555556,40.611111111111114,31.13888888888889,29.13888888888889,-3.2,69.8,12.130555555555555,1.71875,60.145833333333336,37.09722222222222,38.22222222222222,38.298611111111114,37.375,129.88055555555556,0.8756944444444446,49.99930555555555,398.41319444444446,397.04999999999995,395.99375,120.50347222222223,130.6986111111111,125.17083333333332,1056.3,-49.7,36.24305555555556,0.8159722222222222,3.811111111111111,42.90625,-44.922916666666666,504.0,-537.0,11.315972222222221,139.16944444444445,1065.4,0.0,45.89930555555556,-361.6138888888889,0.0,-1000.0,56.55486111111111,361.6138888888889,1000.0,0.0,56.55486111111111,38.03472222222222,238.88125000000002,T11,0.3,9.9,3.9305555555555554,0.27631944444444445,0.3,9.6,3.884722222222222,0.29194444444444445,19.0,29.0,23.645833333333332,1004.0,1007.0,1005.9236111111111,35.0,100.0,74.65972222222223,0.0,1.0,0.006944444444444444,0.0,75.29861111111111,74.47222222222223,405.8541666666667,,0
2016-08-20 00:00:00+00:00,1697.1,0.0,721.6166666666667,75.33958333333334,43.013888888888886,50.09722222222222,50.59722222222222,50.541666666666664,37.916666666666664,48.34027777777778,50.65972222222222,33.875,15.0,0.0,6.1875,36.8,0.4,3.783333333333333,0.76875,3.3118055555555554,275.45624999999995,26.88888888888889,-638.5,29438.604166666668,4147216.0,-482.74305555555554,-1241562,53.986111111111114,58.513888888888886,53.55555555555556,39.47222222222222,42.30555555555556,35.8125,43.28472222222222,32.55555555555556,29.819444444444443,-3.1,89.7,12.077083333333333,1.557638888888889,62.763888888888886,38.888888888888886,39.97222222222222,40.013888888888886,39.326388888888886,172.7888888888889,0.8194444444444444,49.99930555555555,398.96805555555557,397.2076388888889,396.3173611111111,159.2625,171.35347222222222,163.21249999999998,1502.5,-52.1,39.125,0.7097222222222223,3.7881944444444446,53.361111111111114,-51.703472222222224,573.5,-666.8,16.827777777777776,180.03472222222223,1518.3,0.0,54.97986111111111,-356.49930555555557,0.0,-1000.0,44.208333333333336,356.49583333333334,1000.0,0.0,44.25833333333333,39.916666666666664,284.65416666666664,T11,0.0,11.1,3.923611111111111,0.3222916666666667,0.0,11.7,3.9090277777777778,0.32104166666666667,21.0,31.0,25.32638888888889,1006.0,1010.0,1008.0138888888889,35.0,98.0,71.65277777777777,0.0,0.0,0.0,0.0,75.14583333333333,74.88194444444444,407.9583333333333,,0
2016-08-21 00:00:00+00:00,1767.0,0.0,978.1770833333334,65.80902777777777,54.99305555555556,63.173611111111114,63.458333333333336,63.333333333333336,39.0625,49.791666666666664,54.854166666666664,34.1875,15.5,0.0,8.518055555555556,38.2,0.4,5.515277777777778,1.1180555555555556,-4.59375,142.20486111111111,26.604166666666668,-434.9236111111111,89345.17361111111,12803076.0,-306.0486111111111,-2404074,59.048611111111114,65.11111111111111,59.638888888888886,41.729166666666664,43.520833333333336,34.88194444444444,44.36805555555556,36.09027777777778,29.166666666666668,-3.3,53.7,8.385416666666666,1.1548611111111111,73.42361111111111,41.5,42.708333333333336,42.645833333333336,40.923611111111114,533.4131944444445,0.8770833333333333,50.0,398.79097222222225,396.7729166666667,397.02986111111113,462.9243055555556,474.6381944444444,458.8847222222222,2104.4,-51.3,40.951388888888886,0.6069444444444445,5.439583333333333,138.86319444444445,-100.18125,568.3,-937.9,16.12222222222222,537.8569444444444,2000.0,0.0,138.2527777777778,-520.2840277777777,0.0,-1000.0,67.42777777777778,489.79791666666665,1000.0,0.0,89.09097222222222,46.03472222222222,146.80555555555554,T11,0.0,16.9,6.35,0.6793055555555555,0.0,16.9,6.388194444444444,0.686875,19.0,31.0,25.1875,1009.0,1011.0,1010.1736111111111,52.0,100.0,73.84722222222223,0.0,0.0,0.0,0.0,123.77083333333333,124.57638888888889,410.13194444444446,,0
2016-08-22 00:00:00+00:00,1845.8,1207.4,1602.9847222222222,55.4875,72.80555555555556,97.0,96.86805555555556,96.74305555555556,43.80555555555556,56.1875,66.10416666666667,36.61805555555556,16.2,10.7,14.202777777777778,41.2,0.7000000000000001,10.406944444444443,2.1375,-0.38611111111111107,104.68541666666667,27.145833333333332,-1.4097222222222223,224159.69444444444,32278793.0,-1.0069444444444444,-4669825,80.63888888888889,91.25,83.70138888888889,48.013888888888886,49.041666666666664,35.083333333333336,50.020833333333336,44.3125,29.29861111111111,-3.2,18.1,2.0118055555555556,2.1020833333333333,107.77777777777777,48.625,49.75,49.270833333333336,45.59722222222222,1345.0576388888887,0.9833333333333333,49.99861111111111,399.1666666666667,396.8333333333333,399.20694444444445,1135.00625,1153.7208333333333,1123.6854166666667,2110.4,-49.7,48.8125,0.4854166666666667,10.168055555555556,173.01180555555555,-194.57986111111111,14.4,-244.6,3.9722222222222223,1342.6604166666666,2000.0,0.0,172.04652777777778,-824.8583333333333,0.0,-1000.0,77.68958333333333,728.7340277777778,1000.0,0.0,88.12916666666666,58.15277777777778,105.07499999999999,T11,2.3,22.7,12.240277777777777,1.9384027777777777,2.4,23.0,12.315277777777778,1.9678472222222223,24.0,29.0,26.125,1009.0,1012.0,1010.4652777777778,55.0,82.0,68.63888888888889,0.0,0.0,0.0,0.0,241.92361111111111,243.40277777777777,410.375,,0
2016-08-23 00:00:00+00:00,1847.3,1206.6,1619.9881944444444,50.86666666666667,70.5,101.38194444444444,101.27083333333333,100.95138888888889,46.65972222222222,55.520833333333336,66.31944444444444,36.673611111111114,16.2,10.7,14.352083333333333,41.5,0.7000000000000001,10.352083333333333,2.1409722222222225,-0.009027777777777857,100.21458333333334,27.22222222222222,0.0,244797.98611111112,35250910.0,0.0,-4974500,78.86111111111111,90.57638888888889,83.23611111111111,48.68055555555556,50.18055555555556,35.013888888888886,50.854166666666664,46.09027777777778,29.25,-2.9,16.2,1.25,1.9979166666666666,110.25,49.395833333333336,50.5,50.041666666666664,46.076388888888886,1468.6243055555556,0.9868055555555555,49.99930555555555,399.3527777777778,396.94722222222225,399.40694444444443,1237.2236111111113,1257.3937500000002,1226.0555555555557,2108.9,-22.8,49.99305555555556,0.4409722222222222,10.22013888888889,221.24444444444444,-207.27083333333334,0.1,-247.2,3.908333333333333,1465.4722222222222,2000.0,0.0,219.33888888888887,-827.9965277777778,0.0,-1000.0,102.53402777777778,710.9027777777778,1000.0,0.0,126.30000000000001,58.21527777777778,100.22361111111111,T11,2.1,23.0,12.965972222222222,1.5685416666666667,2.0,22.4,13.043055555555556,1.5917361111111112,24.0,29.0,25.92361111111111,1007.0,1011.0,1009.0902777777778,44.0,67.0,55.923611111111114,0.0,0.0,0.0,0.0,256.5138888888889,257.94444444444446,409.0486111111111,,0
2016-08-24 00:00:00+00:00,1837.2,1221.9,1647.927777777778,41.86944444444444,68.05555555555556,103.91666666666667,103.57638888888889,103.25694444444444,47.298611111111114,55.638888888888886,66.80555555555556,36.111111111111114,16.3,10.8,14.596527777777778,42.0,0.5,11.125,2.352777777777778,0.013888888888888938,102.06527777777778,26.569444444444443,0.0,267745.30555555556,38555324.0,0.0,-5081528,83.46527777777777,96.22222222222223,88.09722222222223,49.31944444444444,49.9375,34.625,50.951388888888886,46.25694444444444,28.881944444444443,-3.0,18.8,2.0701388888888888,2.48125,111.89583333333333,50.11805555555556,51.25,50.708333333333336,46.395833333333336,1606.3270833333333,0.9958333333333333,49.99930555555555,399.4013888888889,396.79999999999995,399.35,1348.9243055555555,1373.2194444444444,1340.0284722222223,2115.4,105.5,50.44444444444444,0.3631944444444445,10.908333333333333,227.66041666666666,-211.72847222222222,-133.8,-245.5,3.2944444444444443,1602.829861111111,2000.0,101.1,225.21944444444443,-807.5444444444444,-495.3,-1000.0,113.14236111111111,673.1423611111111,1000.0,406.1,141.16250000000002,57.916666666666664,102.0638888888889,T11,2.4,20.9,12.90763888888889,1.766875,2.5,20.9,12.978472222222223,1.7984722222222222,23.0,36.0,25.28472222222222,1005.0,1008.0,1006.5,43.0,76.0,61.5625,0.0,0.0,0.0,0.0,255.33333333333334,256.6041666666667,406.4861111111111,,0
2016-08-25 00:00:00+00:00,1824.5,1194.2,1647.8444444444444,39.44722222222222,66.97222222222223,102.46527777777777,102.15972222222223,101.90972222222223,47.25,54.826388888888886,66.375,36.00694444444444,16.1,10.6,14.59861111111111,40.9,0.6000000000000001,10.821527777777778,2.254861111111111,-1.1159722222222221,100.52083333333333,26.444444444444443,0.0,261880.46527777778,37710787.0,0.0,-5051524,77.15277777777777,89.42361111111111,82.02083333333333,48.798611111111114,49.708333333333336,34.458333333333336,50.59722222222222,46.06944444444444,28.73611111111111,-3.3,18.0,1.3680555555555556,2.1194444444444445,110.70138888888889,49.5625,50.6875,50.236111111111114,45.97222222222222,1571.3423611111111,0.9979166666666666,49.99930555555555,399.5652777777778,397.0625,399.5472222222222,1319.2701388888888,1343.1861111111111,1310.3319444444444,2109.2,18.2,49.8125,0.3402777777777778,10.60763888888889,245.00416666666666,-210.47569444444446,-88.9,-236.0,3.2756944444444445,1567.9013888888887,2000.0,16.7,242.54513888888889,-830.7909722222222,-81.6,-1000.0,111.26319444444444,703.4145833333333,1000.0,81.6,148.84166666666667,57.416666666666664,101.65277777777777,T11,6.1,21.1,12.406944444444443,1.735,6.2,20.9,12.479166666666666,1.760486111111111,23.0,29.0,25.166666666666668,1003.0,1006.0,1004.3333333333334,50.0,75.0,64.38194444444444,0.0,0.0,0.0,0.0,245.31944444444446,246.56944444444446,404.28472222222223,,0
2016-08-26 00:00:00+00:00,1838.7,1209.1,1639.3666666666666,45.927083333333336,66.13888888888889,100.8125,100.66666666666667,100.38888888888889,48.013888888888886,55.138888888888886,66.47222222222223,36.173611111111114,16.1,10.7,14.525694444444444,38.2,0.8,10.381250000000001,2.1618055555555555,-1.1208333333333333,102.7798611111111,27.041666666666668,0.0,250041.13194444444,36005923.0,0.0,-4927676,77.07638888888889,88.77777777777777,81.63194444444444,48.49305555555556,49.673611111111114,34.96527777777778,50.52777777777778,46.09027777777778,29.256944444444443,-2.7,18.0,0.5972222222222222,1.8423611111111111,109.6875,49.236111111111114,50.326388888888886,49.923611111111114,45.895833333333336,1500.1298611111113,0.9965277777777778,49.99861111111111,399.36875,396.8611111111111,399.25,1260.2902777777776,1284.086111111111,1252.18125,2107.8,61.0,49.5625,0.3958333333333333,10.191666666666666,267.2013888888889,-205.31458333333333,-125.7,-234.2,4.110416666666667,1496.8034722222224,2000.0,56.7,264.9770833333333,-857.8208333333333,-277.6,-1000.0,110.78194444444445,739.4138888888889,1000.0,277.6,151.10000000000002,61.354166666666664,103.90277777777777,T11,3.1,21.7,11.238888888888889,1.3921527777777778,2.8,22.0,11.31388888888889,1.412638888888889,23.0,30.0,25.805555555555557,1004.0,1008.0,1005.0763888888889,44.0,76.0,60.861111111111114,0.0,0.0,0.0,0.0,221.83333333333334,223.3125,405.0486111111111,,0
2016-08-27 00:00:00+00:00,1748.2,1208.6,1480.7076388888888,58.200694444444444,63.19444444444444,79.35416666666667,80.04166666666667,79.75694444444444,40.986111111111114,54.083333333333336,62.5,36.111111111111114,15.5,10.7,13.119444444444445,39.3,0.6000000000000001,7.411111111111111,1.3826388888888888,0.2708333333333333,110.94861111111112,28.541666666666668,-5.854166666666667,124419.71527777778,17915596.0,-3.888888888888889,-3411566,65.95138888888889,73.41666666666667,68.36805555555556,44.30555555555556,46.916666666666664,36.3125,47.1875,40.479166666666664,30.65972222222222,-3.2,7.4,-1.438888888888889,0.6069444444444445,97.36805555555556,44.43055555555556,45.5625,45.40277777777778,43.111111111111114,746.3902777777778,0.932638888888889,49.99930555555555,398.8076388888889,396.32708333333335,397.79305555555555,634.2506944444444,658.557638888889,631.0701388888889,2103.0,-49.4,43.9375,0.5111111111111112,7.236111111111111,186.29583333333332,-142.15833333333333,18.2,-205.2,8.670833333333333,746.0652777777777,2000.0,0.0,186.08472222222224,-908.8409722222223,0.0,-1000.0,81.19375,876.4923611111111,1000.0,0.0,105.16180555555555,52.270833333333336,110.67847222222223,T11,1.2,12.5,7.3500000000000005,0.6267361111111112,1.4,12.3,7.415277777777778,0.6324305555555556,24.0,32.0,27.32638888888889,1007.0,1010.0,1008.2430555555555,42.0,77.0,57.791666666666664,0.0,0.0,0.0,0.0,143.88888888888889,145.13888888888889,408.1666666666667,,0
2016-08-28 00:00:00+00:00,1588.4,0.0,702.5770833333333,69.34166666666667,44.298611111111114,52.34722222222222,52.99305555555556,52.90972222222222,40.71527777777778,50.083333333333336,52.041666666666664,35.638888888888886,14.0,0.0,6.065277777777777,15.6,0.4,3.5,0.6534722222222222,6.21875,162.76805555555555,29.256944444444443,-785.8611111111111,14281.743055555555,1943404.0,-630.3055555555555,-930323,55.15277777777778,59.638888888888886,54.81944444444444,40.90277777777778,44.0,38.701388888888886,44.72222222222222,35.125,32.97222222222222,-3.0,89.7,12.156944444444443,1.8791666666666669,67.15972222222223,40.21527777777778,41.34027777777778,41.451388888888886,40.986111111111114,80.95347222222222,0.7652777777777778,49.99930555555555,398.92291666666665,396.9555555555555,395.84027777777777,84.84652777777778,97.22291666666666,89.4361111111111,689.3,-50.1,40.4375,0.6694444444444445,3.4868055555555557,24.414583333333333,-38.73888888888889,404.8,-387.2,16.321527777777778,88.96458333333334,705.0,0.0,25.17361111111111,-300.6361111111111,0.0,-1000.0,57.240972222222226,300.6361111111111,1000.0,0.0,57.240972222222226,43.00694444444444,161.54305555555555,T11,0.0,9.4,3.997916666666667,0.23159722222222223,0.0,9.5,4.013194444444444,0.23416666666666666,23.0,33.0,27.71527777777778,1009.0,1012.0,1010.3333333333334,39.0,78.0,57.229166666666664,0.0,0.0,0.0,0.0,76.69444444444444,77.06944444444444,410.25,,0
2016-08-29 00:00:00+00:00,1591.7,0.0,540.7361111111111,61.892361111111114,42.104166666666664,47.986111111111114,48.423611111111114,48.36805555555556,40.80555555555556,48.083333333333336,49.020833333333336,35.80555555555556,14.1,0.0,4.632638888888889,16.7,0.4,2.925,0.5618055555555556,-11.958333333333334,239.58958333333334,29.555555555555557,-857.0486111111111,8302.361111111111,1072127.0,-710.5763888888889,-671741,53.826388888888886,57.875,52.763888888888886,41.22222222222222,43.638888888888886,38.020833333333336,44.395833333333336,34.729166666666664,32.15972222222222,-2.8,89.8,15.225694444444445,1.75625,59.333333333333336,40.34722222222222,41.458333333333336,41.625,41.47222222222222,44.68888888888889,0.7479166666666667,50.00138888888889,398.47083333333336,397.00347222222223,395.12708333333336,54.24236111111111,62.21041666666666,58.85069444444444,693.1,-50.0,40.166666666666664,0.5715277777777777,2.9361111111111113,24.806944444444447,-28.004166666666666,668.2,-865.2,16.79513888888889,52.950694444444444,704.1,0.0,25.00347222222222,-199.33680555555554,0.0,-1000.0,67.82986111111111,199.33680555555554,1000.0,0.0,67.82986111111111,41.36805555555556,274.0569444444444,T11,0.0,9.0,3.3499999999999996,0.1938888888888889,0.3,8.7,3.3375000000000004,0.19555555555555557,24.0,34.0,27.95138888888889,1008.0,1012.0,1010.3055555555555,22.0,71.0,48.104166666666664,0.0,0.0,0.0,0.0,63.61805555555556,63.451388888888886,410.28472222222223,,0
2016-08-30 00:00:00+00:00,1399.5,0.0,269.35,61.24166666666666,34.90277777777778,38.43055555555556,38.55555555555556,38.59722222222222,38.013888888888886,43.22222222222222,42.861111111111114,32.125,12.4,0.0,2.2680555555555557,9.4,0.4,2.4222222222222225,0.4930555555555556,-11.116666666666667,205.5652777777778,23.65277777777778,-935.2361111111111,1838.6805555555557,65045.0,-672.2638888888889,-131848,47.236111111111114,51.06944444444444,46.69444444444444,37.69444444444444,39.111111111111114,31.805555555555557,40.333333333333336,29.40277777777778,27.083333333333332,-2.4,90.0,24.57638888888889,2.415277777777778,43.263888888888886,36.75,37.84722222222222,37.958333333333336,37.75,5.368055555555555,0.7930555555555556,50.00277777777777,398.3333333333333,397.0,394.61805555555554,27.126388888888886,28.806944444444444,29.761111111111113,300.0,-44.5,35.888888888888886,0.6152777777777778,2.4180555555555556,8.288888888888888,-10.925,597.7,-956.7,30.82222222222222,16.729166666666668,303.5,0.0,11.662500000000001,-52.265277777777776,0.0,-1000.0,24.601388888888888,52.265277777777776,1000.0,0.0,24.601388888888888,36.27777777777778,226.67638888888888,T11,0.0,9.5,4.179861111111111,0.265,0.0,9.7,3.9777777777777774,0.3348611111111111,20.0,29.0,23.90972222222222,1008.0,1011.0,1009.3333333333334,39.0,100.0,73.66666666666667,0.0,0.0,0.0,0.0,80.34722222222223,76.27083333333333,409.2638888888889,,0
2016-08-31 00:00:00+00:00,1611.0,0.0,715.9179104477612,89.95373134328358,36.61194029850746,45.35820895522388,45.776119402985074,45.582089552238806,34.71641791044776,42.08955223880597,44.95522388059702,29.47761194029851,14.3,0.0,6.1985074626865675,18.4,0.4,3.5582089552238805,0.7104477611940299,-15.771641791044777,178.80746268656716,22.044776119402986,-491.4179104477612,10757.746268656716,687841.0,-197.01492537313433,-423730,40.67164179104478,43.149253731343286,40.43283582089552,37.014925373134325,37.64179104477612,30.34328358208955,39.62686567164179,28.53731343283582,24.328358208955223,-2.5,90.0,14.992537313432836,3.337313432835821,53.6865671641791,36.3134328358209,37.417910447761194,37.47761194029851,36.62686567164179,61.73731343283581,0.8014925373134328,49.9955223880597,398.4507462686567,396.6402985074627,395.589552238806,76.90149253731343,86.37014925373134,78.65970149253731,740.8,-51.1,35.701492537313435,0.7940298507462688,3.602985074626866,41.561194029850746,-37.91194029850746,598.0,-971.7,40.92388059701493,74.30746268656716,764.3,0.0,46.125373134328356,-263.3492537313433,0.0,-1000.0,128.82985074626868,263.3492537313433,1000.0,0.0,128.82985074626868,41.07462686567164,167.71044776119405,T11,0.9,10.6,4.188888888888889,0.47923611111111114,0.9,9.5,3.998611111111111,0.555625,19.0,27.0,22.166666666666668,1009.0,1012.0,1010.0416666666666,50.0,100.0,76.78472222222223,0.0,0.0,0.0,0.0,80.50694444444444,76.65972222222223,409.9861111111111,,0
2016-09-01 00:00:00+00:00,1800.3,1214.7,1570.0534722222224,46.84930555555556,64.65277777777777,86.76388888888889,86.93055555555556,86.65972222222223,41.99305555555556,54.916666666666664,64.53472222222223,33.71527777777778,15.8,10.8,13.90486111111111,38.9,0.7000000000000001,8.9875,1.6409722222222223,-0.49097222222222225,95.08958333333334,26.84722222222222,0.0,191064.90277777778,27513346.0,0.0,-4227809,67.45138888888889,75.36111111111111,69.72916666666667,45.201388888888886,46.701388888888886,34.923611111111114,48.22222222222222,42.263888888888886,28.36111111111111,-3.1,12.5,-0.6486111111111111,1.167361111111111,100.70138888888889,45.72222222222222,46.854166666666664,46.548611111111114,43.27777777777778,1146.396527777778,0.9861111111111112,49.99930555555555,398.7243055555556,396.4909722222222,398.0263888888889,964.2111111111111,988.6590277777777,962.3375000000001,2107.5,17.7,46.50694444444444,0.4083333333333334,8.775694444444445,204.67083333333332,-176.16805555555555,607.1,-980.6,6.355555555555555,1144.459027777778,2000.0,17.2,203.52916666666667,-907.8180555555556,-84.5,-1000.0,82.47152777777778,827.3069444444444,1000.0,84.5,111.02222222222223,60.22222222222222,95.56875,T11,3.2,18.8,10.064583333333333,0.8946527777777779,3.4,18.8,10.129861111111111,0.9195138888888889,23.0,29.0,25.604166666666668,1009.0,1012.0,1010.3472222222222,53.0,85.0,69.71527777777777,0.0,0.0,0.0,0.0,198.20833333333334,199.58333333333334,410.31944444444446,,0
2016-09-02 00:00:00+00:00,1762.8,0.0,1514.7527777777777,82.13541666666667,60.138888888888886,78.86111111111111,79.48611111111111,79.20138888888889,39.96527777777778,53.729166666666664,63.0,35.24305555555556,15.5,0.0,13.413194444444445,40.7,0.4,7.844444444444444,1.5041666666666667,0.21458333333333343,109.26388888888889,27.26388888888889,-75.57638888888889,141212.77777777778,20323758.0,-45.22222222222222,-3844112,67.3125,74.54166666666667,69.67361111111111,43.798611111111114,45.96527777777778,35.1875,46.21527777777778,39.236111111111114,29.430555555555557,-3.3,89.7,-1.1173611111111112,0.984027777777778,95.44444444444444,44.138888888888886,45.25,45.104166666666664,42.576388888888886,846.8895833333333,0.9756944444444444,50.0,398.52986111111113,396.31875,397.9840277777778,720.0395833333333,739.7381944444445,712.1034722222222,2103.7,-50.6,43.166666666666664,0.7291666666666666,7.680555555555555,217.62222222222223,-160.17569444444445,12.6,-219.4,6.8381944444444445,847.3368055555555,2000.0,0.0,217.54861111111111,-951.2458333333333,0.0,-1000.0,47.61805555555556,920.0048611111112,1000.0,0.0,74.64305555555556,52.173611111111114,109.04791666666667,T11,1.5,15.3,8.280555555555557,1.0815972222222223,1.7000000000000002,15.2,8.34513888888889,1.0909722222222222,24.0,31.0,26.25,1009.0,1012.0,1010.3402777777778,47.0,78.0,65.49305555555556,0.0,0.0,0.0,0.0,162.50694444444446,163.88194444444446,410.3263888888889,,0
2016-09-03 00:00:00+00:00,1822.0,1191.6,1533.8090277777778,49.85625,61.15277777777778,84.77777777777777,85.1875,84.875,41.1875,55.513888888888886,64.22222222222223,36.0,16.1,10.6,13.589583333333334,36.8,0.5,8.449305555555556,1.4381944444444443,0.15347222222222218,96.05555555555556,27.9375,-8.354166666666666,164471.94444444444,23682756.0,-5.652777777777778,-4023142,72.36111111111111,80.68055555555556,74.8125,45.68055555555556,47.201388888888886,35.13194444444444,47.958333333333336,41.048611111111114,29.46527777777778,-3.2,15.0,-0.45972222222222225,0.9368055555555556,100.70833333333333,45.99305555555556,47.09722222222222,46.86805555555556,43.99305555555556,986.8104166666667,0.9534722222222223,50.0,398.93819444444443,396.3833333333333,397.9555555555555,834.3902777777778,860.245138888889,831.1048611111112,2107.8,-45.0,45.611111111111114,0.4354166666666667,8.28263888888889,134.1875,-167.6326388888889,14.2,-258.3,6.690972222222222,985.970138888889,2000.0,0.0,133.85833333333332,-878.2076388888888,0.0,-1000.0,70.32361111111112,817.1125,1000.0,0.0,79.28888888888889,54.083333333333336,95.90138888888889,T11,1.9,20.2,9.986805555555556,0.8997916666666667,2.0,20.4,10.070833333333333,0.9254861111111112,24.0,31.0,26.90277777777778,1007.0,1011.0,1009.2222222222222,37.0,77.0,56.84722222222222,0.0,0.0,0.0,0.0,196.875,198.38888888888889,409.1875,,0
2016-09-04 00:00:00+00:00,1703.6,1171.8,1498.271527777778,59.803472222222226,63.27777777777778,76.43055555555556,77.30555555555556,77.04861111111111,41.201388888888886,53.65972222222222,62.673611111111114,37.541666666666664,15.1,10.4,13.268055555555556,38.8,0.5,7.274305555555555,1.1993055555555556,0.7597222222222224,105.72152777777778,30.881944444444443,-1.4166666666666667,109773.67361111111,15807205.0,-0.8055555555555556,-3561346,70.22222222222223,76.35416666666667,71.52083333333333,45.02777777777778,46.875,38.21527777777778,46.798611111111114,40.63194444444444,32.645833333333336,-3.3,6.1,-1.8493055555555555,0.3541666666666667,94.52083333333333,45.145833333333336,46.236111111111114,46.13194444444444,44.236111111111114,658.6729166666667,0.9500000000000001,49.99930555555555,398.6402777777778,396.24652777777777,397.4548611111111,561.129861111111,586.5451388888889,559.3125,2098.2,-51.7,43.138888888888886,0.5256944444444445,7.066666666666666,135.64027777777778,-148.38958333333332,11.9,-210.1,6.925694444444444,658.7486111111111,2000.0,0.0,136.22916666666666,-963.3083333333333,0.0,-1000.0,46.732638888888886,953.7472222222223,1000.0,0.0,55.67847222222222,52.604166666666664,104.95972222222223,T11,1.6,14.2,8.265972222222222,0.8015277777777778,1.8,14.4,8.325,0.809375,25.0,36.0,29.90972222222222,1009.0,1011.0,1009.8819444444445,21.0,59.0,37.833333333333336,0.0,0.0,0.0,0.0,162.14583333333334,163.47916666666666,409.84027777777777,,0
2016-09-05 00:00:00+00:00,1697.3,0.0,1128.8756944444444,70.51805555555556,59.770833333333336,71.31944444444444,72.05555555555556,71.71527777777777,43.90972222222222,53.361111111111114,60.020833333333336,39.88194444444444,15.0,0.0,9.929861111111112,38.4,0.4,6.673611111111111,1.1131944444444446,-2.3062500000000004,98.21805555555555,34.59027777777778,-826.8402777777778,83096.35416666667,11846810.0,-601.0277777777778,-2306202,68.91666666666667,74.78472222222223,69.97222222222223,45.979166666666664,48.84027777777778,41.208333333333336,49.048611111111114,43.34027777777778,35.8125,-3.2,89.7,15.513194444444444,1.4270833333333333,84.47222222222223,45.875,46.96527777777778,46.916666666666664,45.826388888888886,493.56527777777774,0.9041666666666666,49.99930555555555,398.2701388888889,396.3659722222222,396.2993055555555,423.6069444444445,446.49791666666664,432.9319444444444,1954.3,-50.2,45.375,0.6340277777777779,6.550694444444444,87.75555555555555,-96.0638888888889,320.1,-443.0,12.504166666666666,603.7722222222222,1972.2,0.0,123.69305555555555,-658.5722222222222,0.0,-1000.0,42.367361111111116,647.7437500000001,1000.0,0.0,49.765277777777776,52.38194444444444,100.53472222222223,T11,0.7000000000000001,12.2,6.676388888888889,0.5621527777777778,0.6000000000000001,12.5,6.719444444444445,0.5671527777777778,28.0,40.0,33.486111111111114,1008.0,1011.0,1009.8541666666666,13.0,31.0,20.555555555555557,0.0,0.0,0.0,0.0,130.40972222222223,131.09722222222223,409.78472222222223,,0
2016-09-06 00:00:00+00:00,1456.7,0.0,518.1944444444445,55.92916666666667,46.86805555555556,53.111111111111114,53.65277777777778,53.61805555555556,45.736111111111114,50.0,50.43055555555556,38.86805555555556,12.9,0.0,4.475694444444445,19.6,0.4,2.73125,0.5951388888888889,12.214583333333332,176.92430555555555,33.291666666666664,-1075.9375,4367.465277777777,473982.0,-833.7361111111111,-344582,58.93055555555556,63.27777777777778,58.50694444444444,43.18055555555556,46.708333333333336,41.97222222222222,47.104166666666664,39.15277777777778,36.458333333333336,-2.5,89.7,15.283333333333335,1.5583333333333333,63.611111111111114,42.38194444444444,43.548611111111114,43.65972222222222,43.770833333333336,19.748611111111114,0.7083333333333334,50.00069444444445,399.04999999999995,397.5625,396.04583333333335,51.40138888888889,55.78472222222222,55.333333333333336,366.3,-50.2,42.81944444444444,0.5263888888888889,2.722916666666667,19.200000000000003,-14.33472222222222,694.3,-860.8,46.50972222222222,29.984027777777776,371.1,0.0,19.269444444444446,-127.52499999999999,0.0,-1000.0,73.90138888888889,127.52499999999999,1000.0,0.0,73.90138888888889,44.8125,152.2076388888889,T11,0.0,10.2,3.1618055555555555,0.24333333333333332,0.0,9.7,3.1187500000000004,0.26993055555555556,26.0,37.0,31.743055555555557,1007.0,1010.0,1008.3263888888889,17.0,49.0,30.15972222222222,0.0,0.0,0.0,0.0,59.826388888888886,59.041666666666664,408.24305555555554,,0
2016-09-07 00:00:00+00:00,1567.2,0.0,679.0763888888889,104.73333333333333,41.0625,48.458333333333336,49.104166666666664,48.94444444444444,42.451388888888886,47.708333333333336,49.59722222222222,34.104166666666664,13.9,0.0,5.831944444444444,21.7,0.4,3.1263888888888887,0.6715277777777778,-7.665972222222223,227.73333333333332,27.65972222222222,-838.0138888888889,7289.513888888889,929019.0,-725.2916666666666,-731982,53.4375,57.65972222222222,52.75,39.458333333333336,42.701388888888886,38.208333333333336,43.49305555555556,33.53472222222222,32.65277777777778,-2.6,89.7,12.788888888888888,2.9652777777777777,60.861111111111114,38.729166666666664,39.80555555555556,39.888888888888886,39.513888888888886,38.71111111111111,0.7069444444444445,49.99861111111111,398.70208333333335,397.21458333333334,395.78194444444443,60.170138888888886,66.77777777777777,63.19305555555555,620.1,-50.9,39.145833333333336,0.9659722222222222,3.1631944444444446,27.947222222222223,-30.505555555555556,586.7,-753.1,39.201388888888886,49.462500000000006,633.1,0.0,29.425694444444446,-191.5909722222222,0.0,-1000.0,97.125,191.5909722222222,1000.0,0.0,97.125,40.50694444444444,240.40555555555557,T11,0.0,9.0,3.586111111111111,0.23055555555555557,0.0,9.1,3.542361111111111,0.2511111111111111,22.0,30.0,26.04861111111111,1007.0,1009.0,1007.5347222222222,31.0,96.0,62.5,0.0,0.0,0.0,0.0,68.31944444444444,67.46527777777777,407.4861111111111,,0
2016-09-08 00:00:00+00:00,1651.7,0.0,877.3784722222222,117.9402777777778,41.263888888888886,51.6875,52.479166666666664,52.298611111111114,36.979166666666664,47.47222222222222,50.94444444444444,30.770833333333332,14.6,0.0,7.683333333333334,23.0,0.4,3.9243055555555557,0.8298611111111112,-0.09374999999999985,235.67499999999998,24.04861111111111,-589.3263888888889,18628.659722222223,2597668.0,-423.63194444444446,-1101158,49.958333333333336,54.576388888888886,50.076388888888886,37.81944444444444,40.583333333333336,34.291666666666664,41.951388888888886,30.95138888888889,28.48611111111111,-3.1,89.7,8.936805555555557,2.8333333333333335,68.42361111111111,37.19444444444444,38.354166666666664,38.40277777777778,37.388888888888886,108.23402777777778,0.76875,50.0,398.7131944444444,397.0576388888889,396.5729166666667,119.46527777777777,129.14166666666668,122.40833333333333,1076.3,-50.1,37.861111111111114,1.1,3.961111111111111,49.90555555555555,-45.859027777777776,694.8,-948.0,50.724999999999994,118.82430555555555,1094.2,0.0,52.77708333333333,-364.58124999999995,0.0,-1000.0,114.9715277777778,364.58124999999995,1000.0,0.0,114.9715277777778,39.19444444444444,235.76527777777775,T11,0.9,9.4,4.245833333333334,0.32409722222222226,0.8,9.6,4.274305555555555,0.3359722222222222,20.0,26.0,22.680555555555557,1008.0,1010.0,1008.5694444444445,58.0,95.0,80.84027777777777,0.0,0.0,0.0,0.0,81.66666666666667,82.27777777777777,408.5486111111111,,0
2016-09-09 00:00:00+00:00,1559.1,0.0,754.6034722222222,32.46875,38.833333333333336,48.36805555555556,49.11805555555556,48.8125,35.90972222222222,45.451388888888886,47.94444444444444,30.61111111111111,13.8,0.0,6.5986111111111105,36.3,0.4,3.509722222222222,0.6861111111111111,16.40277777777778,272.5875,24.166666666666668,-436.1458333333333,13048.034722222223,1816116.0,-207.18055555555554,-973693,48.923611111111114,53.34722222222222,49.03472222222222,37.50694444444444,39.979166666666664,33.55555555555556,41.40972222222222,30.479166666666668,27.59722222222222,-2.7,89.7,10.324305555555556,0.9604166666666667,63.986111111111114,36.77777777777778,37.888888888888886,37.99305555555556,37.041666666666664,75.68055555555556,0.8194444444444444,50.0,398.56180555555557,396.9118055555556,396.59236111111113,86.15972222222223,94.69444444444444,86.52291666666666,598.7,-51.7,37.28472222222222,0.3145833333333334,3.5243055555555554,37.697916666666664,-40.56597222222222,652.2,-997.9,32.65069444444444,80.45625000000001,616.8,0.0,37.02708333333333,-342.28472222222223,0.0,-1000.0,129.00069444444443,342.28472222222223,1000.0,0.0,129.00069444444443,36.625,261.19166666666666,T11,0.3,8.4,3.504166666666667,0.2575,0.3,8.5,3.4965277777777777,0.25916666666666666,20.0,27.0,22.666666666666668,1008.0,1010.0,1008.9097222222222,26.0,96.0,62.6875,0.0,0.0,0.0,0.0,66.75,66.58333333333333,408.8888888888889,,0
2016-09-10 00:00:00+00:00,1601.6,0.0,651.4749999999999,58.010416666666664,40.65277777777778,46.458333333333336,47.06944444444444,46.951388888888886,35.701388888888886,46.125,48.298611111111114,30.79861111111111,14.2,0.0,5.653472222222223,39.3,0.4,3.457638888888889,0.6777777777777778,4.171527777777778,240.89791666666667,23.729166666666668,-653.125,11354.798611111111,1541043.0,-425.6111111111111,-812147,48.541666666666664,52.90972222222222,48.59722222222222,37.145833333333336,39.736111111111114,33.8125,40.979166666666664,29.770833333333332,27.98611111111111,-3.3,89.7,13.825,1.4388888888888889,60.423611111111114,36.3125,37.43055555555556,37.5625,36.833333333333336,64.21527777777777,0.8069444444444445,50.0,398.75069444444443,396.87569444444443,396.3569444444445,73.01875000000001,79.07708333333333,72.76180555555555,638.1,-50.0,36.74305555555556,0.5493055555555556,3.4840277777777775,29.118055555555557,-33.84236111111111,626.0,-827.3,19.625,73.75277777777778,642.0,0.0,32.28125,-257.1902777777778,0.0,-1000.0,74.69999999999999,257.1902777777778,1000.0,0.0,74.69999999999999,36.15277777777778,236.7298611111111,T11,0.4,10.4,3.8659722222222226,0.21284722222222222,0.4,10.6,3.8659722222222226,0.2204861111111111,19.0,26.0,22.256944444444443,1007.0,1010.0,1008.5208333333334,48.0,99.0,75.27083333333333,0.0,0.0,0.0,0.0,74.09722222222223,73.97916666666667,408.40277777777777,,0
2016-09-11 00:00:00+00:00,1692.1,0.0,1067.8930555555555,82.8451388888889,48.65277777777778,57.423611111111114,58.11805555555556,57.958333333333336,36.09722222222222,49.604166666666664,54.61805555555556,32.25694444444444,15.0,0.0,9.396527777777777,35.0,0.4,4.975694444444445,0.9312499999999999,-0.8284722222222222,130.78750000000002,25.71527777777778,-316.3888888888889,47014.84722222222,6724578.0,-211.61111111111111,-1824314,54.208333333333336,58.74305555555556,54.05555555555556,39.638888888888886,41.208333333333336,34.673611111111114,42.03472222222222,32.90277777777778,28.743055555555557,-3.3,46.1,5.523611111111111,1.0388888888888888,72.56944444444444,39.333333333333336,40.513888888888886,40.5625,39.104166666666664,280.1958333333333,0.8118055555555556,49.99861111111111,398.80833333333334,396.52986111111113,396.7243055555556,262.03055555555557,275.98819444444445,261.9479166666667,1541.8,-50.3,37.951388888888886,0.7541666666666668,4.913888888888889,96.57847222222222,-75.98888888888888,619.9,-994.2,40.43541666666667,284.65555555555557,1554.0,0.0,97.20208333333333,-565.6048611111112,0.0,-1000.0,84.85833333333333,565.5770833333333,1000.0,0.0,85.02291666666666,43.9375,131.61041666666668,T11,0.7000000000000001,12.0,4.734722222222222,0.6710416666666666,0.7000000000000001,12.3,4.745138888888889,0.6909722222222222,19.0,30.0,24.47222222222222,1005.0,1009.0,1007.1458333333334,40.0,97.0,70.875,0.0,0.0,0.0,0.0,91.50694444444444,91.65277777777777,407.1111111111111,,0
2016-09-12 00:00:00+00:00,1737.6,0.0,1438.7256944444443,83.8138888888889,55.69444444444444,71.33333333333333,72.16666666666667,71.90972222222223,37.28472222222222,53.701388888888886,61.24305555555556,32.763888888888886,15.3,0.0,12.741666666666667,26.8,0.4,6.794444444444444,1.3444444444444443,0.26805555555555555,138.76805555555555,26.375,-86.4375,99549.70138888889,14322707.0,-57.270833333333336,-3136982,64.13194444444444,70.125,64.89583333333333,41.875,44.05555555555556,34.979166666666664,44.84027777777778,36.77777777777778,29.194444444444443,-3.1,89.7,-1.1590277777777778,1.0770833333333334,92.27083333333333,41.798611111111114,42.923611111111114,42.861111111111114,40.77777777777778,596.76875,0.9347222222222222,49.99930555555555,398.5777777777778,396.34583333333336,397.37638888888887,510.45000000000005,531.9486111111112,508.3215277777778,2100.7,-51.8,41.395833333333336,0.7402777777777778,6.7125,183.30902777777777,-130.70833333333334,448.7,-998.6,11.909722222222221,598.2798611111111,2000.0,0.0,182.94791666666666,-898.5701388888889,0.0,-1000.0,97.74513888888889,887.5111111111112,1000.0,0.0,113.04166666666667,50.791666666666664,138.50347222222223,T11,0.8,13.3,6.877083333333333,1.1606944444444445,0.9,13.3,6.902777777777778,1.219513888888889,21.0,30.0,25.270833333333332,1004.0,1009.0,1005.6180555555555,54.0,94.0,73.55555555555556,0.0,0.0,0.0,0.0,134.375,134.91666666666666,405.5625,,0
2016-09-13 00:00:00+00:00,1797.7,97.1,1343.9006944444445,75.3451388888889,48.94444444444444,67.64583333333333,68.38194444444444,68.13888888888889,37.625,52.27777777777778,58.729166666666664,29.34027777777778,15.8,0.0,11.897222222222222,50.2,0.4,6.225,1.3006944444444446,-1.788888888888889,234.8493055555556,22.666666666666668,-140.97222222222223,87562.00694444444,12588625.0,-95.47222222222223,-2668477,57.77777777777778,64.27083333333333,59.21527777777778,40.298611111111114,42.888888888888886,31.72222222222222,44.61805555555556,33.361111111111114,25.819444444444443,-3.1,61.5,0.06805555555555556,1.588888888888889,91.56944444444444,40.15972222222222,41.263888888888886,41.22222222222222,39.0625,524.5826388888888,0.8993055555555556,50.00069444444445,398.84444444444443,396.49027777777775,397.0763888888889,449.3215277777778,473.4368055555555,453.18819444444443,2109.4,-50.2,41.583333333333336,0.6666666666666666,6.286111111111111,134.81319444444443,-111.19861111111112,580.8,-998.1,19.259027777777778,526.2,2000.0,0.0,134.41597222222222,-790.3291666666667,0.0,-1000.0,142.0736111111111,764.5027777777777,1000.0,0.0,150.67777777777778,46.916666666666664,236.6361111111111,T11,1.6,16.0,6.483333333333333,0.6876388888888889,1.6,16.5,6.530555555555555,0.69875,19.0,24.0,21.506944444444443,1007.0,1010.0,1008.2777777777778,70.0,97.0,80.59027777777777,0.0,12.0,0.2222222222222222,0.0,126.59027777777777,127.53472222222223,408.2083333333333,,0
2016-09-14 00:00:00+00:00,1731.0,0.0,1354.1715277777778,58.45277777777778,44.9375,62.11805555555556,63.104166666666664,62.74305555555556,32.38194444444444,50.888888888888886,57.25694444444444,27.0625,15.3,0.0,12.00138888888889,46.6,0.4,5.69375,1.1597222222222223,0.5805555555555555,305.79999999999995,20.541666666666668,-65.89583333333333,67119.34722222222,9655698.0,-40.31944444444444,-2671678,54.96527777777778,60.59722222222222,55.520833333333336,39.875,40.729166666666664,30.444444444444443,42.666666666666664,29.756944444444443,23.291666666666668,-3.2,89.7,-0.7951388888888888,0.9666666666666668,89.54861111111111,39.645833333333336,40.80555555555556,40.72222222222222,38.84027777777778,402.2527777777778,0.8694444444444445,50.0,398.5826388888889,396.0229166666667,396.84791666666666,351.82500000000005,374.79305555555555,349.1423611111111,2070.8,-49.8,39.229166666666664,0.51875,5.839583333333334,125.6576388888889,-111.32222222222222,428.2,-746.3,14.556249999999999,403.51944444444445,2000.0,0.0,125.80624999999999,-784.3472222222222,0.0,-1000.0,106.98611111111111,779.3756944444444,1000.0,0.0,116.40694444444443,43.125,305.21666666666664,T11,0.4,16.7,6.334027777777778,0.5891666666666667,0.5,17.4,6.280555555555555,0.5834027777777778,15.0,22.0,19.270833333333332,1009.0,1012.0,1010.3055555555555,37.0,78.0,62.020833333333336,0.0,0.0,0.0,0.0,123.5625,122.51388888888889,410.2291666666667,,0
2016-09-15 00:00:00+00:00,1695.0,0.0,978.3180555555555,117.53055555555557,41.048611111111114,51.99305555555556,52.673611111111114,52.5625,32.333333333333336,47.486111111111114,51.77777777777778,27.881944444444443,15.0,0.0,8.632638888888888,32.0,0.4,4.445138888888889,0.9444444444444444,1.2090277777777778,284.0965277777778,20.569444444444443,-511.0486111111111,34732.631944444445,4927906.0,-430.36805555555554,-1505272,49.701388888888886,54.388888888888886,49.56944444444444,37.75694444444444,39.048611111111114,30.131944444444443,40.5,27.98611111111111,23.694444444444443,-3.2,89.7,7.4437500000000005,2.5777777777777775,70.6875,37.388888888888886,38.53472222222222,38.604166666666664,37.18055555555556,205.33749999999998,0.7298611111111112,50.00069444444445,398.77986111111113,396.8013888888889,396.56180555555557,204.68263888888887,216.17430555555555,206.62291666666667,1764.0,-52.3,36.75694444444444,1.0666666666666667,4.498611111111111,82.16319444444444,-62.76527777777778,558.3,-908.2,52.33541666666667,214.3423611111111,1786.7,0.0,83.33819444444445,-420.59166666666664,0.0,-1000.0,94.20416666666667,420.43819444444443,1000.0,0.0,95.06736111111111,39.0625,300.3888888888889,T11,0.0,12.2,4.647222222222222,0.48972222222222217,0.3,11.9,4.610416666666667,0.48430555555555554,15.0,23.0,19.22222222222222,1009.0,1012.0,1010.6388888888889,39.0,75.0,59.3125,0.0,0.0,0.0,0.0,89.71527777777777,88.90972222222223,410.5486111111111,,0
2016-09-16 00:00:00+00:00,1666.9,0.0,590.7569444444445,75.42916666666666,38.46527777777778,45.00694444444444,45.49305555555556,45.36805555555556,34.486111111111114,44.84722222222222,46.388888888888886,30.17361111111111,14.8,0.0,5.040972222222222,24.0,0.4,3.151388888888889,0.6805555555555556,8.268055555555556,144.41041666666666,23.51388888888889,-637.1458333333334,10544.395833333334,1426644.0,-372.4166666666667,-745503,47.826388888888886,51.90972222222222,47.40277777777778,35.951388888888886,38.770833333333336,32.68055555555556,39.90277777777778,29.09722222222222,26.875,-2.6,89.7,14.251388888888888,1.9375,55.951388888888886,35.208333333333336,36.34722222222222,36.458333333333336,35.451388888888886,59.44861111111111,0.8166666666666668,50.0,398.90208333333334,397.0201388888889,396.27152777777775,80.29861111111111,87.02083333333333,82.70208333333333,1124.5,-52.3,35.673611111111114,0.7173611111111111,3.165972222222222,33.293055555555554,-31.15277777777778,704.7,-999.5,52.08680555555556,68.37083333333334,1136.5,0.0,33.636805555555554,-229.48055555555553,0.0,-1000.0,89.18402777777777,229.48055555555553,1000.0,0.0,89.18402777777777,35.52777777777778,148.64930555555554,T11,0.0,10.6,3.0791666666666666,0.4020138888888889,0.0,10.5,3.0458333333333334,0.3959722222222222,18.0,28.0,22.09027777777778,1010.0,1013.0,1011.4513888888889,31.0,79.0,59.46527777777778,0.0,0.0,0.0,0.0,58.22222222222222,57.513888888888886,411.3958333333333,,0
2016-09-17 00:00:00+00:00,1785.1,0.0,1491.4423611111113,53.06319444444445,61.75,80.63194444444444,81.11111111111111,80.81944444444444,39.541666666666664,54.27777777777778,62.729166666666664,32.24305555555556,15.7,0.0,13.205555555555556,39.1,0.5,7.83263888888889,1.3416666666666668,-0.7715277777777777,93.71458333333334,25.15972222222222,-118.54166666666667,153744.63194444444,22122156.0,-74.88888888888889,-3520945,68.60416666666667,76.56944444444444,70.56944444444444,43.604166666666664,45.3125,33.46527777777778,46.47222222222222,38.81944444444444,27.1875,-3.2,89.7,-0.37986111111111115,1.2930555555555554,97.82638888888889,43.833333333333336,44.986111111111114,44.8125,41.96527777777778,921.7013888888889,0.9402777777777778,49.99930555555555,398.99652777777777,396.5833333333333,398.00069444444443,778.84375,802.8652777777778,776.3347222222222,2107.6,-50.1,44.208333333333336,0.4756944444444444,7.771527777777777,166.17291666666668,-146.70555555555555,151.1,-400.9,7.8694444444444445,921.7618055555556,2000.0,0.0,165.24513888888887,-851.1534722222223,0.0,-1000.0,88.00625,795.6326388888889,1000.0,0.0,109.0298611111111,53.72222222222222,94.48263888888889,T11,1.9,16.8,8.570138888888888,0.7360416666666666,2.0,16.9,8.630555555555555,0.7517361111111112,20.0,29.0,24.006944444444443,1007.0,1012.0,1009.8125,22.0,58.0,40.25694444444444,0.0,0.0,0.0,0.0,168.19444444444446,169.57638888888889,409.75694444444446,,0
2016-09-18 00:00:00+00:00,1681.8,0.0,1183.9604166666666,85.3423611111111,47.395833333333336,61.701388888888886,62.611111111111114,62.43055555555556,37.763888888888886,51.458333333333336,56.69444444444444,32.11805555555556,14.9,0.0,10.45138888888889,35.8,0.4,5.074305555555556,0.8743055555555556,1.515277777777778,145.06805555555556,26.38888888888889,-484.72222222222223,47744.125,6805348.0,-336.3958333333333,-1790299,57.30555555555556,62.55555555555556,57.9375,40.048611111111114,43.326388888888886,35.86805555555556,44.416666666666664,34.388888888888886,29.618055555555557,-3.3,89.8,2.8340277777777776,2.1500000000000004,83.75694444444444,39.8125,40.888888888888886,40.916666666666664,39.513888888888886,283.53125,0.8319444444444445,50.0,399.2736111111111,397.00208333333336,397.21180555555554,257.775,277.34722222222223,259.66805555555555,1379.8,-52.0,40.59027777777778,0.7597222222222223,5.050000000000001,68.80000000000001,-74.60486111111112,696.3,-948.6,35.59652777777777,290.6111111111111,1391.9,0.0,67.58055555555556,-602.2222222222222,0.0,-1000.0,131.16458333333333,602.2222222222222,1000.0,0.0,131.16458333333333,45.729166666666664,143.55069444444445,T11,0.3,9.9,5.045138888888889,0.5090277777777777,0.2,9.8,5.05625,0.5166666666666667,21.0,31.0,24.979166666666668,1008.0,1011.0,1008.9236111111111,26.0,73.0,40.208333333333336,0.0,0.0,0.0,0.0,97.61111111111111,97.89583333333333,408.90277777777777,,0
2016-09-19 00:00:00+00:00,1675.0,0.0,1017.1305555555555,110.02569444444445,42.90277777777778,54.861111111111114,55.729166666666664,55.423611111111114,36.30555555555556,49.354166666666664,53.361111111111114,29.84027777777778,14.9,0.0,8.970833333333333,33.7,0.4,4.279861111111111,0.8131944444444446,4.519444444444444,159.39999999999998,23.395833333333332,-454.4236111111111,27905.118055555555,3952896.0,-397.9513888888889,-1308994,51.03472222222222,55.951388888888886,51.166666666666664,38.34722222222222,41.55555555555556,32.53472222222222,43.4375,31.09722222222222,26.645833333333332,-3.2,89.7,6.089583333333334,2.9965277777777777,76.04166666666667,37.916666666666664,39.013888888888886,39.104166666666664,37.99305555555556,164.67847222222224,0.7354166666666667,50.0,399.0263888888889,397.01180555555555,396.6430555555555,168.00347222222223,181.76458333333332,172.25902777777776,1193.5,-51.1,39.75694444444444,0.9902777777777777,4.327777777777778,51.734722222222224,-54.519444444444446,667.2,-816.5,58.108333333333334,172.16041666666666,1214.4,0.0,52.8375,-426.04305555555555,0.0,-1000.0,116.91180555555555,426.04305555555555,1000.0,0.0,116.91180555555555,38.798611111111114,154.88125000000002,T11,0.0,9.0,3.9618055555555554,0.51,0.4,9.4,3.9131944444444446,0.5464583333333333,19.0,25.0,22.13888888888889,1009.0,1012.0,1010.0,32.0,94.0,71.30555555555556,0.0,0.0,0.0,0.0,75.90277777777777,75.02083333333333,409.9861111111111,,0
2016-09-20 00:00:00+00:00,1650.3,0.0,734.8673611111111,109.22638888888889,39.895833333333336,49.03472222222222,49.69444444444444,49.5625,36.22222222222222,47.236111111111114,49.81944444444444,30.84722222222222,14.6,0.0,6.35,39.7,0.4,3.48125,0.7083333333333334,-0.029166666666666625,219.09583333333333,23.63888888888889,-665.8333333333334,14554.840277777777,2000017.0,-565.0694444444445,-876883,49.09722222222222,53.5625,48.99305555555556,37.77777777777778,40.47222222222222,33.979166666666664,41.78472222222222,29.95138888888889,27.881944444444443,-3.0,73.2,11.631250000000001,2.723611111111111,64.46527777777777,37.09722222222222,38.229166666666664,38.326388888888886,37.458333333333336,83.31944444444444,0.7402777777777778,49.99930555555555,398.74583333333334,396.9819444444445,396.03819444444446,98.03472222222223,104.78333333333333,99.92013888888889,889.1,-50.4,37.673611111111114,1.004861111111111,3.5340277777777778,38.70902777777778,-36.514583333333334,656.3,-856.6,47.69166666666667,92.74722222222222,895.9,0.0,39.6875,-283.3409722222222,0.0,-1000.0,96.67500000000001,283.3409722222222,1000.0,0.0,96.67500000000001,37.138888888888886,221.63680555555555,T11,0.0,9.6,3.6868055555555554,0.3109722222222222,0.0,9.6,3.642361111111111,0.33631944444444445,19.0,26.0,22.180555555555557,1007.0,1010.0,1008.4305555555555,42.0,99.0,74.22916666666667,0.0,0.0,0.0,0.0,70.46527777777777,69.52777777777777,408.40277777777777,,0
2016-09-21 00:00:00+00:00,1620.8,0.0,500.58680555555554,55.81111111111111,34.354166666666664,41.333333333333336,41.80555555555556,41.65972222222222,34.020833333333336,42.59027777777778,43.451388888888886,28.881944444444443,14.4,0.0,4.302083333333333,19.0,0.4,2.7972222222222225,0.5944444444444446,2.990972222222222,239.68055555555554,21.9375,-647.9861111111111,8779.291666666666,1170909.0,-289.7361111111111,-576266,45.791666666666664,50.18055555555556,45.770833333333336,35.30555555555556,37.52777777777778,32.15972222222222,39.00694444444444,26.6875,26.430555555555557,-2.9,89.7,15.6875,1.53125,51.854166666666664,34.5,35.625,35.75,34.666666666666664,48.77638888888889,0.8534722222222223,49.99791666666667,398.6361111111111,396.96736111111113,395.96875,59.048611111111114,63.974999999999994,59.6875,974.6,-50.0,34.38194444444444,0.49583333333333335,2.845833333333333,23.777083333333334,-24.00486111111111,585.3,-705.4,16.27638888888889,55.20902777777778,994.4,0.0,24.006944444444443,-206.5423611111111,0.0,-1000.0,66.42986111111111,206.5423611111111,1000.0,0.0,66.42986111111111,32.583333333333336,246.68611111111107,T11,0.0,10.0,3.1597222222222223,0.19215277777777778,0.0,10.3,3.177777777777778,0.1984027777777778,17.0,24.0,20.36111111111111,1008.0,1010.0,1008.7777777777778,62.0,100.0,84.19444444444444,0.0,1.0,0.006944444444444444,0.0,59.8125,60.22222222222222,408.75,,0
2016-09-22 00:00:00+00:00,1698.0,0.0,923.7277777777776,99.64930555555556,43.0625,54.38194444444444,55.076388888888886,54.888888888888886,33.22222222222222,47.979166666666664,52.15277777777778,28.90972222222222,15.0,0.0,8.131250000000001,40.5,0.4,4.695833333333334,0.9319444444444446,-1.0020833333333334,213.3826388888889,21.40277777777778,-528.9513888888889,34874.444444444445,4945746.0,-346.7986111111111,-1390184,50.15277777777778,54.90277777777778,50.43055555555556,38.041666666666664,39.96527777777778,31.07638888888889,41.666666666666664,28.854166666666668,24.430555555555557,-3.1,89.7,12.399999999999999,2.232638888888889,71.3125,37.576388888888886,38.69444444444444,38.75694444444444,37.50694444444444,206.03958333333333,0.7673611111111112,50.0,399.0486111111111,397.01180555555555,396.9430555555556,207.25069444444443,217.94722222222222,209.27083333333334,1969.2,-53.6,37.6875,0.9173611111111111,4.730555555555556,81.76458333333333,-57.92638888888889,733.8,-779.1,52.68055555555556,266.6625,2000.0,0.0,103.93263888888889,-425.84027777777777,0.0,-1000.0,82.22222222222223,425.25069444444443,1000.0,0.0,83.95208333333333,38.36805555555556,216.89236111111111,T11,0.0,12.6,5.044444444444444,0.4652777777777778,0.0,12.8,5.0881944444444445,0.5017361111111112,19.0,22.0,20.04861111111111,1009.0,1014.0,1011.5763888888889,54.0,89.0,77.13888888888889,0.0,0.0,0.0,0.0,97.73611111111111,98.5625,411.5625,,0
2016-09-23 00:00:00+00:00,1481.9,0.0,357.81388888888887,56.74097222222222,33.076388888888886,39.06944444444444,39.395833333333336,39.28472222222222,34.083333333333336,40.9375,40.88194444444444,29.875,13.1,0.0,3.0472222222222225,18.7,0.4,2.3402777777777777,0.5291666666666667,9.056944444444445,195.44305555555556,22.40277777777778,-651.8541666666666,2598.25,280284.0,-273.9375,-360801,45.388888888888886,49.638888888888886,45.30555555555556,34.9375,37.451388888888886,33.22222222222222,38.826388888888886,26.3125,27.25,-2.4,89.7,18.258333333333333,1.7791666666666666,47.125,34.111111111111114,35.208333333333336,35.34722222222222,34.53472222222222,11.677083333333334,0.8541666666666666,49.99791666666667,398.92083333333335,397.1409722222222,396.09791666666666,24.063888888888886,27.115972222222222,23.768749999999997,437.7,-50.0,34.19444444444444,0.5131944444444445,2.3743055555555554,14.386111111111111,-15.018055555555556,366.5,-641.4,14.027083333333334,18.706944444444446,456.0,0.0,13.774999999999999,-76.31805555555555,0.0,-1000.0,55.33472222222222,76.31805555555555,1000.0,0.0,55.33472222222222,35.34027777777778,263.90208333333334,T11,0.0,7.5,2.6430555555555557,0.1832638888888889,0.0,7.7,2.6534722222222222,0.18381944444444442,17.0,25.0,20.645833333333332,1012.0,1015.0,1013.7777777777778,55.0,90.0,73.375,0.0,0.0,0.0,0.0,49.43055555555556,49.75694444444444,413.71527777777777,,0
2016-09-24 00:00:00+00:00,1708.4,0.0,1324.775,71.47083333333333,52.19444444444444,65.40277777777777,66.29861111111111,65.94444444444444,34.65972222222222,51.72222222222222,58.701388888888886,30.520833333333332,15.1,0.0,11.700694444444444,25.5,0.4,6.326388888888889,1.0604166666666668,0.4958333333333333,91.39236111111111,24.22222222222222,-213.07638888888889,86413.23611111111,12412822.0,-145.40972222222223,-2806540,59.638888888888886,65.27083333333333,59.93055555555556,40.729166666666664,42.076388888888886,33.083333333333336,43.49305555555556,33.645833333333336,26.76388888888889,-3.2,89.7,0.9791666666666666,0.9840277777777777,85.20138888888889,40.625,41.75694444444444,41.701388888888886,39.666666666666664,517.2020833333333,0.9229166666666667,49.99930555555555,398.94930555555555,396.6118055555555,397.4222222222222,444.42083333333335,467.49305555555554,444.6423611111111,2095.7,-45.8,40.02777777777778,0.6430555555555556,6.302777777777778,128.90694444444443,-116.92986111111112,486.2,-936.0,17.531944444444445,519.8812499999999,2000.0,0.0,129.44791666666666,-841.7375,0.0,-1000.0,38.889583333333334,835.8840277777778,1000.0,0.0,48.743750000000006,52.208333333333336,90.89652777777778,T11,0.3,13.5,6.5368055555555555,0.502013888888889,0.4,13.4,6.588888888888889,0.5152083333333333,19.0,28.0,23.104166666666668,1010.0,1014.0,1011.8333333333334,40.0,90.0,64.70138888888889,0.0,0.0,0.0,0.0,127.59722222222223,128.58333333333334,411.7083333333333,,0
2016-09-25 00:00:00+00:00,1688.0,0.0,1199.7416666666666,86.26597222222222,50.1875,62.111111111111114,62.99305555555556,62.77777777777778,35.798611111111114,51.520833333333336,57.125,30.97222222222222,15.0,0.0,10.571527777777778,42.1,0.4,5.466666666666667,0.9993055555555556,2.1916666666666664,120.68958333333333,24.6875,-381.27777777777777,61885.22222222222,8856561.0,-295.40277777777777,-1964365,58.53472222222222,64.06944444444444,58.94444444444444,39.875,42.076388888888886,34.15277777777778,43.326388888888886,33.451388888888886,27.78472222222222,-3.3,89.8,2.8166666666666664,1.8986111111111112,82.6875,39.548611111111114,40.701388888888886,40.701388888888886,39.0625,369.03055555555557,0.8652777777777778,50.0,399.31388888888887,397.02430555555554,397.43958333333336,321.51458333333335,342.00208333333336,322.84583333333336,1632.6,-52.0,39.55555555555556,0.7666666666666667,5.4319444444444445,87.76666666666667,-81.87708333333333,774.5,-918.0,22.116666666666667,375.3333333333333,1648.2,0.0,88.50694444444444,-667.73125,0.0,-1000.0,110.9388888888889,666.8826388888889,1000.0,0.0,111.95902777777778,47.638888888888886,138.48611111111111,T11,0.8,10.4,5.336111111111111,0.4673611111111111,0.3,10.6,5.363888888888889,0.47923611111111114,20.0,29.0,23.333333333333332,1009.0,1012.0,1011.0763888888889,38.0,87.0,70.47916666666667,0.0,0.0,0.0,0.0,103.48611111111111,103.98611111111111,411.0208333333333,,0
2016-09-26 00:00:00+00:00,1703.1,50.5,1291.4652777777778,89.42083333333333,47.86805555555556,63.486111111111114,64.40277777777777,64.15972222222223,35.958333333333336,51.888888888888886,58.05555555555556,30.854166666666668,15.1,0.0,11.424305555555556,36.5,0.4,5.7555555555555555,0.984027777777778,-1.25625,92.4673611111111,24.875,-232.38194444444446,61724.77777777778,8854910.0,-167.09722222222223,-2336299,57.201388888888886,62.46527777777778,57.47222222222222,39.96527777777778,42.326388888888886,33.43055555555556,43.5625,33.833333333333336,27.46527777777778,-3.2,55.2,0.6208333333333332,1.317361111111111,85.55555555555556,39.84027777777778,40.979166666666664,40.979166666666664,39.27777777777778,368.93680555555557,0.8395833333333333,50.00069444444445,398.4819444444445,396.2951388888889,396.8881944444445,336.1013888888889,355.43611111111113,337.43819444444443,1988.7,-50.9,39.923611111111114,0.7916666666666666,5.683333333333334,102.64375000000001,-97.3736111111111,751.2,-1000.1,46.41041666666667,372.65625,2000.0,0.0,102.82847222222222,-748.3604166666667,0.0,-1000.0,78.79027777777777,747.4291666666667,1000.0,0.0,80.84027777777777,46.548611111111114,93.72361111111111,T11,1.1,12.8,6.004861111111111,0.46541666666666665,1.0,12.9,6.052083333333333,0.4769444444444445,20.0,29.0,23.729166666666668,1009.0,1013.0,1010.2986111111111,35.0,83.0,63.986111111111114,0.0,0.0,0.0,0.0,116.95138888888889,117.76388888888889,410.25694444444446,,0
2016-09-27 00:00:00+00:00,1764.2,0.0,1425.0666666666666,77.91874999999999,57.826388888888886,74.33333333333333,74.85416666666667,74.66666666666667,38.09722222222222,53.666666666666664,61.78472222222222,31.493055555555557,15.6,0.0,12.613888888888889,36.8,0.4,7.534027777777778,1.3416666666666668,0.9930555555555556,101.67569444444445,24.78472222222222,-195.52083333333334,131371.49305555556,18889339.0,-120.46527777777777,-3439510,65.09027777777777,72.30555555555556,66.70138888888889,42.28472222222222,44.0625,33.15277777777778,45.21527777777778,37.05555555555556,27.208333333333332,-3.2,89.7,1.7034722222222223,1.8930555555555557,92.59027777777777,42.38194444444444,43.49305555555556,43.375,40.72222222222222,787.098611111111,0.9402777777777778,49.99930555555555,398.75138888888887,396.44375,397.8618055555555,670.1013888888889,692.0208333333334,667.3368055555555,2103.5,-48.7,42.541666666666664,0.6888888888888889,7.493055555555555,187.15138888888887,-143.34027777777777,475.8,-833.7,13.865277777777777,828.7784722222223,2000.0,0.0,191.10416666666666,-868.1840277777778,0.0,-1000.0,81.625,826.4243055555556,1000.0,0.0,103.84652777777778,51.076388888888886,100.68472222222222,T11,1.3,16.5,8.147916666666667,1.0024305555555555,1.2,16.4,8.218055555555557,1.016736111111111,21.0,28.0,23.70138888888889,1011.0,1014.0,1012.4583333333334,42.0,84.0,67.625,0.0,0.0,0.0,0.0,159.83333333333334,161.22222222222223,412.375,,0
2016-09-28 00:00:00+00:00,1856.0,1196.2,1615.8458333333333,53.96944444444445,73.44444444444444,98.07638888888889,97.66666666666667,97.63194444444444,44.361111111111114,55.986111111111114,66.08333333333333,33.111111111111114,16.2,10.6,14.314583333333335,39.6,0.4,11.096527777777778,2.4840277777777775,-0.0798611111111111,98.26319444444444,24.180555555555557,-0.9513888888888888,249369.26388888888,35909036.0,-0.6944444444444444,-4858311,78.55555555555556,89.96527777777777,82.22916666666667,47.28472222222222,47.34027777777778,33.09027777777778,48.80555555555556,43.27777777777778,26.95138888888889,-3.2,20.9,3.1465277777777776,2.632638888888889,108.19444444444444,48.00694444444444,49.173611111111114,48.770833333333336,44.46527777777778,1496.2826388888889,0.9840277777777777,49.99791666666667,399.43333333333334,397.0048611111111,399.6979166666667,1261.263888888889,1279.4090277777777,1245.5472222222222,2112.4,-50.5,48.166666666666664,0.4625000000000001,10.976388888888888,211.04513888888889,-202.43333333333334,18.0,-236.4,4.861111111111111,1496.4388888888889,2000.0,0.0,208.99166666666667,-789.8687500000001,0.0,-1000.0,110.24722222222222,667.7375,1000.0,0.0,131.85694444444445,57.38194444444444,98.34444444444445,T11,3.3,24.4,13.184027777777779,2.282916666666667,3.2,24.5,13.258333333333333,2.321041666666667,21.0,26.0,23.055555555555557,1012.0,1014.0,1013.0,50.0,77.0,65.20833333333333,0.0,0.0,0.0,0.0,260.84027777777777,262.44444444444446,412.96527777777777,,0
2016-09-29 00:00:00+00:00,1865.5,1223.4,1670.382638888889,35.3625,74.77083333333333,115.11111111111111,114.41666666666667,114.13194444444444,50.916666666666664,55.69444444444444,67.42361111111111,35.020833333333336,16.3,10.8,14.803472222222224,40.6,0.7000000000000001,13.272222222222222,2.807638888888889,0.18958333333333338,92.51041666666667,23.95138888888889,0.0,312121.9375,44945559.0,0.0,-5173368,88.72222222222223,104.10416666666667,95.15972222222223,50.076388888888886,50.80555555555556,32.486111111111114,52.11805555555556,47.81944444444444,26.625,-3.3,23.1,6.484027777777778,3.332638888888889,119.52083333333333,50.986111111111114,52.138888888888886,51.5,46.388888888888886,1872.778472222222,0.9986111111111112,49.99930555555555,400.0569444444444,397.6458333333333,400.2395833333333,1566.8784722222222,1588.6708333333333,1558.0166666666667,2111.5,-48.4,52.74305555555556,0.2972222222222222,13.093055555555557,117.43541666666667,-215.55347222222224,0.6000000000000001,-234.6,2.638888888888889,1869.4041666666667,2000.0,0.0,115.58194444444445,-675.5222222222222,0.0,-1000.0,91.53819444444444,502.8354166666667,1000.0,0.0,92.06875,59.90972222222222,92.32291666666667,T11,3.1,26.3,15.20486111111111,2.5763194444444446,3.2,26.7,15.274999999999999,2.6297916666666667,21.0,25.0,22.958333333333332,1008.0,1014.0,1011.0,47.0,74.0,62.479166666666664,0.0,0.0,0.0,0.0,301.1875,302.71527777777777,410.9583333333333,,0
2016-09-30 00:00:00+00:00,1836.4,1207.2,1584.0715277777776,53.55277777777778,59.298611111111114,89.46527777777777,89.57638888888889,89.41666666666667,42.666666666666664,53.1875,63.72222222222222,33.21527777777778,16.2,10.7,14.031944444444443,39.6,0.7000000000000001,9.240972222222222,1.8680555555555556,-3.2618055555555556,94.81666666666666,23.92361111111111,0.0,202861.11111111112,29212000.0,0.0,-4475158,69.36111111111111,79.51388888888889,73.52777777777777,45.09722222222222,45.763888888888886,32.888888888888886,46.395833333333336,40.138888888888886,26.21527777777778,-3.2,17.0,-0.1430555555555556,1.3527777777777779,102.04861111111111,45.59722222222222,46.69444444444444,46.416666666666664,42.833333333333336,1217.0930555555556,0.9756944444444444,50.0,398.89930555555554,396.5534722222222,398.8520833333333,1029.978472222222,1049.7312499999998,1017.2638888888889,2115.8,-15.3,44.44444444444444,0.46875,9.115972222222222,236.9451388888889,-186.46180555555554,286.0,-553.9,6.605555555555556,1215.2291666666667,2000.0,0.0,235.72569444444446,-879.0999999999999,0.0,-1000.0,86.99166666666666,799.6791666666667,1000.0,0.0,118.41388888888888,52.076388888888886,98.08402777777778,T11,2.2,20.0,10.620138888888889,1.2518055555555554,2.2,20.2,10.682638888888889,1.2741666666666667,21.0,26.0,22.77777777777778,1006.0,1010.0,1007.4652777777778,52.0,77.0,68.625,0.0,0.0,0.0,0.0,209.40972222222223,210.76388888888889,407.4513888888889,,0
2016-10-01 00:00:00+00:00,1689.4,0.0,998.1069444444444,91.16597222222222,42.84027777777778,55.4375,56.263888888888886,56.05555555555556,35.138888888888886,49.31944444444444,53.25,30.23611111111111,15.0,0.0,8.734722222222222,18.9,0.4,4.339583333333334,0.7645833333333334,1.4576388888888887,151.7576388888889,23.291666666666668,-485.125,36430.083333333336,5176077.0,-359.27777777777777,-1598824,52.833333333333336,58.020833333333336,53.645833333333336,38.47222222222222,41.50694444444444,34.395833333333336,42.84027777777778,30.77777777777778,27.75,-3.0,89.7,6.120833333333334,2.3423611111111113,77.47222222222223,37.875,39.013888888888886,39.09722222222222,37.826388888888886,215.64027777777778,0.8166666666666668,49.99930555555555,398.68402777777777,396.4527777777778,396.0625,202.18541666666667,220.13888888888889,206.29583333333332,1580.3,-50.0,39.041666666666664,0.8131944444444444,4.361111111111111,53.06944444444444,-66.57152777777777,753.2,-980.4,36.61597222222222,222.02638888888887,1591.6,0.0,53.59583333333333,-500.4423611111111,0.0,-1000.0,98.32777777777778,500.36249999999995,1000.0,0.0,98.62083333333334,39.25,155.29583333333332,T11,0.0,12.1,4.684027777777778,0.39291666666666664,0.0,12.4,4.699305555555556,0.4007638888888889,19.0,27.0,21.8125,1006.0,1008.0,1006.6111111111111,51.0,85.0,75.29861111111111,0.0,0.0,0.0,0.0,90.43055555555556,90.79861111111111,406.56944444444446,,0
2016-10-02 00:00:00+00:00,1494.2,0.0,518.8187499999999,64.01875000000001,35.736111111111114,42.24305555555556,42.666666666666664,42.53472222222222,34.548611111111114,42.49305555555556,43.8125,29.51388888888889,13.2,0.0,4.439583333333333,20.4,0.4,2.8541666666666665,0.5833333333333334,7.108333333333333,245.56111111111113,22.15972222222222,-667.2152777777778,6180.916666666667,793974.0,-299.11805555555554,-586244,45.826388888888886,50.05555555555556,45.75694444444444,35.361111111111114,37.74305555555556,32.701388888888886,39.236111111111114,27.46527777777778,26.833333333333332,-3.1,89.7,16.233333333333334,2.004166666666667,51.729166666666664,34.53472222222222,35.673611111111114,35.798611111111114,34.81944444444444,33.09652777777777,0.8486111111111111,50.0,398.8152777777778,396.7263888888889,395.4770833333333,44.53055555555555,51.56041666666667,45.59791666666667,442.2,-50.2,34.791666666666664,0.6368055555555556,2.90625,19.827083333333334,-24.40347222222222,561.0,-884.4,18.605555555555554,41.85277777777778,448.0,0.0,21.92013888888889,-172.14652777777778,0.0,-1000.0,72.51944444444445,172.14652777777778,1000.0,0.0,72.51944444444445,33.11805555555556,240.94930555555553,T11,0.0,7.9,3.1125,0.23111111111111113,0.0,8.3,3.0458333333333334,0.24791666666666667,17.0,24.0,20.73611111111111,1006.0,1009.0,1007.5486111111111,47.0,97.0,76.29861111111111,0.0,0.0,0.0,0.0,59.013888888888886,57.645833333333336,407.5138888888889,,0
2016-10-03 00:00:00+00:00,1703.4,0.0,1052.5222222222224,69.57708333333333,48.451388888888886,57.38194444444444,57.916666666666664,57.708333333333336,34.50694444444444,48.36805555555556,53.44444444444444,31.020833333333332,15.1,0.0,9.264583333333333,37.2,0.4,5.261111111111111,0.9805555555555556,2.010416666666667,124.86666666666666,23.8125,-352.25,61567.5625,8815006.0,-201.63194444444446,-1980644,56.479166666666664,61.43055555555556,56.50694444444444,39.111111111111114,40.34722222222222,32.6875,41.36805555555556,31.666666666666668,26.583333333333332,-3.2,86.1,7.654166666666667,1.286111111111111,71.34722222222223,38.81944444444444,39.93055555555556,39.986111111111114,38.229166666666664,367.34236111111113,0.8388888888888889,50.00069444444445,399.15486111111113,397.0138888888889,397.31388888888887,334.23541666666665,345.1701388888889,331.17291666666665,2002.4,-50.2,37.625,0.61875,5.205555555555556,121.37430555555557,-82.49027777777778,599.8,-1000.0,35.96111111111111,374.2638888888889,2000.0,0.0,122.17777777777776,-536.8097222222223,0.0,-1000.0,63.712500000000006,532.129861111111,1000.0,0.0,74.74097222222223,41.395833333333336,120.35347222222224,T11,0.8,12.1,5.418749999999999,0.5297222222222222,0.8,12.4,5.450694444444444,0.5352083333333333,19.0,29.0,22.76388888888889,1008.0,1010.0,1008.9861111111111,35.0,82.0,60.59722222222222,0.0,0.0,0.0,0.0,105.20833333333333,105.77777777777777,408.9583333333333,,0
2016-10-04 00:00:00+00:00,1728.5,0.0,1503.1784722222224,76.62777777777778,58.125,71.375,72.07638888888889,71.81944444444444,34.701388888888886,53.763888888888886,62.13194444444444,31.57638888888889,15.3,0.0,13.3125,36.9,0.4,7.329861111111111,1.2715277777777778,-1.8062500000000001,95.72361111111111,24.708333333333332,-70.42361111111111,121045.02777777778,17420343.0,-42.916666666666664,-3394876,65.875,72.13888888888889,66.63194444444444,41.548611111111114,43.020833333333336,33.458333333333336,43.88194444444444,35.548611111111114,26.90972222222222,-4.1,89.7,-1.432638888888889,0.7256944444444444,91.03472222222223,41.88194444444444,43.03472222222222,42.9375,40.375,725.85625,0.9680555555555556,50.00069444444445,398.60555555555555,396.4215277777778,397.5965277777778,614.6152777777778,638.4201388888889,614.1493055555555,2102.5,-50.3,40.53472222222222,0.68125,7.278472222222222,166.74097222222224,-141.45694444444445,678.6,-990.7,9.825,726.7472222222223,2000.0,0.0,166.89999999999998,-943.3402777777778,0.0,-1000.0,43.64722222222222,934.8354166666666,1000.0,0.0,53.29097222222222,50.53472222222222,97.5375,T11,1.5,13.8,7.728472222222223,0.6718055555555557,1.0,14.0,7.779166666666667,0.6838194444444444,21.0,28.0,23.6875,1008.0,1012.0,1009.8472222222222,48.0,80.0,68.70833333333333,0.0,0.0,0.0,0.0,151.41666666666666,152.48611111111111,409.7638888888889,,0
2016-10-05 00:00:00+00:00,1797.4,1201.0,1553.3215277777776,58.14652777777778,60.354166666666664,80.86805555555556,81.22916666666667,80.98611111111111,39.15277777777778,54.604166666666664,63.78472222222222,31.791666666666668,15.8,10.7,13.759027777777778,44.5,0.5,8.347916666666666,1.5645833333333334,-0.6263888888888889,97.83611111111111,24.118055555555557,-1.1111111111111112,167992.05555555556,24190695.0,-0.8888888888888888,-4136922,69.08333333333333,76.97222222222223,70.86805555555556,43.138888888888886,44.61805555555556,32.9375,45.701388888888886,38.166666666666664,26.5,-3.2,11.5,-1.2215277777777778,0.8631944444444444,97.40277777777777,43.583333333333336,44.708333333333336,44.49305555555556,41.43055555555556,1008.0451388888889,0.9694444444444444,49.99791666666667,399.07916666666665,396.88958333333335,398.8673611111111,854.2694444444445,872.6805555555555,842.8979166666667,2108.5,-35.3,43.40972222222222,0.5111111111111112,8.28263888888889,210.41597222222222,-172.37013888888887,7.4,-228.6,5.301388888888889,1006.6173611111111,2000.0,0.0,209.68124999999998,-932.8951388888888,0.0,-1000.0,70.62430555555555,882.8159722222222,1000.0,0.0,96.61597222222223,54.541666666666664,98.45972222222223,T11,3.5,16.5,9.435416666666667,0.8676388888888888,3.3,16.7,9.504861111111111,0.8840972222222222,21.0,27.0,23.09027777777778,1005.0,1009.0,1007.1666666666666,54.0,84.0,71.61805555555556,0.0,0.0,0.0,0.0,185.57638888888889,187.14583333333334,407.1388888888889,,0
2016-10-06 00:00:00+00:00,1772.7,0.0,970.7049180327868,61.1844262295082,48.204918032786885,62.040983606557376,62.631147540983605,62.42622950819672,37.92622950819672,50.51639344262295,54.66393442622951,30.87704918032787,15.6,0.0,8.522131147540984,34.9,0.4,5.190983606557377,0.8926229508196721,2.5647540983606554,155.52131147540982,23.401639344262296,-522.2786885245902,72093.3606557377,8731672.0,-379.8606557377049,-1678004,56.74590163934426,62.74590163934426,58.23770491803279,39.59836065573771,42.18032786885246,33.278688524590166,43.368852459016395,32.89344262295082,26.71311475409836,-3.2,90.0,10.277049180327868,1.8803278688524592,77.10655737704919,39.31147540983606,40.377049180327866,40.32786885245902,38.704918032786885,429.37950819672136,0.8614754098360656,49.993442622950816,398.87049180327864,396.92622950819674,397.2024590163934,372.2672131147541,386.22213114754095,371.15081967213115,2103.0,-50.1,40.10655737704918,0.5688524590163935,5.165573770491804,60.49508196721311,-82.50901639344262,325.9,-435.0,10.781147540983607,434.9836065573771,2000.0,0.0,61.498360655737706,-494.0237704918033,0.0,-1000.0,65.44016393442622,465.62950819672136,1000.0,0.0,67.86229508196722,43.60655737704918,150.00737704918035,T11,0.0,15.9,5.65625,0.4516666666666667,0.2,16.0,5.704861111111111,0.4634722222222222,18.0,29.0,22.541666666666668,1003.0,1006.0,1004.3333333333334,49.0,99.0,76.15277777777777,0.0,0.0,0.0,0.0,109.97916666666667,110.79166666666667,404.28472222222223,,0
2016-10-07 00:00:00+00:00,1448.4,0.0,235.06319444444443,77.82569444444444,30.57638888888889,34.611111111111114,34.75694444444444,34.736111111111114,34.15972222222222,39.416666666666664,39.40972222222222,29.604166666666668,12.8,0.0,1.8319444444444446,13.6,0.4,2.1458333333333335,0.5444444444444445,-7.008333333333334,218.21041666666667,21.76388888888889,-768.8333333333334,1068.576388888889,43166.0,-348.0,-171823,43.986111111111114,48.125,43.71527777777778,34.24305555555556,36.31944444444444,32.111111111111114,37.888888888888886,25.194444444444443,26.38888888888889,-2.4,89.7,21.251388888888886,1.9722222222222223,38.78472222222222,33.270833333333336,34.44444444444444,34.645833333333336,33.798611111111114,1.7944444444444443,0.8798611111111111,49.99930555555555,398.5402777777778,397.0708333333333,395.87083333333334,13.40763888888889,15.07986111111111,14.609722222222224,366.3,-49.9,32.34722222222222,0.7124999999999999,2.1597222222222223,7.4229166666666675,-7.168055555555556,447.8,-595.5,10.122916666666667,11.023611111111112,454.3,0.0,9.259027777777778,-31.654166666666665,0.0,-1000.0,22.439583333333335,31.654166666666665,1000.0,0.0,22.439583333333335,30.01388888888889,250.22500000000002,T11,0.0,7.8,2.35625,0.17479166666666668,0.0,8.1,2.367361111111111,0.17708333333333334,16.0,25.0,20.0625,1004.0,1009.0,1006.3472222222222,66.0,100.0,89.61111111111111,0.0,1.0,0.020833333333333332,0.0,43.666666666666664,43.916666666666664,406.2291666666667,,0
2016-10-08 00:00:00+00:00,1415.0,0.0,326.12152777777777,47.16388888888889,33.416666666666664,37.701388888888886,38.05555555555556,37.986111111111114,35.423611111111114,40.0625,40.138888888888886,30.86111111111111,12.5,0.0,2.713888888888889,15.1,0.4,2.3784722222222223,0.45763888888888893,30.943749999999998,255.68888888888887,23.166666666666668,-715.9861111111111,3095.375,342636.0,-289.1041666666667,-323695,46.59722222222222,50.638888888888886,46.173611111111114,35.72222222222222,38.11805555555556,32.68055555555556,39.22222222222222,27.54861111111111,26.76388888888889,-2.3,89.7,19.38125,1.3923611111111112,45.625,34.8125,35.951388888888886,36.138888888888886,35.513888888888886,14.269444444444446,0.8951388888888889,49.99930555555555,398.83402777777775,397.07430555555555,395.91805555555555,23.601388888888888,27.25,24.261805555555558,349.5,-49.9,34.88194444444444,0.4201388888888889,2.402083333333333,12.2375,-13.472916666666666,433.5,-552.8,8.690277777777778,22.170833333333334,357.0,0.0,12.985416666666667,-89.42152777777778,0.0,-1000.0,44.081944444444446,89.42152777777778,1000.0,0.0,44.081944444444446,31.98611111111111,284.7361111111111,T11,0.0,7.3,2.5756944444444443,0.13402777777777777,0.0,7.2,2.5791666666666666,0.13541666666666666,18.0,26.0,21.70138888888889,1008.0,1010.0,1009.0208333333334,38.0,97.0,70.63194444444444,0.0,1.0,0.006944444444444444,0.0,48.15972222222222,48.236111111111114,409.00694444444446,,0
2016-10-09 00:00:00+00:00,1603.6,0.0,880.3604166666667,71.22916666666667,40.31944444444444,50.604166666666664,51.395833333333336,51.173611111111114,33.63194444444444,46.763888888888886,50.270833333333336,28.26388888888889,14.2,0.0,7.728472222222223,34.9,0.4,3.918055555555556,0.7368055555555556,0.863888888888889,247.95486111111111,21.375,-536.8194444444445,17802.027777777777,2486192.0,-379.52777777777777,-1372198,47.52777777777778,52.208333333333336,47.34722222222222,37.166666666666664,39.486111111111114,32.013888888888886,41.173611111111114,28.38888888888889,25.583333333333332,-2.8,89.7,8.484027777777778,1.8944444444444446,69.52777777777777,36.5,37.645833333333336,37.71527777777778,36.55555555555556,103.59444444444445,0.74375,50.00069444444445,398.8597222222222,396.6173611111111,396.3284722222222,131.63402777777776,142.61597222222224,132.06736111111113,765.5,-50.0,37.291666666666664,0.6513888888888889,3.957638888888889,42.59236111111111,-57.14027777777778,658.0,-1000.1,74.23263888888889,111.69999999999999,782.2,0.0,44.13402777777778,-401.6118055555555,0.0,-1000.0,106.03125,401.6118055555555,1000.0,0.0,106.03125,35.833333333333336,247.0965277777778,T11,0.4,8.2,3.6937499999999996,0.28958333333333336,0.5,8.6,3.7041666666666666,0.29465277777777776,18.0,23.0,20.006944444444443,1009.0,1012.0,1010.3472222222222,53.0,97.0,81.72916666666667,0.0,0.0,0.0,0.0,70.61111111111111,70.84027777777777,410.3263888888889,,0
2016-10-10 00:00:00+00:00,1602.6,0.0,626.1055555555555,37.74027777777778,35.486111111111114,43.854166666666664,44.38194444444444,44.25,31.854166666666668,43.326388888888886,45.333333333333336,27.569444444444443,14.2,0.0,5.477777777777778,35.7,0.4,3.316666666666667,0.6618055555555555,-0.3430555555555558,224.32638888888889,20.20138888888889,-558.5,9803.319444444445,1331255.0,-270.3541666666667,-721353,44.451388888888886,48.923611111111114,44.229166666666664,35.298611111111114,37.02777777777778,30.645833333333332,38.673611111111114,25.71527777777778,24.67361111111111,-3.1,47.6,13.874305555555557,0.8041666666666667,55.50694444444444,34.541666666666664,35.638888888888886,35.75694444444444,34.625,55.47569444444444,0.8284722222222222,50.0,398.4034722222222,396.6923611111111,395.99027777777775,71.7875,77.11250000000001,72.08958333333334,752.7,-49.8,34.013888888888886,0.35555555555555557,3.3451388888888887,32.006249999999994,-30.034027777777776,574.4,-926.7,34.861111111111114,63.17222222222222,768.7,0.0,33.28541666666667,-245.20069444444445,0.0,-1000.0,97.68125,245.20069444444445,1000.0,0.0,97.68125,32.826388888888886,224.65416666666667,T11,0.0,8.6,3.3958333333333335,0.24284722222222221,0.0,8.8,3.3569444444444443,0.25486111111111115,16.0,22.0,18.916666666666668,1009.0,1012.0,1010.2916666666666,63.0,97.0,78.94444444444444,0.0,0.0,0.0,0.0,64.71527777777777,63.854166666666664,410.2083333333333,,0
2016-10-11 00:00:00+00:00,1673.1,0.0,1059.0854166666666,90.02152777777778,40.52777777777778,51.96527777777778,52.854166666666664,52.46527777777778,31.70138888888889,47.40277777777778,52.020833333333336,27.208333333333332,14.8,0.0,9.305555555555555,25.6,0.4,4.6819444444444445,0.9173611111111111,-0.9930555555555556,231.81458333333336,20.09027777777778,-262.1388888888889,35438.666666666664,5065426.0,-129.83333333333334,-2052940,47.13194444444444,51.90972222222222,47.03472222222222,37.611111111111114,38.541666666666664,30.270833333333332,40.43055555555556,27.22222222222222,23.194444444444443,-3.2,89.7,5.069444444444445,1.8736111111111111,71.71527777777777,37.125,38.22222222222222,38.298611111111114,36.763888888888886,211.0861111111111,0.7958333333333334,50.0,398.7298611111111,396.76180555555555,397.0513888888889,221.32291666666666,233.54861111111111,220.9090277777778,1231.2,-52.3,36.4375,0.8430555555555556,4.705555555555556,79.45416666666667,-85.51041666666667,690.3,-1001.3,63.01597222222222,215.62013888888887,1268.4,0.0,79.77222222222223,-570.8784722222222,0.0,-1000.0,105.01041666666667,570.8784722222222,1000.0,0.0,105.01041666666667,35.40277777777778,232.8097222222222,T11,0.8,10.4,4.659027777777777,0.40437500000000004,0.7000000000000001,10.5,4.711111111111111,0.4150694444444445,17.0,21.0,18.993055555555557,1006.0,1011.0,1008.0208333333334,61.0,80.0,71.1875,0.0,0.0,0.0,0.0,89.97222222222223,90.90277777777777,407.9166666666667,,0
2016-10-12 00:00:00+00:00,1826.8,1205.6,1553.9708333333333,67.68541666666667,59.826388888888886,82.79861111111111,83.05555555555556,82.73611111111111,39.111111111111114,55.59027777777778,63.97222222222222,27.79861111111111,16.0,10.7,13.764583333333333,40.1,0.5,8.863888888888889,1.9256944444444446,0.7250000000000001,214.41458333333333,19.3125,0.0,190208.75694444444,27390061.0,0.0,-3921475,67.39583333333333,76.92361111111111,69.9375,42.895833333333336,42.52777777777778,29.21527777777778,44.173611111111114,35.076388888888886,21.493055555555557,-3.3,17.1,0.1694444444444444,1.613888888888889,99.26388888888889,43.44444444444444,44.65972222222222,44.3125,40.61805555555556,1141.2444444444445,0.9861111111111112,49.99861111111111,399.59583333333336,397.0,399.18888888888887,957.7833333333333,982.4625000000001,950.2590277777776,2110.3,-10.1,42.72222222222222,0.5916666666666667,9.002083333333333,219.9034722222222,-163.39375,0.7000000000000001,-250.7,5.834722222222222,1139.5659722222222,2000.0,0.0,218.89375,-873.8881944444444,0.0,-1000.0,88.65902777777778,800.317361111111,1000.0,0.0,107.47916666666667,50.270833333333336,213.69930555555555,T11,2.8,21.2,9.84375,1.7080555555555557,2.7,21.7,9.895833333333334,1.8752083333333331,16.0,20.0,18.541666666666668,997.0,1007.0,1000.3958333333334,63.0,96.0,84.66666666666667,0.0,15.0,0.9930555555555556,0.0,193.86805555555554,194.93055555555554,400.375,,0
2016-10-13 00:00:00+00:00,1687.5,0.0,940.4833333333333,107.72569444444444,39.388888888888886,51.46527777777778,52.05555555555556,51.895833333333336,31.21527777777778,48.6875,52.22222222222222,26.51388888888889,14.9,0.0,8.2375,70.0,0.4,4.6506944444444445,1.5222222222222221,-4.031944444444445,250.88194444444446,18.868055555555557,-437.8888888888889,49853.694444444445,7115873.0,-265.74305555555554,-1769197,49.513888888888886,54.90972222222222,49.69444444444444,36.8125,38.28472222222222,29.26388888888889,40.11805555555556,26.506944444444443,21.875,-3.2,90.0,9.963888888888889,3.0194444444444444,69.10416666666667,36.44444444444444,37.625,37.71527777777778,35.9375,296.49027777777775,0.882638888888889,49.99791666666667,399.12152777777777,397.0208333333333,397.49375,266.34583333333336,278.66875000000005,265.5395833333333,1892.5,-51.4,36.13194444444444,0.9534722222222223,4.745833333333334,92.81180555555555,-73.70486111111111,647.4,-999.1,28.4125,304.5076388888889,2000.0,0.0,95.84166666666667,-543.5826388888888,0.0,-1000.0,52.62916666666667,543.3215277777778,1000.0,0.0,53.89930555555556,36.263888888888886,229.91041666666666,T11,0.0,11.0,4.745138888888889,0.39819444444444446,0.0,11.0,4.735416666666667,0.405625,15.0,20.0,17.625,995.0,1001.0,997.2777777777778,65.0,98.0,82.38888888888889,0.0,9.0,0.5555555555555556,0.0,91.70138888888889,91.45833333333333,397.2013888888889,,0
2016-10-14 00:00:00+00:00,1682.6,0.0,998.5727272727273,78.53636363636363,40.31818181818182,54.28787878787879,55.20454545454545,55.0,31.03787878787879,47.70454545454545,51.878787878787875,26.984848484848484,14.9,0.0,8.812878787878788,41.2,0.4,4.418939393939394,0.9431818181818182,0.08333333333333333,283.3219696969697,19.136363636363637,-393.1136363636364,25689.96212121212,3339180.0,-293.9166666666667,-1402198,46.734848484848484,51.47727272727273,46.88636363636363,38.14393939393939,39.46212121212121,28.90909090909091,41.28787878787879,26.96969696969697,22.151515151515152,-3.2,90.0,9.749242424242425,2.8212121212121213,77.5,37.5,38.68181818181818,38.71969696969697,37.39393939393939,151.71060606060607,0.8037878787878788,49.99848484848485,398.839393939394,396.62045454545455,396.85378787878784,147.53939393939393,161.3469696969697,145.3128787878788,1283.6,-50.0,37.35606060606061,0.7143939393939394,4.351515151515152,60.443939393939395,-63.70681818181818,495.8,-758.1,23.391666666666666,161.9787878787879,1291.3,0.0,61.65151515151515,-514.9515151515152,0.0,-1000.0,139.65984848484848,514.9515151515152,1000.0,0.0,139.65984848484848,41.40151515151515,283.2348484848485,T11,0.3,9.7,4.810416666666667,0.3002777777777778,0.3,9.4,4.791666666666667,0.3015277777777778,16.0,20.0,17.993055555555557,1000.0,1006.0,1002.6597222222222,48.0,95.0,71.04166666666667,0.0,14.0,0.18055555555555555,0.0,92.95833333333333,92.65277777777777,402.65277777777777,,0
2016-10-15 00:00:00+00:00,1659.3,0.0,360.2368055555555,67.98680555555556,29.88888888888889,35.90277777777778,36.145833333333336,36.02777777777778,31.27777777777778,38.3125,39.166666666666664,27.38888888888889,14.7,0.0,2.959722222222222,13.4,0.4,2.5881944444444445,0.6027777777777779,3.954861111111111,128.38958333333332,19.479166666666668,-563.5555555555555,8678.986111111111,1168622.0,-195.96527777777777,-426032,42.208333333333336,46.25,41.798611111111114,33.395833333333336,35.21527777777778,29.479166666666668,36.673611111111114,23.8125,23.479166666666668,-2.9,89.7,18.50347222222222,1.7493055555555557,40.875,32.638888888888886,33.611111111111114,33.770833333333336,32.5,48.708333333333336,0.9006944444444446,49.99861111111111,399.3701388888889,397.33958333333334,396.375,52.125,57.93819444444445,55.14930555555556,904.9,-49.9,30.6875,0.6069444444444445,2.579861111111111,15.045833333333333,-17.679861111111112,661.8,-919.5,17.49513888888889,55.49166666666667,938.3,0.0,16.569444444444443,-149.875,0.0,-1000.0,23.95486111111111,149.875,1000.0,0.0,23.95486111111111,31.618055555555557,141.9263888888889,T11,0.0,9.3,2.51875,0.2640972222222222,0.0,9.1,2.495833333333333,0.27416666666666667,14.0,23.0,18.17361111111111,1005.0,1008.0,1006.4236111111111,42.0,80.0,66.63888888888889,0.0,0.0,0.0,0.0,46.96527777777778,46.47222222222222,406.34027777777777,,0
2016-10-16 00:00:00+00:00,1678.5,0.0,1133.9458333333334,73.6263888888889,42.916666666666664,57.020833333333336,58.048611111111114,57.708333333333336,32.19444444444444,48.61805555555556,53.63194444444444,28.055555555555557,14.9,0.0,10.0125,35.0,0.4,4.819444444444445,0.8562500000000001,-0.20347222222222214,114.94444444444444,21.27777777777778,-279.9166666666667,35681.27777777778,5097796.0,-235.68055555555554,-1779271,48.138888888888886,52.791666666666664,48.30555555555556,38.25,40.263888888888886,31.381944444444443,42.076388888888886,29.118055555555557,24.958333333333332,-3.2,89.7,3.2513888888888887,1.745138888888889,79.61111111111111,37.78472222222222,38.96527777777778,38.986111111111114,37.520833333333336,212.41805555555555,0.7826388888888889,49.99930555555555,398.9951388888889,396.27986111111113,396.7944444444445,208.70833333333334,228.38541666666666,209.57916666666668,1138.9,-50.1,38.52777777777778,0.6763888888888889,4.845138888888889,68.50208333333333,-74.18680555555555,657.2,-951.0,57.12708333333333,217.23333333333332,1146.1,0.0,68.84791666666666,-623.5083333333333,0.0,-1000.0,124.84722222222223,623.5083333333333,1000.0,0.0,124.84722222222223,42.75694444444444,115.1451388888889,T11,1.0,9.3,4.106944444444444,0.5058333333333334,1.1,9.6,4.103472222222222,0.510625,17.0,25.0,20.131944444444443,1007.0,1011.0,1008.7361111111111,56.0,85.0,71.17361111111111,0.0,0.0,0.0,0.0,79.00694444444444,78.875,408.69444444444446,,0
2016-10-17 00:00:00+00:00,1663.9,0.0,277.4451388888889,16.362499999999997,32.72222222222222,38.15972222222222,38.423611111111114,38.34722222222222,36.30555555555556,42.61805555555556,41.458333333333336,30.145833333333332,14.7,0.0,2.4034722222222222,17.8,0.4,3.4256944444444444,0.601388888888889,31.07986111111111,184.75069444444443,22.631944444444443,-556.7847222222222,10798.854166666666,1474858.0,-232.06944444444446,-543742,46.979166666666664,51.611111111111114,47.19444444444444,35.798611111111114,37.875,32.166666666666664,40.333333333333336,27.805555555555557,25.54861111111111,-3.1,90.0,60.00277777777777,1.9291666666666667,47.458333333333336,34.86805555555556,36.013888888888886,36.083333333333336,35.548611111111114,61.43541666666667,0.8652777777777778,49.99861111111111,399.25694444444446,397.1194444444444,396.2736111111111,60.43472222222223,68.29583333333333,63.55694444444444,1193.1,-33.6,34.78472222222222,0.1527777777777778,3.4145833333333333,11.18611111111111,-22.672222222222224,655.9,-931.9,10.641666666666667,86.78472222222223,1205.0,0.0,23.78125,-170.42777777777778,0.0,-1000.0,8.096527777777778,170.42777777777778,1000.0,0.0,8.096527777777778,32.21527777777778,168.67152777777778,T11,0.2,8.1,3.3777777777777778,0.2926388888888889,0.2,8.2,3.3784722222222223,0.2888888888888889,18.0,26.0,21.17361111111111,1011.0,1015.0,1013.3125,47.0,91.0,70.15277777777777,0.0,0.0,0.0,0.0,64.29166666666667,64.3125,413.25,,0
2016-10-18 00:00:00+00:00,1658.0,0.0,534.5159722222222,52.27152777777778,36.81944444444444,42.604166666666664,43.173611111111114,42.99305555555556,37.28472222222222,40.895833333333336,42.30555555555556,32.40277777777778,14.7,0.0,4.720138888888889,18.3,0.4,3.7472222222222222,0.5965277777777778,50.65,101.56736111111111,24.78472222222222,-336.5416666666667,16048.625,2262540.0,5.583333333333333,-910969,50.11805555555556,54.270833333333336,49.74305555555556,37.736111111111114,40.30555555555556,33.638888888888886,41.979166666666664,30.32638888888889,27.47222222222222,-3.1,89.7,48.90625,2.3583333333333334,55.701388888888886,37.048611111111114,38.13194444444444,38.270833333333336,37.56944444444444,94.29444444444444,0.84375,50.0,399.33402777777775,397.2291666666667,397.0395833333333,94.5875,101.96666666666667,93.34305555555555,1124.9,-47.5,37.513888888888886,0.45763888888888893,3.755555555555555,34.16180555555556,-37.97013888888889,650.9,-986.1,21.204166666666666,109.16111111111111,1138.9,0.0,38.261805555555554,-283.025,0.0,-1000.0,66.04722222222222,283.025,1000.0,0.0,66.04722222222222,35.951388888888886,200.92569444444445,T11,0.6000000000000001,11.7,3.9854166666666666,0.30520833333333336,0.5,12.0,3.9909722222222226,0.31201388888888887,20.0,29.0,23.479166666666668,1013.0,1015.0,1013.8333333333334,41.0,82.0,58.27777777777778,0.0,0.0,0.0,0.0,76.45138888888889,76.60416666666667,413.8125,,0
2016-10-19 00:00:00+00:00,1702.5,0.0,1404.4368055555556,75.38819444444444,49.270833333333336,63.53472222222222,64.61111111111111,64.14583333333333,32.90277777777778,51.708333333333336,58.770833333333336,29.493055555555557,15.1,0.0,12.438194444444443,28.2,0.4,6.404166666666667,0.9972222222222222,-0.08611111111111115,109.82569444444444,22.645833333333332,-96.91666666666667,78942.08333333333,11353704.0,-56.52777777777778,-2886602,55.326388888888886,60.93055555555556,56.145833333333336,39.34027777777778,41.354166666666664,32.048611111111114,42.986111111111114,32.25,25.09722222222222,-3.2,89.7,-1.0131944444444445,1.0034722222222223,88.69444444444444,39.291666666666664,40.40277777777778,40.43055555555556,38.145833333333336,473.03125,0.9173611111111111,50.00069444444445,398.93333333333334,396.5472222222222,397.8590277777778,412.33402777777775,432.14166666666665,405.8409722222222,1810.6,-49.9,39.458333333333336,0.6625000000000001,6.313194444444445,105.62986111111111,-120.2611111111111,584.9,-888.3,17.43472222222222,474.5881944444444,1833.4,0.0,105.92222222222222,-890.8812499999999,0.0,-1000.0,46.33541666666667,890.2284722222222,1000.0,0.0,48.51875,45.05555555555556,109.91874999999999,T11,1.3,10.7,6.219444444444445,0.6184027777777777,1.2,10.8,6.28125,0.6354861111111112,19.0,26.0,21.84027777777778,1008.0,1014.0,1011.0625,55.0,84.0,72.95138888888889,0.0,0.0,0.0,0.0,121.27777777777777,122.51388888888889,411.02777777777777,,0
2016-10-20 00:00:00+00:00,1678.1,0.0,975.6965277777776,97.28472222222223,42.270833333333336,54.1875,55.02777777777778,54.798611111111114,34.43055555555556,49.263888888888886,53.013888888888886,30.194444444444443,14.9,0.0,8.596527777777778,19.5,0.4,4.373611111111111,0.7423611111111111,-9.900694444444445,116.77222222222223,22.63888888888889,-521.9930555555555,28566.20138888889,4038371.0,-430.0833333333333,-1356735,50.81944444444444,55.78472222222222,51.30555555555556,38.50694444444444,41.13194444444444,32.09722222222222,42.638888888888886,30.430555555555557,25.5,-3.2,89.7,6.732638888888889,2.803472222222222,75.98611111111111,38.020833333333336,39.138888888888886,39.22222222222222,37.99305555555556,168.2423611111111,0.775,50.00069444444445,399.2298611111111,397.0534722222222,396.8409722222222,168.33819444444444,182.3465277777778,170.24305555555554,1181.6,-50.6,38.75694444444444,0.8819444444444444,4.319444444444445,37.484722222222224,-56.548611111111114,778.3,-999.5,44.080555555555556,175.69791666666666,1193.9,0.0,38.43402777777778,-460.92499999999995,0.0,-1000.0,76.84930555555555,460.92499999999995,1000.0,0.0,76.84930555555555,39.71527777777778,111.68333333333334,T11,0.0,10.1,4.356944444444444,0.24777777777777776,0.0,10.1,4.375694444444445,0.25493055555555555,19.0,25.0,21.541666666666668,1004.0,1009.0,1006.0277777777778,59.0,90.0,77.20138888888889,0.0,0.0,0.0,0.0,83.81944444444444,84.20138888888889,405.97222222222223,,0
2016-10-21 00:00:00+00:00,1667.1,0.0,629.95,47.34861111111111,36.77777777777778,44.291666666666664,44.81944444444444,44.63194444444444,33.576388888888886,44.701388888888886,46.0625,28.8125,14.8,0.0,5.333333333333333,19.5,0.4,3.3041666666666667,0.6576388888888889,-9.038888888888888,154.5111111111111,21.541666666666668,-600.9583333333334,17433.340277777777,2423862.0,-293.59027777777777,-922119,46.25694444444444,50.78472222222222,46.28472222222222,35.958333333333336,37.9375,31.729166666666668,39.388888888888886,27.67361111111111,25.743055555555557,-3.0,89.7,13.5,1.0541666666666667,56.65277777777778,35.18055555555556,36.326388888888886,36.458333333333336,35.354166666666664,100.98263888888889,0.86875,49.99930555555555,399.0229166666667,397.1097222222222,396.40555555555557,102.00486111111111,111.17152777777778,104.59930555555555,1075.2,-50.8,35.145833333333336,0.4756944444444444,3.3506944444444446,39.49861111111111,-38.41041666666667,613.3,-809.2,22.85763888888889,106.18333333333334,1103.6,0.0,39.118750000000006,-320.5256944444444,0.0,-1000.0,66.77569444444445,320.5256944444444,1000.0,0.0,66.77569444444445,33.84722222222222,153.54444444444445,T11,0.0,9.5,3.2027777777777775,0.29750000000000004,0.3,9.8,3.097916666666667,0.37729166666666664,18.0,24.0,20.32638888888889,1003.0,1005.0,1004.25,56.0,93.0,81.93055555555556,0.0,0.0,0.0,0.0,60.638888888888886,58.520833333333336,404.15972222222223,,0
2016-10-22 00:00:00+00:00,1784.7,141.2,1488.5986111111113,82.78472222222223,47.65277777777778,69.02083333333333,69.66666666666667,69.26388888888889,32.78472222222222,52.645833333333336,60.583333333333336,28.791666666666668,15.8,0.0,13.18611111111111,47.7,0.4,7.3381944444444445,1.515277777777778,0.13958333333333345,181.42083333333332,20.333333333333332,-11.277777777777779,128473.4375,18498552.0,-8.868055555555555,-3456861,59.895833333333336,66.73611111111111,61.326388888888886,40.27777777777778,41.270833333333336,30.0625,43.145833333333336,31.70138888888889,22.29861111111111,-3.3,55.4,-1.4743055555555555,0.7611111111111112,90.59027777777777,40.65972222222222,41.770833333333336,41.65972222222222,38.68055555555556,770.7972222222222,0.9659722222222222,49.99930555555555,398.5729166666667,396.0625,397.5208333333333,653.3458333333333,677.9770833333333,650.4861111111111,2105.2,-49.7,40.34722222222222,0.7298611111111112,7.456944444444444,213.57569444444445,-144.01944444444445,515.2,-991.2,11.503472222222221,770.5319444444444,2000.0,0.0,213.47500000000002,-939.4298611111111,0.0,-1000.0,56.32083333333333,915.6680555555556,1000.0,0.0,75.34166666666667,45.65972222222222,181.28472222222223,T11,1.7000000000000002,18.2,8.065972222222221,1.3624305555555556,1.4,18.5,7.704861111111111,1.7834722222222221,18.0,22.0,19.4375,1000.0,1005.0,1002.2916666666666,77.0,96.0,89.02777777777777,0.0,9.0,0.1527777777777778,0.0,158.34027777777777,151.08333333333334,402.2291666666667,,0
2016-10-23 00:00:00+00:00,1824.8,0.0,1061.6222222222223,75.19861111111112,55.96527777777778,71.47916666666667,71.73611111111111,71.47222222222223,40.00694444444444,49.38194444444444,55.041666666666664,29.47222222222222,15.9,0.0,9.315972222222221,42.3,0.4,6.500694444444445,1.5069444444444444,5.013888888888889,196.2,18.77777777777778,-539.9236111111111,128476.9375,18422933.0,-423.2708333333333,-2585494,58.791666666666664,67.75694444444444,61.951388888888886,39.94444444444444,40.923611111111114,28.45138888888889,41.84722222222222,31.92361111111111,21.055555555555557,-2.8,89.8,9.836805555555555,3.4319444444444445,82.25,39.90972222222222,41.05555555555556,40.861111111111114,37.951388888888886,767.5458333333333,0.8805555555555555,49.99861111111111,399.0881944444444,396.78263888888887,396.96805555555557,654.7513888888889,673.76875,655.0722222222222,2109.9,-52.1,39.18055555555556,0.6729166666666667,6.591666666666667,134.2923611111111,-107.70277777777778,676.7,-719.9,18.843055555555555,773.0152777777778,2000.0,0.0,135.89583333333334,-495.9555555555556,0.0,-1000.0,116.16319444444444,430.87638888888887,1000.0,0.0,128.69722222222222,45.90277777777778,221.1798611111111,T11,0.0,20.2,6.718055555555555,1.2647222222222223,0.0,20.3,6.65625,1.4130555555555555,14.0,21.0,17.618055555555557,998.0,1002.0,1000.5347222222222,80.0,98.0,93.96527777777777,0.0,37.0,1.2916666666666667,0.0,131.11111111111111,129.97222222222223,400.43055555555554,,0
2016-10-24 00:00:00+00:00,1679.3,0.0,914.4562500000001,91.81597222222223,46.479166666666664,49.77777777777778,50.50694444444444,50.229166666666664,30.020833333333332,45.479166666666664,49.65972222222222,27.11111111111111,14.9,0.0,8.015972222222222,23.6,0.4,4.203472222222222,0.8243055555555556,1.1291666666666669,140.9451388888889,19.125,-437.8333333333333,29568.722222222223,4194850.0,-353.9375,-1347393,44.861111111111114,49.354166666666664,44.833333333333336,37.19444444444444,37.34027777777778,28.868055555555557,39.25694444444444,26.458333333333332,21.96527777777778,-3.2,89.7,7.8291666666666675,2.1020833333333333,66.17361111111111,36.729166666666664,37.86805555555556,37.888888888888886,36.34722222222222,174.78611111111113,0.7979166666666667,50.0,398.68819444444443,396.78819444444446,396.57222222222225,171.33888888888887,183.11805555555554,174.10416666666666,1245.6,-50.3,34.625,0.8291666666666667,4.239583333333333,54.78263888888889,-56.15347222222223,658.1,-955.2,47.50208333333333,181.69791666666666,1262.2,0.0,56.230555555555554,-455.9215277777778,0.0,-1000.0,102.86527777777778,455.9215277777778,1000.0,0.0,102.86527777777778,36.611111111111114,137.30902777777777,T11,0.4,8.9,3.53125,0.47236111111111106,0.4,8.7,3.4847222222222225,0.4945138888888889,13.0,22.0,17.868055555555557,999.0,1003.0,1001.1805555555555,70.0,97.0,84.84722222222223,0.0,7.0,0.3125,0.0,67.30555555555556,66.39583333333333,401.1041666666667,,0
2016-10-25 00:00:00+00:00,1723.9,0.0,944.0402777777776,96.77152777777778,48.31944444444444,53.19444444444444,53.96527777777778,53.708333333333336,33.15972222222222,49.173611111111114,53.291666666666664,30.38888888888889,15.3,0.0,8.242361111111112,29.6,0.4,4.580555555555556,0.7458333333333333,-2.327083333333333,103.47638888888889,23.15972222222222,-517.7569444444445,39348.95138888889,5591692.0,-429.69444444444446,-1393917,50.395833333333336,55.34027777777778,50.826388888888886,38.47222222222222,40.625,31.444444444444443,42.125,30.708333333333332,24.86111111111111,-3.2,89.7,7.918749999999999,2.3430555555555554,71.91666666666667,38.041666666666664,39.173611111111114,39.19444444444444,37.888888888888886,233.01944444444447,0.7986111111111112,50.00138888888889,398.5881944444444,396.6076388888889,396.3986111111111,219.02499999999998,233.5680555555556,224.00902777777776,2098.9,-49.7,38.40277777777778,0.9097222222222222,4.548611111111111,50.601388888888884,-58.050000000000004,607.1,-967.8,45.41111111111111,240.64444444444447,2000.0,0.0,51.85347222222222,-503.0090277777778,0.0,-1000.0,65.54652777777778,498.16249999999997,1000.0,0.0,68.54652777777778,39.36805555555556,98.31180555555555,T11,0.0,9.5,4.115277777777778,0.38083333333333336,0.0,10.0,4.142361111111111,0.3877083333333333,19.0,26.0,22.15277777777778,1003.0,1010.0,1005.9930555555555,53.0,85.0,67.66666666666667,0.0,0.0,0.0,0.0,79.04166666666667,79.53472222222223,405.9513888888889,,0
2016-10-26 00:00:00+00:00,1726.2,241.5,1480.0326388888889,55.16458333333333,61.96527777777778,71.41666666666667,72.24305555555556,71.90972222222223,34.63194444444444,53.1875,61.201388888888886,31.458333333333332,15.2,2.3,13.106944444444444,23.2,0.6000000000000001,7.078472222222222,1.0583333333333333,-0.9722222222222222,85.30416666666666,24.53472222222222,-24.70138888888889,111418.11805555556,16040653.0,-15.32638888888889,-3266078,65.61805555555556,72.09722222222223,66.54166666666667,40.013888888888886,42.458333333333336,32.75,43.38194444444444,35.90972222222222,26.03472222222222,-3.4,45.7,-1.771527777777778,0.39305555555555555,90.90972222222223,40.24305555555556,41.375,41.25,38.77777777777778,668.3034722222222,0.9562499999999999,50.00069444444445,398.8013888888889,396.62430555555557,397.8541666666667,567.5194444444445,589.1229166666667,565.1652777777778,2100.4,-50.1,40.0,0.4847222222222222,7.060416666666667,133.67222222222222,-136.0861111111111,20.1,-211.1,7.729166666666667,668.7569444444445,2000.0,0.0,133.70486111111111,-943.2263888888889,0.0,-1000.0,45.10625,931.1347222222222,1000.0,0.0,53.90208333333333,50.27777777777778,86.2798611111111,T11,1.7000000000000002,13.6,7.489583333333333,0.64875,1.5,13.5,7.5249999999999995,0.6561805555555555,21.0,27.0,23.631944444444443,1009.0,1014.0,1011.0486111111111,55.0,75.0,69.1875,0.0,0.0,0.0,0.0,146.56944444444446,147.43055555555554,411.0138888888889,,0
2016-10-27 00:00:00+00:00,1856.1,0.0,1575.1291666666666,59.34444444444445,69.22222222222223,92.88194444444444,92.65277777777777,92.44444444444444,44.05555555555556,54.15972222222222,64.01388888888889,34.263888888888886,16.3,0.0,13.95625,38.5,0.4,9.912500000000001,1.9979166666666666,-0.24722222222222223,103.28541666666666,24.041666666666668,-121.0,221968.40972222222,31946025.0,-83.70833333333333,-4537240,74.72222222222223,85.32638888888889,78.28472222222223,43.99305555555556,46.49305555555556,32.666666666666664,47.40277777777778,41.375,26.04861111111111,-3.2,89.8,2.0284722222222222,2.402083333333333,104.03472222222223,44.55555555555556,45.673611111111114,45.291666666666664,41.28472222222222,1331.0479166666667,0.96875,50.00208333333333,399.0715277777778,396.75208333333336,399.4006944444444,1129.1402777777778,1142.2312499999998,1111.923611111111,2115.5,-51.9,46.083333333333336,0.5222222222222223,9.8125,178.54444444444445,-189.04722222222222,17.7,-231.3,8.122916666666667,1331.2722222222224,2000.0,0.0,177.52638888888887,-778.9055555555556,0.0,-1000.0,105.60555555555555,676.2770833333333,1000.0,0.0,120.07708333333332,56.854166666666664,103.53680555555555,T11,2.5,23.5,11.933333333333334,1.7135416666666667,2.8,23.8,12.0125,1.7533333333333332,21.0,25.0,23.03472222222222,1011.0,1015.0,1013.1666666666666,55.0,83.0,69.00694444444444,0.0,0.0,0.0,0.0,235.73611111111111,237.38194444444446,413.1458333333333,,0
2016-10-28 00:00:00+00:00,1843.5,1188.4,1624.8881944444445,57.581250000000004,73.89583333333333,102.11111111111111,101.56944444444444,101.45138888888889,47.916666666666664,53.90277777777778,64.96527777777777,34.951388888888886,16.1,10.5,14.398611111111112,44.0,0.5,11.511805555555556,2.579861111111111,-1.9756944444444444,109.55069444444445,22.944444444444443,-1.2013888888888888,264958.7708333333,38153889.0,-0.8263888888888888,-5058483,79.57638888888889,92.41666666666667,84.34722222222223,45.333333333333336,47.291666666666664,31.895833333333332,48.15972222222222,42.55555555555556,25.53472222222222,-2.7,19.9,3.9444444444444446,2.572222222222222,109.55555555555556,46.09027777777778,47.24305555555556,46.65277777777778,41.94444444444444,1589.6631944444443,0.9847222222222223,50.0,399.6965277777778,397.1013888888889,399.9604166666667,1339.5284722222223,1358.1819444444445,1323.3791666666666,2113.8,-50.2,47.78472222222222,0.5006944444444444,11.372916666666667,198.22222222222223,-210.76805555555555,14.6,-241.5,6.851388888888889,1586.4381944444444,2000.0,0.0,196.02291666666667,-739.84375,0.0,-1000.0,104.15208333333334,606.7222222222222,1000.0,0.0,112.75833333333334,57.69444444444444,111.53055555555555,T11,3.0,24.3,12.765972222222222,2.5368055555555555,2.9,24.1,12.841666666666667,2.567430555555555,20.0,24.0,22.09027777777778,1014.0,1018.0,1016.1805555555555,48.0,79.0,66.54861111111111,0.0,0.0,0.0,0.0,252.47916666666666,254.01388888888889,416.1111111111111,,0
2016-10-29 00:00:00+00:00,1844.4,1215.8,1646.0812500000002,42.16041666666667,75.02083333333333,106.04861111111111,105.68055555555556,105.375,49.354166666666664,53.24305555555556,64.80555555555556,35.00694444444444,16.8,10.8,14.586111111111112,38.7,0.5,11.640277777777778,2.4604166666666667,-1.0979166666666667,105.07569444444444,21.5,0.0,277306.49305555556,39932135.0,0.0,-5192742,79.44444444444444,93.17361111111111,85.13888888888889,45.88194444444444,47.90277777777778,31.72222222222222,48.388888888888886,42.21527777777778,24.34722222222222,-3.2,18.7,3.5374999999999996,2.8159722222222223,111.65972222222223,46.72222222222222,47.81944444444444,47.25,42.333333333333336,1663.795138888889,0.9958333333333333,50.0,399.87847222222223,397.43888888888887,400.2444444444444,1398.8381944444445,1416.8680555555557,1383.1180555555557,2109.2,97.4,48.15277777777778,0.36319444444444443,11.515972222222222,181.7798611111111,-216.36666666666667,-159.4,-241.1,2.929861111111111,1659.6888888888889,2000.0,95.3,179.55,-756.6152777777778,-466.7,-1000.0,106.55625,612.6854166666667,1000.0,406.1,119.1673611111111,56.24305555555556,106.17708333333333,T11,5.3,22.0,13.219444444444443,1.8672916666666666,5.5,22.0,13.295833333333333,1.8987500000000002,19.0,23.0,20.71527777777778,1013.0,1016.0,1014.8680555555555,53.0,75.0,65.59027777777777,0.0,0.0,0.0,0.0,261.40277777777777,262.9791666666667,414.8333333333333,,0
2016-10-30 00:00:00+00:00,1767.5,1206.9,1545.9606666666666,65.29066666666667,58.593333333333334,77.1,77.5,77.25333333333333,35.82,54.153333333333336,62.62,30.76,15.6,10.7,13.687333333333333,40.1,0.6000000000000001,8.188666666666666,1.5026666666666666,-0.18733333333333335,104.60333333333334,20.526666666666667,0.0,163107.79333333333,24466169.0,0.0,-4427135,65.46666666666667,73.96666666666667,68.27333333333333,41.626666666666665,43.166666666666664,30.233333333333334,44.22,33.92666666666667,22.72,-3.3,10.5,-1.4493333333333334,0.732,95.90666666666667,42.07333333333333,43.18,42.93333333333333,39.593333333333334,978.6053333333333,0.9766666666666667,49.99933333333333,398.896,396.4186666666667,398.52733333333333,831.2866666666666,852.1126666666667,819.87,2107.3,21.6,41.8,0.5773333333333334,8.162666666666667,212.69333333333333,-177.09,-106.0,-228.6,4.348,977.4306666666668,2000.0,20.9,211.81933333333333,-951.2413333333334,-102.5,-1000.0,58.44066666666667,899.2446666666667,1000.0,102.5,79.94800000000001,46.446666666666665,104.79466666666667,T11,1.8,14.7,9.060416666666667,0.8703472222222222,1.6,15.0,9.13888888888889,0.8811805555555555,18.0,23.0,19.631944444444443,1010.0,1014.0,1011.2777777777778,44.0,78.0,66.86111111111111,0.0,0.0,0.0,0.0,178.14583333333334,179.70833333333334,411.1875,,0
2016-10-31 00:00:00+00:00,1822.1,1226.7,1602.7097222222224,47.205555555555556,54.19444444444444,83.11805555555556,83.125,82.97222222222223,36.673611111111114,53.708333333333336,63.40972222222222,31.256944444444443,15.9,10.9,14.196527777777778,29.9,0.7000000000000001,9.145833333333334,1.725,0.56875,107.54166666666667,20.59027777777778,0.0,206221.8125,29695941.0,0.0,-4552341,68.07638888888889,77.27777777777777,70.64583333333333,42.74305555555556,43.548611111111114,29.92361111111111,44.65972222222222,35.388888888888886,22.479166666666668,-3.2,11.9,-0.8986111111111111,1.1881944444444443,98.54861111111111,43.361111111111114,44.486111111111114,44.208333333333336,40.291666666666664,1237.4722222222222,0.9944444444444444,50.00208333333333,399.2965277777778,396.9111111111111,399.8381944444444,1048.7340277777778,1062.0854166666666,1024.8944444444444,2106.2,141.9,42.84722222222222,0.4152777777777778,9.080555555555556,222.85416666666666,-189.67847222222224,-112.8,-238.2,3.638888888888889,1235.2020833333333,2000.0,136.8,221.49444444444444,-921.8395833333333,-583.3,-1000.0,77.1576388888889,844.6180555555555,1000.0,406.1,111.02083333333333,47.923611111111114,106.98472222222223,T11,3.9,16.8,10.175,1.095902777777778,4.0,17.3,10.243055555555555,1.1094444444444445,18.0,23.0,19.583333333333332,1009.0,1012.0,1010.3819444444445,49.0,77.0,65.20833333333333,0.0,0.0,0.0,0.0,200.59722222222223,201.9375,410.30555555555554,,0
2016-11-01 00:00:00+00:00,1796.6,1231.6,1638.822222222222,44.11805555555556,59.02777777777778,92.55555555555556,92.48611111111111,92.22222222222223,41.125,54.34027777777778,64.79166666666667,32.59722222222222,15.8,10.9,14.515277777777776,38.4,0.4,9.647222222222222,1.836111111111111,-0.10555555555555556,115.28611111111111,21.194444444444443,0.0,238336.96527777778,34320523.0,0.0,-4492204,70.85416666666667,81.6875,74.92361111111111,43.861111111111114,44.916666666666664,31.01388888888889,45.291666666666664,38.576388888888886,23.319444444444443,-3.2,12.1,-0.8694444444444445,1.1777777777777778,102.06944444444444,44.673611111111114,45.75,45.423611111111114,41.020833333333336,1430.0590277777778,0.9993055555555556,50.00069444444445,399.6027777777778,397.2902777777778,400.0395833333333,1204.6284722222222,1220.4104166666666,1185.8916666666667,2105.3,129.4,43.798611111111114,0.3875,9.629166666666666,249.3840277777778,-187.1763888888889,415.3,-227.4,6.607638888888889,1427.2833333333333,2000.0,120.3,247.6048611111111,-913.0215277777778,-583.3,-1000.0,86.7798611111111,808.9645833333333,1000.0,406.1,130.7298611111111,52.041666666666664,115.39097222222222,T11,1.9,15.9,8.521527777777777,1.7574305555555556,2.1,16.2,8.58125,1.751111111111111,18.0,24.0,20.21527777777778,1011.0,1014.0,1012.7222222222222,57.0,80.0,69.41666666666667,0.0,1.0,0.006944444444444444,0.0,167.36805555555554,168.68055555555554,412.625,,0
2016-11-02 00:00:00+00:00,1685.7,0.0,913.5986111111112,82.98611111111111,40.958333333333336,53.49305555555556,54.28472222222222,54.03472222222222,33.416666666666664,48.458333333333336,52.013888888888886,29.98611111111111,14.9,0.0,8.002777777777778,25.3,0.4,4.1875,0.7597222222222223,-0.15902777777777807,128.66875,22.145833333333332,-507.06944444444446,28585.92361111111,4043357.0,-384.0416666666667,-1378753,51.75,56.826388888888886,52.5625,38.36805555555556,40.55555555555556,32.291666666666664,41.798611111111114,29.45138888888889,25.51388888888889,-3.2,89.7,8.015972222222222,2.170138888888889,73.0,37.826388888888886,38.93055555555556,38.99305555555556,37.826388888888886,168.4263888888889,0.8104166666666667,50.00069444444445,399.0520833333333,396.75069444444443,397.63472222222225,164.55902777777777,173.97291666666666,158.37916666666666,1631.1,-50.1,37.951388888888886,0.7729166666666667,4.2131944444444445,49.96597222222223,-57.43402777777778,634.9,-952.5,29.86180555555556,175.28472222222223,1637.0,0.0,50.673611111111114,-462.77916666666664,0.0,-1000.0,100.9,462.6458333333333,1000.0,0.0,101.24444444444445,37.854166666666664,128.82847222222222,T11,0.4,7.8,4.029166666666667,0.2889583333333333,0.4,8.1,4.040277777777778,0.29583333333333334,18.0,26.0,21.09722222222222,1011.0,1014.0,1011.9930555555555,44.0,82.0,66.89583333333333,0.0,0.0,0.0,0.0,77.27777777777777,77.53472222222223,411.9375,,0
2016-11-03 00:00:00+00:00,1671.6,0.0,1043.7819444444444,103.475,43.451388888888886,56.5,57.4375,57.083333333333336,34.166666666666664,48.69444444444444,53.25694444444444,30.395833333333332,14.8,0.0,9.20486111111111,18.9,0.4,4.356944444444444,0.8,2.3986111111111112,131.4402777777778,23.1875,-426.1041666666667,28755.88888888889,4079489.0,-329.6875,-1540778,49.74305555555556,54.25,49.895833333333336,38.43055555555556,40.763888888888886,31.805555555555557,42.395833333333336,31.15277777777778,25.541666666666668,-3.1,89.7,5.256944444444445,2.4375,76.17361111111111,38.00694444444444,39.125,39.138888888888886,37.875,169.96666666666667,0.7368055555555556,49.99652777777778,398.8951388888889,396.5826388888889,397.34513888888887,178.81041666666667,188.6277777777778,174.48680555555555,1325.1,-50.5,38.61805555555556,0.9312499999999999,4.455555555555556,63.175000000000004,-64.24097222222223,824.6,-999.8,55.35347222222222,176.58194444444445,1347.6,0.0,63.54097222222222,-490.7541666666667,0.0,-1000.0,112.22638888888889,490.7541666666667,1000.0,0.0,112.22638888888889,38.854166666666664,129.0423611111111,T11,0.6000000000000001,8.8,4.404861111111111,0.34486111111111106,0.6000000000000001,8.6,4.446527777777778,0.3488888888888889,19.0,26.0,22.09722222222222,1007.0,1012.0,1009.0486111111111,44.0,67.0,54.99305555555556,0.0,1.0,0.013888888888888888,0.0,84.88888888888889,85.64583333333333,408.99305555555554,,0
2016-11-04 00:00:00+00:00,1698.4,0.0,1002.8958333333334,113.18125,42.048611111111114,54.458333333333336,55.30555555555556,55.05555555555556,34.0,48.9375,53.104166666666664,29.895833333333332,15.0,0.0,8.835416666666667,20.8,0.4,4.386805555555556,0.807638888888889,-4.202083333333333,146.5513888888889,22.32638888888889,-516.7083333333334,34020.0,4824477.0,-443.0208333333333,-1335877,50.50694444444444,55.47222222222222,50.81944444444444,38.6875,40.77777777777778,31.055555555555557,42.416666666666664,29.90972222222222,24.256944444444443,-3.4,89.7,6.421527777777778,2.810416666666667,73.93055555555556,38.201388888888886,39.326388888888886,39.375,38.0,201.03680555555556,0.7611111111111112,49.99930555555555,398.7236111111111,396.56875,396.6784722222222,203.11319444444445,216.75069444444443,205.5298611111111,1651.7,-50.0,38.71527777777778,1.0076388888888888,4.497222222222223,62.22638888888889,-55.610416666666666,735.5,-999.4,64.31458333333333,210.3826388888889,1669.5,0.0,64.08611111111111,-483.23819444444445,0.0,-1000.0,101.74305555555556,482.98125000000005,1000.0,0.0,102.32986111111111,39.34027777777778,145.74930555555557,T11,0.0,11.4,4.575694444444444,0.4160416666666667,0.0,11.2,4.529861111111111,0.4900694444444445,19.0,25.0,21.21527777777778,1008.0,1011.0,1008.5,44.0,76.0,60.02777777777778,0.0,1.0,0.020833333333333332,0.0,88.3125,87.40972222222223,408.47222222222223,,0
2016-11-05 00:00:00+00:00,1784.5,0.0,1456.9569444444444,68.86944444444445,47.333333333333336,69.38194444444444,70.04861111111111,69.63194444444444,32.22222222222222,51.36805555555556,59.388888888888886,27.97222222222222,15.7,0.0,12.90486111111111,37.7,0.4,7.027083333333334,1.4277777777777778,1.7687499999999998,221.90694444444443,19.51388888888889,-49.11805555555556,128217.28472222222,18456215.0,-29.916666666666668,-3212519,61.173611111111114,68.59027777777777,63.041666666666664,40.53472222222222,40.958333333333336,28.979166666666668,42.708333333333336,30.944444444444443,21.15277777777778,-3.3,89.7,-0.9173611111111111,1.1930555555555555,92.27777777777777,40.736111111111114,41.84722222222222,41.673611111111114,38.604166666666664,768.9993055555556,0.9319444444444444,50.00069444444445,398.7736111111111,396.1166666666667,396.81111111111113,647.1624999999999,680.3534722222222,656.0062499999999,2107.4,-44.0,39.93055555555556,0.6041666666666666,7.285416666666666,182.28125,-133.87847222222223,554.9,-944.1,16.388194444444444,769.2326388888889,2000.0,0.0,182.01736111111111,-889.875,0.0,-1000.0,96.39027777777778,858.5798611111111,1000.0,0.0,118.97361111111111,45.11805555555556,220.1375,T11,2.6,16.5,7.746527777777778,0.9621527777777779,2.5,16.5,7.763194444444445,1.0381944444444444,15.0,21.0,18.569444444444443,1004.0,1009.0,1006.2638888888889,74.0,95.0,87.09027777777777,0.0,44.0,0.6666666666666666,0.0,151.84722222222223,152.1875,406.1736111111111,,0
2016-11-06 00:00:00+00:00,1664.1,0.0,1191.867361111111,70.06041666666667,38.083333333333336,54.1875,55.30555555555556,54.9375,28.083333333333332,47.0,52.611111111111114,24.51388888888889,14.7,0.0,10.556944444444445,36.6,0.4,4.717361111111111,0.9416666666666667,-2.070138888888889,310.8409722222222,15.465277777777779,-185.44444444444446,32187.57638888889,4608309.0,-160.38194444444446,-1705787,45.53472222222222,50.701388888888886,46.104166666666664,38.048611111111114,37.63194444444444,25.520833333333332,39.40277777777778,24.17361111111111,18.194444444444443,-3.3,89.7,1.6909722222222223,1.8458333333333334,81.90972222222223,37.5625,38.69444444444444,38.75694444444444,36.8125,192.01875,0.7611111111111112,50.00069444444445,399.0472222222222,396.53819444444446,396.68333333333334,193.92708333333334,215.19583333333333,198.16944444444445,1127.5,-50.0,35.729166666666664,0.6277777777777778,4.834722222222222,60.93680555555555,-71.01875000000001,617.0,-937.6,63.993750000000006,195.55069444444445,1141.2,0.0,61.52013888888889,-628.098611111111,0.0,-1000.0,123.8409722222222,628.098611111111,1000.0,0.0,123.8409722222222,35.291666666666664,322.90833333333336,T11,1.5,9.1,5.030555555555555,0.29041666666666666,1.5,9.0,4.961111111111111,0.288125,11.0,17.0,14.194444444444445,1005.0,1009.0,1006.7361111111111,46.0,93.0,67.4375,0.0,3.0,0.04861111111111111,0.0,97.32638888888889,95.97916666666667,406.6875,,0
2016-11-07 00:00:00+00:00,1709.3,0.0,1204.9423611111113,71.70416666666667,37.68055555555556,54.361111111111114,55.22222222222222,54.93055555555556,25.92361111111111,47.298611111111114,53.201388888888886,23.22222222222222,15.1,0.0,10.649999999999999,36.7,0.4,5.148611111111111,1.0715277777777779,-1.7145833333333333,304.84722222222223,13.708333333333334,-144.99305555555554,50678.3125,7276799.0,-98.875,-2127316,44.80555555555556,49.86805555555556,44.97222222222222,34.8125,35.548611111111114,23.618055555555557,37.201388888888886,23.15972222222222,16.229166666666668,-3.3,45.7,1.8604166666666666,1.1555555555555557,77.68055555555556,34.708333333333336,35.826388888888886,35.78472222222222,33.15277777777778,303.2097222222222,0.7798611111111111,50.00069444444445,398.5597222222222,396.21875,397.00625,296.63125,312.9013888888889,296.1798611111111,2096.4,-48.6,33.61805555555556,0.6416666666666667,5.248611111111111,84.31180555555555,-88.67847222222223,798.7,-887.6,75.69236111111111,306.31111111111113,2000.0,0.0,85.00833333333334,-654.754861111111,0.0,-1000.0,75.89722222222223,653.8062500000001,1000.0,0.0,78.60833333333333,34.479166666666664,321.5729166666667,T11,0.4,11.6,5.6930555555555555,0.3958333333333333,0.4,11.4,5.628472222222222,0.39375000000000004,8.0,16.0,12.541666666666666,1005.0,1011.0,1007.4861111111111,37.0,78.0,56.84722222222222,0.0,0.0,0.0,0.0,110.70833333333333,109.19444444444444,407.4375,,0
2016-11-08 00:00:00+00:00,1637.5,0.0,862.1270833333333,82.57291666666667,33.96527777777778,46.520833333333336,47.354166666666664,47.06944444444444,26.069444444444443,46.451388888888886,49.583333333333336,23.47222222222222,14.5,0.0,7.5256944444444445,37.5,0.4,3.8388888888888886,0.86875,-3.082638888888889,280.1618055555556,13.694444444444445,-431.9236111111111,17141.541666666668,2406184.0,-292.36805555555554,-1072061,40.013888888888886,44.68055555555556,40.013888888888886,34.486111111111114,34.75694444444444,23.15972222222222,35.81944444444444,21.09027777777778,16.21527777777778,-3.0,89.7,10.128472222222221,2.814583333333333,66.5625,34.09027777777778,35.0,35.06944444444444,32.90277777777778,100.24583333333334,0.78125,50.0,399.21180555555554,397.30833333333334,396.53263888888887,106.99375,120.29444444444445,110.77152777777778,819.2,-48.8,31.65972222222222,0.7798611111111111,3.9291666666666663,39.15486111111111,-44.662499999999994,555.9,-885.6,38.0,110.9048611111111,1004.0,0.0,40.03472222222222,-375.61875,0.0,-1000.0,109.57222222222222,375.61875,1000.0,0.0,109.57222222222222,30.930555555555557,305.75347222222223,T11,0.5,9.0,4.354861111111111,0.20409722222222224,0.4,9.1,4.285416666666666,0.2025,9.0,16.0,12.36111111111111,1011.0,1020.0,1016.2083333333334,37.0,63.0,53.78472222222222,0.0,0.0,0.0,0.0,83.90972222222223,82.52083333333333,416.125,,0
2016-11-09 00:00:00+00:00,1692.6,0.0,926.4875000000001,55.97083333333333,36.333333333333336,49.03472222222222,49.68055555555556,49.298611111111114,26.506944444444443,44.604166666666664,48.44444444444444,24.569444444444443,15.0,0.0,8.07986111111111,20.6,0.4,4.390277777777778,0.8847222222222223,-0.4555555555555561,256.3326388888889,16.42361111111111,-295.27777777777777,45345.90277777778,6487289.0,-138.65972222222223,-1528100,43.06944444444444,47.9375,43.125,36.02777777777778,35.708333333333336,25.32638888888889,37.53472222222222,23.493055555555557,18.52777777777778,-3.3,89.7,7.791666666666667,0.9659722222222222,64.79861111111111,35.833333333333336,36.798611111111114,36.80555555555556,34.541666666666664,270.3152777777778,0.8465277777777778,49.99722222222223,398.5798611111111,396.5715277777778,395.9583333333333,252.99861111111113,269.2611111111111,258.5104166666667,1900.5,-39.3,32.583333333333336,0.5284722222222222,4.489583333333333,76.58333333333333,-63.607638888888886,622.6,-795.9,46.639583333333334,273.85833333333335,1923.9,0.0,76.85138888888889,-503.23055555555555,0.0,-1000.0,60.599999999999994,502.3076388888889,1000.0,0.0,63.38263888888889,34.138888888888886,294.28125,T11,0.0,12.5,4.511111111111111,0.31527777777777777,0.0,12.3,4.509722222222222,0.3219444444444444,12.0,18.0,15.3125,1018.0,1021.0,1019.1875,50.0,89.0,67.65972222222223,0.0,0.0,0.0,0.0,86.99305555555556,87.04166666666667,419.125,,0
2016-11-10 00:00:00+00:00,1729.4,0.0,1213.6354166666667,70.61527777777778,40.326388888888886,56.63194444444444,57.854166666666664,57.40972222222222,28.166666666666668,47.666666666666664,53.3125,25.59722222222222,15.3,0.0,10.75,36.5,0.4,4.865972222222222,0.9902777777777777,-0.018750000000000093,308.99861111111113,16.555555555555557,-174.28472222222223,39981.52777777778,5732243.0,-143.99305555555554,-1957519,47.375,52.388888888888886,47.71527777777778,38.99305555555556,38.798611111111114,26.270833333333332,40.5,25.36111111111111,18.944444444444443,-3.2,89.7,1.6555555555555557,1.6548611111111111,84.45138888888889,38.611111111111114,39.736111111111114,39.74305555555556,37.88194444444444,238.77499999999998,0.8013888888888889,49.99722222222223,399.0736111111111,396.7875,397.1402777777778,220.34166666666667,239.26736111111111,220.8152777777778,2098.8,-50.0,37.02777777777778,0.6277777777777778,5.072916666666667,76.08888888888889,-81.52916666666667,532.6,-716.7,27.668750000000003,243.13333333333333,2000.0,0.0,76.15069444444445,-643.2513888888889,0.0,-1000.0,112.41666666666667,642.6861111111111,1000.0,0.0,113.32708333333333,37.458333333333336,314.0173611111111,T11,1.8,10.9,5.592361111111111,0.29270833333333335,1.8,11.0,5.520833333333333,0.2923611111111111,13.0,18.0,15.354166666666666,1016.0,1019.0,1017.5208333333334,52.0,96.0,70.45138888888889,0.0,10.0,0.11805555555555555,0.0,108.71527777777777,107.34027777777777,417.4166666666667,,0
2016-11-11 00:00:00+00:00,1590.4,0.0,986.7312499999999,63.641666666666666,35.93055555555556,49.263888888888886,50.15972222222222,49.8125,27.15972222222222,43.59722222222222,48.229166666666664,24.694444444444443,14.1,0.0,8.709722222222222,24.1,0.4,3.8916666666666666,0.8013888888888889,1.3909722222222223,292.6159722222222,15.604166666666666,-380.5,14985.409722222223,2103112.0,-303.3125,-1050695,41.513888888888886,45.90972222222222,41.298611111111114,36.27777777777778,35.72222222222222,24.76388888888889,37.21527777777778,23.055555555555557,17.756944444444443,-3.1,89.7,6.274305555555555,1.761111111111111,69.15277777777777,35.861111111111114,36.923611111111114,37.02777777777778,35.25,87.62916666666666,0.6541666666666667,49.99861111111111,398.98055555555555,396.7423611111111,396.1951388888889,120.34583333333333,133.76041666666666,124.57291666666667,811.0,-50.0,33.24305555555556,0.5868055555555556,3.9555555555555557,36.67916666666667,-43.78333333333333,586.6,-734.2,80.25486111111111,93.08611111111111,824.0,0.0,38.013888888888886,-355.78055555555557,0.0,-1000.0,107.12708333333333,355.78055555555557,1000.0,0.0,107.12708333333333,32.791666666666664,328.7215277777778,T11,1.3,8.4,4.581944444444444,0.175,1.2,8.4,4.511111111111111,0.17541666666666667,11.0,17.0,14.54861111111111,1016.0,1018.0,1016.7986111111111,49.0,72.0,61.0625,0.0,0.0,0.0,0.0,88.48611111111111,86.875,416.7708333333333,,0
2016-11-12 00:00:00+00:00,1655.5,0.0,970.6395833333333,77.06180555555555,37.798611111111114,50.68055555555556,51.59027777777778,51.270833333333336,27.79861111111111,43.5625,47.951388888888886,25.52777777777778,14.7,0.0,8.57638888888889,18.4,0.4,3.8687500000000004,0.7333333333333334,1.620138888888889,314.86875,16.34722222222222,-350.59722222222223,13636.0,1913097.0,-247.73611111111111,-988060,42.270833333333336,46.65972222222222,42.15972222222222,36.52777777777778,36.68055555555556,25.416666666666668,38.270833333333336,23.854166666666668,18.416666666666668,-2.7,89.7,6.718055555555555,2.1555555555555554,70.94444444444444,36.201388888888886,37.208333333333336,37.270833333333336,35.576388888888886,79.69305555555555,0.65625,49.99861111111111,399.1118055555555,397.01458333333335,396.05625,110.46458333333334,124.21180555555556,116.43541666666667,1017.9,-50.0,34.06944444444444,0.7222222222222222,3.9243055555555557,30.631249999999998,-41.14930555555556,581.4,-737.4,76.82777777777778,86.64305555555556,1028.8,0.0,31.67013888888889,-321.3236111111111,0.0,-1000.0,99.52083333333333,321.3236111111111,1000.0,0.0,99.52083333333333,33.458333333333336,328.2590277777778,T11,1.0,8.3,4.214583333333334,0.14944444444444444,0.9,8.3,4.141666666666667,0.1482638888888889,11.0,19.0,15.25,1013.0,1016.0,1014.7361111111111,47.0,76.0,64.09027777777777,0.0,0.0,0.0,0.0,81.0625,79.5625,414.7013888888889,,0
2016-11-13 00:00:00+00:00,1686.5,0.0,1038.9416666666666,47.05763888888889,45.986111111111114,53.24305555555556,53.986111111111114,53.63194444444444,27.72222222222222,47.34027777777778,51.78472222222222,25.34027777777778,14.9,0.0,9.156944444444443,37.0,0.4,5.121527777777778,0.8868055555555556,8.415972222222223,106.61666666666666,16.819444444444443,-269.9513888888889,58499.708333333336,8385083.0,-144.45833333333334,-1886565,46.583333333333336,51.90972222222222,46.99305555555556,36.854166666666664,37.38194444444444,26.67361111111111,39.291666666666664,25.03472222222222,19.430555555555557,-3.1,50.6,5.8375,0.4847222222222222,71.61805555555556,36.673611111111114,37.701388888888886,37.71527777777778,35.548611111111114,349.40555555555557,0.9159722222222223,49.99930555555555,398.62569444444443,396.49583333333334,395.54583333333335,296.4861111111111,322.75138888888887,310.03333333333336,1699.4,-51.9,35.083333333333336,0.4048611111111111,5.161111111111111,68.84027777777777,-78.58125000000001,446.1,-510.9,14.204166666666666,353.06319444444443,1711.8,0.0,69.30138888888888,-633.0645833333333,0.0,-1000.0,57.580555555555556,632.3986111111111,1000.0,0.0,58.70763888888889,38.05555555555556,88.21944444444445,T11,0.0,11.1,5.138194444444444,0.3447222222222222,0.0,10.9,5.157638888888889,0.35291666666666666,13.0,19.0,15.67361111111111,1012.0,1014.0,1012.6944444444445,53.0,81.0,67.9375,0.0,0.0,0.0,0.0,99.5,99.95833333333333,412.68055555555554,,0
2016-11-14 00:00:00+00:00,1753.1,0.0,1439.5826388888888,49.49583333333333,50.22222222222222,63.31944444444444,64.28472222222223,63.791666666666664,28.444444444444443,53.22222222222222,59.701388888888886,26.4375,15.5,0.0,12.75,27.8,0.4,6.692361111111111,1.0027777777777778,-0.9381944444444446,89.89166666666667,18.20138888888889,-54.513888888888886,100373.84722222222,14445987.0,-34.791666666666664,-2896637,56.25694444444444,62.541666666666664,57.048611111111114,39.6875,40.861111111111114,27.881944444444443,43.020833333333336,28.59722222222222,20.291666666666668,-3.3,89.7,-1.2416666666666667,0.8041666666666667,90.67361111111111,39.770833333333336,40.86805555555556,40.80555555555556,38.18055555555556,601.9305555555555,0.9215277777777777,50.0,398.34375,396.12638888888887,396.5423611111111,511.8263888888889,540.4861111111111,522.286111111111,2102.1,-44.3,40.173611111111114,0.4354166666666667,6.719444444444445,107.69097222222223,-120.69444444444444,647.9,-742.1,22.76111111111111,603.0180555555556,2000.0,0.0,107.98402777777778,-884.3506944444445,0.0,-1000.0,58.506249999999994,879.5145833333333,1000.0,0.0,65.79236111111112,41.541666666666664,90.83125000000001,T11,0.0,15.1,6.853846153846154,0.4513986013986014,0.0,15.1,6.909090909090909,0.46272727272727276,-40.0,22.0,17.09090909090909,1010.0,1014.0,1012.2937062937064,34.0,80.0,60.15492957746479,0.0,2.0,0.027972027972027972,1.0,133.95104895104896,135.03496503496504,412.27972027972027,,0
2016-11-15 00:00:00+00:00,1813.1,1259.2,1651.4847222222222,33.53402777777777,66.11805555555556,93.28472222222223,93.04861111111111,92.66666666666667,40.479166666666664,54.423611111111114,64.65972222222223,28.82638888888889,15.9,11.2,14.627777777777778,39.2,0.5,10.0125,1.9666666666666666,-0.8250000000000001,93.40833333333333,17.368055555555557,0.0,255121.64583333334,36737517.0,0.0,-4815899,71.03472222222223,82.89583333333333,75.46527777777777,43.763888888888886,43.61805555555556,28.145833333333332,44.68055555555556,36.020833333333336,20.0,-3.2,16.5,-0.125,1.7826388888888889,103.54861111111111,44.59027777777778,45.72222222222222,45.30555555555556,40.50694444444444,1530.6750000000002,0.9993055555555556,50.0,399.09305555555557,396.84722222222223,399.15694444444443,1286.2333333333333,1306.3791666666666,1276.7520833333333,2109.7,223.5,43.84722222222222,0.2888888888888889,10.095833333333333,235.19097222222223,-200.65694444444443,-99.9,-231.6,3.2881944444444446,1527.1986111111112,2000.0,219.5,232.9034722222222,-867.8881944444444,-583.3,-1000.0,111.32569444444444,749.98125,1000.0,406.1,145.32916666666668,53.791666666666664,94.23333333333333,T11,4.1,18.9,11.022222222222222,1.2322916666666666,4.0,18.8,11.079166666666667,1.2490277777777776,15.0,19.0,16.319444444444443,1012.0,1016.0,1014.5416666666666,50.0,79.0,66.39583333333333,0.0,0.0,0.0,0.0,217.47222222222223,218.63888888888889,414.47222222222223,,0
2016-11-16 00:00:00+00:00,1758.5,1231.8,1538.0902777777778,56.486111111111114,45.9375,68.72222222222223,69.42361111111111,69.0,28.84027777777778,54.229166666666664,61.9375,26.59722222222222,15.5,10.9,13.618749999999999,37.3,0.4,7.756944444444445,1.2333333333333334,-0.43611111111111117,87.76875000000001,17.243055555555557,0.0,139984.82638888888,20157815.0,0.0,-3573096,66.04166666666667,73.44444444444444,67.40972222222223,40.06944444444444,41.00694444444444,27.354166666666668,42.86805555555556,28.54861111111111,19.36111111111111,-3.3,6.5,-1.942361111111111,0.3326388888888889,92.79861111111111,40.388888888888886,41.486111111111114,41.34722222222222,38.208333333333336,839.9055555555556,0.9895833333333334,49.99861111111111,398.87083333333334,396.6930555555556,398.0451388888889,706.6881944444444,730.2555555555556,706.0006944444444,2106.0,63.6,40.375,0.4937500000000001,7.715277777777778,167.80902777777777,-148.87569444444443,-33.7,-216.8,5.231249999999999,839.76875,2000.0,62.5,168.23055555555555,-989.6965277777776,-306.4,-1000.0,20.842361111111114,970.5451388888889,1000.0,306.4,38.99583333333333,43.826388888888886,88.20763888888888,T11,2.6,14.0,7.794444444444445,0.634375,2.4,13.9,7.83263888888889,0.6492361111111111,14.0,19.0,16.131944444444443,1014.0,1016.0,1014.7152777777778,47.0,78.0,64.49305555555556,0.0,0.0,0.0,0.0,152.70833333333334,153.63888888888889,414.6875,,0
2016-11-17 00:00:00+00:00,1706.1,0.0,1006.4826388888889,58.74027777777778,38.513888888888886,52.74305555555556,53.4375,53.11805555555556,28.770833333333332,47.59722222222222,51.666666666666664,26.291666666666668,15.1,0.0,8.79375,23.3,0.4,4.745833333333334,0.8444444444444446,-4.747916666666667,94.39166666666667,17.430555555555557,-388.74305555555554,51361.631944444445,7340095.0,-273.90277777777777,-1686336,49.951388888888886,55.486111111111114,50.458333333333336,38.083333333333336,38.02777777777778,27.40972222222222,39.673611111111114,25.541666666666668,20.194444444444443,-3.2,89.7,6.6819444444444445,1.432638888888889,72.38194444444444,37.72222222222222,38.86805555555556,38.888888888888886,37.076388888888886,305.8125,0.8006944444444444,49.99791666666667,398.59513888888887,396.46805555555557,396.87847222222223,282.29305555555555,297.5208333333333,284.6770833333333,2081.6,-50.3,36.083333333333336,0.5340277777777778,4.779166666666667,47.670138888888886,-70.23263888888889,703.3,-899.2,46.65486111111111,311.26944444444445,2000.0,0.0,48.886805555555554,-494.7090277777778,0.0,-1000.0,73.09583333333333,487.2722222222222,1000.0,0.0,75.56805555555555,36.97222222222222,94.14652777777778,T11,0.0,11.2,4.824305555555556,0.2627083333333333,0.2,11.3,4.865277777777778,0.26993055555555556,13.0,21.0,16.15972222222222,1010.0,1014.0,1011.9583333333334,40.0,85.0,67.18055555555556,0.0,0.0,0.0,0.0,93.33333333333333,94.04166666666667,411.9236111111111,,0
2016-11-18 00:00:00+00:00,1403.9,0.0,819.9583333333334,43.12638888888889,36.40972222222222,48.604166666666664,49.5,49.18055555555556,28.555555555555557,42.18055555555556,45.576388888888886,26.29861111111111,12.4,0.0,7.1819444444444445,19.7,0.4,3.417361111111111,0.6388888888888888,-8.84513888888889,186.94236111111113,17.45138888888889,-363.6388888888889,9527.493055555555,1319593.0,-225.73611111111111,-771598,42.576388888888886,46.94444444444444,42.52777777777778,36.50694444444444,36.63194444444444,27.944444444444443,38.416666666666664,24.131944444444443,21.09027777777778,-2.4,89.7,9.1875,1.2854166666666667,67.30555555555556,35.99305555555556,37.104166666666664,37.18055555555556,35.71527777777778,54.97777777777778,0.6819444444444445,50.0,399.3701388888889,397.41041666666666,397.0131944444445,91.87569444444445,101.45833333333333,94.83958333333334,407.4,-49.7,33.90972222222222,0.3673611111111111,3.466666666666667,19.040972222222223,-32.15347222222223,657.7,-977.4,78.95972222222223,59.743750000000006,409.8,0.0,19.34097222222222,-268.875,0.0,-1000.0,78.07638888888889,268.875,1000.0,0.0,78.07638888888889,34.47222222222222,175.78472222222223,T11,0.0,7.2,3.4319444444444445,0.12958333333333333,0.0,7.2,3.4180555555555556,0.13041666666666668,13.0,21.0,16.28472222222222,1008.0,1011.0,1009.4305555555555,41.0,84.0,60.61805555555556,0.0,0.0,0.0,0.0,65.375,65.07638888888889,409.3888888888889,,0
2016-11-19 00:00:00+00:00,1655.2,0.0,637.1534722222223,84.17916666666666,35.56944444444444,42.486111111111114,42.9375,42.833333333333336,28.0625,41.736111111111114,44.326388888888886,24.708333333333332,14.7,0.0,5.463888888888889,34.7,0.4,3.3430555555555554,0.6937500000000001,-3.668055555555556,290.2131944444444,16.430555555555557,-579.5069444444445,10911.597222222223,1487819.0,-325.5,-665370,40.895833333333336,45.229166666666664,40.52777777777778,34.326388888888886,34.63194444444444,26.645833333333332,36.25,22.28472222222222,19.895833333333332,-2.6,89.7,14.322222222222223,2.1555555555555554,53.03472222222222,33.68055555555556,34.770833333333336,34.888888888888886,33.34722222222222,61.98055555555556,0.8055555555555556,50.0,399.39444444444445,397.5861111111111,396.24375,72.77569444444445,79.98472222222222,75.17986111111111,1038.1,-49.8,30.368055555555557,0.8284722222222222,3.3895833333333334,29.053472222222222,-27.775694444444444,556.7,-701.1,29.310416666666665,71.67638888888888,1049.0,0.0,30.48263888888889,-201.57708333333332,0.0,-1000.0,62.949999999999996,201.57708333333332,1000.0,0.0,62.949999999999996,31.833333333333332,293.89166666666665,T11,0.4,8.9,3.761111111111111,0.14965277777777777,0.4,9.0,3.720138888888889,0.15083333333333332,12.0,18.0,15.215277777777779,1008.0,1011.0,1009.4097222222222,58.0,95.0,76.01388888888889,0.0,0.0,0.0,0.0,71.9375,71.125,409.375,,0
2016-11-20 00:00:00+00:00,1784.4,0.0,1227.2340277777778,52.825,53.34027777777778,70.31944444444444,70.40972222222223,69.95833333333333,33.50694444444444,48.923611111111114,55.861111111111114,27.194444444444443,15.8,0.0,10.828472222222222,38.9,0.4,7.095138888888889,1.4034722222222222,-5.336111111111111,231.15694444444443,17.506944444444443,-252.375,150656.25694444444,21658157.0,-172.97222222222223,-2993624,56.05555555555556,64.59027777777777,58.34027777777778,40.52777777777778,38.895833333333336,26.743055555555557,40.55555555555556,29.90972222222222,19.229166666666668,-3.0,45.2,5.2555555555555555,1.6625,81.375,40.701388888888886,41.86805555555556,41.638888888888886,38.19444444444444,902.4895833333334,0.8708333333333333,50.0,399.08402777777775,396.80902777777777,396.9944444444444,774.325,796.6604166666667,781.46875,2106.0,-50.0,38.020833333333336,0.45694444444444443,7.206944444444444,139.79097222222222,-124.73750000000001,691.9,-965.2,42.21805555555555,903.7944444444444,2000.0,0.0,139.13055555555556,-583.8895833333333,0.0,-1000.0,87.68680555555555,508.70000000000005,1000.0,0.0,101.97222222222223,45.166666666666664,236.50416666666666,T11,0.0,16.5,7.077083333333333,0.9161805555555556,0.0,16.8,7.109722222222222,0.9287500000000001,13.0,18.0,16.430555555555557,1003.0,1010.0,1006.5694444444445,66.0,95.0,80.97222222222223,0.0,20.0,0.3125,0.0,138.45833333333334,139.10416666666666,406.4791666666667,,0
2016-11-21 00:00:00+00:00,1806.5,0.0,1325.8333333333333,73.98680555555556,59.625,80.06944444444444,80.31944444444444,79.94444444444444,40.923611111111114,51.729166666666664,59.333333333333336,29.23611111111111,15.9,0.0,11.70486111111111,39.0,0.4,7.689583333333333,1.7291666666666667,-7.243055555555555,221.13194444444446,18.02777777777778,-251.56944444444446,165881.54861111112,23850718.0,-208.38194444444446,-3248010,63.34722222222222,73.52083333333333,67.46527777777777,41.701388888888886,42.145833333333336,28.305555555555557,43.0,33.145833333333336,20.48611111111111,-2.8,89.7,4.390277777777778,2.6847222222222222,92.63888888888889,42.09722222222222,43.19444444444444,42.916666666666664,39.423611111111114,993.7451388888888,0.9076388888888888,50.00069444444445,399.39444444444445,397.06319444444443,397.9125,842.1666666666666,865.2333333333333,842.48125,2108.3,-50.1,41.0,0.65625,7.785416666666666,186.47916666666666,-135.28055555555557,717.6,-753.7,23.217361111111114,994.2590277777776,2000.0,0.0,184.35000000000002,-666.6798611111111,0.0,-1000.0,118.04791666666668,590.7340277777778,1000.0,0.0,141.70069444444445,47.041666666666664,228.3805555555556,T11,0.6000000000000001,20.0,7.79236111111111,1.720902777777778,0.6000000000000001,20.3,7.779166666666667,1.740138888888889,14.0,20.0,17.03472222222222,998.0,1003.0,999.9930555555555,80.0,96.0,91.65277777777777,0.0,20.0,0.3958333333333333,0.0,152.72222222222223,152.43055555555554,399.9583333333333,,0
2016-11-22 00:00:00+00:00,1401.1,0.0,162.83819444444444,48.16041666666667,24.208333333333332,29.70138888888889,29.708333333333332,29.680555555555557,26.881944444444443,35.5625,34.416666666666664,22.98611111111111,12.4,0.0,1.2465277777777777,34.2,0.4,2.170138888888889,0.6305555555555556,-6.081944444444445,169.52777777777777,14.833333333333334,-646.2708333333334,927.4791666666666,40493.0,-182.01388888888889,-109324,37.02777777777778,41.625,36.895833333333336,29.895833333333332,32.22222222222222,24.270833333333332,32.583333333333336,18.458333333333332,17.70138888888889,-2.3,89.7,22.62847222222222,1.0437500000000002,28.73611111111111,29.54861111111111,29.979166666666668,30.11111111111111,28.256944444444443,1.684027777777778,0.9319444444444444,49.99930555555555,399.03819444444446,397.2638888888889,395.5701388888889,13.228472222222223,15.03125,15.600000000000001,392.0,-49.6,24.51388888888889,0.43194444444444446,2.1861111111111113,5.689583333333333,-4.563194444444445,555.7,-998.6,15.699305555555554,9.949305555555556,393.3,0.0,7.615972222222222,-23.620833333333334,0.0,-1000.0,12.675,23.620833333333334,1000.0,0.0,12.675,24.493055555555557,235.61458333333334,T11,0.0,6.3,2.0590277777777777,0.15256944444444442,0.0,6.6,1.9874999999999998,0.16534722222222223,11.0,15.0,13.479166666666666,994.0,1000.0,996.3055555555555,70.0,97.0,87.61805555555556,0.0,9.0,0.5138888888888888,0.0,37.6875,36.333333333333336,396.25694444444446,,0
2016-11-23 00:00:00+00:00,1661.7,0.0,628.4006944444444,86.88402777777777,31.819444444444443,41.423611111111114,41.94444444444444,41.75,25.666666666666668,41.326388888888886,43.96527777777778,22.319444444444443,14.7,0.0,5.408333333333333,34.4,0.4,3.191666666666667,0.8055555555555556,7.770833333333333,233.24791666666664,13.67361111111111,-577.7222222222222,13881.916666666666,1915804.0,-317.06944444444446,-841879,38.125,42.5,37.826388888888886,32.229166666666664,32.854166666666664,23.4375,33.458333333333336,19.868055555555557,16.520833333333332,-2.7,89.7,13.471527777777778,2.0319444444444446,52.326388888888886,31.90277777777778,32.666666666666664,32.75,30.36111111111111,79.83263888888888,0.8263888888888888,49.99861111111111,399.0222222222222,396.97569444444446,396.5777777777778,89.18125,97.06597222222223,90.18680555555555,1060.8,-51.9,28.71527777777778,0.7923611111111111,3.2694444444444444,37.00972222222222,-35.06180555555555,591.2,-809.1,32.297916666666666,87.32083333333334,1076.8,0.0,38.15972222222222,-256.5541666666667,0.0,-1000.0,77.98958333333333,256.5541666666667,1000.0,0.0,77.98958333333333,28.944444444444443,230.47916666666666,T11,0.0,9.6,3.2604166666666665,0.2361111111111111,0.0,9.5,3.223611111111111,0.24708333333333332,10.0,15.0,12.520833333333334,996.0,1002.0,998.6805555555555,55.0,92.0,74.36805555555556,0.0,1.0,0.006944444444444444,0.0,61.861111111111114,61.1875,398.6458333333333,,0
2016-11-24 00:00:00+00:00,1588.5,0.0,505.5763888888889,93.17986111111111,30.4375,38.88194444444444,39.25694444444444,39.18055555555556,25.52777777777778,41.916666666666664,43.611111111111114,22.319444444444443,14.0,0.0,4.320833333333334,38.4,0.4,2.954861111111111,0.7625000000000001,2.790972222222222,198.02638888888887,13.20138888888889,-665.7847222222222,6751.673611111111,876367.0,-404.59722222222223,-753267,37.173611111111114,41.49305555555556,36.90972222222222,31.59027777777778,32.90972222222222,22.694444444444443,32.5,19.131944444444443,15.79861111111111,-3.3,89.7,16.04236111111111,2.5993055555555555,45.69444444444444,31.1875,31.90972222222222,32.0,29.875,36.50486111111111,0.7736111111111111,49.99791666666667,398.59513888888887,396.9715277777778,395.4826388888889,66.20763888888888,72.41597222222222,69.75486111111111,738.0,-51.1,27.92361111111111,0.83125,2.9840277777777775,19.49722222222222,-31.381249999999998,759.7,-930.0,58.32430555555556,46.72777777777778,770.2,0.0,21.935416666666665,-169.77916666666667,0.0,-1000.0,66.80694444444445,169.77916666666667,1000.0,0.0,66.80694444444445,28.47222222222222,195.23402777777778,T11,0.0,8.4,2.6534722222222222,0.20458333333333334,0.0,8.2,2.6125,0.20409722222222224,9.0,14.0,11.694444444444445,1002.0,1006.0,1004.0972222222222,54.0,88.0,70.56944444444444,0.0,6.0,0.1597222222222222,0.0,49.763888888888886,48.97222222222222,404.05555555555554,,0
2016-11-25 00:00:00+00:00,1789.5,0.0,1355.8597222222222,88.87222222222222,44.94444444444444,64.05555555555556,64.46527777777777,64.13888888888889,28.46527777777778,51.3125,57.979166666666664,23.47222222222222,15.8,0.0,11.963888888888889,37.3,0.4,6.720833333333333,1.65,-2.3,163.43958333333333,14.402777777777779,-115.25,119770.65972222222,17230378.0,-79.5,-3013510,55.21527777777778,61.90972222222222,55.895833333333336,35.88194444444444,35.979166666666664,23.819444444444443,37.458333333333336,25.88888888888889,16.26388888888889,-2.7,45.8,0.9451388888888889,1.4916666666666667,81.54861111111111,36.263888888888886,37.361111111111114,37.229166666666664,33.5625,717.8972222222222,0.9076388888888888,49.99930555555555,398.4743055555556,396.31944444444446,397.3645833333333,617.6173611111111,634.8791666666667,614.9395833333333,2106.8,-51.5,34.63194444444444,0.7958333333333334,6.922222222222222,216.17569444444445,-125.50972222222224,648.6,-765.9,26.171527777777776,719.25625,2000.0,0.0,215.1875,-787.7458333333333,0.0,-1000.0,108.72986111111112,752.6423611111111,1000.0,0.0,134.3361111111111,40.81944444444444,165.74374999999998,T11,0.2,19.4,7.955555555555555,1.8485416666666667,0.3,19.5,7.435416666666667,2.5795138888888887,10.0,15.0,13.506944444444445,996.0,1006.0,1000.6944444444445,73.0,96.0,89.34722222222223,0.0,18.0,1.6319444444444444,0.0,156.03472222222223,145.66666666666666,400.68055555555554,,0
2016-11-26 00:00:00+00:00,1772.1,0.0,1173.6277777777777,80.36041666666667,44.80555555555556,57.541666666666664,58.38194444444444,58.013888888888886,28.354166666666668,50.583333333333336,55.6875,23.65972222222222,15.6,0.0,10.34513888888889,70.0,0.4,5.503472222222222,1.6263888888888889,-0.28402777777777777,166.24791666666667,14.854166666666666,-264.34722222222223,69266.09027777778,9936252.0,-236.23611111111111,-2511651,51.895833333333336,57.895833333333336,52.673611111111114,34.854166666666664,35.99305555555556,24.0625,37.798611111111114,24.833333333333332,16.618055555555557,-3.2,89.7,3.6159722222222226,2.1166666666666667,78.76388888888889,34.77777777777778,35.90972222222222,35.875,33.041666666666664,413.9236111111111,0.8569444444444445,50.00069444444445,398.2840277777778,396.08124999999995,396.0548611111111,366.9534722222222,390.22083333333336,373.15277777777777,2105.6,-51.7,34.40277777777778,0.7131944444444445,5.690277777777777,142.2,-104.61111111111111,702.8,-965.5,41.72430555555556,421.1958333333333,2000.0,0.0,152.50694444444446,-726.3451388888889,0.0,-1000.0,108.50347222222223,714.9611111111111,1000.0,0.0,120.04722222222222,36.84027777777778,171.5340277777778,T11,0.3,17.2,5.964583333333334,1.2141666666666666,0.3,17.8,5.5881944444444445,1.5734027777777777,12.0,16.0,13.777777777777779,995.0,998.0,996.1041666666666,71.0,97.0,88.61805555555556,0.0,30.0,1.8194444444444444,0.0,116.125,108.52777777777777,396.03472222222223,,0
2016-11-27 00:00:00+00:00,1798.3,0.0,918.2145833333333,125.85833333333332,42.5,51.43055555555556,51.979166666666664,51.770833333333336,27.270833333333332,48.34027777777778,51.72222222222222,22.5625,15.8,0.0,8.006250000000001,47.2,0.4,4.9375,1.3756944444444443,-8.234722222222222,146.69791666666666,13.125,-560.6805555555555,56797.9375,8098165.0,-431.5833333333333,-1782233,46.395833333333336,52.09027777777778,46.74305555555556,33.69444444444444,34.020833333333336,22.28472222222222,35.548611111111114,22.055555555555557,14.854166666666666,-3.8,90.0,10.65486111111111,3.8118055555555554,66.70138888888889,33.59722222222222,34.625,34.604166666666664,31.979166666666668,336.8486111111111,0.8451388888888889,50.0,398.9743055555556,396.77986111111113,396.57916666666665,302.51458333333335,317.74930555555557,304.28819444444446,2108.7,-51.9,32.0625,1.1069444444444445,4.99375,118.98402777777778,-74.10138888888889,793.9,-999.9,37.77708333333333,362.7986111111111,2000.0,0.0,133.6173611111111,-483.18541666666664,0.0,-1000.0,105.44166666666666,473.8493055555556,1000.0,0.0,110.20902777777778,33.59722222222222,147.44097222222223,T11,0.0,17.0,4.737500000000001,1.246736111111111,0.0,16.2,4.698611111111111,1.3147916666666668,9.0,14.0,12.090277777777779,994.0,1001.0,997.0138888888889,67.0,94.0,86.6875,0.0,79.0,4.701388888888889,0.0,91.50694444444444,90.72916666666667,396.9375,,0
2016-11-28 00:00:00+00:00,1399.5,0.0,524.8166666666667,34.00972222222222,31.625,40.770833333333336,41.25694444444444,41.125,25.180555555555557,42.076388888888886,43.013888888888886,23.11111111111111,12.4,0.0,4.500694444444445,19.3,0.4,2.7375,0.6048611111111112,14.801388888888889,259.82708333333335,14.131944444444445,-586.2708333333334,5923.368055555556,768544.0,-325.2291666666667,-503198,37.90972222222222,42.236111111111114,37.548611111111114,32.486111111111114,33.44444444444444,23.006944444444443,33.9375,19.84027777777778,16.73611111111111,-2.4,59.4,15.168055555555554,0.8076388888888889,50.361111111111114,32.104166666666664,32.81944444444444,32.86805555555556,30.90972222222222,32.02708333333334,0.775,49.99930555555555,399.19166666666666,397.3173611111111,396.50347222222223,56.389583333333334,62.14097222222222,57.827083333333334,416.9,-45.6,28.680555555555557,0.29583333333333334,2.776388888888889,15.733333333333333,-20.985416666666666,601.0,-715.9,43.69513888888889,38.605555555555554,422.1,0.0,16.070833333333333,-163.90625,0.0,-1000.0,58.733333333333334,163.90625,1000.0,0.0,58.733333333333334,34.673611111111114,325.0340277777778,T11,0.0,7.6,2.6729166666666666,0.09465277777777778,0.0,7.4,2.6277777777777778,0.09722222222222222,10.0,17.0,12.9375,1000.0,1008.0,1004.4791666666666,68.0,95.0,82.54861111111111,0.0,1.0,0.006944444444444444,0.0,50.208333333333336,49.31944444444444,404.38194444444446,,0
2016-11-29 00:00:00+00:00,1795.7,0.0,969.7069444444444,76.35972222222222,42.479166666666664,50.78472222222222,50.99305555555556,50.80555555555556,27.29861111111111,45.166666666666664,49.576388888888886,24.625,15.8,0.0,8.493055555555555,29.9,0.4,5.409027777777777,1.18125,5.140972222222222,106.11111111111111,15.381944444444445,-246.60416666666666,80105.48611111111,11499676.0,-54.36805555555556,-2160959,47.916666666666664,53.06944444444444,47.69444444444444,35.361111111111114,36.020833333333336,26.180555555555557,36.68055555555556,24.368055555555557,19.03472222222222,-3.2,83.9,8.771527777777777,1.098611111111111,61.791666666666664,35.576388888888886,36.270833333333336,36.19444444444444,33.166666666666664,479.1770833333333,0.9493055555555555,49.99444444444444,398.55277777777775,396.70208333333335,397.31944444444446,415.225,423.93611111111113,409.87083333333334,2107.3,-49.5,32.6875,0.7208333333333333,5.479861111111111,137.28541666666666,-90.00416666666666,420.4,-846.1,13.00138888888889,482.4145833333333,2000.0,0.0,137.79722222222222,-537.2534722222222,0.0,-1000.0,50.638888888888886,516.0305555555556,1000.0,0.0,62.868750000000006,40.4375,115.97361111111111,T11,0.8,17.5,5.913194444444445,0.8795138888888889,0.7000000000000001,17.8,5.963888888888889,0.8854166666666666,11.0,18.0,14.527777777777779,1007.0,1011.0,1008.6736111111111,61.0,90.0,75.59027777777777,0.0,1.0,0.006944444444444444,0.0,115.13194444444444,116.08333333333333,408.61805555555554,,0
2016-11-30 00:00:00+00:00,1845.9,1222.3,1661.2340277777778,38.768055555555556,73.01388888888889,103.47916666666667,102.81944444444444,102.70138888888889,48.59027777777778,55.708333333333336,65.85416666666667,30.819444444444443,16.2,10.9,14.711805555555555,43.8,0.6000000000000001,11.125,2.558333333333333,-0.14305555555555555,110.74097222222223,17.61111111111111,0.0,291540.6041666667,41981847.0,0.0,-5129695,72.81944444444444,86.39583333333333,77.99305555555556,45.833333333333336,44.625,28.125,45.27777777777778,38.6875,20.15277777777778,-2.8,16.7,1.898611111111111,2.9895833333333335,108.375,46.80555555555556,48.0,47.395833333333336,42.03472222222222,1749.288888888889,1.0,49.99652777777778,399.78333333333336,397.2291666666667,400.1222222222222,1468.2131944444445,1488.6826388888887,1453.013888888889,2114.9,269.6,45.111111111111114,0.32569444444444445,11.14236111111111,260.99305555555554,-213.73958333333334,-185.6,-224.3,2.448611111111111,1742.8104166666667,2000.0,266.0,256.6298611111111,-771.5916666666667,-583.3,-1000.0,157.26736111111111,611.0506944444445,1000.0,406.1,188.71388888888887,59.50694444444444,110.88819444444444,T11,3.6,21.8,12.434027777777779,2.9908333333333332,3.9,21.9,12.509027777777778,3.0096527777777777,15.0,18.0,16.65277777777778,1010.0,1014.0,1011.9375,64.0,81.0,74.45833333333333,0.0,0.0,0.0,0.0,245.75694444444446,247.25694444444446,411.875,,0
2016-12-01 00:00:00+00:00,1746.4,0.0,1340.5,82.20069444444444,49.326388888888886,62.61805555555556,63.43055555555556,63.076388888888886,31.0,51.986111111111114,58.1875,26.5,15.5,0.0,11.847916666666666,33.1,0.4,6.378472222222222,1.0472222222222223,0.6805555555555556,117.79444444444445,17.15277777777778,-203.875,92939.75694444444,13353966.0,-169.1875,-2694314,54.24305555555556,60.770833333333336,55.84027777777778,39.25694444444444,39.791666666666664,26.72222222222222,41.38194444444444,27.680555555555557,19.055555555555557,-3.2,89.7,1.0618055555555554,1.5284722222222222,85.38194444444444,39.31944444444444,40.479166666666664,40.395833333333336,37.888888888888886,556.3951388888888,0.8999999999999999,49.99861111111111,398.5263888888889,396.53333333333336,397.8326388888889,482.26250000000005,497.41875000000005,476.7138888888889,2105.9,-50.0,38.31944444444444,0.7375,6.371527777777778,116.78888888888888,-112.23541666666667,622.8,-838.8,23.877083333333335,559.0840277777778,2000.0,0.0,117.02916666666667,-791.0284722222223,0.0,-1000.0,57.60208333333334,781.3812499999999,1000.0,0.0,66.21111111111111,41.513888888888886,117.11041666666668,T11,1.0,16.8,4.963888888888889,1.0997916666666667,0.9,16.8,5.009027777777778,1.1230555555555555,15.0,18.0,15.98611111111111,1013.0,1016.0,1014.3888888888889,73.0,93.0,84.70138888888889,0.0,1.0,0.006944444444444444,0.0,96.02777777777777,96.97222222222223,414.3125,,0
2016-12-02 00:00:00+00:00,1706.8,66.5,1395.1888888888889,76.13402777777777,53.21527777777778,60.59722222222222,61.49305555555556,61.125,27.506944444444443,50.895833333333336,57.451388888888886,25.916666666666668,15.1,0.0,12.359027777777778,21.0,0.4,6.327777777777778,1.026388888888889,1.348611111111111,117.49166666666666,16.86111111111111,-70.50694444444444,85136.97916666667,12249572.0,-60.145833333333336,-2670172,52.28472222222222,57.9375,52.798611111111114,39.38194444444444,39.0625,26.42361111111111,41.0625,26.84027777777778,18.77777777777778,-3.2,65.3,-0.5208333333333335,1.004861111111111,86.10416666666667,39.486111111111114,40.59722222222222,40.59722222222222,38.111111111111114,510.4104166666667,0.882638888888889,50.0,398.83402777777775,396.65486111111113,397.98125000000005,443.9548611111111,460.50138888888887,438.34722222222223,2099.2,-47.1,37.88194444444444,0.6680555555555556,6.344444444444445,110.04861111111111,-111.22847222222222,606.8,-873.3,19.255555555555556,512.1347222222222,2000.0,0.0,110.41736111111112,-815.9201388888889,0.0,-1000.0,46.264583333333334,812.5097222222222,1000.0,0.0,52.640277777777776,43.333333333333336,116.13819444444445,T11,1.1,11.9,4.895138888888889,0.6291666666666667,1.0,12.0,4.940972222222222,0.6326388888888889,14.0,18.0,15.784722222222221,1006.0,1014.0,1009.8333333333334,70.0,96.0,85.06944444444444,0.0,2.0,0.08333333333333333,0.0,94.73611111111111,95.57638888888889,409.75694444444446,,0
2016-12-03 00:00:00+00:00,1790.4,1160.0,1586.6618055555555,61.670833333333334,61.63194444444444,79.40277777777777,79.67361111111111,79.38194444444444,33.03472222222222,54.68055555555556,63.333333333333336,27.506944444444443,15.8,10.3,14.05,37.5,0.5,8.672222222222222,1.7062499999999998,-0.3631944444444444,120.18124999999999,16.8125,-3.798611111111111,192624.64583333334,27737401.0,-3.298611111111111,-4133292,64.24305555555556,73.54166666666667,66.78472222222223,41.486111111111114,41.5,26.3125,43.083333333333336,31.9375,18.34722222222222,-3.3,12.0,-1.2291666666666667,1.0277777777777777,96.45833333333333,42.201388888888886,43.333333333333336,43.0625,39.0625,1155.7805555555556,0.9923611111111111,49.99930555555555,399.03819444444446,396.55555555555554,398.6041666666667,973.1909722222222,996.3479166666667,965.8979166666666,2111.0,-52.3,41.326388888888886,0.5416666666666666,8.755555555555555,241.27083333333334,-172.2215277777778,11.7,-261.0,6.894444444444444,1153.5993055555555,2000.0,0.0,239.64652777777778,-927.2916666666666,0.0,-1000.0,83.73263888888889,859.3611111111111,1000.0,0.0,114.99583333333334,51.048611111111114,120.54652777777778,T11,1.1,17.6,7.530555555555556,2.3902083333333333,1.1,17.0,7.565277777777778,2.3670833333333334,14.0,18.0,15.993055555555555,998.0,1006.0,1001.5625,74.0,97.0,88.05555555555556,0.0,3.0,0.3125,0.0,147.54861111111111,148.30555555555554,401.50694444444446,,0
2016-12-04 00:00:00+00:00,1804.3,0.0,1429.0923611111111,91.66666666666667,45.06944444444444,65.40277777777777,66.09722222222223,65.48611111111111,30.020833333333332,52.375,59.44444444444444,25.70138888888889,15.8,0.0,12.65625,70.0,0.4,6.993055555555555,1.6854166666666668,0.9854166666666667,135.05555555555554,17.03472222222222,-106.57638888888889,118814.97222222222,17094010.0,-85.15277777777777,-3225129,55.375,62.791666666666664,57.111111111111114,40.145833333333336,39.43055555555556,26.78472222222222,41.673611111111114,28.069444444444443,18.958333333333332,-3.2,89.7,-0.5201388888888888,1.6152777777777778,90.0,40.28472222222222,41.40277777777778,41.24305555555556,38.34722222222222,712.1784722222222,0.9409722222222222,50.0,399.36875,396.6472222222222,397.98333333333335,603.3493055555556,630.6479166666667,602.9333333333333,2106.5,-51.7,39.083333333333336,0.8138888888888889,7.106944444444444,191.74305555555554,-134.38888888888889,441.7,-722.6,14.150694444444445,715.2958333333333,2000.0,0.0,193.66805555555555,-891.0513888888888,0.0,-1000.0,103.73680555555556,861.8187499999999,1000.0,0.0,120.84375,39.55555555555556,134.07708333333332,T11,0.7000000000000001,17.8,5.913194444444445,1.7684027777777778,0.5,17.9,5.792361111111111,1.7524305555555555,14.0,18.0,16.1875,998.0,1001.0,999.9027777777778,72.0,96.0,88.53472222222223,0.0,69.0,2.0694444444444446,0.0,115.03472222222223,112.65277777777777,399.80555555555554,,0
2016-12-05 00:00:00+00:00,1757.8,62.0,1481.6687499999998,57.87986111111112,47.361111111111114,72.71527777777777,73.15277777777777,72.89583333333333,29.506944444444443,53.84722222222222,61.53472222222222,27.319444444444443,15.6,0.0,13.104861111111111,38.9,0.4,7.679861111111112,1.3694444444444445,-2.984027777777778,102.19027777777778,16.944444444444443,-128.55555555555554,156683.07638888888,22543851.0,-101.76388888888889,-3573606,64.99305555555556,73.36805555555556,67.18055555555556,40.1875,41.15277777777778,26.395833333333332,42.93055555555556,29.319444444444443,18.32638888888889,-3.3,61.5,-0.27361111111111114,0.6722222222222222,92.58333333333333,40.763888888888886,41.916666666666664,41.71527777777778,38.38194444444444,939.2916666666666,0.9513888888888888,49.99861111111111,399.0784722222222,396.7972222222222,398.28819444444446,797.66875,819.5041666666667,793.9284722222222,2104.4,-45.6,40.729166666666664,0.5194444444444444,7.83263888888889,184.92916666666667,-148.99791666666667,869.3,-911.2,19.291666666666668,940.0986111111112,2000.0,0.0,184.75833333333333,-881.8993055555555,0.0,-1000.0,43.016666666666666,845.2041666666667,1000.0,0.0,70.6548611111111,44.541666666666664,105.17222222222222,T11,1.0,15.2,7.4430555555555555,1.061736111111111,1.2,15.5,7.497916666666667,1.0745833333333334,14.0,18.0,15.972222222222221,1001.0,1012.0,1004.9027777777778,78.0,97.0,88.98611111111111,0.0,32.0,2.3958333333333335,0.0,145.72222222222223,146.88194444444446,404.84027777777777,,0
2016-12-06 00:00:00+00:00,1686.3,0.0,1215.9111111111113,90.28611111111111,39.84027777777778,55.19444444444444,56.229166666666664,55.78472222222222,28.819444444444443,48.395833333333336,53.99305555555556,26.79861111111111,15.0,0.0,10.772222222222222,22.5,0.4,5.31875,0.8562500000000001,-1.3229166666666667,85.65069444444445,18.09722222222222,-224.79166666666666,50517.86111111111,7242203.0,-190.55555555555554,-1932566,47.4375,52.458333333333336,48.020833333333336,38.72222222222222,38.451388888888886,28.13888888888889,40.15972222222222,26.34027777777778,20.631944444444443,-3.2,89.7,2.185416666666667,1.875,79.15972222222223,38.513888888888886,39.61805555555556,39.611111111111114,37.65277777777778,301.74375,0.7868055555555555,49.99930555555555,398.68055555555554,396.4236111111111,396.87152777777777,285.93541666666664,303.96805555555557,289.8666666666667,1419.3,-49.8,36.701388888888886,0.7972222222222222,5.367361111111111,72.61250000000001,-80.49375,574.1,-893.4,62.789583333333326,306.66319444444446,1447.8,0.0,73.27847222222222,-672.4444444444445,0.0,-1000.0,64.01249999999999,672.4437499999999,1000.0,0.0,64.0298611111111,35.5625,86.97361111111111,T11,1.0,10.6,5.088888888888889,0.3395138888888889,1.0,11.1,5.106249999999999,0.3475694444444445,15.0,20.0,16.96527777777778,1012.0,1019.0,1015.6736111111111,64.0,88.0,76.34027777777777,0.0,0.0,0.0,0.0,98.57638888888889,98.90277777777777,415.59722222222223,,0
2016-12-07 00:00:00+00:00,1741.6,1221.4,1580.3868055555556,53.64513888888889,52.09722222222222,73.40277777777777,73.84722222222223,73.42361111111111,28.67361111111111,54.47222222222222,62.84722222222222,27.26388888888889,15.4,10.8,13.99861111111111,36.0,0.4,8.254861111111111,1.3625,-0.06944444444444446,97.08888888888889,17.27777777777778,0.0,172970.93055555556,24907814.0,0.0,-4053774,66.65277777777777,74.99305555555556,68.56944444444444,40.513888888888886,41.40277777777778,26.95138888888889,43.166666666666664,29.979166666666668,18.92361111111111,-3.2,6.7,-1.9152777777777779,0.3770833333333334,94.40972222222223,41.0,42.125,41.923611111111114,38.38194444444444,1037.7395833333333,0.9993055555555556,49.99930555555555,399.0395833333333,396.5826388888889,398.30625,872.2645833333333,898.3402777777778,869.2465277777778,2104.4,158.7,41.111111111111114,0.47430555555555554,8.363888888888889,189.23958333333334,-168.90625,-76.7,-216.1,4.615972222222222,1037.5118055555556,2000.0,157.0,189.71319444444444,-991.1708333333333,-583.3,-1000.0,23.144444444444446,948.8805555555555,1000.0,406.1,57.17569444444444,44.96527777777778,97.15625,T11,3.2,13.7,8.883333333333333,0.6626388888888889,3.3,14.5,8.938194444444443,0.6618055555555555,15.0,18.0,16.22222222222222,1017.0,1020.0,1018.7430555555555,63.0,85.0,76.8125,0.0,0.0,0.0,0.0,174.55555555555554,175.6875,418.6736111111111,,0
2016-12-08 00:00:00+00:00,1829.8,1271.1,1658.2826388888889,38.65347222222223,64.77777777777777,99.78472222222223,99.11805555555556,98.97222222222223,44.75,55.125,65.34027777777777,30.09027777777778,16.0,11.3,14.689583333333335,44.2,0.5,10.837499999999999,2.426388888888889,-0.5152777777777777,106.32152777777777,16.729166666666668,0.0,290148.6736111111,41781409.0,0.0,-5126469,73.58333333333333,86.97222222222223,78.42361111111111,45.30555555555556,43.65972222222222,27.42361111111111,44.513888888888886,36.770833333333336,19.52777777777778,-2.7,16.0,1.5284722222222222,2.8472222222222223,106.54861111111111,46.25,47.4375,46.88194444444444,41.423611111111114,1740.8666666666666,1.0,49.99930555555555,399.62430555555557,397.0236111111111,400.1847222222222,1463.6305555555555,1482.1305555555555,1444.3076388888887,2111.7,229.7,44.27777777777778,0.3333333333333333,11.013194444444444,238.11041666666668,-213.59861111111113,-147.0,-228.3,2.584722222222222,1734.5361111111113,2000.0,217.4,234.21249999999998,-774.2013888888889,-583.3,-1000.0,151.50208333333333,612.3590277777778,1000.0,406.1,174.78194444444443,55.388888888888886,106.83402777777778,T11,4.5,20.7,12.481944444444444,2.3472916666666666,4.9,20.5,12.534722222222221,2.371111111111111,15.0,17.0,15.875,1018.0,1021.0,1019.375,64.0,82.0,72.97916666666667,0.0,0.0,0.0,0.0,246.68055555555554,247.81944444444446,419.3541666666667,,0
2016-12-09 00:00:00+00:00,1809.1,1187.8,1602.1055555555556,67.43125,62.02777777777778,85.15277777777777,85.09027777777777,84.86111111111111,38.52777777777778,54.201388888888886,63.576388888888886,28.756944444444443,16.0,10.5,14.18611111111111,40.5,0.4,9.119444444444445,2.0256944444444445,-1.488888888888889,111.02708333333334,17.54861111111111,0.0,216882.26388888888,31231046.0,0.0,-4718016,68.77083333333333,79.04861111111111,72.23611111111111,42.173611111111114,42.770833333333336,28.40277777777778,43.888888888888886,33.65277777777778,20.27777777777778,-3.3,17.6,-0.8256944444444445,1.2868055555555555,99.125,42.951388888888886,44.09027777777778,43.71527777777778,39.486111111111114,1301.2784722222223,0.9881944444444445,49.99861111111111,399.1875,396.9194444444445,399.77708333333334,1103.4243055555555,1116.3638888888888,1081.829861111111,2111.7,-19.4,42.43055555555556,0.5909722222222222,9.270138888888889,301.4458333333333,-196.58472222222224,0.0,-224.6,4.713888888888889,1298.2604166666667,2000.0,0.0,299.28472222222223,-914.7027777777779,0.0,-1000.0,98.83958333333334,823.5881944444444,1000.0,0.0,140.29444444444445,48.395833333333336,112.525,T11,1.6,19.5,9.947916666666666,2.5586805555555556,1.6,19.5,10.009027777777778,2.563472222222222,16.0,18.0,16.479166666666668,1019.0,1022.0,1019.9791666666666,70.0,85.0,79.45138888888889,0.0,0.0,0.0,0.0,196.00694444444446,197.22222222222223,419.9513888888889,,0
2016-12-10 00:00:00+00:00,1707.9,1186.3,1553.9020833333334,64.97708333333334,45.68055555555556,68.06944444444444,68.74305555555556,68.40277777777777,28.40277777777778,54.77777777777778,62.18055555555556,27.40972222222222,15.1,10.5,13.763194444444444,37.8,0.5,7.730555555555556,1.2819444444444443,-1.261111111111111,105.68263888888889,17.40277777777778,-3.0,140347.52083333334,20209610.0,-2.2291666666666665,-3645485,63.59722222222222,70.69444444444444,64.91666666666667,39.90277777777778,41.423611111111114,27.583333333333332,43.395833333333336,28.57638888888889,19.48611111111111,-3.2,4.8,-2.0243055555555554,0.29444444444444445,92.39583333333333,40.30555555555556,41.47222222222222,41.27777777777778,38.25694444444444,842.0125,0.9854166666666667,49.99791666666667,399.09583333333336,396.74027777777775,398.41597222222225,710.6409722222222,734.0326388888889,705.3972222222222,2100.5,-41.0,40.763888888888886,0.5729166666666666,7.7645833333333325,165.3111111111111,-151.89097222222222,7.6,-209.3,5.679861111111111,842.1090277777778,2000.0,0.0,165.9875,-990.8611111111111,0.0,-1000.0,17.237499999999997,985.0152777777779,1000.0,0.0,28.022222222222226,41.875,106.95138888888889,T11,2.2,14.4,7.522916666666666,1.2909027777777777,1.9,14.3,7.594444444444444,1.2940277777777778,15.0,19.0,16.458333333333332,1018.0,1020.0,1018.8541666666666,63.0,86.0,77.78472222222223,0.0,0.0,0.0,0.0,147.38888888888889,148.625,418.78472222222223,,0
2016-12-11 00:00:00+00:00,1684.9,112.9,1282.5083333333334,50.980555555555554,40.68055555555556,57.99305555555556,59.15277777777778,58.63194444444444,27.930555555555557,49.076388888888886,55.0625,26.069444444444443,14.9,0.0,11.36111111111111,34.8,0.4,5.393055555555556,0.8520833333333333,0.8854166666666666,92.57499999999999,16.95138888888889,-116.625,50934.743055555555,7317811.0,-88.11111111111111,-2210236,48.604166666666664,53.854166666666664,49.13194444444444,39.270833333333336,39.00694444444444,27.25,40.88194444444444,26.125,20.020833333333332,-3.3,70.2,0.0006944444444444605,0.8145833333333333,86.29861111111111,38.84722222222222,39.958333333333336,39.9375,37.979166666666664,304.8493055555556,0.8416666666666667,50.0,399.00069444444443,396.28333333333336,397.1451388888889,274.75625,298.63194444444446,274.74930555555557,1471.2,-50.0,37.541666666666664,0.44583333333333336,5.472916666666666,62.36944444444445,-92.12569444444445,577.5,-1000.1,30.217361111111114,306.56388888888887,1481.3,0.0,62.61388888888889,-768.2097222222222,0.0,-1000.0,65.58819444444445,768.1909722222222,1000.0,0.0,65.66805555555555,35.78472222222222,91.68472222222222,T11,2.3,9.9,5.6930555555555555,0.21423611111111113,2.4,10.0,5.740277777777778,0.22208333333333333,14.0,19.0,15.82638888888889,1015.0,1018.0,1016.5972222222222,65.0,89.0,78.40972222222223,0.0,0.0,0.0,0.0,110.60416666666667,111.72916666666667,416.55555555555554,,0
2016-12-12 00:00:00+00:00,1378.8,0.0,357.90763888888887,37.50902777777778,28.833333333333332,36.24305555555556,36.576388888888886,36.50694444444444,28.208333333333332,38.326388888888886,38.916666666666664,25.006944444444443,12.2,0.0,2.9458333333333333,21.4,0.4,2.5347222222222223,0.5354166666666668,1.4479166666666665,138.25347222222223,16.27777777777778,-612.9513888888889,2891.0763888888887,328048.0,-221.97916666666666,-163893,39.99305555555556,44.229166666666664,39.65972222222222,32.43055555555556,33.798611111111114,26.07638888888889,35.11805555555556,21.09027777777778,19.63888888888889,-2.7,85.0,19.120833333333334,0.9069444444444444,43.03472222222222,31.868055555555557,32.65972222222222,32.80555555555556,31.32638888888889,13.664583333333333,0.8541666666666666,50.00069444444445,399.60833333333335,397.49652777777777,396.79305555555555,35.04375,39.37569444444445,38.125,299.9,-49.8,28.625,0.3298611111111111,2.5465277777777775,5.913194444444445,-6.834027777777778,562.0,-672.0,33.25833333333333,21.158333333333335,301.6,0.0,6.907638888888888,-83.97152777777778,0.0,-1000.0,17.353472222222223,83.97152777777778,1000.0,0.0,17.353472222222223,27.618055555555557,144.30277777777778,T11,0.0,6.4,2.6500000000000004,0.07444444444444445,0.0,6.4,2.6305555555555555,0.08097222222222222,13.0,19.0,14.875,1014.0,1017.0,1015.3541666666666,61.0,91.0,81.20833333333333,0.0,0.0,0.0,0.0,49.68055555555556,49.24305555555556,415.2916666666667,,0
2016-12-13 00:00:00+00:00,1635.4,0.0,623.620138888889,71.09444444444445,31.15277777777778,39.55555555555556,39.916666666666664,39.81944444444444,27.569444444444443,39.125,42.208333333333336,24.256944444444443,14.5,0.0,5.326388888888889,17.7,0.4,3.4722222222222223,0.6305555555555556,0.5902777777777776,114.31875000000001,15.833333333333334,-530.7708333333334,13433.256944444445,1857958.0,-273.02777777777777,-693909,39.40277777777778,43.25694444444444,38.548611111111114,33.97222222222222,33.93055555555556,26.34722222222222,34.77777777777778,21.694444444444443,19.47222222222222,-3.0,89.7,14.474305555555556,1.7083333333333333,47.423611111111114,33.541666666666664,34.263888888888886,34.354166666666664,32.576388888888886,77.41111111111111,0.8604166666666667,50.00069444444445,399.2472222222222,397.1069444444445,396.92569444444445,81.90277777777777,90.09375,84.73263888888889,791.6,-50.5,28.854166666666668,0.6673611111111111,3.476388888888889,20.681944444444444,-28.86527777777778,607.0,-812.5,29.89861111111111,86.32152777777777,812.4,0.0,23.30972222222222,-271.6138888888889,0.0,-1000.0,51.95763888888889,271.6138888888889,1000.0,0.0,51.95763888888889,30.67361111111111,111.22361111111111,T11,0.0,7.0,3.0729166666666665,0.1961111111111111,0.0,7.5,3.084722222222222,0.19972222222222225,13.0,18.0,14.715277777777779,1014.0,1017.0,1015.4444444444445,64.0,93.0,81.35416666666667,0.0,1.0,0.006944444444444444,0.0,58.1875,58.50694444444444,415.4236111111111,,0
2016-12-14 00:00:00+00:00,1746.6,38.6,1109.4798611111112,47.34444444444445,38.68055555555556,54.0,54.9375,54.520833333333336,25.854166666666668,48.84027777777778,53.4375,23.28472222222222,15.3,0.0,9.729861111111111,37.0,0.4,5.096527777777777,0.9048611111111112,-0.15624999999999994,182.52499999999998,14.569444444444445,-223.9375,50612.930555555555,7256014.0,-122.35416666666667,-2129901,45.11805555555556,50.416666666666664,45.513888888888886,37.09722222222222,36.1875,23.993055555555557,37.958333333333336,23.28472222222222,16.71527777777778,-3.2,65.5,3.836111111111111,0.6243055555555556,77.74305555555556,36.84027777777778,37.888888888888886,37.861111111111114,35.59027777777778,302.31944444444446,0.8465277777777778,49.99791666666667,398.9715277777778,396.6138888888889,396.65416666666664,287.16319444444446,309.96458333333334,292.63958333333335,2088.7,-44.1,34.541666666666664,0.4270833333333333,5.158333333333333,71.76041666666667,-88.77291666666666,689.4,-979.6,73.64513888888888,304.62708333333336,2000.0,0.0,72.13125,-684.4743055555556,0.0,-1000.0,56.59166666666667,681.9611111111111,1000.0,0.0,60.887499999999996,36.18055555555556,175.175,T11,0.6000000000000001,14.8,4.293055555555556,0.5301388888888889,0.6000000000000001,14.7,4.140972222222222,0.6471527777777778,11.0,16.0,13.291666666666666,1011.0,1016.0,1014.3541666666666,78.0,96.0,85.3125,0.0,31.0,0.5625,0.0,82.54861111111111,79.47916666666667,414.2638888888889,,0
2016-12-15 00:00:00+00:00,1636.8,0.0,858.28125,85.55555555555556,34.06944444444444,45.36805555555556,46.076388888888886,45.84722222222222,25.180555555555557,43.486111111111114,47.27777777777778,22.381944444444443,14.5,0.0,7.502083333333333,34.0,0.4,3.7687500000000003,0.8638888888888889,-3.064583333333333,288.34722222222223,12.9375,-459.7916666666667,14638.868055555555,2041787.0,-290.46527777777777,-965758,38.326388888888886,42.71527777777778,38.05555555555556,33.145833333333336,33.19444444444444,22.555555555555557,34.125,20.319444444444443,15.395833333333334,-3.1,89.7,10.914583333333333,2.308333333333333,60.451388888888886,32.770833333333336,33.80555555555556,33.86805555555556,31.63888888888889,85.08333333333333,0.7194444444444446,50.0,399.2590277777778,397.10625000000005,396.6701388888889,107.43263888888889,118.15277777777777,109.17638888888888,995.4,-50.0,30.07638888888889,0.78125,3.863194444444444,37.37777777777777,-40.363194444444446,665.7,-998.4,64.7798611111111,97.59166666666667,1005.2,0.0,40.61597222222222,-323.60833333333335,0.0,-1000.0,108.06180555555555,323.60833333333335,1000.0,0.0,108.06180555555555,30.916666666666668,288.9166666666667,T11,0.0,9.3,3.9541666666666666,0.20520833333333333,0.0,9.2,3.8777777777777778,0.2101388888888889,9.0,15.0,11.6875,1013.0,1017.0,1014.8333333333334,62.0,94.0,78.0,0.0,1.0,0.006944444444444444,0.0,75.83333333333333,74.375,414.77777777777777,,0
2016-12-16 00:00:00+00:00,1822.6,0.0,1037.2222222222222,73.45555555555556,42.986111111111114,55.09722222222222,55.611111111111114,55.375,26.36111111111111,49.47222222222222,53.791666666666664,22.430555555555557,16.0,0.0,9.08125,37.2,0.4,5.502777777777777,1.1930555555555555,-0.879861111111111,264.48819444444445,12.75,-396.65972222222223,74703.4375,10700174.0,-259.4236111111111,-2100900,48.25,54.15277777777778,48.701388888888886,34.21527777777778,34.5625,22.131944444444443,36.083333333333336,22.67361111111111,14.75,-3.2,89.7,12.648611111111112,2.0180555555555557,71.70138888888889,34.25694444444444,35.27777777777778,35.24305555555556,32.263888888888886,445.8284722222222,0.8756944444444446,49.99861111111111,399.12083333333334,397.0375,396.96527777777777,388.1965277777778,404.93888888888887,390.1173611111111,2105.2,-49.6,32.8125,0.6743055555555556,5.625694444444445,114.10138888888888,-87.55486111111111,540.8,-736.7,24.95763888888889,457.90416666666664,2000.0,0.0,117.40138888888889,-570.3062500000001,0.0,-1000.0,65.92847222222223,554.7777777777778,1000.0,0.0,76.525,37.166666666666664,260.37361111111113,T11,1.0,22.6,6.007638888888889,0.8447916666666667,0.9,22.3,5.958333333333333,0.8386111111111112,9.0,16.0,11.645833333333334,1006.0,1013.0,1008.7361111111111,59.0,96.0,78.10416666666667,0.0,27.0,0.7013888888888888,0.0,116.9375,115.91666666666667,408.69444444444446,,0
2016-12-17 00:00:00+00:00,1756.6,0.0,1238.2215277777777,78.04444444444444,44.1875,56.291666666666664,57.11805555555556,56.59722222222222,25.79861111111111,49.88194444444444,55.47222222222222,23.520833333333332,15.5,0.0,10.95486111111111,24.1,0.4,5.780555555555555,1.0993055555555555,-0.6069444444444446,79.62708333333333,14.166666666666666,-171.81944444444446,74478.48611111111,10700162.0,-124.73611111111111,-2381778,46.416666666666664,51.84027777777778,46.71527777777778,36.34027777777778,36.076388888888886,23.944444444444443,37.666666666666664,24.006944444444443,16.506944444444443,-3.2,86.2,3.4680555555555554,1.61875,76.13194444444444,36.423611111111114,37.40972222222222,37.375,34.4375,445.83680555555554,0.8493055555555555,49.99861111111111,398.6979166666667,396.19444444444446,395.97083333333336,393.0076388888889,420.56388888888887,405.4173611111111,2103.0,-51.6,34.375,0.6965277777777777,5.887499999999999,121.30486111111112,-99.22847222222222,647.0,-1000.2,48.36805555555556,450.31666666666666,2000.0,0.0,122.0652777777778,-703.3826388888889,0.0,-1000.0,80.95208333333333,691.0805555555556,1000.0,0.0,86.10347222222222,44.50694444444444,80.23055555555555,T11,0.4,15.2,5.340277777777778,0.6333333333333333,0.3,15.1,5.346527777777777,0.6388194444444444,9.0,17.0,12.916666666666666,1009.0,1014.0,1012.4097222222222,49.0,92.0,69.02777777777777,0.0,0.0,0.0,0.0,103.67361111111111,103.65277777777777,412.34722222222223,,0
2016-12-18 00:00:00+00:00,1761.8,0.0,1369.6902777777777,74.36319444444445,50.25,65.65972222222223,66.38888888888889,65.97916666666667,29.72222222222222,52.791666666666664,59.236111111111114,24.21527777777778,15.6,0.0,12.122916666666667,31.0,0.4,6.769444444444444,1.2069444444444446,-0.20902777777777778,81.73333333333333,15.041666666666666,-185.02777777777777,112573.47916666667,16183938.0,-128.21527777777777,-2870813,57.291666666666664,64.70833333333333,58.90972222222222,36.86805555555556,37.916666666666664,24.84722222222222,39.416666666666664,26.805555555555557,17.04861111111111,-3.1,89.7,0.6819444444444445,1.4777777777777779,86.86805555555556,37.048611111111114,38.15972222222222,38.076388888888886,34.75694444444444,674.2534722222222,0.9249999999999999,49.99861111111111,398.9743055555556,396.38680555555555,396.85347222222225,569.6618055555556,601.2868055555556,581.10625,2105.3,-50.3,36.71527777777778,0.6569444444444446,6.865972222222222,139.77291666666667,-119.64375000000001,543.0,-645.3,20.241666666666667,676.2166666666667,2000.0,0.0,140.53472222222223,-829.8625,0.0,-1000.0,66.23680555555556,799.8,1000.0,0.0,76.61458333333333,46.61805555555556,79.44375,T11,0.3,16.7,6.578472222222222,0.8943749999999999,0.0,17.0,6.577083333333333,0.9070833333333334,12.0,15.0,14.0625,1008.0,1014.0,1010.8402777777778,62.0,80.0,67.75,0.0,1.0,0.006944444444444444,0.0,128.5,128.43055555555554,410.81944444444446,,0
2016-12-19 00:00:00+00:00,1646.7,0.0,864.713888888889,79.61944444444445,38.88194444444444,49.486111111111114,50.1875,49.81944444444444,26.11111111111111,44.548611111111114,48.138888888888886,23.270833333333332,14.6,0.0,7.60486111111111,35.6,0.4,3.854861111111111,0.8631944444444445,-5.419444444444445,262.0854166666667,13.270833333333334,-397.6388888888889,18926.01388888889,2668088.0,-197.05555555555554,-1184406,39.895833333333336,44.520833333333336,39.875,33.15277777777778,34.326388888888886,22.875,35.05555555555556,20.90972222222222,16.01388888888889,-2.7,84.8,8.72013888888889,1.8881944444444443,62.97222222222222,32.729166666666664,33.708333333333336,33.763888888888886,31.4375,111.16388888888889,0.8263888888888888,50.00138888888889,399.0875,396.93888888888887,396.2034722222222,111.06944444444444,126.51666666666668,116.98472222222222,1131.6,-49.5,30.78472222222222,0.71875,3.9777777777777774,42.59652777777777,-49.35277777777778,563.0,-727.7,29.00486111111111,117.23124999999999,1178.6,0.0,43.984027777777776,-406.025,0.0,-1000.0,98.31319444444445,406.025,1000.0,0.0,98.31319444444445,34.736111111111114,297.5229166666667,T11,0.0,8.8,4.419444444444444,0.18902777777777777,0.0,8.5,4.373611111111111,0.19166666666666668,8.0,15.0,12.11111111111111,1006.0,1009.0,1007.0555555555555,58.0,87.0,71.27083333333333,0.0,0.0,0.0,0.0,85.13888888888889,84.27777777777777,407.0208333333333,,0
2016-12-20 00:00:00+00:00,1656.6,39.7,646.8784722222222,68.52013888888888,34.548611111111114,44.875,45.416666666666664,45.22222222222222,25.48611111111111,42.1875,44.55555555555556,22.6875,14.7,0.0,5.5993055555555555,24.9,0.4,3.4631944444444445,0.7597222222222223,3.8604166666666666,291.37708333333336,13.465277777777779,-601.9583333333334,11334.361111111111,1545465.0,-319.1875,-683751,38.513888888888886,43.00694444444444,38.298611111111114,31.84722222222222,33.1875,22.96527777777778,33.69444444444444,19.92361111111111,16.02777777777778,-2.5,84.9,14.027777777777779,1.5611111111111111,53.770833333333336,31.52777777777778,32.263888888888886,32.354166666666664,30.069444444444443,64.40416666666667,0.8159722222222222,49.99861111111111,399.02916666666664,397.2298611111111,396.5090277777778,77.71875,84.19652777777777,79.06527777777778,1086.6,-50.1,29.3125,0.6194444444444445,3.5250000000000004,29.459722222222222,-28.52361111111111,503.6,-604.9,34.08819444444444,74.47361111111111,1100.9,0.0,32.13333333333333,-230.50833333333333,0.0,-1000.0,65.49305555555556,230.50833333333333,1000.0,0.0,65.49305555555556,31.729166666666668,300.03541666666666,T11,0.9,8.9,3.9326388888888886,0.16965277777777776,0.8,9.0,3.8756944444444446,0.17020833333333335,10.0,15.0,12.333333333333334,1009.0,1017.0,1013.0277777777778,56.0,77.0,67.74305555555556,0.0,0.0,0.0,0.0,75.38194444444444,74.19444444444444,412.94444444444446,,0
2016-12-21 00:00:00+00:00,1685.2,0.0,695.8243055555555,58.8451388888889,35.520833333333336,41.951388888888886,42.416666666666664,42.15277777777778,25.708333333333332,41.97222222222222,44.78472222222222,23.375,14.9,0.0,5.979861111111111,35.8,0.4,3.8041666666666663,0.820138888888889,-1.2708333333333333,129.64444444444445,13.993055555555555,-437.6736111111111,28908.881944444445,4099852.0,-156.875,-1103029,40.44444444444444,44.72222222222222,40.05555555555556,33.208333333333336,33.97222222222222,23.118055555555557,34.15277777777778,21.069444444444443,16.38888888888889,-3.0,89.7,13.09375,1.1340277777777779,51.71527777777778,33.048611111111114,33.74305555555556,33.75,31.305555555555557,170.8125,0.9048611111111112,49.99861111111111,398.8347222222222,396.96180555555554,396.0888888888889,154.83888888888887,166.55277777777778,159.34375,2062.8,-48.3,29.59722222222222,0.5673611111111111,3.9187499999999997,52.297916666666666,-45.931250000000006,591.5,-590.1,17.084722222222222,177.2611111111111,2000.0,0.0,53.794444444444444,-342.5159722222222,0.0,-1000.0,38.75208333333333,341.73125000000005,1000.0,0.0,40.24027777777778,30.90972222222222,90.91944444444444,T11,0.3,11.8,3.779166666666667,0.3736111111111111,0.0,11.6,3.7215277777777778,0.35986111111111113,11.0,16.0,12.92361111111111,1016.0,1021.0,1018.4305555555555,45.0,72.0,57.31944444444444,0.0,0.0,0.0,0.0,72.29166666666667,71.19444444444444,418.375,,0
2016-12-22 00:00:00+00:00,1680.1,252.2,1329.1784722222224,36.50972222222222,43.736111111111114,57.770833333333336,59.00694444444444,58.291666666666664,26.03472222222222,48.513888888888886,55.09027777777778,24.73611111111111,14.9,2.4,11.775694444444445,23.6,0.4,5.659027777777777,0.8534722222222223,-0.6479166666666667,81.12013888888889,15.395833333333334,-25.15277777777778,56834.333333333336,8180522.0,-19.0,-2277405,44.520833333333336,49.59722222222222,44.72222222222222,38.354166666666664,37.576388888888886,25.1875,39.520833333333336,24.59027777777778,17.6875,-3.2,45.2,-1.0159722222222223,0.43333333333333335,84.47916666666667,38.013888888888886,39.15277777777778,39.104166666666664,36.75694444444444,340.8493055555556,0.8500000000000001,49.99722222222223,398.81875,396.40833333333336,396.7027777777778,304.8701388888889,332.67569444444445,314.7444444444444,1449.4,-42.2,36.18055555555556,0.31736111111111115,5.711805555555555,58.85902777777778,-94.84861111111111,660.1,-880.0,44.206944444444446,341.7701388888889,1467.3,0.0,59.08888888888888,-842.4312500000001,0.0,-1000.0,60.46388888888888,842.4270833333334,1000.0,0.0,60.493750000000006,37.38194444444444,81.77847222222222,T11,1.9,11.0,4.966666666666667,0.6299305555555555,2.5,9.8,5.588888888888889,0.26333333333333336,12.0,18.0,14.25,1021.0,1026.0,1023.3402777777778,46.0,77.0,62.1875,0.0,0.0,0.0,0.0,96.14583333333333,108.61111111111111,423.2916666666667,,0
2016-12-23 00:00:00+00:00,1708.1,0.0,1467.4243055555555,66.80277777777778,55.78472222222222,64.84722222222223,65.71527777777777,65.20138888888889,26.819444444444443,54.80555555555556,61.38194444444444,24.90277777777778,15.1,0.0,12.993055555555555,24.4,0.4,7.2868055555555555,1.1055555555555554,1.1375,89.52083333333333,16.38888888888889,-80.04166666666667,120109.125,17284190.0,-57.28472222222222,-3136531,57.40277777777778,64.20138888888889,58.395833333333336,39.763888888888886,39.8125,26.104166666666668,41.88194444444444,27.666666666666668,18.17361111111111,-3.3,89.7,0.11944444444444441,1.1395833333333334,89.79166666666667,40.076388888888886,41.173611111111114,41.048611111111114,38.15277777777778,720.2076388888888,0.9701388888888888,50.0,398.79097222222225,396.31666666666666,397.09444444444443,604.0416666666666,635.8159722222222,613.5902777777778,2049.4,-50.0,39.375,0.5888888888888889,7.345833333333333,129.67569444444445,-130.67430555555555,516.6,-911.9,11.603472222222223,733.6680555555555,2000.0,0.0,132.48055555555555,-952.9472222222222,0.0,-1000.0,28.361805555555556,939.2979166666667,1000.0,0.0,35.576388888888886,43.583333333333336,88.38541666666667,T11,1.8,15.0,6.935416666666667,1.094861111111111,1.8,13.4,7.231249999999999,0.45819444444444446,13.0,18.0,15.3125,1025.0,1027.0,1025.7152777777778,44.0,73.0,53.24305555555556,0.0,0.0,0.0,0.0,135.59722222222223,141.5,425.69444444444446,,0
2016-12-24 00:00:00+00:00,1766.7,243.8,1604.2104166666666,40.30486111111111,59.09722222222222,79.68055555555556,79.92361111111111,79.375,30.70138888888889,55.61805555555556,63.958333333333336,26.118055555555557,15.6,2.2,14.208333333333334,37.8,0.5,8.922222222222222,1.4381944444444443,-0.7298611111111111,86.13472222222222,15.944444444444445,-24.416666666666668,209386.77083333334,30148180.0,-14.88888888888889,-4377487,65.63194444444444,75.95138888888889,68.66666666666667,42.020833333333336,41.229166666666664,25.82638888888889,42.861111111111114,31.42361111111111,17.694444444444443,-3.2,43.3,-1.05625,0.9041666666666666,97.13888888888889,42.638888888888886,43.72222222222222,43.416666666666664,39.229166666666664,1256.1,0.9930555555555556,50.00138888888889,399.4006944444444,396.51250000000005,398.1979166666667,1049.695138888889,1084.9958333333334,1053.3569444444445,2107.2,-50.1,41.50694444444444,0.35555555555555557,9.04861111111111,160.37708333333333,-182.39166666666668,9.9,-223.4,4.298611111111111,1255.2138888888887,2000.0,0.0,159.5951388888889,-911.9826388888889,0.0,-1000.0,60.888888888888886,824.8979166666667,1000.0,0.0,84.15902777777778,47.673611111111114,86.86388888888888,T11,2.7,18.9,9.584027777777777,1.9913194444444444,3.7,16.7,9.906944444444443,0.7251388888888889,13.0,17.0,14.95138888888889,1024.0,1027.0,1025.4097222222222,65.0,81.0,74.375,0.0,0.0,0.0,0.0,188.68055555555554,195.11805555555554,425.3541666666667,,0
2016-12-25 00:00:00+00:00,1799.1,1194.4,1615.2243055555555,54.68402777777778,53.59027777777778,84.86111111111111,85.01388888888889,84.64583333333333,35.59722222222222,53.77777777777778,63.458333333333336,26.729166666666668,15.8,10.6,14.302083333333334,37.8,0.4,9.075,1.8041666666666667,-0.7597222222222221,110.15972222222223,16.34722222222222,0.0,220076.46527777778,31691011.0,0.0,-4533875,66.77083333333333,77.80555555555556,70.73611111111111,41.8125,42.125,26.791666666666668,43.354166666666664,32.61805555555556,18.625,-3.2,12.7,-1.2243055555555555,1.0743055555555556,98.97222222222223,42.548611111111114,43.6875,43.34027777777778,39.013888888888886,1320.4916666666666,0.9972222222222222,50.0,399.71180555555554,396.9555555555555,399.50208333333336,1109.3312500000002,1136.429861111111,1097.929861111111,2108.5,-51.7,42.02777777777778,0.47777777777777775,9.249305555555557,264.45000000000005,-188.90625,0.2,-222.4,4.197222222222222,1317.9604166666666,2000.0,0.0,262.5763888888889,-923.1006944444445,0.0,-1000.0,89.97361111111111,830.5999999999999,1000.0,0.0,130.71319444444444,48.888888888888886,110.93055555555556,T11,2.0,19.4,10.290277777777778,1.9581250000000001,1.7000000000000002,18.7,9.652777777777779,1.3760416666666666,14.0,18.0,15.381944444444445,1021.0,1025.0,1022.3125,62.0,83.0,72.79166666666667,0.0,0.0,0.0,0.0,202.83333333333334,190.10416666666666,422.2708333333333,,0
2016-12-26 00:00:00+00:00,1676.6,1190.4,1343.2388888888888,32.50763888888889,38.63194444444444,55.86805555555556,57.11805555555556,56.604166666666664,26.506944444444443,49.048611111111114,55.59027777777778,23.48611111111111,14.9,10.5,11.897222222222222,23.9,0.4,5.686111111111111,0.8965277777777777,-1.1333333333333335,102.02708333333334,15.73611111111111,-10.29861111111111,56142.53472222222,8083041.0,-9.777777777777779,-2341199,46.173611111111114,51.69444444444444,47.013888888888886,39.55555555555556,37.56944444444444,26.333333333333332,39.65972222222222,24.729166666666668,18.868055555555557,-3.2,5.1,-1.4222222222222223,0.3604166666666667,87.09027777777777,39.201388888888886,40.3125,40.28472222222222,38.13194444444444,336.77708333333334,0.9131944444444444,49.99861111111111,399.0083333333333,396.2215277777778,396.80625,285.2319444444445,318.7861111111111,291.89930555555554,1264.4,-50.2,36.34722222222222,0.2868055555555556,5.746527777777778,65.37986111111111,-97.54027777777777,507.3,-678.2,11.410416666666666,337.1020833333333,1272.8,0.0,65.38958333333333,-867.3930555555556,0.0,-1000.0,94.2201388888889,867.3930555555556,1000.0,0.0,94.2201388888889,37.75,103.1625,T11,1.1,11.8,5.808333333333334,0.6131944444444444,1.1,10.3,5.717361111111111,0.3115972222222222,13.0,18.0,14.597222222222221,1020.0,1023.0,1021.1597222222222,57.0,86.0,74.84027777777777,0.0,0.0,0.0,0.0,113.00694444444444,111.22222222222223,421.13194444444446,,0
2016-12-27 00:00:00+00:00,1772.0,42.3,1530.4486111111112,48.263888888888886,47.06944444444444,71.70138888888889,72.11111111111111,71.5625,29.368055555555557,53.78472222222222,61.423611111111114,24.76388888888889,15.7,0.0,13.550694444444444,28.1,0.4,7.9624999999999995,1.363888888888889,1.2993055555555557,94.71111111111111,15.458333333333334,-16.555555555555557,164156.73611111112,23636186.0,-9.3125,-3759138,58.986111111111114,67.64583333333333,61.21527777777778,41.3125,39.34722222222222,25.51388888888889,41.354166666666664,28.541666666666668,17.61111111111111,-3.3,83.9,-1.18125,0.8263888888888888,93.36805555555556,41.708333333333336,42.84027777777778,42.61805555555556,38.979166666666664,984.8513888888889,0.9618055555555556,49.99791666666667,399.0534722222222,396.31388888888887,397.7368055555555,829.3819444444445,861.2868055555556,832.4875,2104.4,-50.1,39.423611111111114,0.42638888888888893,8.104166666666666,151.76805555555555,-156.60902777777778,562.5,-905.9,14.585416666666667,984.1256944444444,2000.0,0.0,151.16458333333333,-895.2916666666666,0.0,-1000.0,75.35763888888889,835.51875,1000.0,0.0,84.63819444444444,46.729166666666664,93.41319444444444,T11,1.9,17.7,8.324305555555556,1.6341666666666665,2.8,15.9,8.702777777777778,0.6386805555555556,12.0,17.0,14.375,1020.0,1022.0,1020.6805555555555,63.0,85.0,75.47916666666667,0.0,0.0,0.0,0.0,163.45138888888889,170.875,420.65972222222223,,0
2016-12-28 00:00:00+00:00,1830.8,0.0,1593.5756944444445,58.857638888888886,56.84027777777778,90.625,90.57638888888889,90.21527777777777,41.74305555555556,54.763888888888886,64.01388888888889,28.020833333333332,16.0,0.0,14.115972222222222,40.5,0.4,9.74861111111111,2.1868055555555554,0.4104166666666667,103.15625,16.506944444444443,-58.18055555555556,238990.86111111112,34406306.0,-36.02777777777778,-4614479,69.40277777777777,81.49305555555556,73.77777777777777,43.791666666666664,42.854166666666664,27.27777777777778,43.958333333333336,34.25,19.25,-3.3,89.7,1.2708333333333333,2.45,102.27777777777777,44.583333333333336,45.69444444444444,45.298611111111114,40.625,1433.59375,0.9819444444444445,49.99861111111111,399.9923611111111,397.04791666666665,399.5048611111111,1203.2215277777777,1231.7465277777778,1195.0159722222222,2108.4,-52.5,43.13194444444444,0.5145833333333334,9.899305555555555,248.98819444444447,-192.25555555555556,13.6,-221.6,6.925694444444444,1430.7701388888888,2000.0,0.0,246.5736111111111,-801.9673611111111,0.0,-1000.0,126.97847222222224,688.2784722222223,1000.0,0.0,151.69305555555556,53.06944444444444,102.75902777777777,T11,1.9,23.3,11.832638888888889,2.9991666666666665,2.0,20.5,11.031944444444443,1.8038888888888889,14.0,17.0,15.479166666666666,1020.0,1023.0,1021.2222222222222,60.0,78.0,70.46527777777777,0.0,0.0,0.0,0.0,233.66666666666666,217.625,421.1666666666667,,0
2016-12-29 00:00:00+00:00,1853.2,0.0,1551.1979166666667,73.4076388888889,60.0625,81.94444444444444,82.08333333333333,81.78472222222223,39.61805555555556,54.013888888888886,62.81944444444444,27.270833333333332,16.2,0.0,13.738888888888889,40.0,0.4,9.053472222222222,1.9263888888888887,-1.1604166666666669,109.13125,16.51388888888889,-76.63194444444444,199714.54166666666,28747859.0,-49.986111111111114,-4336971,66.8125,77.42361111111111,70.59722222222223,42.145833333333336,41.88194444444444,27.53472222222222,43.18055555555556,32.166666666666664,19.541666666666668,-3.1,89.7,1.1930555555555555,2.1319444444444446,97.72222222222223,42.78472222222222,43.951388888888886,43.576388888888886,39.52777777777778,1197.8465277777777,0.9861111111111112,50.0,399.56041666666664,396.7298611111111,399.02152777777775,1008.1986111111112,1034.6944444444443,999.9513888888889,2109.4,-49.4,41.5625,0.6458333333333334,9.118749999999999,255.2861111111111,-180.70416666666668,6.9,-224.1,5.934027777777778,1221.1451388888888,2000.0,4.3,255.98263888888889,-869.91875,0.0,-1000.0,99.77222222222221,787.4319444444444,1000.0,0.0,126.24305555555556,47.701388888888886,110.30416666666666,T11,2.5,19.7,10.304861111111112,2.206875,2.5,18.6,9.95138888888889,1.7786111111111111,14.0,17.0,15.520833333333334,1020.0,1023.0,1021.4861111111111,61.0,80.0,72.00694444444444,0.0,0.0,0.0,0.0,203.05555555555554,196.05555555555554,421.4513888888889,,0
2016-12-30 00:00:00+00:00,1782.9,1210.0,1544.36875,70.8375,53.458333333333336,69.14583333333333,69.71527777777777,69.40972222222223,29.57638888888889,55.375,62.673611111111114,25.78472222222222,15.6,10.7,13.679861111111112,52.5,0.5,7.868055555555555,1.4625,0.21527777777777773,102.25763888888889,15.88888888888889,0.0,150034.15972222222,21604919.0,0.0,-3935047,62.63194444444444,70.375,63.729166666666664,40.3125,40.5625,26.27777777777778,42.395833333333336,28.333333333333332,18.270833333333332,-3.3,10.1,-1.71875,0.5104166666666666,92.36111111111111,40.798611111111114,41.97222222222222,41.763888888888886,38.548611111111114,900.2097222222222,0.9826388888888888,49.99722222222223,399.5652777777778,396.8229166666667,398.8805555555556,760.6729166666667,787.057638888889,752.3180555555556,2104.8,-50.1,40.25,0.6263888888888889,7.952777777777778,210.71875,-163.96319444444444,0.7000000000000001,-218.7,6.134722222222222,899.7923611111112,2000.0,0.0,210.64930555555554,-966.345138888889,0.0,-1000.0,41.94583333333333,939.7624999999999,1000.0,0.0,59.63263888888889,42.354166666666664,102.04722222222222,T11,2.2,16.0,9.086805555555555,1.6159722222222221,2.9,14.4,8.653472222222222,0.6990972222222223,13.0,17.0,14.868055555555555,1021.0,1024.0,1022.4930555555555,55.0,81.0,70.34027777777777,0.0,0.0,0.0,0.0,178.66666666666666,170.0,422.4236111111111,,0
2016-12-31 00:00:00+00:00,1775.1,1223.4,1597.398611111111,51.173611111111114,49.40277777777778,77.89583333333333,78.09722222222223,77.78472222222223,32.048611111111114,55.15277777777778,63.479166666666664,25.78472222222222,15.6,10.8,14.149305555555555,36.8,0.6000000000000001,8.792361111111111,1.6097222222222223,-1.077777777777778,101.87986111111111,14.833333333333334,0.0,197643.3125,28460637.0,0.0,-4210749,66.875,76.77083333333333,69.46527777777777,41.30555555555556,41.013888888888886,25.569444444444443,42.52777777777778,29.458333333333332,17.27777777777778,-3.2,9.8,-1.2819444444444443,0.8375,96.1875,42.0625,43.201388888888886,42.88194444444444,38.84722222222222,1185.802777777778,0.995138888888889,50.0,399.5159722222222,396.7868055555556,399.0513888888889,995.5361111111112,1023.1979166666666,987.7326388888889,2105.8,127.0,40.93055555555556,0.44999999999999996,8.878472222222221,213.85763888888889,-175.44583333333333,-100.7,-221.8,3.630555555555555,1184.2972222222222,2000.0,106.8,213.08055555555555,-937.4347222222223,-523.2,-1000.0,58.80416666666666,870.3368055555555,1000.0,406.1,89.51944444444445,44.72222222222222,102.95625000000001,T11,3.0,17.3,9.550694444444444,1.510625,4.8,15.5,9.089583333333334,0.8927083333333334,13.0,16.0,13.9375,1019.0,1022.0,1020.3472222222222,50.0,74.0,63.50694444444444,0.0,0.0,0.0,0.0,187.94444444444446,178.83333333333334,420.31944444444446,,0
2017-01-01 00:00:00+00:00,1695.7,1205.4,1427.3555555555556,58.74722222222223,39.93055555555556,57.13194444444444,58.263888888888886,57.65972222222222,25.09027777777778,51.361111111111114,58.09027777777778,22.76388888888889,15.0,10.7,12.64236111111111,35.2,0.5,6.542361111111111,1.0368055555555555,0.36111111111111105,118.12013888888889,14.305555555555555,0.0,81667.80555555556,11760164.0,0.0,-2667657,47.375,53.24305555555556,48.34722222222222,37.34027777777778,36.451388888888886,25.32638888888889,38.458333333333336,24.131944444444443,17.65277777777778,-3.3,2.6,-1.8493055555555555,0.3125,85.60416666666667,37.388888888888886,38.5,38.451388888888886,35.625,490.00347222222223,0.9715277777777778,49.99861111111111,399.4451388888889,396.83958333333334,397.82916666666665,409.4166666666667,441.96875,414.1965277777778,1919.6,-27.6,35.375,0.5173611111111112,6.509722222222222,95.29305555555555,-111.15,0.1,-184.0,5.563888888888889,490.10833333333335,1935.9,0.0,95.91736111111112,-969.2430555555555,0.0,-1000.0,47.89930555555556,968.8930555555556,1000.0,0.0,48.849999999999994,33.81944444444444,117.75972222222224,T11,1.4,12.1,5.778472222222223,1.0929861111111112,1.4,12.6,5.715972222222223,1.0554861111111111,11.0,16.0,13.256944444444445,1013.0,1020.0,1016.3958333333334,52.0,76.0,64.92361111111111,0.0,0.0,0.0,0.0,112.36111111111111,111.19444444444444,416.31944444444446,,0
2017-01-02 00:00:00+00:00,1786.9,1213.7,1605.177777777778,41.72430555555556,48.27777777777778,76.96527777777777,77.0625,76.70138888888889,28.9375,54.576388888888886,63.24305555555556,24.13888888888889,15.7,10.8,14.213194444444445,37.2,0.5,8.940972222222221,1.542361111111111,0.3888888888888889,120.85138888888888,14.20138888888889,0.0,203948.63194444444,29368603.0,0.0,-4117065,63.56944444444444,73.18055555555556,66.02083333333333,39.423611111111114,38.923611111111114,24.833333333333332,40.50694444444444,29.26388888888889,16.63888888888889,-3.2,9.4,-1.386111111111111,0.7180555555555556,94.85416666666667,40.02777777777778,41.111111111111114,40.77777777777778,36.291666666666664,1223.677777777778,0.9958333333333333,50.0,399.12291666666664,396.56111111111113,398.78333333333336,1028.3013888888888,1052.1548611111111,1019.9312500000001,2105.6,55.4,38.84027777777778,0.3666666666666667,8.925,197.99583333333334,-171.53958333333333,-18.6,-221.0,5.140972222222222,1222.3638888888888,2000.0,54.2,197.42777777777778,-943.2736111111111,-265.8,-1000.0,62.65069444444445,865.3243055555555,1000.0,265.8,91.81458333333333,43.78472222222222,120.47777777777777,T11,1.1,15.2,6.814583333333333,2.577916666666667,1.2,15.6,6.828472222222222,2.542986111111111,11.0,16.0,13.229166666666666,1010.0,1014.0,1011.6319444444445,57.0,78.0,69.55555555555556,0.0,0.0,0.0,0.0,133.17361111111111,133.46527777777777,411.6041666666667,,0
2017-01-03 00:00:00+00:00,1713.9,0.0,686.1944444444445,57.291666666666664,34.520833333333336,46.833333333333336,47.28472222222222,47.06944444444444,28.61111111111111,45.77777777777778,47.395833333333336,25.541666666666668,15.1,0.0,5.9006944444444445,37.1,0.4,3.9749999999999996,0.6527777777777778,20.345138888888886,142.4701388888889,16.61111111111111,-462.2013888888889,49327.256944444445,7036568.0,-162.95138888888889,-1147186,47.50694444444444,53.326388888888886,48.49305555555556,35.451388888888886,36.13194444444444,25.791666666666668,37.729166666666664,23.645833333333332,18.25,-3.1,89.7,13.602777777777778,1.7215277777777778,59.520833333333336,34.923611111111114,36.076388888888886,36.173611111111114,34.333333333333336,293.1340277777778,0.9520833333333333,49.99722222222223,399.0256944444444,397.2951388888889,396.4243055555555,251.87638888888887,263.6159722222222,250.87152777777777,2101.7,-49.9,33.11805555555556,0.5055555555555555,3.908333333333333,42.74097222222222,-47.77986111111111,345.9,-512.7,9.459027777777777,296.97569444444446,2000.0,0.0,41.86388888888889,-385.01458333333335,0.0,-1000.0,22.34722222222222,375.99027777777775,1000.0,0.0,25.62777777777778,33.75694444444444,112.14166666666667,T11,1.1,9.8,5.048387096774194,0.9732258064516129,1.1,10.2,4.962903225806452,0.9446774193548387,11.0,15.0,12.612903225806452,1014.0,1017.0,1014.8870967741935,59.0,77.0,71.19354838709677,0.0,0.0,0.0,0.0,97.7258064516129,95.98387096774194,414.85483870967744,,0
2017-05-06 00:00:00+00:00,1485.9,0.0,618.6465277777778,64.62916666666666,35.791666666666664,44.888888888888886,45.451388888888886,45.263888888888886,31.79861111111111,43.208333333333336,44.520833333333336,28.208333333333332,13.2,0.0,5.392361111111111,18.6,0.4,3.045138888888889,0.7277777777777779,-14.502083333333335,231.69722222222222,19.72222222222222,-470.4583333333333,10871.618055555555,1497772.0,-230.04166666666666,-851478,44.423611111111114,48.923611111111114,44.4375,35.826388888888886,37.46527777777778,30.430555555555557,39.05555555555556,25.458333333333332,23.96527777777778,-2.5,89.7,12.823611111111111,1.8819444444444444,57.90277777777778,35.03472222222222,36.15277777777778,36.229166666666664,35.09722222222222,62.40138888888888,0.8375,50.0,398.9222222222222,397.03125,396.09444444444443,74.51041666666667,84.42083333333333,76.98194444444444,549.1,-50.1,34.22222222222222,0.5666666666666667,3.1354166666666665,26.568055555555556,-35.45902777777778,687.5,-972.0,35.62777777777777,68.17152777777778,554.4,0.0,26.84861111111111,-285.0493055555555,0.0,-1000.0,88.97708333333334,285.0493055555555,1000.0,0.0,88.97708333333334,32.875,281.20000000000005,T11,0.2,7.8,4.224675324675325,0.36597402597402595,0.0,7.7,4.21038961038961,0.3793506493506494,16.0,22.0,19.68831168831169,1010.0,1012.0,1010.4935064935065,50.0,69.0,58.27272727272727,0.0,0.0,0.0,0.0,81.24675324675324,80.84415584415585,410.45454545454544,,0
2017-05-07 00:00:00+00:00,1760.5,147.4,1437.2229166666666,68.18125,58.05555555555556,71.63194444444444,72.33333333333333,71.97916666666667,33.048611111111114,52.354166666666664,60.138888888888886,30.20138888888889,15.6,0.0,12.724305555555555,29.9,0.4,7.245833333333334,1.2409722222222224,1.4805555555555556,104.69236111111111,21.666666666666668,-105.11805555555556,127699.24305555556,18373552.0,-89.69444444444444,-3187690,61.02777777777778,67.82638888888889,62.15972222222222,41.326388888888886,42.22222222222222,30.944444444444443,43.27777777777778,33.423611111111114,23.9375,-3.4,46.2,-0.1340277777777778,0.8909722222222223,90.3125,41.541666666666664,42.666666666666664,42.5625,39.78472222222222,765.6097222222222,0.9270833333333334,50.0,399.3180555555556,396.8465277777778,398.54375000000005,653.8506944444445,673.8708333333333,645.8777777777777,2101.9,-50.0,40.479166666666664,0.60625,7.205555555555555,164.60625,-132.8361111111111,624.8,-856.0,16.054861111111112,766.7993055555556,2000.0,0.0,164.77291666666667,-851.7805555555556,0.0,-1000.0,47.181250000000006,823.6284722222222,1000.0,0.0,69.32986111111111,47.19444444444444,108.20972222222223,T11,0.7000000000000001,14.3,6.472916666666666,1.3313194444444445,0.5,14.0,6.647916666666666,1.1638888888888888,17.0,25.0,20.569444444444443,1008.0,1010.0,1008.875,28.0,69.0,47.22222222222222,0.0,0.0,0.0,0.0,126.38888888888889,129.79166666666666,408.8263888888889,,0
2017-05-08 00:00:00+00:00,1758.0,171.0,1487.4097222222222,73.55000000000001,60.854166666666664,72.20138888888889,72.90277777777777,72.63194444444444,33.84027777777778,53.90277777777778,61.875,31.04861111111111,15.5,1.7000000000000002,13.179861111111112,36.3,0.4,7.444444444444445,1.245138888888889,0.14861111111111105,112.10694444444444,22.86111111111111,-135.48611111111111,123833.90277777778,17812572.0,-88.17361111111111,-3324242,64.54861111111111,71.32638888888889,65.97916666666667,40.68055555555556,43.291666666666664,31.76388888888889,44.24305555555556,34.18055555555556,24.930555555555557,-3.2,57.5,-0.8708333333333333,0.6625000000000001,91.65277777777777,40.958333333333336,42.076388888888886,41.888888888888886,39.36805555555556,742.1881944444444,0.9645833333333333,50.0,399.0486111111111,396.7451388888889,398.6,632.1361111111112,651.3006944444445,620.8055555555555,2104.6,-48.5,41.24305555555556,0.6513888888888889,7.3270833333333325,162.4298611111111,-138.5013888888889,193.6,-293.0,5.934722222222223,743.7986111111111,2000.0,0.0,163.04166666666666,-913.3638888888888,0.0,-1000.0,31.845833333333335,897.8395833333333,1000.0,0.0,42.267361111111114,48.854166666666664,111.95694444444445,T11,1.5,14.2,7.022222222222222,1.3205555555555555,1.2,14.1,6.778472222222223,1.0943055555555556,18.0,27.0,21.90972222222222,1005.0,1009.0,1007.1319444444445,16.0,43.0,30.02777777777778,0.0,0.0,0.0,0.0,137.38194444444446,132.47222222222223,407.06944444444446,,0
2017-05-09 00:00:00+00:00,1677.2,0.0,854.6500000000001,46.64930555555556,43.541666666666664,55.833333333333336,56.479166666666664,55.958333333333336,32.44444444444444,48.729166666666664,51.27777777777778,28.77777777777778,14.9,0.0,7.561111111111111,22.4,0.4,5.236805555555556,0.9166666666666666,17.983333333333334,201.85763888888889,20.555555555555557,-260.06944444444446,36961.256944444445,5284972.0,-101.35416666666667,-1428915,49.229166666666664,54.27777777777778,49.958333333333336,38.13194444444444,39.291666666666664,30.006944444444443,41.916666666666664,28.145833333333332,22.868055555555557,-3.3,90.0,29.65625,1.71875,68.99305555555556,37.645833333333336,38.71527777777778,38.63194444444444,37.513888888888886,220.16180555555556,0.8770833333333333,49.99861111111111,398.9840277777778,396.9263888888889,397.2131944444444,201.34444444444443,215.57222222222222,202.8861111111111,1474.8,-49.0,36.979166666666664,0.40625,5.237500000000001,55.25555555555556,-59.49513888888888,855.9,-913.0,29.44097222222222,296.09027777777777,1680.5,0.0,86.95555555555556,-523.1930555555556,0.0,-1000.0,39.355555555555554,523.1909722222222,1000.0,0.0,39.385416666666664,37.375,181.36180555555555,T11,0.3,10.7,4.782608695652174,0.5171014492753623,0.0,10.8,4.703623188405797,0.514927536231884,17.0,21.0,18.804347826086957,1002.0,1005.0,1003.5217391304348,21.0,89.0,64.7536231884058,0.0,0.0,0.0,0.0,92.39855072463769,90.78260869565217,403.5,,0
2017-05-10 00:00:00+00:00,1786.8,1199.1,1534.4027777777778,54.49791666666667,61.09722222222222,76.92361111111111,77.47222222222223,76.91666666666667,33.083333333333336,52.833333333333336,61.59722222222222,27.79861111111111,15.7,10.7,13.59513888888889,41.2,0.4,8.011805555555556,1.6756944444444446,-2.2493055555555554,211.825,19.07638888888889,0.0,165473.75694444444,23828221.0,0.0,-3846286,61.291666666666664,69.94444444444444,63.81944444444444,41.875,41.77777777777778,28.92361111111111,43.361111111111114,32.13194444444444,20.833333333333332,-3.3,14.5,-1.2729166666666667,0.8562500000000001,94.59027777777777,42.38194444444444,43.486111111111114,43.270833333333336,39.86805555555556,992.8284722222221,0.9305555555555556,50.00069444444445,398.6138888888889,396.02430555555554,397.125,845.0354166666667,876.7159722222223,851.4256944444445,2106.0,-50.1,41.30555555555556,0.4819444444444445,8.100694444444445,245.50416666666666,-160.27291666666667,635.4,-940.7,34.454166666666666,991.8395833333333,2000.0,0.0,244.61180555555555,-904.7354166666667,0.0,-1000.0,87.81319444444445,852.4652777777778,1000.0,0.0,129.49930555555557,51.375,214.07222222222222,T11,1.0,18.2,8.199305555555556,1.3879166666666667,0.8,18.4,8.277083333333334,1.4697222222222224,16.0,20.0,17.97222222222222,997.0,1004.0,999.2222222222222,78.0,94.0,88.92361111111111,0.0,4.0,0.0763888888888889,0.0,160.97916666666666,162.52777777777777,399.18055555555554,,0
2017-05-11 00:00:00+00:00,1784.6,1209.4,1589.9888888888888,56.765972222222224,67.09722222222223,82.70833333333333,83.13194444444444,82.57638888888889,34.104166666666664,53.46527777777778,63.138888888888886,28.51388888888889,15.7,10.7,14.08125,37.4,0.5,8.695833333333333,1.7194444444444443,-0.4131944444444445,232.29652777777775,18.930555555555557,0.0,194156.93055555556,27958598.0,0.0,-4000818,64.70138888888889,74.74305555555556,68.98611111111111,42.361111111111114,42.6875,28.92361111111111,43.88194444444444,33.50694444444444,20.8125,-3.2,16.9,-1.4166666666666667,0.75,96.58333333333333,43.048611111111114,44.1875,43.895833333333336,40.111111111111114,1164.9,0.9965277777777778,49.99930555555555,399.0680555555556,396.5368055555556,397.71527777777777,971.3513888888889,1004.8770833333333,979.2416666666666,2105.6,39.6,42.020833333333336,0.49444444444444446,8.787500000000001,241.13750000000002,-166.6986111111111,-78.6,-220.5,5.0625,1163.945138888889,2000.0,37.9,240.59305555555557,-958.1638888888889,-185.5,-1000.0,56.22638888888889,895.870138888889,1000.0,185.5,99.79444444444444,52.90277777777778,232.70624999999998,T11,2.7,18.4,8.518055555555556,1.5072222222222222,2.9,18.4,8.599305555555555,1.5356944444444443,15.0,20.0,17.88888888888889,997.0,1001.0,998.625,65.0,96.0,82.4375,0.0,18.0,0.2916666666666667,0.0,167.29861111111111,168.95138888888889,398.52777777777777,,0
2017-05-12 00:00:00+00:00,1779.2,1217.0,1552.2875,56.87916666666667,64.21527777777777,78.11111111111111,78.59722222222223,78.17361111111111,33.083333333333336,53.75,62.548611111111114,28.59027777777778,15.7,10.8,13.747222222222222,39.1,0.5,8.229861111111111,1.5618055555555557,-0.6361111111111113,229.6618055555556,19.118055555555557,0.0,171325.98611111112,24670942.0,0.0,-3609015,64.125,73.3125,67.34027777777777,41.888888888888886,42.541666666666664,29.54861111111111,44.0,32.173611111111114,21.36111111111111,-3.2,9.7,-1.4548611111111112,0.6854166666666667,95.77083333333333,42.416666666666664,43.5625,43.354166666666664,39.90972222222222,1027.875,0.9868055555555555,50.00069444444445,399.2409722222222,396.5138888888889,397.9319444444444,858.0097222222222,891.5451388888889,861.8875,2105.9,2.3,41.895833333333336,0.5,8.284027777777778,224.32986111111111,-150.37986111111113,213.4,-440.2,6.615972222222222,1026.93125,2000.0,1.1,223.89930555555554,-946.4173611111112,-5.4,-1000.0,62.43958333333333,893.7583333333333,1000.0,5.4,92.90277777777777,48.6875,230.30069444444447,T11,2.9,15.6,7.964583333333334,1.197152777777778,2.6,16.2,8.072222222222223,1.21875,16.0,20.0,18.069444444444443,1000.0,1009.0,1004.0555555555555,68.0,95.0,83.47222222222223,0.0,19.0,0.18055555555555555,0.0,156.27777777777777,158.22916666666666,403.9583333333333,,0
2017-05-13 00:00:00+00:00,1633.4,0.0,1058.826388888889,65.3111111111111,48.11805555555556,53.55555555555556,54.583333333333336,54.1875,30.9375,47.520833333333336,52.020833333333336,27.09027777777778,14.5,0.0,9.35625,39.5,0.4,4.365972222222222,0.8131944444444446,0.24722222222222234,249.98402777777775,19.645833333333332,-307.5138888888889,24127.5625,3430086.0,-197.38888888888889,-1396409,46.36805555555556,51.38194444444444,47.125,38.09027777777778,38.923611111111114,30.458333333333332,40.833333333333336,26.77777777777778,23.65972222222222,-3.1,89.7,4.5680555555555555,1.61875,77.35416666666667,37.576388888888886,38.6875,38.72222222222222,37.291666666666664,142.89652777777778,0.7652777777777778,50.0,399.08680555555554,396.4222222222222,396.43958333333336,149.4138888888889,168.34444444444443,153.22291666666666,1046.7,-50.1,37.041666666666664,0.6034722222222223,4.43125,52.78888888888889,-58.173611111111114,612.2,-929.8,50.41388888888889,147.575,1055.7,0.0,53.57083333333333,-515.9263888888888,0.0,-1000.0,121.16319444444444,515.9263888888888,1000.0,0.0,121.16319444444444,36.208333333333336,249.73611111111111,T11,0.0,8.9,4.133333333333334,0.2847222222222222,0.0,9.0,4.167361111111111,0.29833333333333334,16.0,22.0,18.375,1009.0,1015.0,1011.1944444444445,56.0,95.0,79.20833333333333,0.0,0.0,0.0,0.0,79.42361111111111,79.98611111111111,411.15972222222223,,0
2017-05-14 00:00:00+00:00,1629.7,0.0,526.3805555555556,54.78819444444444,38.61805555555556,41.55555555555556,42.02777777777778,41.854166666666664,31.833333333333332,42.53472222222222,44.048611111111114,28.5625,14.4,0.0,4.433333333333334,31.7,0.4,3.0965277777777778,0.7006944444444445,2.4194444444444443,282.55833333333334,21.11111111111111,-566.2430555555555,14195.013888888889,1962544.0,-258.4861111111111,-787329,44.81944444444444,49.208333333333336,44.701388888888886,34.69444444444444,36.9375,30.51388888888889,38.541666666666664,26.208333333333332,24.34722222222222,-3.2,89.7,15.703472222222224,1.1902777777777778,52.24305555555556,33.88194444444444,35.020833333333336,35.15972222222222,33.97222222222222,81.77708333333334,0.8972222222222224,50.0,399.4944444444444,397.1625,396.56319444444443,79.86805555555556,88.13958333333333,80.60555555555555,1020.1,-47.5,33.38194444444444,0.5159722222222222,3.147222222222222,33.769444444444446,-32.80694444444444,360.5,-821.8,9.21736111111111,87.94097222222223,1056.7,0.0,34.138194444444444,-252.1763888888889,0.0,-1000.0,49.693749999999994,252.1763888888889,1000.0,0.0,49.693749999999994,32.46527777777778,307.6534722222222,T11,0.0,10.0,3.2256944444444446,0.32756944444444447,0.0,9.7,3.1805555555555554,0.3334722222222222,15.0,25.0,19.631944444444443,1014.0,1017.0,1015.4027777777778,42.0,91.0,72.30555555555556,0.0,1.0,0.006944444444444444,0.0,61.3125,60.263888888888886,415.38194444444446,,0
2017-05-15 00:00:00+00:00,1811.5,143.7,1497.4229166666667,55.97361111111111,66.38888888888889,80.21527777777777,80.5,80.21527777777777,38.34027777777778,53.97222222222222,62.395833333333336,31.375,16.0,0.0,13.266666666666667,36.8,0.4,8.334722222222222,1.4909722222222221,1.9402777777777775,99.82083333333334,22.77777777777778,-41.701388888888886,167023.4375,24045370.0,-40.13194444444444,-3892204,67.88888888888889,75.82638888888889,69.38888888888889,42.479166666666664,44.361111111111114,32.15972222222222,45.80555555555556,35.958333333333336,25.256944444444443,-3.4,57.3,0.5923611111111111,1.1652777777777779,95.64583333333333,42.826388888888886,43.951388888888886,43.75,40.52777777777778,1001.9784722222222,0.9361111111111112,49.99930555555555,398.5826388888889,396.36041666666665,398.4486111111111,858.9284722222222,873.7805555555556,846.0534722222222,2106.2,-50.0,44.041666666666664,0.49236111111111114,8.318055555555555,168.6986111111111,-162.21666666666667,602.0,-904.8,23.73263888888889,1001.1944444444445,2000.0,0.0,168.30902777777777,-837.3208333333333,0.0,-1000.0,63.331250000000004,780.4597222222222,1000.0,0.0,77.24583333333334,52.15277777777778,92.87847222222223,T11,1.9,23.8,10.059722222222222,2.6172222222222223,2.2,20.9,9.868055555555555,1.1859722222222222,18.0,26.0,21.79861111111111,1014.0,1016.0,1015.0486111111111,30.0,70.0,47.25,0.0,0.0,0.0,0.0,198.29166666666666,194.30555555555554,414.99305555555554,,0
2017-05-16 00:00:00+00:00,1827.8,1206.9,1576.5986111111113,51.80416666666667,68.50694444444444,89.88888888888889,89.875,89.6875,41.03472222222222,55.34722222222222,64.4375,32.65277777777778,16.1,10.7,13.970833333333333,39.7,0.7000000000000001,9.621527777777779,1.8527777777777779,-0.005555555555555597,99.43333333333334,22.895833333333332,0.0,207540.41666666666,29885820.0,0.0,-4525914,74.10416666666667,83.97222222222223,77.09722222222223,44.3125,46.09722222222222,32.11805555555556,47.34027777777778,38.18055555555556,25.319444444444443,-3.2,18.4,0.9902777777777777,1.6548611111111111,103.66666666666667,44.798611111111114,45.88194444444444,45.53472222222222,41.798611111111114,1245.1958333333334,0.96875,50.0,398.9625,396.7868055555556,399.64652777777775,1059.2472222222223,1069.3284722222222,1035.9291666666666,2111.7,-11.8,46.19444444444444,0.4548611111111111,9.543055555555556,169.7611111111111,-188.57777777777778,0.7000000000000001,-226.7,4.24375,1243.3451388888889,2000.0,0.0,168.89583333333334,-847.338888888889,0.0,-1000.0,77.86250000000001,756.9145833333333,1000.0,0.0,91.49236111111111,54.861111111111114,99.43263888888889,T11,2.6,24.4,12.740972222222222,3.314513888888889,3.5,21.6,12.023611111111112,1.625486111111111,20.0,25.0,22.04861111111111,1011.0,1015.0,1012.9236111111111,35.0,52.0,43.40277777777778,0.0,0.0,0.0,0.0,251.88888888888889,237.54166666666666,412.8611111111111,,0
2017-05-17 00:00:00+00:00,1786.1,1212.6,1566.8381944444445,48.894444444444446,67.61805555555556,84.34722222222223,84.6875,84.38194444444444,36.854166666666664,53.02777777777778,62.90277777777778,33.333333333333336,15.7,10.8,13.879861111111111,38.4,0.7000000000000001,8.479861111111111,1.5798611111111112,-0.7138888888888889,96.09305555555555,22.88888888888889,-1.6458333333333333,182445.78472222222,26271956.0,-1.1111111111111112,-4308811,67.65277777777777,76.70833333333333,71.18055555555556,42.951388888888886,44.895833333333336,31.604166666666668,45.34027777777778,36.125,24.52777777777778,-3.3,10.0,-1.3854166666666667,0.7569444444444444,97.69444444444444,43.44444444444444,44.5625,44.28472222222222,40.94444444444444,1094.5673611111113,0.9819444444444445,50.00208333333333,398.9215277777778,396.7361111111111,398.9375,927.3312500000001,944.6958333333334,913.3284722222221,2104.9,-41.7,43.13194444444444,0.4340277777777778,8.479166666666666,231.6763888888889,-179.5326388888889,17.5,-220.4,4.682638888888889,1093.7465277777778,2000.0,0.0,231.2611111111111,-940.6243055555556,0.0,-1000.0,64.50833333333334,883.8083333333333,1000.0,0.0,106.90138888888889,58.90972222222222,96.8111111111111,T11,3.0,18.8,10.931249999999999,2.4099305555555555,3.3,17.0,10.449305555555556,0.9644444444444444,20.0,25.0,21.805555555555557,1008.0,1013.0,1009.4444444444445,32.0,52.0,43.361111111111114,0.0,0.0,0.0,0.0,215.63194444444446,206.0,409.4236111111111,,0
2017-05-18 00:00:00+00:00,1719.2,0.0,1199.2861111111113,71.98263888888889,56.020833333333336,60.80555555555556,61.61805555555556,61.31944444444444,32.34027777777778,50.36805555555556,56.09722222222222,28.92361111111111,15.2,0.0,10.579166666666667,40.7,0.4,5.690972222222222,1.1340277777777779,-2.6694444444444443,247.3673611111111,21.180555555555557,-301.875,69879.57638888889,10019186.0,-218.20833333333334,-2475554,55.298611111111114,61.15972222222222,56.416666666666664,39.048611111111114,40.645833333333336,31.25,42.048611111111114,29.53472222222222,24.430555555555557,-3.3,89.7,2.8069444444444445,1.0875,81.71527777777777,38.77777777777778,39.9375,39.875,37.986111111111114,417.51250000000005,0.9041666666666668,50.00208333333333,398.9270833333333,396.4506944444445,396.9770833333333,360.33958333333334,383.54999999999995,362.5520833333333,2101.8,-50.0,38.666666666666664,0.6416666666666667,5.734027777777778,123.27430555555556,-103.10277777777777,598.8,-754.5,15.627083333333335,420.40416666666664,2000.0,0.0,123.52222222222223,-755.3881944444444,0.0,-1000.0,69.70486111111111,749.9819444444444,1000.0,0.0,78.48680555555556,43.94444444444444,247.54097222222222,T11,0.5,13.2,5.890972222222222,0.5649305555555555,0.3,13.8,5.870833333333334,0.5500694444444445,16.0,23.0,19.97222222222222,1007.0,1010.0,1008.5833333333334,33.0,72.0,51.138888888888886,0.0,0.0,0.0,0.0,114.48611111111111,114.20833333333333,408.56944444444446,,0
2017-05-19 00:00:00+00:00,1641.0,0.0,939.5020833333333,101.65069444444445,45.28472222222222,51.36805555555556,52.27777777777778,51.916666666666664,33.65277777777778,46.77777777777778,50.548611111111114,28.82638888888889,14.5,0.0,8.207638888888889,23.1,0.4,3.927777777777778,0.8611111111111112,-1.3291666666666666,181.125,21.881944444444443,-449.2013888888889,16437.041666666668,2302251.0,-321.4236111111111,-1306533,47.59027777777778,52.15277777777778,47.56944444444444,37.55555555555556,39.541666666666664,31.416666666666668,40.97222222222222,28.458333333333332,25.02777777777778,-2.5,89.7,7.095138888888889,2.976388888888889,71.55555555555556,36.84027777777778,37.94444444444444,38.013888888888886,36.854166666666664,95.93680555555555,0.75,50.00138888888889,398.62152777777777,396.4270833333333,396.7131944444444,110.87777777777778,122.3326388888889,109.27291666666666,726.6,-50.4,37.048611111111114,0.9472222222222223,3.9243055555555557,48.63333333333333,-54.427083333333336,983.9,-1000.1,44.795833333333334,103.51249999999999,750.9,0.0,51.08958333333333,-394.47847222222225,0.0,-1000.0,149.27083333333334,394.47847222222225,1000.0,0.0,149.27083333333334,36.958333333333336,154.95902777777778,T11,0.4,10.7,4.586111111111111,0.6120138888888889,0.3,9.7,4.415972222222222,0.5373611111111111,15.0,26.0,20.51388888888889,1009.0,1011.0,1009.8680555555555,20.0,76.0,47.291666666666664,0.0,0.0,0.0,0.0,88.49305555555556,85.05555555555556,409.80555555555554,,0
2017-05-20 00:00:00+00:00,1837.4,1228.2,1634.9944444444445,43.412499999999994,74.81944444444444,97.80555555555556,97.38194444444444,97.17361111111111,43.21527777777778,56.50694444444444,66.17361111111111,31.0,16.2,10.9,14.48611111111111,38.4,0.7000000000000001,10.858333333333333,2.2506944444444446,-0.40625000000000006,96.11319444444445,21.48611111111111,0.0,258006.0625,37152873.0,0.0,-4852390,77.16666666666667,88.54166666666667,80.54166666666667,45.1875,45.951388888888886,31.46527777777778,47.68055555555556,39.611111111111114,24.76388888888889,-3.0,17.6,2.276388888888889,2.538888888888889,107.5625,46.02777777777778,47.19444444444444,46.75,42.104166666666664,1548.0902777777778,0.9965277777777778,50.0,399.5229166666667,397.22291666666666,400.1298611111111,1303.5965277777777,1319.5006944444444,1284.5270833333334,2114.2,204.7,47.729166666666664,0.3736111111111111,10.788194444444445,157.64722222222224,-202.1847222222222,-107.7,-225.1,2.8756944444444446,1544.5520833333333,2000.0,201.2,156.64583333333334,-788.2291666666666,-583.3,-1000.0,91.9673611111111,659.5944444444444,1000.0,406.1,95.35277777777777,60.9375,96.50902777777777,T11,3.8,25.7,13.678472222222222,4.771597222222223,5.1,23.6,13.420833333333333,1.957986111111111,17.0,24.0,20.166666666666668,1007.0,1011.0,1008.9513888888889,46.0,81.0,64.1875,0.0,0.0,0.0,0.0,270.6458333333333,265.7083333333333,408.90277777777777,,0
2017-05-21 00:00:00+00:00,1896.1,1297.0,1673.4083333333333,37.37083333333333,81.41666666666667,114.24305555555556,113.65972222222223,113.31944444444444,50.201388888888886,54.93055555555556,66.65277777777777,33.958333333333336,16.6,11.5,14.829166666666667,41.5,0.7000000000000001,13.395833333333334,2.91875,-2.272222222222222,109.94375,22.65972222222222,0.0,313257.24305555556,45109043.0,0.0,-5116192,87.27777777777777,102.97222222222223,93.71527777777777,47.548611111111114,49.701388888888886,32.875,51.1875,45.361111111111114,26.256944444444443,-2.6,23.2,6.479166666666667,3.2819444444444446,118.32638888888889,48.451388888888886,49.63194444444444,48.99305555555556,43.59722222222222,1879.6055555555556,1.0,49.99861111111111,400.47847222222225,397.59166666666664,400.39374999999995,1568.8874999999998,1598.8208333333334,1561.0736111111112,2116.3,262.9,52.201388888888886,0.3138888888888889,13.100694444444445,127.3409722222222,-213.175,-162.7,-227.1,2.60625,1875.9326388888887,2000.0,239.9,125.94930555555555,-679.098611111111,-583.3,-1000.0,94.6263888888889,505.8638888888888,1000.0,406.1,98.40902777777778,60.8125,112.21666666666667,T11,3.8,30.8,14.996527777777779,4.325972222222223,3.7,29.0,14.663194444444445,3.8205555555555555,19.0,25.0,21.78472222222222,1004.0,1008.0,1006.0763888888889,31.0,68.0,48.25694444444444,0.0,0.0,0.0,0.0,297.1388888888889,290.3958333333333,406.02777777777777,,0
2017-05-22 00:00:00+00:00,1808.2,0.0,883.7923611111112,119.38472222222224,44.90277777777778,56.65972222222222,57.263888888888886,57.09722222222222,37.56944444444444,48.43055555555556,51.90972222222222,31.069444444444443,15.9,0.0,7.661111111111111,27.5,0.4,4.439583333333333,0.9263888888888889,-4.986111111111111,160.64583333333334,22.45138888888889,-611.375,41168.833333333336,5840274.0,-472.40277777777777,-1377218,53.38194444444444,59.69444444444444,55.3125,38.59722222222222,41.43055555555556,33.645833333333336,42.361111111111114,29.930555555555557,26.979166666666668,-3.1,89.7,9.23263888888889,2.8625,70.02083333333333,38.02777777777778,39.18055555555556,39.22222222222222,37.96527777777778,243.33194444444447,0.8069444444444445,50.0,398.99027777777775,396.92499999999995,397.0201388888889,226.33472222222224,239.15625,227.05624999999998,2109.1,-50.0,38.52777777777778,1.104861111111111,4.377083333333333,56.97083333333333,-57.33819444444445,786.7,-995.5,40.47638888888889,252.72500000000002,2000.0,0.0,59.235416666666666,-390.8701388888889,0.0,-1000.0,95.49444444444445,379.5152777777778,1000.0,0.0,97.04305555555555,45.076388888888886,165.62847222222223,T11,0.3,16.5,3.800694444444444,0.7946527777777779,0.0,16.5,3.790972222222222,0.7553472222222222,18.0,25.0,20.979166666666668,1006.0,1009.0,1007.6527777777778,45.0,74.0,64.44444444444444,0.0,0.0,0.0,0.0,72.71527777777777,72.48611111111111,407.5486111111111,,0
2017-05-23 00:00:00+00:00,1832.6,1229.2,1616.8972222222224,40.49930555555555,64.86111111111111,91.57638888888889,91.55555555555556,91.22916666666667,41.1875,54.68055555555556,64.79166666666667,31.71527777777778,16.2,10.9,14.323611111111111,37.7,0.5,10.061805555555557,1.8722222222222225,-1.1875,93.12777777777778,22.40277777777778,0.0,226546.55555555556,32622704.0,0.0,-4388722,73.83333333333333,84.02083333333333,76.71527777777777,44.43055555555556,45.75694444444444,32.354166666666664,47.270833333333336,38.5,25.333333333333332,-3.3,18.0,1.0041666666666667,1.6715277777777777,103.71527777777777,45.145833333333336,46.22222222222222,45.86805555555556,41.798611111111114,1359.365277777778,0.9979166666666666,49.99930555555555,399.02708333333334,396.89930555555554,399.1013888888889,1142.7243055555555,1162.0152777777778,1132.240277777778,2109.8,86.1,46.375,0.3493055555555556,9.948611111111111,159.80555555555554,-182.86666666666667,-47.3,-222.5,3.5659722222222223,1357.038888888889,2000.0,85.4,158.74374999999998,-850.4319444444444,-418.3,-1000.0,72.48888888888888,755.8479166666667,1000.0,406.1,85.95208333333333,62.736111111111114,94.30625,T11,3.0,25.9,11.582638888888889,3.450625,3.7,23.8,11.870138888888889,1.534513888888889,19.0,24.0,21.17361111111111,1005.0,1008.0,1006.1111111111111,40.0,72.0,56.229166666666664,0.0,0.0,0.0,0.0,228.70833333333334,234.43055555555554,406.0763888888889,,0
2017-05-24 00:00:00+00:00,1856.4,1196.8,1654.1631944444443,39.668055555555554,72.89583333333333,105.5,105.08333333333333,104.86111111111111,48.90277777777778,55.736111111111114,66.60416666666667,33.3125,16.3,10.6,14.649999999999999,39.9,0.6000000000000001,11.100694444444445,2.3680555555555554,0.5402777777777776,103.0875,22.618055555555557,0.0,277417.8125,39948165.0,0.0,-4983741,78.03472222222223,91.03472222222223,83.125,46.770833333333336,47.84027777777778,32.763888888888886,48.645833333333336,42.81944444444444,25.86111111111111,-2.6,19.7,1.8416666666666666,2.301388888888889,110.69444444444444,47.61805555555556,48.74305555555556,48.22222222222222,43.50694444444444,1664.44375,0.9972222222222222,50.0,399.7652777777778,397.3861111111111,400.3659722222222,1398.9458333333334,1417.829861111111,1380.5333333333333,2111.4,55.6,48.638888888888886,0.3416666666666667,10.965972222222222,237.33124999999998,-207.65277777777777,-157.6,-222.5,3.23125,1660.5118055555556,2000.0,41.2,234.72083333333336,-799.7652777777778,-201.8,-1000.0,124.63680555555555,650.5520833333334,1000.0,201.8,154.56805555555556,65.05555555555556,102.55347222222223,T11,4.3,24.7,12.60763888888889,3.8070833333333334,5.0,21.9,12.747916666666667,2.033263888888889,19.0,25.0,21.40972222222222,1004.0,1008.0,1006.1666666666666,43.0,73.0,55.40277777777778,0.0,0.0,0.0,0.0,249.25,252.06944444444446,406.11805555555554,,0
2017-05-25 00:00:00+00:00,1790.8,0.0,1330.2243055555555,87.96180555555556,62.71527777777778,74.02777777777777,74.59027777777777,74.31944444444444,38.604166666666664,53.451388888888886,60.354166666666664,31.84027777777778,15.8,0.0,11.73125,40.5,0.4,7.072916666666667,1.3923611111111112,0.3833333333333333,129.93402777777777,23.40277777777778,-366.13194444444446,121871.94444444444,17496834.0,-278.9791666666667,-3197912,62.75,70.59722222222223,65.75,41.3125,43.75694444444444,32.923611111111114,44.22222222222222,34.791666666666664,26.1875,-5.0,89.7,2.5034722222222223,1.5729166666666667,90.09027777777777,41.361111111111114,42.44444444444444,42.298611111111114,39.854166666666664,728.9784722222222,0.9263888888888889,49.99930555555555,398.4923611111111,396.5805555555555,397.59166666666664,623.5868055555555,640.598611111111,619.5472222222222,2108.4,-52.4,41.31944444444444,0.7972222222222223,6.986111111111111,189.52569444444444,-133.2513888888889,340.0,-785.2,11.568055555555555,732.4506944444444,2000.0,0.0,189.27916666666667,-775.7277777777778,0.0,-1000.0,79.68541666666667,740.79375,1000.0,0.0,98.99166666666666,49.166666666666664,129.55069444444445,T11,0.8,17.1,7.028472222222223,1.7822222222222222,0.6000000000000001,16.5,6.850694444444445,1.5827777777777776,19.0,27.0,22.29861111111111,1003.0,1007.0,1005.4444444444445,31.0,73.0,53.84722222222222,0.0,0.0,0.0,0.0,137.42361111111111,133.77777777777777,405.375,,0
2017-05-26 00:00:00+00:00,1617.3,0.0,486.41416666666663,108.22749999999999,34.18333333333333,40.541666666666664,40.75,40.75,33.391666666666666,42.516666666666666,43.75,28.441666666666666,14.3,0.0,4.09,18.4,0.4,2.9908333333333332,0.5841666666666667,-0.7283333333333334,194.30833333333334,20.816666666666666,-933.35,4216.641666666666,393997.0,-617.375,-290450,45.175,49.7,45.5,34.916666666666664,36.18333333333333,30.591666666666665,37.35,25.783333333333335,24.5,-2.4,90.0,18.44,3.4066666666666667,44.75833333333333,34.03333333333333,35.225,35.325,34.416666666666664,16.2375,0.7883333333333334,50.001666666666665,398.45,396.9458333333333,395.7058333333333,33.61666666666667,37.765,36.575833333333335,631.0,-50.2,32.858333333333334,1.0075,2.9866666666666664,16.81083333333333,-13.946666666666665,664.9,-776.7,25.805833333333332,31.639166666666664,638.2,0.0,21.038333333333334,-99.80416666666666,0.0,-1000.0,59.685833333333335,99.80416666666666,1000.0,0.0,59.685833333333335,32.725,195.0425,T11,0.0,8.9,3.495138888888889,0.256875,0.0,8.5,3.34375,0.29208333333333336,17.0,23.0,19.979166666666668,1005.0,1007.0,1006.0416666666666,65.0,96.0,81.89583333333333,0.0,0.0,0.0,0.0,66.63888888888889,63.638888888888886,405.9791666666667,,0
2017-05-27 00:00:00+00:00,1716.2,0.0,736.9027777777778,75.67222222222222,41.583333333333336,46.22222222222222,46.65277777777778,46.486111111111114,33.55555555555556,44.34027777777778,47.3125,29.3125,15.2,0.0,6.300694444444444,27.3,0.4,4.123611111111111,0.8784722222222222,1.901388888888889,132.44722222222222,22.625,-429.75,38042.041666666664,5416168.0,-397.3958333333333,-1431022,49.791666666666664,54.548611111111114,49.708333333333336,36.09027777777778,37.84027777777778,32.166666666666664,39.270833333333336,28.34722222222222,26.333333333333332,-3.4,89.7,12.008333333333333,1.2180555555555557,56.013888888888886,35.46527777777778,36.61805555555556,36.666666666666664,35.229166666666664,225.72500000000002,0.8131944444444446,50.0,398.59791666666666,396.69444444444446,395.7638888888889,196.34791666666666,211.73472222222222,202.21180555555554,2071.6,-50.1,34.479166666666664,0.7055555555555556,4.081250000000001,86.65277777777777,-59.643055555555556,545.9,-903.2,8.649305555555555,231.20000000000002,2000.0,0.0,87.82916666666667,-413.0236111111111,0.0,-1000.0,61.31666666666667,410.15277777777777,1000.0,0.0,65.2798611111111,35.43055555555556,130.55416666666667,T11,0.2,14.4,4.093055555555555,0.8891666666666667,0.0,14.0,3.9444444444444446,0.7945138888888889,17.0,27.0,21.305555555555557,1005.0,1008.0,1006.5347222222222,44.0,98.0,76.15972222222223,0.0,0.0,0.0,0.0,78.53472222222223,75.65277777777777,406.49305555555554,,0
2017-05-28 00:00:00+00:00,1680.0,0.0,1074.6090277777778,78.82569444444444,48.145833333333336,54.05555555555556,55.0625,54.71527777777778,33.15277777777778,48.68055555555556,53.173611111111114,28.868055555555557,14.9,0.0,9.435416666666667,39.3,0.4,4.737500000000001,0.9333333333333333,-2.8895833333333334,207.54375,21.479166666666668,-366.5833333333333,36732.88888888889,5236746.0,-358.56944444444446,-1740522,49.229166666666664,54.3125,49.958333333333336,37.958333333333336,40.22222222222222,31.770833333333332,41.986111111111114,28.63888888888889,25.145833333333332,-3.2,89.7,4.6875,1.6687500000000002,76.70138888888889,37.486111111111114,38.63194444444444,38.65972222222222,37.25,218.18819444444443,0.8263888888888888,49.99930555555555,398.94930555555555,396.41875000000005,395.96527777777777,191.3013888888889,217.42916666666667,203.11041666666668,1142.2,-52.2,38.104166666666664,0.7527777777777778,4.784027777777777,69.08055555555556,-72.53194444444445,517.3,-742.4,18.163888888888888,223.87291666666667,1162.2,0.0,70.12986111111111,-612.036111111111,0.0,-1000.0,119.09583333333333,612.036111111111,1000.0,0.0,119.09583333333333,37.77777777777778,210.42430555555555,T11,0.8,10.7,4.668749999999999,0.4965277777777778,0.6000000000000001,10.0,4.621527777777778,0.5225694444444444,18.0,23.0,20.25,1008.0,1011.0,1009.2916666666666,48.0,92.0,75.22916666666667,0.0,0.0,0.0,0.0,90.15972222222223,89.23611111111111,409.22222222222223,,0
2017-05-29 00:00:00+00:00,1648.2,0.0,1055.8333333333333,73.31458333333333,42.270833333333336,54.06944444444444,55.22222222222222,54.729166666666664,32.083333333333336,47.458333333333336,52.00694444444444,28.1875,14.6,0.0,9.32638888888889,35.6,0.4,4.4430555555555555,0.8694444444444445,-2.317361111111111,243.7409722222222,20.743055555555557,-326.1736111111111,26352.833333333332,3747838.0,-340.1875,-1425594,47.15277777777778,51.9375,47.77777777777778,38.166666666666664,39.55555555555556,31.256944444444443,41.31944444444444,27.555555555555557,24.63888888888889,-3.0,66.6,4.615972222222222,1.595138888888889,76.48611111111111,37.59722222222222,38.71527777777778,38.75,37.423611111111114,156.14583333333334,0.7548611111111111,50.00138888888889,398.92291666666665,396.6875,396.4298611111111,155.12013888888887,172.88402777777776,161.54513888888889,940.7,-50.8,37.56944444444444,0.65625,4.517361111111111,61.59791666666667,-59.381249999999994,543.3,-773.1,41.052083333333336,162.4361111111111,991.0,0.0,62.65972222222222,-542.3125,0.0,-1000.0,123.6888888888889,542.3125,1000.0,0.0,123.6888888888889,36.75,246.0597222222222,T11,1.2,10.3,4.477777777777778,0.3222916666666667,1.0,10.4,4.526388888888889,0.3422222222222222,17.0,22.0,19.506944444444443,1009.0,1011.0,1009.5972222222222,55.0,96.0,81.57638888888889,0.0,3.0,0.034722222222222224,0.0,86.28472222222223,87.25,409.59027777777777,,0
2017-05-30 00:00:00+00:00,1644.8,0.0,856.8229166666666,77.14791666666666,41.24305555555556,50.666666666666664,51.46527777777778,51.208333333333336,32.1875,46.583333333333336,49.90972222222222,28.819444444444443,14.6,0.0,7.468055555555556,25.1,0.4,3.933333333333333,0.78125,2.915972222222222,245.33541666666667,21.71527777777778,-574.2638888888889,19875.54861111111,2779385.0,-655.1736111111111,-1152011,46.99305555555556,51.729166666666664,47.729166666666664,37.47222222222222,39.38194444444444,32.06944444444444,41.138888888888886,27.930555555555557,25.63888888888889,-3.1,89.7,9.234027777777778,1.8326388888888892,70.22222222222223,36.861111111111114,37.979166666666664,38.048611111111114,36.9375,115.80208333333333,0.7111111111111111,49.99861111111111,398.61805555555554,396.7472222222222,396.58958333333334,122.61874999999999,134.17708333333334,126.25972222222224,1014.5,-49.9,37.13194444444444,0.7395833333333334,3.9930555555555554,44.24444444444444,-47.984027777777776,582.4,-980.8,36.674305555555556,123.67916666666666,1038.4,0.0,45.77152777777778,-395.82222222222225,0.0,-1000.0,91.4076388888889,395.82222222222225,1000.0,0.0,91.4076388888889,36.020833333333336,254.92152777777775,T11,0.0,10.0,3.9625000000000004,0.2639583333333333,0.0,10.1,3.997916666666667,0.2740972222222222,18.0,24.0,20.506944444444443,1006.0,1010.0,1007.7361111111111,59.0,97.0,80.375,0.0,0.0,0.0,0.0,76.01388888888889,76.70138888888889,407.6736111111111,,0
2017-05-31 00:00:00+00:00,1816.3,0.0,1520.3555555555556,53.55416666666667,66.02083333333333,82.17361111111111,82.45138888888889,82.14583333333333,38.548611111111114,53.548611111111114,62.708333333333336,31.40277777777778,15.8,0.0,13.466666666666667,38.8,0.5,8.468055555555557,1.5104166666666667,-2.1993055555555556,95.97777777777777,22.868055555555557,-55.048611111111114,174227.43055555556,25080822.0,-80.23611111111111,-3936526,66.27083333333333,74.75694444444444,68.77777777777777,43.041666666666664,44.25,31.95138888888889,45.44444444444444,36.74305555555556,25.20138888888889,-3.1,89.7,0.9159722222222223,1.5,95.77777777777777,43.354166666666664,44.513888888888886,44.208333333333336,40.979166666666664,1044.9875000000002,0.963888888888889,50.0,398.68125,396.5340277777778,398.32916666666665,884.0520833333334,901.6868055555556,878.6444444444445,2106.0,-50.0,43.576388888888886,0.4708333333333333,8.338194444444445,197.79513888888889,-164.01041666666666,519.4,-801.3,6.738888888888889,1046.7743055555557,2000.0,0.0,196.49791666666667,-881.0548611111111,0.0,-1000.0,92.54930555555556,809.0784722222222,1000.0,0.0,118.12013888888889,53.708333333333336,98.18333333333334,T11,1.4,20.0,9.609027777777778,2.408333333333333,1.4,17.5,9.414583333333333,1.0825694444444443,18.0,25.0,21.819444444444443,1006.0,1009.0,1007.8263888888889,48.0,85.0,63.229166666666664,0.0,0.0,0.0,0.0,189.07638888888889,185.36111111111111,407.7916666666667,,0
2017-06-01 00:00:00+00:00,1764.3,38.2,1543.8493055555555,81.0923611111111,66.03472222222223,79.60416666666667,80.02777777777777,79.73611111111111,36.645833333333336,53.375,62.75,32.27777777777778,15.6,0.0,13.665972222222223,40.4,0.4,8.138194444444444,1.5548611111111112,-1.1701388888888888,94.31180555555555,24.118055555555557,-115.02083333333333,163557.40277777778,23535702.0,-83.79166666666667,-4235607,68.9375,76.97222222222223,71.49305555555556,42.770833333333336,44.21527777777778,33.15972222222222,44.916666666666664,36.354166666666664,26.34027777777778,-3.3,85.9,-1.1965277777777779,1.1263888888888889,94.68055555555556,43.145833333333336,44.298611111111114,44.0,41.00694444444444,980.6652777777776,0.96875,49.99930555555555,398.5541666666667,396.4625,398.37708333333336,835.4513888888889,850.8222222222222,826.8395833333333,2104.6,-50.1,42.354166666666664,0.7131944444444445,8.088194444444445,243.3076388888889,-176.48194444444445,12.9,-216.4,7.638888888888889,981.8909722222221,2000.0,0.0,243.24583333333334,-934.1347222222222,0.0,-1000.0,55.886805555555554,893.4520833333333,1000.0,0.0,94.45625000000001,58.22222222222222,95.49236111111111,T11,1.7000000000000002,17.7,9.412500000000001,2.8372916666666668,1.5,15.4,9.807638888888889,1.1965972222222223,20.0,27.0,23.07638888888889,1007.0,1009.0,1007.9305555555555,52.0,76.0,62.43055555555556,0.0,0.0,0.0,0.0,185.19444444444446,193.21527777777777,407.8958333333333,,0
2017-06-02 00:00:00+00:00,1820.0,5.6,1385.1979166666667,93.77222222222223,64.9375,75.01388888888889,75.52083333333333,75.29861111111111,37.451388888888886,53.125,60.875,32.451388888888886,15.9,0.0,12.259027777777778,45.9,0.4,7.080555555555556,1.3611111111111112,-1.5854166666666667,93.01944444444445,25.166666666666668,-360.13194444444446,123205.6875,17689760.0,-295.5138888888889,-3375681,66.52083333333333,73.82638888888889,68.59722222222223,41.729166666666664,43.701388888888886,34.28472222222222,44.34722222222222,36.0625,27.65277777777778,-3.3,89.7,1.6395833333333332,1.8291666666666666,90.06944444444444,41.861111111111114,42.958333333333336,42.833333333333336,40.38194444444444,737.0402777777778,0.9020833333333333,49.99861111111111,398.84722222222223,396.78541666666666,398.1479166666667,639.286111111111,654.26875,635.5611111111111,2103.3,-50.0,41.388888888888886,0.8347222222222223,7.015277777777778,177.3409722222222,-140.64305555555555,594.9,-998.1,25.275,741.3229166666666,2000.0,0.0,177.72916666666666,-800.0916666666667,0.0,-1000.0,61.91319444444444,767.9388888888889,1000.0,0.0,80.98611111111111,56.21527777777778,94.61180555555556,T11,0.9,16.6,7.439583333333333,2.070069444444444,0.8,15.6,8.258333333333333,0.7748611111111111,21.0,28.0,24.055555555555557,1006.0,1009.0,1007.3888888888889,45.0,72.0,57.56944444444444,0.0,0.0,0.0,0.0,145.69444444444446,162.15972222222223,407.3263888888889,,0
2017-06-03 00:00:00+00:00,1607.2,0.0,771.7340277777778,117.4388888888889,48.375,50.88194444444444,51.59722222222222,51.38194444444444,36.49305555555556,47.486111111111114,50.00694444444444,30.57638888888889,14.2,0.0,6.7243055555555555,20.0,0.4,3.5159722222222225,0.7791666666666667,-6.895138888888889,236.2784722222222,23.381944444444443,-649.3472222222222,14608.368055555555,2010095.0,-727.6319444444445,-985421,49.076388888888886,53.71527777777778,49.354166666666664,37.729166666666664,40.451388888888886,33.798611111111114,41.798611111111114,29.875,27.61111111111111,-2.9,86.1,10.343055555555557,3.257638888888889,65.47916666666667,37.041666666666664,38.13194444444444,38.24305555555556,37.375,83.77638888888889,0.7048611111111112,50.0,399.19097222222223,396.99305555555554,396.94166666666666,93.94513888888889,104.99583333333334,96.44791666666667,785.9,-52.2,37.78472222222222,1.0534722222222221,3.5652777777777778,40.87152777777778,-41.06458333333333,708.9,-791.9,37.60138888888889,93.1263888888889,794.7,0.0,42.30277777777778,-322.4951388888889,0.0,-1000.0,108.36458333333333,322.4951388888889,1000.0,0.0,108.36458333333333,38.6875,208.17569444444445,T11,0.0,9.5,3.582638888888889,0.33979166666666666,0.0,9.4,3.560416666666667,0.36423611111111115,19.0,25.0,21.92361111111111,1007.0,1010.0,1008.4583333333334,53.0,96.0,72.59722222222223,0.0,0.0,0.0,0.0,68.39583333333333,68.08333333333333,408.36805555555554,,0
2017-06-04 00:00:00+00:00,1692.4,0.0,806.8298611111111,70.39166666666667,44.951388888888886,49.263888888888886,49.8125,49.68055555555556,33.5625,47.125,49.63194444444444,29.09722222222222,15.0,0.0,7.001388888888889,42.4,0.4,4.093055555555555,0.9076388888888888,1.134722222222222,260.88680555555555,21.493055555555557,-507.8333333333333,35191.78472222222,4994492.0,-491.09722222222223,-1481728,49.548611111111114,54.326388888888886,49.736111111111114,36.861111111111114,39.125,31.67361111111111,40.486111111111114,27.84027777777778,25.3125,-3.3,89.7,10.277083333333334,1.34375,63.333333333333336,36.354166666666664,37.5,37.5625,36.22222222222222,208.0909722222222,0.8111111111111112,50.0,399.02777777777777,396.66805555555555,396.8097222222222,189.39930555555554,200.8791666666667,188.96249999999998,1825.1,-51.9,36.611111111111114,0.6222222222222222,4.11875,81.97638888888889,-61.74027777777778,684.6,-933.0,16.952083333333334,214.9486111111111,1883.5,0.0,82.07916666666667,-426.26458333333335,0.0,-1000.0,87.54305555555555,426.0701388888889,1000.0,0.0,88.25416666666666,38.9375,269.75,T11,0.0,12.8,4.491666666666666,0.45944444444444443,0.0,12.8,4.515277777777778,0.48201388888888885,17.0,22.0,20.166666666666668,1007.0,1010.0,1008.9652777777778,48.0,91.0,69.07638888888889,0.0,0.0,0.0,0.0,86.72916666666667,87.20138888888889,408.90972222222223,,0
2017-06-05 00:00:00+00:00,1619.2,0.0,986.7930555555556,77.29513888888889,48.09027777777778,53.958333333333336,55.0625,54.63194444444444,33.47222222222222,47.826388888888886,52.104166666666664,28.833333333333332,14.3,0.0,8.659027777777778,36.2,0.4,4.222916666666666,0.8555555555555556,-4.409027777777777,259.0798611111111,21.895833333333332,-393.24305555555554,23874.79861111111,3381347.0,-458.4861111111111,-1507563,47.97222222222222,52.69444444444444,48.208333333333336,38.27777777777778,40.47222222222222,32.083333333333336,42.201388888888886,28.96527777777778,25.618055555555557,-3.0,76.4,5.634722222222222,1.7055555555555555,76.77777777777777,37.576388888888886,38.729166666666664,38.763888888888886,37.576388888888886,140.8763888888889,0.7472222222222222,50.00138888888889,398.9861111111111,396.4972222222222,396.6326388888889,140.1173611111111,155.8326388888889,141.95416666666668,864.2,-51.1,38.326388888888886,0.6888888888888889,4.271527777777778,56.98819444444444,-62.81666666666667,643.8,-999.6,32.043055555555554,146.62291666666667,882.5,0.0,57.56597222222222,-527.1833333333333,0.0,-1000.0,133.5298611111111,527.1833333333333,1000.0,0.0,133.5298611111111,38.3125,268.4861111111111,T11,0.3,9.5,4.283333333333333,0.3902777777777778,0.0,9.5,4.309722222222223,0.4052777777777778,18.0,24.0,20.5,1008.0,1011.0,1009.6458333333334,55.0,86.0,68.28472222222223,0.0,0.0,0.0,0.0,82.40972222222223,82.86805555555556,409.625,,0
2017-06-06 00:00:00+00:00,1683.0,0.0,894.6465277777778,80.98888888888888,46.94444444444444,52.97222222222222,53.763888888888886,53.451388888888886,34.4375,48.736111111111114,51.75694444444444,30.166666666666668,14.9,0.0,7.861111111111111,25.6,0.4,4.079166666666667,0.8354166666666667,-0.15763888888888866,277.3520833333333,23.01388888888889,-402.84722222222223,27790.381944444445,3943803.0,-462.3888888888889,-1394257,49.395833333333336,54.0625,49.645833333333336,37.97222222222222,40.21527777777778,32.6875,41.513888888888886,29.833333333333332,26.631944444444443,-3.1,86.1,8.378472222222221,2.1305555555555555,69.80555555555556,37.388888888888886,38.52777777777778,38.55555555555556,37.36805555555556,164.34444444444443,0.75,50.00069444444445,399.15555555555557,396.8152777777778,397.1430555555555,156.13055555555556,170.41319444444446,157.97847222222222,1600.0,-50.1,37.541666666666664,0.7229166666666667,4.166666666666667,58.64444444444444,-58.09791666666667,549.9,-757.9,25.84097222222222,172.91319444444446,1623.8,0.0,59.568749999999994,-460.4784722222222,0.0,-1000.0,89.82777777777778,460.4111111111111,1000.0,0.0,90.13958333333333,39.625,282.5027777777778,T11,0.0,10.4,4.316666666666666,0.3504861111111111,0.0,10.6,4.288194444444445,0.36506944444444445,17.0,26.0,21.729166666666668,1007.0,1010.0,1008.0416666666666,44.0,82.0,62.18055555555556,0.0,0.0,0.0,0.0,83.14583333333333,82.625,407.97222222222223,,0
2017-06-07 00:00:00+00:00,1807.2,0.0,1065.9173611111112,59.19027777777777,56.708333333333336,68.74305555555556,68.90972222222223,68.76388888888889,39.53472222222222,50.56944444444444,56.53472222222222,32.854166666666664,15.9,0.0,9.410416666666666,40.3,0.4,6.309027777777778,1.2618055555555556,6.581944444444444,141.3861111111111,25.0625,-383.5208333333333,114128.42361111111,16379263.0,-464.9861111111111,-2669337,61.59722222222222,68.27777777777777,62.576388888888886,41.479166666666664,43.5,33.986111111111114,44.59027777777778,35.63194444444444,27.833333333333332,-3.2,63.8,7.844444444444444,1.4375,78.46527777777777,41.354166666666664,42.52777777777778,42.38194444444444,40.22222222222222,682.4770833333333,0.8069444444444445,50.0,399.3305555555555,397.1194444444444,398.37708333333336,590.4402777777777,599.1708333333333,581.39375,2105.5,-49.3,41.90972222222222,0.5277777777777778,6.220138888888889,148.95972222222224,-111.23680555555556,502.0,-555.0,17.11388888888889,687.6152777777778,2000.0,0.0,149.79722222222222,-521.0027777777777,0.0,-1000.0,78.73124999999999,468.12222222222226,1000.0,0.0,100.04305555555555,50.138888888888886,107.29861111111111,T11,0.0,21.4,8.26875,1.9023611111111112,0.0,19.2,7.965972222222222,0.9020833333333333,19.0,29.0,23.98611111111111,1005.0,1009.0,1007.0833333333334,37.0,82.0,55.50694444444444,0.0,0.0,0.0,0.0,162.36805555555554,156.20833333333334,407.03472222222223,,0
2017-06-08 00:00:00+00:00,1815.5,1212.8,1584.2006944444445,58.93819444444445,71.77083333333333,90.78472222222223,90.92361111111111,90.8125,44.34027777777778,55.236111111111114,64.90277777777777,34.138888888888886,15.9,10.8,14.035416666666666,37.9,0.6000000000000001,9.184027777777779,1.9548611111111112,0.8374999999999999,109.4361111111111,25.256944444444443,0.0,202431.58333333334,29150148.0,0.0,-4617349,70.95833333333333,80.52083333333333,74.53472222222223,44.6875,46.826388888888886,34.326388888888886,47.53472222222222,40.71527777777778,27.805555555555557,-3.1,14.9,-0.5138888888888888,1.5194444444444446,101.97916666666667,45.298611111111114,46.451388888888886,46.09722222222222,42.50694444444444,1214.6520833333334,0.9777777777777779,50.0,399.3513888888889,396.9326388888889,399.56597222222223,1029.5347222222222,1045.1590277777777,1013.2590277777776,2109.2,-0.2,45.9375,0.5125,9.02986111111111,271.7888888888889,-192.39097222222222,-0.2,-228.3,4.050694444444444,1211.8791666666666,2000.0,0.0,269.8284722222222,-897.8027777777778,0.0,-1000.0,103.43333333333334,816.1979166666666,1000.0,0.0,141.8513888888889,63.43055555555556,108.60138888888889,T11,3.0,21.3,11.56111111111111,2.9752083333333332,2.6,19.5,11.013194444444444,1.9409722222222223,22.0,28.0,24.291666666666668,1004.0,1007.0,1004.8958333333334,43.0,64.0,52.90277777777778,0.0,0.0,0.0,0.0,228.33333333333334,217.32638888888889,404.84722222222223,,0
2017-06-09 00:00:00+00:00,1740.7,0.0,720.0798611111111,84.89791666666666,45.520833333333336,53.229166666666664,53.875,53.729166666666664,37.88194444444444,48.11805555555556,50.486111111111114,32.416666666666664,15.4,0.0,6.290972222222222,20.8,0.4,3.5152777777777775,0.6944444444444444,-0.14305555555555527,185.88958333333332,25.430555555555557,-786.9791666666666,21857.534722222223,3034163.0,-937.375,-875682,52.8125,58.125,53.576388888888886,38.625,41.84027777777778,34.958333333333336,42.625,32.13194444444444,28.96527777777778,-3.2,89.7,12.077777777777778,2.5027777777777778,66.5625,38.05555555555556,39.145833333333336,39.24305555555556,38.40277777777778,126.38194444444444,0.6402777777777778,50.00069444444445,399.3513888888889,397.24652777777777,396.9236111111111,138.61111111111111,148.38055555555556,141.33472222222224,2102.8,-51.7,38.548611111111114,0.7597222222222223,3.5131944444444443,33.671527777777776,-36.39513888888889,724.1,-905.1,49.35347222222222,135.60902777777778,2000.0,0.0,34.29027777777778,-228.59166666666664,0.0,-1000.0,90.22916666666667,222.14444444444445,1000.0,0.0,91.84444444444445,40.791666666666664,193.54444444444445,T11,0.0,15.4,3.716666666666667,0.4857638888888889,0.0,13.7,3.8618055555555557,0.3518055555555556,19.0,28.0,24.020833333333332,1006.0,1009.0,1007.2361111111111,31.0,77.0,56.18055555555556,0.0,0.0,0.0,0.0,71.00694444444444,73.875,407.19444444444446,,0
2017-06-10 00:00:00+00:00,1746.0,0.0,1247.8395833333334,67.53125,54.90277777777778,65.79166666666667,66.35416666666667,66.09027777777777,36.49305555555556,51.46527777777778,57.958333333333336,32.229166666666664,15.4,0.0,11.009722222222223,48.3,0.4,6.347916666666666,1.1840277777777777,7.256944444444445,100.95972222222223,24.75,-211.47222222222223,98287.64583333333,14122969.0,-262.27777777777777,-3140037,58.1875,64.00694444444444,58.895833333333336,40.50694444444444,42.71527777777778,33.80555555555556,43.61805555555556,34.02777777777778,27.48611111111111,-3.3,45.1,2.8916666666666666,0.7208333333333333,80.47222222222223,40.576388888888886,41.68055555555556,41.611111111111114,39.513888888888886,588.536111111111,0.8694444444444445,50.0,398.8881944444445,396.5541666666667,397.88125,511.8791666666667,526.6090277777778,505.8166666666667,2102.3,-50.1,40.31944444444444,0.6041666666666666,6.329861111111111,144.59375,-130.87569444444443,606.0,-947.3,16.39236111111111,591.4868055555556,2000.0,0.0,144.87708333333333,-762.0868055555555,0.0,-1000.0,50.05555555555556,746.0833333333334,1000.0,0.0,66.73194444444444,47.49305555555556,106.20555555555556,T11,0.9,17.0,7.226388888888888,1.8409722222222225,0.7000000000000001,15.2,7.958333333333333,0.5829861111111111,20.0,27.0,23.395833333333332,1006.0,1008.0,1007.2638888888889,44.0,79.0,61.763888888888886,0.0,0.0,0.0,0.0,141.40972222222223,156.01388888888889,407.2083333333333,,0
2017-06-11 00:00:00+00:00,1793.9,1227.9,1630.0569444444445,39.736805555555556,72.72916666666667,94.85416666666667,94.8125,94.68055555555556,43.09027777777778,55.71527777777778,65.97916666666667,34.18055555555556,15.8,10.9,14.4375,37.7,0.5,9.536805555555555,1.7104166666666667,0.030555555555555607,90.525,25.38888888888889,0.0,227898.38194444444,32817367.0,0.0,-4695976,73.78472222222223,84.0625,77.53472222222223,45.979166666666664,47.354166666666664,34.125,48.208333333333336,42.013888888888886,27.45138888888889,-3.3,11.9,-0.8013888888888889,1.0020833333333334,104.375,46.63194444444444,47.736111111111114,47.3125,43.479166666666664,1367.3173611111113,0.9958333333333333,50.0,399.2756944444444,396.7611111111111,399.3020833333333,1151.9555555555555,1171.802777777778,1140.2798611111111,2104.9,72.5,47.111111111111114,0.3493055555555556,9.453472222222222,207.0076388888889,-195.66041666666666,-124.3,-226.7,3.6180555555555554,1365.6784722222224,2000.0,63.0,206.09166666666667,-908.3125,-308.5,-1000.0,74.44305555555555,804.6652777777778,1000.0,308.5,106.89930555555556,60.611111111111114,90.48750000000001,T11,2.4,18.4,10.153472222222222,3.0147916666666665,2.8,19.2,11.537500000000001,1.1506944444444445,20.0,29.0,24.319444444444443,1005.0,1008.0,1006.2708333333334,24.0,81.0,52.548611111111114,0.0,0.0,0.0,0.0,200.00694444444446,227.73611111111111,406.25694444444446,,0
2017-06-12 00:00:00+00:00,1807.2,1173.5,1610.3562499999998,53.46944444444444,70.14583333333333,89.69444444444444,89.84027777777777,89.51388888888889,40.44444444444444,53.18055555555556,64.29861111111111,35.15277777777778,15.9,10.4,14.256944444444445,38.1,0.4,9.220833333333333,1.817361111111111,-0.9340277777777778,108.86527777777778,26.65972222222222,-8.083333333333334,207029.46527777778,29811077.0,-7.541666666666667,-4231452,71.23611111111111,80.55555555555556,74.83333333333333,45.361111111111114,46.59722222222222,34.395833333333336,47.00694444444444,41.326388888888886,28.67361111111111,-3.3,15.4,-1.0604166666666668,0.9520833333333333,100.45833333333333,45.979166666666664,47.083333333333336,46.77777777777778,43.201388888888886,1242.1520833333334,0.9861111111111112,50.0,399.33124999999995,397.0597222222222,399.34722222222223,1047.5833333333333,1065.9729166666666,1038.0263888888887,2107.8,-51.9,45.104166666666664,0.46875,9.021527777777777,250.73611111111111,-176.3138888888889,597.0,-221.5,7.635416666666667,1241.1131944444444,2000.0,0.0,249.89305555555555,-935.5736111111112,0.0,-1000.0,75.59166666666667,855.59375,1000.0,0.0,119.39583333333333,55.3125,109.79791666666667,T11,0.9,20.2,10.24861111111111,2.7002777777777776,0.9,18.7,9.959027777777777,1.5282638888888889,22.0,29.0,25.67361111111111,1002.0,1007.0,1004.5277777777778,24.0,61.0,39.895833333333336,0.0,0.0,0.0,0.0,202.09722222222223,196.27083333333334,404.49305555555554,,0
2017-06-13 00:00:00+00:00,1811.9,0.0,1278.788888888889,79.21666666666667,62.84722222222222,79.29166666666667,79.72916666666667,79.61805555555556,43.30555555555556,52.90972222222222,59.673611111111114,34.02777777777778,15.9,0.0,11.261805555555556,31.1,0.4,7.159027777777778,1.4520833333333334,-0.1930555555555556,155.98402777777778,25.645833333333332,-452.97222222222223,128229.04861111111,18399756.0,-449.5486111111111,-2941029,69.40277777777777,77.75,72.3125,42.52777777777778,45.65277777777778,34.763888888888886,46.09722222222222,37.611111111111114,29.07638888888889,-3.1,89.7,4.487500000000001,2.0923611111111113,92.24305555555556,42.53472222222222,43.63194444444444,43.49305555555556,41.013888888888886,766.6076388888889,0.8763888888888889,49.99930555555555,399.5284722222222,397.37083333333334,398.71875,655.6444444444445,670.9083333333333,651.7555555555556,2108.0,-50.4,43.55555555555556,0.7506944444444446,7.029861111111111,131.40138888888887,-122.53680555555555,527.6,-554.0,14.484722222222224,770.8895833333333,2000.0,0.0,130.69236111111113,-621.83125,0.0,-1000.0,116.26458333333332,570.0805555555556,1000.0,0.0,119.3951388888889,52.36805555555556,156.17361111111111,T11,0.8,17.0,6.188888888888889,1.9103472222222224,0.4,17.0,6.105555555555556,1.8814583333333335,20.0,30.0,24.354166666666668,1002.0,1006.0,1003.6736111111111,35.0,87.0,58.625,0.0,0.0,0.0,0.0,120.72916666666667,118.95138888888889,403.625,,0
2017-06-14 00:00:00+00:00,1524.5,0.0,619.0173611111111,52.04097222222222,40.31944444444444,45.208333333333336,45.791666666666664,45.625,36.25694444444444,44.53472222222222,46.166666666666664,31.26388888888889,13.5,0.0,5.309722222222223,37.0,0.4,3.2131944444444445,0.6805555555555556,9.478472222222223,231.73472222222225,24.125,-598.5694444444445,10367.805555555555,1406769.0,-585.7013888888889,-880495,49.111111111111114,53.59027777777778,49.145833333333336,36.875,39.645833333333336,34.65972222222222,40.93055555555556,29.40277777777778,28.958333333333332,-2.9,89.7,13.486805555555556,1.3819444444444444,57.833333333333336,36.06944444444444,37.208333333333336,37.354166666666664,36.5,58.63263888888889,0.7479166666666667,50.00069444444445,399.03263888888887,397.0965277777778,396.7868055555556,68.15347222222222,78.11250000000001,70.75277777777778,650.4,-50.3,36.63194444444444,0.5027777777777778,3.2513888888888887,28.600694444444443,-36.65347222222223,819.7,-997.4,23.330555555555556,65.42638888888888,656.0,0.0,29.332638888888887,-268.74027777777775,0.0,-1000.0,91.15555555555555,268.74027777777775,1000.0,0.0,91.15555555555555,35.083333333333336,232.26458333333332,T11,0.1,8.9,3.3743055555555554,0.2825,0.0,9.1,3.3368055555555554,0.2956944444444444,19.0,27.0,22.395833333333332,1005.0,1008.0,1006.4236111111111,53.0,96.0,79.04861111111111,0.0,0.0,0.0,0.0,64.05555555555556,63.47222222222222,406.375,,0
2017-06-15 00:00:00+00:00,1531.5,0.0,462.12222222222226,59.375,38.611111111111114,42.576388888888886,42.93055555555556,42.88194444444444,36.90972222222222,44.93055555555556,45.770833333333336,32.5625,13.6,0.0,3.8229166666666665,19.9,0.4,2.9305555555555554,0.6159722222222223,11.377777777777778,251.14791666666667,25.854166666666668,-764.6666666666666,5262.472222222223,647686.0,-837.6458333333334,-539874,49.145833333333336,53.28472222222222,48.78472222222222,37.1875,39.75,35.861111111111114,40.56944444444444,30.631944444444443,30.145833333333332,-2.4,89.7,17.449305555555554,1.3562500000000002,51.361111111111114,36.3125,37.40277777777778,37.59027777777778,37.00694444444444,26.98611111111111,0.70625,49.99861111111111,398.59791666666666,396.80069444444445,396.12916666666666,37.389583333333334,43.97361111111111,39.83680555555556,616.2,-50.1,36.0625,0.6215277777777778,2.9520833333333334,18.389583333333334,-22.504166666666666,471.6,-514.3,11.78263888888889,36.03958333333333,625.9,0.0,20.877083333333335,-144.89305555555555,0.0,-1000.0,62.93472222222223,144.89305555555555,1000.0,0.0,62.93472222222223,35.50694444444444,247.27083333333334,T11,0.0,8.9,3.3291666666666666,0.2913888888888889,0.1,9.2,3.33125,0.2833333333333333,19.0,30.0,24.36111111111111,1006.0,1008.0,1007.3819444444445,41.0,93.0,72.84722222222223,0.0,0.0,0.0,0.0,63.333333333333336,63.31944444444444,407.34027777777777,,0
2017-06-16 00:00:00+00:00,1808.6,0.0,1192.0131944444445,58.606944444444444,65.41666666666667,77.68055555555556,77.9375,77.66666666666667,43.3125,53.923611111111114,61.1875,36.55555555555556,15.9,0.0,10.499305555555557,30.5,0.4,8.952083333333333,1.8520833333333333,3.466666666666667,112.08958333333334,29.5625,-627.8611111111111,136285.42361111112,19534689.0,-562.8055555555555,-3213430,69.26388888888889,76.625,70.82638888888889,45.24305555555556,47.208333333333336,37.21527777777778,47.97222222222222,41.861111111111114,31.333333333333332,-3.0,89.7,17.65347222222222,1.5958333333333334,87.38194444444444,45.27777777777778,46.40972222222222,46.25,44.0625,814.0270833333333,0.8916666666666667,50.00069444444445,399.26250000000005,396.91875000000005,398.6361111111111,699.1180555555555,714.7381944444445,695.9229166666667,2109.9,-48.4,45.38194444444444,0.49583333333333335,8.802777777777777,179.03055555555557,-133.87291666666667,584.1,-953.0,17.568055555555553,1159.209027777778,2000.0,0.0,238.2277777777778,-667.9527777777778,0.0,-1000.0,75.59722222222223,614.9708333333333,1000.0,0.0,94.84444444444445,55.375,108.61875,T11,1.0,21.6,10.272916666666667,2.5825694444444443,1.4,19.5,10.040277777777778,1.6708333333333334,23.0,34.0,28.555555555555557,1006.0,1009.0,1007.9583333333334,18.0,61.0,39.8125,0.0,0.0,0.0,0.0,202.52083333333334,197.80555555555554,407.90277777777777,,0
2017-06-17 00:00:00+00:00,1794.3,227.0,1573.4673611111111,60.512499999999996,75.96527777777777,94.09027777777777,94.33333333333333,94.10416666666667,46.9375,55.09027777777778,65.27083333333333,38.11805555555556,15.8,2.0,13.936805555555557,37.8,0.5,9.020833333333334,1.822222222222222,-0.23402777777777795,111.55486111111111,29.6875,-29.52777777777778,195547.43055555556,28154578.0,-21.86111111111111,-4538994,72.81944444444444,82.14583333333333,76.42361111111111,47.673611111111114,50.263888888888886,37.1875,50.90972222222222,45.076388888888886,31.444444444444443,-3.3,45.5,-0.6833333333333333,1.2381944444444446,104.42361111111111,48.145833333333336,49.31944444444444,48.958333333333336,45.854166666666664,1173.1618055555555,0.963888888888889,50.0,399.1618055555556,396.6930555555556,398.93680555555557,993.342361111111,1013.2506944444444,983.6729166666667,2106.8,-50.2,49.333333333333336,0.5277777777777778,8.749305555555557,254.68819444444443,-189.1263888888889,10.7,-251.5,7.715972222222222,1171.5972222222222,2000.0,0.0,253.07291666666666,-883.379861111111,0.0,-1000.0,108.99513888888889,797.9277777777778,1000.0,0.0,140.47430555555556,66.4375,111.79513888888889,T11,2.3,19.1,10.324305555555556,2.7755555555555556,1.8,17.9,10.247222222222222,1.614513888888889,25.0,33.0,28.77777777777778,1004.0,1010.0,1006.4722222222222,25.0,46.0,35.43055555555556,0.0,0.0,0.0,0.0,203.45833333333334,201.93055555555554,406.4236111111111,,0
2017-06-18 00:00:00+00:00,1789.7,48.3,1570.6416666666667,64.85069444444444,72.84027777777777,90.58333333333333,90.92361111111111,90.64583333333333,45.263888888888886,54.59722222222222,64.76388888888889,37.28472222222222,15.7,0.0,13.903472222222222,38.7,0.5,8.841666666666667,1.6916666666666667,1.3166666666666667,101.1263888888889,29.15972222222222,-82.59027777777777,187591.69444444444,27001311.0,-60.354166666666664,-4291064,72.15972222222223,81.20138888888889,75.65277777777777,46.708333333333336,49.13194444444444,36.96527777777778,49.486111111111114,43.50694444444444,31.15972222222222,-3.2,84.6,-0.7034722222222223,1.292361111111111,101.79166666666667,47.145833333333336,48.25,47.9375,44.94444444444444,1125.0472222222222,0.9791666666666666,49.99930555555555,399.31944444444446,396.83680555555554,398.94097222222223,950.3583333333333,971.1819444444445,942.9638888888888,2106.7,-50.1,47.416666666666664,0.575,8.6125,233.18402777777777,-178.78541666666666,15.9,-221.5,5.981944444444444,1124.6881944444444,2000.0,0.0,232.29375000000002,-909.5090277777778,0.0,-1000.0,73.05763888888889,842.175,1000.0,0.0,104.50486111111111,63.4375,99.81180555555555,T11,1.7000000000000002,17.4,9.344444444444443,2.473125,1.7000000000000002,15.6,9.877083333333333,1.0901388888888888,24.0,33.0,27.958333333333332,1003.0,1006.0,1004.1597222222222,31.0,68.0,48.61805555555556,0.0,0.0,0.0,0.0,183.88888888888889,194.63888888888889,404.09027777777777,,0
2017-06-19 00:00:00+00:00,1805.2,1194.7,1597.2354166666667,45.81597222222222,74.45833333333333,96.16666666666667,96.23611111111111,95.96527777777777,44.34027777777778,55.3125,65.59722222222223,36.826388888888886,16.0,10.6,14.150694444444445,37.7,0.6000000000000001,9.516666666666667,1.7930555555555554,-1.6631944444444444,106.36458333333333,27.756944444444443,0.0,213840.15972222222,30792983.0,0.0,-4416769,76.00694444444444,86.125,80.04166666666667,47.59722222222222,49.30555555555556,35.666666666666664,49.861111111111114,43.65277777777778,29.97222222222222,-3.2,14.7,-0.17361111111111113,1.4131944444444444,106.13194444444444,48.11805555555556,49.22222222222222,48.84722222222222,45.34027777777778,1283.076388888889,0.9819444444444445,50.00069444444445,398.96875,396.76458333333335,398.7104166666667,1080.304861111111,1100.5159722222222,1075.53125,2109.8,-0.9,48.56944444444444,0.3993055555555556,9.273611111111112,206.21319444444444,-184.03611111111113,-0.4,-234.6,4.754166666666666,1280.3874999999998,2000.0,0.0,204.99374999999998,-878.5041666666667,0.0,-1000.0,95.51736111111111,783.3187499999999,1000.0,0.0,118.52083333333333,62.895833333333336,108.03541666666666,T11,0.5,22.9,10.845833333333333,3.1134027777777775,0.3,20.8,10.428472222222222,1.8439583333333336,24.0,30.0,26.645833333333332,1005.0,1007.0,1005.7916666666666,44.0,66.0,53.104166666666664,0.0,0.0,0.0,0.0,213.97222222222223,205.65277777777777,405.7638888888889,,0
2017-06-20 00:00:00+00:00,1833.8,162.9,1558.9430555555555,59.63680555555556,68.41666666666667,90.05555555555556,90.22222222222223,89.90972222222223,43.43055555555556,54.75,64.34722222222223,36.083333333333336,16.0,0.0,13.81111111111111,38.3,0.4,9.053472222222222,1.8298611111111112,-0.88125,104.54166666666667,27.243055555555557,-29.97222222222222,189919.13888888888,27344040.0,-22.63888888888889,-4295419,74.57638888888889,84.02777777777777,78.29861111111111,46.05555555555556,47.81944444444444,35.13194444444444,48.38194444444444,41.13194444444444,29.59722222222222,-3.3,56.0,0.0944444444444444,1.53125,102.39583333333333,46.458333333333336,47.61805555555556,47.263888888888886,43.94444444444444,1139.3458333333333,0.9624999999999999,49.99930555555555,398.89930555555554,396.7340277777778,398.65486111111113,964.5756944444444,982.0840277777778,958.1944444444445,2109.4,-50.0,46.416666666666664,0.5201388888888889,8.863888888888889,209.04027777777776,-178.97569444444446,15.7,-244.0,7.515277777777778,1137.9881944444444,2000.0,0.0,208.02083333333334,-857.7840277777777,0.0,-1000.0,106.96944444444445,780.0548611111111,1000.0,0.0,128.54166666666666,60.52777777777778,105.42152777777778,T11,1.4,25.5,10.518055555555556,3.1117361111111115,1.3,23.0,10.508333333333333,1.3605555555555555,23.0,30.0,25.96527777777778,1005.0,1008.0,1006.9236111111111,44.0,77.0,60.833333333333336,0.0,0.0,0.0,0.0,207.35416666666666,207.19444444444446,406.8611111111111,,0
2017-06-21 00:00:00+00:00,1771.1,0.0,1126.1756944444444,113.19791666666667,49.44444444444444,62.81944444444444,63.638888888888886,63.423611111111114,39.541666666666664,50.38194444444444,55.333333333333336,32.09722222222222,15.6,0.0,9.955555555555556,35.7,0.4,4.915277777777778,1.0416666666666667,1.617361111111111,205.31458333333333,25.29861111111111,-462.3333333333333,45954.243055555555,6550833.0,-476.28472222222223,-1635241,55.229166666666664,61.201388888888886,56.88194444444444,39.388888888888886,42.916666666666664,35.69444444444444,43.90277777777778,33.611111111111114,30.09722222222222,-3.2,89.7,4.407638888888889,3.3763888888888887,81.69444444444444,38.97222222222222,40.11805555555556,40.125,38.673611111111114,272.87708333333336,0.7562500000000001,50.0,399.4138888888889,397.4111111111111,397.8152777777778,251.60902777777775,265.36041666666665,253.38472222222222,2102.1,-51.3,40.15277777777778,1.0236111111111112,4.878472222222222,81.36805555555556,-68.13749999999999,652.0,-818.5,34.75277777777777,282.1611111111111,2000.0,0.0,83.35555555555555,-484.8590277777778,0.0,-1000.0,163.44722222222222,471.71111111111105,1000.0,0.0,169.78125,44.78472222222222,203.69166666666666,T11,0.4,15.0,4.810416666666667,0.7834722222222222,0.2,14.8,4.665277777777778,0.8096527777777778,21.0,26.0,23.854166666666668,1007.0,1010.0,1008.3472222222222,49.0,85.0,73.8125,0.0,0.0,0.0,0.0,93.09722222222223,90.11111111111111,408.2986111111111,,0
2017-06-22 00:00:00+00:00,1544.7,0.0,369.77443609022555,68.51127819548873,34.473684210526315,39.53383458646616,39.82706766917293,39.81954887218045,36.59398496240601,43.18045112781955,43.50375939849624,31.60902255639098,13.7,0.0,3.13609022556391,35.8,0.4,2.6984962406015036,0.5766917293233083,7.7706766917293235,242.09022556390977,24.13533834586466,-889.015037593985,3846.8571428571427,393391.0,-983.8947368421053,-419757,47.225563909774436,51.27067669172932,47.06015037593985,35.72932330827068,38.857142857142854,33.932330827067666,39.902255639097746,28.39097744360902,28.48872180451128,-2.5,90.0,19.661654135338345,1.8330827067669173,47.03007518796993,34.83458646616541,35.97744360902256,36.16541353383459,35.578947368421055,17.73458646616541,0.7015037593984963,50.00075187969925,398.50375939849624,397.24436090225566,396.42105263157896,28.609774436090223,33.874436090225565,31.30075187969925,694.5,-51.9,35.40601503759399,0.6593984962406015,2.7060150375939847,16.074436090225564,-18.981954887218045,290.8,-412.4,8.625563909774437,29.109774436090223,703.9,0.0,18.394736842105264,-95.12255639097744,0.0,-1000.0,45.769172932330825,95.12255639097744,1000.0,0.0,45.769172932330825,33.7593984962406,272.21654135338343,T11,0.0,9.5,3.276388888888889,0.238125,0.0,9.7,3.301388888888889,0.25048611111111113,19.0,26.0,22.38888888888889,1009.0,1013.0,1010.5833333333334,65.0,96.0,80.59027777777777,0.0,0.0,0.0,0.0,62.291666666666664,62.701388888888886,410.50694444444446,,0
2017-06-23 00:00:00+00:00,1604.6,0.0,474.9375,69.92569444444445,36.666666666666664,42.298611111111114,42.770833333333336,42.69444444444444,37.86805555555556,43.90277777777778,44.77777777777778,33.541666666666664,14.2,0.0,3.964583333333333,16.6,0.4,2.9166666666666665,0.5965277777777778,21.311805555555555,255.4402777777778,26.67361111111111,-717.6666666666666,8981.243055555555,1189958.0,-647.2430555555555,-622717,49.736111111111114,53.451388888888886,49.25,37.361111111111114,40.708333333333336,35.74305555555556,41.78472222222222,30.40277777777778,30.166666666666668,-2.6,89.7,16.394444444444446,1.7902777777777779,52.513888888888886,36.458333333333336,37.611111111111114,37.75,37.173611111111114,49.59513888888889,0.7638888888888888,49.99930555555555,398.4319444444444,397.12916666666666,396.4173611111111,54.481944444444444,61.90902777777777,57.71111111111111,783.8,-50.0,37.5,0.6326388888888889,2.9229166666666666,23.327777777777776,-25.919444444444444,386.9,-424.9,12.233333333333333,57.454166666666666,800.1,0.0,24.081249999999997,-203.32291666666666,0.0,-1000.0,54.400000000000006,203.32291666666666,1000.0,0.0,54.400000000000006,35.888888888888886,304.1451388888889,T11,0.0,8.6,3.240972222222222,0.24229166666666668,0.0,8.9,3.222916666666667,0.25222222222222224,19.0,33.0,24.86111111111111,1011.0,1014.0,1012.8402777777778,19.0,97.0,68.98611111111111,0.0,1.0,0.013888888888888888,0.0,61.479166666666664,61.138888888888886,412.75,,0
2017-06-24 00:00:00+00:00,1713.7,0.0,1044.8972222222224,126.09930555555555,53.27777777777778,64.40972222222223,65.31944444444444,65.14583333333333,43.666666666666664,51.361111111111114,56.15277777777778,37.604166666666664,15.1,0.0,9.203472222222222,26.9,0.4,4.466666666666667,0.8999999999999999,-2.5881944444444445,109.97569444444444,32.99305555555556,-698.9166666666666,29741.368055555555,4182111.0,-694.1805555555555,-1596075,59.979166666666664,64.61111111111111,59.791666666666664,42.951388888888886,46.43055555555556,40.27777777777778,46.979166666666664,39.361111111111114,34.90972222222222,-3.2,89.7,7.41736111111111,4.003472222222222,80.57638888888889,42.451388888888886,43.59722222222222,43.625,42.99305555555556,174.28194444444443,0.7076388888888889,49.99930555555555,398.6715277777778,396.7388888888889,396.7555555555556,185.4486111111111,199.52916666666667,189.48194444444445,1930.2,-51.7,42.90277777777778,1.14375,4.392361111111111,72.50902777777777,-66.51180555555555,697.0,-990.6,66.35694444444444,185.21319444444444,1956.6,0.0,73.57847222222222,-442.71805555555557,0.0,-1000.0,141.46319444444444,441.6069444444445,1000.0,0.0,143.33333333333334,49.5,120.07083333333334,T11,0.5,15.9,4.840277777777778,0.8561111111111112,0.5,14.2,4.911111111111111,0.6528472222222222,26.0,38.0,32.05555555555556,1006.0,1013.0,1008.7083333333334,17.0,50.0,28.305555555555557,0.0,0.0,0.0,0.0,93.67361111111111,95.01388888888889,408.6736111111111,,0
2017-06-25 00:00:00+00:00,1718.5,0.0,1017.7006944444444,183.45902777777778,55.75694444444444,62.40972222222222,63.1875,63.00694444444444,44.388888888888886,51.90972222222222,56.40277777777778,37.46527777777778,15.2,0.0,8.945138888888888,28.1,0.4,4.706944444444444,1.0784722222222223,1.0972222222222223,161.47569444444446,31.77777777777778,-945.9791666666666,39134.5,5499145.0,-927.75,-1588811,61.77777777777778,66.65277777777777,62.013888888888886,43.75694444444444,47.31944444444444,39.708333333333336,48.263888888888886,37.958333333333336,34.18055555555556,-3.0,86.2,6.951388888888889,4.964583333333334,78.5625,43.208333333333336,44.34027777777778,44.40277777777778,43.875,229.08680555555554,0.7902777777777779,49.99930555555555,398.84375,396.84305555555557,397.14444444444445,218.6263888888889,231.76458333333332,221.39652777777778,2024.0,-52.1,44.4375,1.692361111111111,4.6625,102.00902777777777,-66.20694444444445,664.0,-999.7,42.90833333333333,244.4013888888889,2000.0,0.0,102.34930555555555,-468.45000000000005,0.0,-1000.0,157.23541666666668,465.8597222222222,1000.0,0.0,158.15555555555557,48.77777777777778,162.88680555555555,T11,0.3,12.7,4.834722222222222,1.0327083333333333,0.0,13.0,4.892361111111111,0.9046527777777779,27.0,34.0,30.604166666666668,1002.0,1008.0,1004.2430555555555,23.0,41.0,31.229166666666668,0.0,0.0,0.0,0.0,93.47916666666667,94.55555555555556,404.2083333333333,,0
2017-06-26 00:00:00+00:00,1597.6,0.0,795.4395833333333,77.12708333333335,44.21527777777778,53.229166666666664,54.00694444444444,53.77777777777778,39.979166666666664,47.979166666666664,50.47222222222222,33.576388888888886,14.1,0.0,6.978472222222222,36.1,0.4,3.5541666666666667,0.776388888888889,-1.1250000000000002,245.03819444444446,26.868055555555557,-532.25,14307.444444444445,1983626.0,-563.4444444444445,-1072603,52.875,57.40972222222222,52.875,39.0625,42.38194444444444,36.72222222222222,43.166666666666664,32.65277777777778,30.979166666666668,-3.0,89.7,9.531944444444443,2.0708333333333333,67.59027777777777,38.375,39.520833333333336,39.625,38.8125,82.67083333333333,0.7236111111111111,49.99930555555555,398.9576388888889,397.0173611111111,397.0826388888889,94.64236111111111,105.37916666666666,95.69999999999999,824.2,-50.1,38.90972222222222,0.6847222222222222,3.5708333333333337,42.900000000000006,-44.77152777777778,820.2,-962.7,38.84930555555556,89.28402777777778,849.2,0.0,42.327083333333334,-357.85347222222225,0.0,-1000.0,137.31875000000002,357.85347222222225,1000.0,0.0,137.31875000000002,40.30555555555556,251.17013888888889,T11,0.0,9.4,3.591666666666667,0.31805555555555554,0.0,9.2,3.6118055555555557,0.3255555555555556,21.0,30.0,25.0,1004.0,1006.0,1005.1805555555555,22.0,93.0,62.145833333333336,0.0,0.0,0.0,0.0,68.47916666666667,68.9375,405.1041666666667,,0
2017-06-27 00:00:00+00:00,1707.8,0.0,1358.7868055555555,99.49305555555556,48.923611111111114,64.73611111111111,65.63888888888889,65.20138888888889,35.479166666666664,50.88194444444444,57.86805555555556,29.5625,15.1,0.0,12.034027777777778,39.6,0.4,5.995138888888889,1.2506944444444443,0.09930555555555558,264.8569444444445,22.88888888888889,-148.25,76420.70138888889,10983229.0,-149.31944444444446,-2563393,57.604166666666664,63.30555555555556,58.09722222222222,39.583333333333336,41.84722222222222,33.13194444444444,43.333333333333336,31.53472222222222,26.854166666666668,-3.3,89.7,0.0583333333333333,1.8638888888888887,86.86805555555556,39.611111111111114,40.708333333333336,40.701388888888886,38.645833333333336,457.62361111111113,0.8166666666666668,49.99930555555555,398.0854166666667,395.99375,397.0534722222222,415.68055555555554,432.39444444444445,415.96805555555557,2097.1,-50.1,39.951388888888886,0.8819444444444444,6.004166666666666,148.1263888888889,-106.87222222222222,780.7,-960.0,56.35069444444444,460.95624999999995,2000.0,0.0,148.54513888888889,-733.9159722222222,0.0,-1000.0,91.05625,729.9833333333333,1000.0,0.0,97.89097222222222,44.854166666666664,264.7590277777778,T11,1.4,12.2,6.345833333333333,0.5397222222222222,1.6,12.3,6.434027777777778,0.5524305555555555,19.0,24.0,21.54861111111111,1004.0,1009.0,1006.5069444444445,53.0,93.0,76.20833333333333,0.0,0.0,0.0,0.0,123.85416666666667,125.50694444444444,406.43055555555554,,0
2017-06-28 00:00:00+00:00,1733.3,0.0,1372.0979166666666,79.04652777777778,56.84722222222222,67.6875,68.60416666666667,68.13194444444444,34.486111111111114,51.74305555555556,58.63194444444444,29.583333333333332,15.3,0.0,12.154166666666667,38.6,0.4,6.302083333333333,1.3048611111111112,-1.208333333333333,281.12152777777777,22.70138888888889,-153.70833333333334,89304.55555555556,12837723.0,-134.27777777777777,-2888692,57.958333333333336,64.25694444444444,59.020833333333336,40.458333333333336,42.138888888888886,32.354166666666664,43.583333333333336,32.4375,25.98611111111111,-3.3,89.7,-0.021527777777777826,1.3875000000000002,88.68055555555556,40.458333333333336,41.604166666666664,41.541666666666664,39.388888888888886,534.942361111111,0.8444444444444446,49.99930555555555,398.9631944444444,396.65625,397.5090277777778,472.09097222222226,494.83611111111105,475.26666666666665,2101.9,-52.3,40.34722222222222,0.7,6.294444444444444,163.79375,-120.34583333333333,604.9,-732.4,40.12847222222222,537.6236111111111,2000.0,0.0,164.15833333333333,-768.7437500000001,0.0,-1000.0,95.74791666666667,752.8541666666666,1000.0,0.0,113.53958333333334,46.326388888888886,284.83194444444445,T11,1.1,13.9,6.636111111111111,0.6425694444444444,1.4,14.0,6.686111111111111,0.6579861111111112,19.0,23.0,21.36111111111111,1008.0,1010.0,1008.9583333333334,59.0,88.0,73.79861111111111,0.0,0.0,0.0,0.0,129.52777777777777,130.47222222222223,408.93055555555554,,0
2017-06-29 00:00:00+00:00,1764.8,179.9,1493.226388888889,79.45277777777778,58.166666666666664,72.92361111111111,73.5625,73.21527777777777,35.076388888888886,54.65277777777778,62.270833333333336,29.34027777777778,15.6,1.7000000000000002,13.224305555555555,41.5,0.4,7.543055555555556,1.6326388888888888,-1.373611111111111,296.4013888888889,21.791666666666668,-14.666666666666666,133624.375,19239798.0,-12.819444444444445,-3638373,61.298611111111114,68.54166666666667,63.21527777777778,41.25,42.770833333333336,31.854166666666668,44.25,32.90972222222222,24.916666666666668,-3.2,56.3,-1.5277777777777777,0.7701388888888889,93.17361111111111,41.49305555555556,42.63194444444444,42.44444444444444,39.75,801.6770833333334,0.9729166666666667,50.00208333333333,398.9194444444445,396.58958333333334,398.0229166666667,676.1361111111112,701.0819444444445,677.2638888888889,2104.8,-51.4,41.5,0.6993055555555556,7.545138888888889,227.01875,-151.6048611111111,14.1,-216.1,7.106249999999999,801.6236111111111,2000.0,0.0,226.25694444444446,-957.7708333333334,0.0,-1000.0,70.11388888888888,924.4527777777779,1000.0,0.0,92.10138888888889,48.576388888888886,297.7756944444444,T11,2.1,16.5,8.261805555555556,0.9852083333333334,2.4,16.8,8.286111111111111,0.9922916666666668,17.0,23.0,20.52777777777778,1007.0,1010.0,1008.2291666666666,38.0,87.0,59.05555555555556,0.0,0.0,0.0,0.0,162.22222222222223,162.71527777777777,408.19444444444446,,0
2017-06-30 00:00:00+00:00,1764.5,0.0,1420.2763888888887,83.19861111111112,58.5625,68.36111111111111,69.17361111111111,68.88888888888889,33.5,53.05555555555556,60.375,28.59027777777778,15.6,0.0,12.565972222222221,49.2,0.4,6.770138888888889,1.4868055555555555,-2.0965277777777778,294.0444444444445,21.40972222222222,-99.20833333333333,102887.13888888889,14801462.0,-79.25,-3170423,60.041666666666664,66.66666666666667,61.53472222222222,40.40277777777778,41.9375,31.72222222222222,43.34027777777778,31.291666666666668,24.854166666666668,-3.3,89.7,-0.7631944444444445,1.0680555555555555,90.19444444444444,40.583333333333336,41.69444444444444,41.59722222222222,39.236111111111114,616.6840277777778,0.9479166666666666,50.0,398.76458333333335,396.34375,397.54791666666665,523.4875,548.6131944444445,525.0777777777778,2105.0,-52.4,40.11805555555556,0.7347222222222223,6.8069444444444445,187.98819444444445,-132.10000000000002,108.6,-212.2,10.422222222222222,618.8333333333334,2000.0,0.0,187.22916666666666,-905.8125,0.0,-1000.0,88.77916666666667,896.5319444444444,1000.0,0.0,102.85972222222222,46.38194444444444,296.14166666666665,T11,0.6000000000000001,14.8,7.455555555555555,0.9119444444444444,0.5,15.0,7.415972222222223,0.9149999999999999,15.0,24.0,20.09027777777778,1009.0,1012.0,1010.8333333333334,34.0,71.0,50.951388888888886,0.0,0.0,0.0,0.0,145.94444444444446,145.28472222222223,410.7361111111111,,0
2017-07-01 00:00:00+00:00,1708.6,0.0,920.9444444444445,121.2826388888889,46.923611111111114,54.145833333333336,54.88194444444444,54.666666666666664,36.326388888888886,49.236111111111114,52.604166666666664,31.104166666666668,15.1,0.0,8.020833333333334,39.3,0.4,4.215277777777778,1.0229166666666667,-2.165972222222222,133.28333333333333,25.131944444444443,-579.7222222222222,31328.180555555555,4427778.0,-636.3819444444445,-1609846,51.958333333333336,56.604166666666664,51.84722222222222,38.229166666666664,40.423611111111114,33.951388888888886,41.326388888888886,31.270833333333332,28.0,-3.3,89.7,7.877083333333333,2.785416666666667,68.86111111111111,37.69444444444444,38.826388888888886,38.875,37.65277777777778,184.47361111111113,0.7486111111111112,50.0,398.9347222222222,396.7319444444445,397.09722222222223,178.69375,190.5909722222222,177.8236111111111,1791.3,-51.5,37.19444444444444,1.1097222222222223,4.225694444444445,84.41319444444444,-67.12083333333334,879.3,-991.2,31.924999999999997,194.175,1808.5,0.0,85.81805555555555,-442.6819444444444,0.0,-1000.0,126.40208333333334,442.45902777777775,1000.0,0.0,127.30416666666666,40.69444444444444,142.9402777777778,T11,0.0,13.4,4.784722222222222,1.0318055555555556,0.0,12.4,4.789583333333334,0.8491666666666666,17.0,31.0,23.77777777777778,1009.0,1012.0,1009.9652777777778,19.0,76.0,44.78472222222222,0.0,0.0,0.0,0.0,92.375,92.54861111111111,409.9166666666667,,0
2017-07-02 00:00:00+00:00,1845.9,618.2,1642.263888888889,39.69513888888889,80.27777777777777,107.33333333333333,106.8125,106.65972222222223,47.576388888888886,57.81944444444444,67.66666666666667,34.201388888888886,16.2,5.1,14.550694444444446,40.3,0.5,11.53125,2.3131944444444446,-0.6159722222222221,89.20208333333333,24.680555555555557,-8.479166666666666,279235.5416666667,40208697.0,-8.51388888888889,-4826870,84.31944444444444,96.95138888888889,88.59027777777777,49.15972222222222,49.53472222222222,34.22222222222222,51.18055555555556,44.923611111111114,28.01388888888889,-3.1,17.3,3.4847222222222225,2.6284722222222223,113.69444444444444,50.0,51.145833333333336,50.611111111111114,45.951388888888886,1675.3305555555555,0.9916666666666667,50.00069444444445,399.74305555555554,397.20694444444445,400.0,1405.5736111111112,1426.1645833333334,1394.0618055555556,2111.7,-43.2,51.888888888888886,0.3416666666666667,11.372916666666667,147.6534722222222,-201.12847222222223,16.6,-230.3,3.7722222222222226,1672.2555555555555,2000.0,0.0,146.03958333333333,-724.9229166666667,0.0,-1000.0,102.57777777777778,578.7423611111111,1000.0,0.0,104.28541666666666,66.93055555555556,89.81319444444445,T11,1.4,25.7,13.004861111111111,4.965972222222223,1.6,22.3,13.089583333333334,1.796388888888889,20.0,28.0,23.57638888888889,1009.0,1012.0,1010.9722222222222,23.0,75.0,46.55555555555556,0.0,0.0,0.0,0.0,257.2083333333333,258.97222222222223,410.8958333333333,,0
2017-07-03 00:00:00+00:00,1868.6,116.5,1586.8354166666666,69.07430555555555,73.69444444444444,97.1875,97.1875,96.94444444444444,45.520833333333336,55.38194444444444,65.23611111111111,34.916666666666664,16.3,0.0,14.054166666666667,39.4,0.4,10.234027777777778,2.3451388888888887,1.8555555555555554,106.32777777777778,25.17361111111111,-76.13194444444444,220908.43055555556,31799849.0,-57.958333333333336,-4598118,77.28472222222223,88.19444444444444,81.29861111111111,46.90972222222222,48.548611111111114,34.15972222222222,49.15277777777778,42.236111111111114,28.083333333333332,-3.3,68.9,2.0069444444444446,2.5687499999999996,106.21527777777777,47.479166666666664,48.63194444444444,48.25694444444444,44.53472222222222,1325.0340277777777,0.9715277777777778,49.99930555555555,399.5,397.2583333333333,399.9222222222222,1122.5243055555557,1135.6902777777777,1106.642361111111,2113.8,-50.0,48.1875,0.6034722222222223,10.018055555555556,238.96458333333334,-191.59027777777777,16.9,-226.6,7.429166666666666,1323.7354166666667,2000.0,0.0,237.3694444444444,-804.2145833333333,0.0,-1000.0,109.23750000000001,708.1166666666667,1000.0,0.0,135.63472222222222,61.326388888888886,104.48055555555555,T11,3.0,28.5,13.352083333333333,3.648888888888889,3.2,25.5,12.560416666666667,2.1393055555555556,21.0,27.0,23.90972222222222,1007.0,1011.0,1008.5902777777778,30.0,67.0,49.076388888888886,0.0,0.0,0.0,0.0,264.1111111111111,248.35416666666666,408.5625,,0
2017-07-04 00:00:00+00:00,1812.9,1220.9,1631.6750000000002,51.230555555555554,73.88194444444444,97.34027777777777,97.18055555555556,96.9375,46.72222222222222,55.47222222222222,66.06944444444444,34.13194444444444,15.9,10.8,14.454166666666667,50.8,0.6000000000000001,10.074305555555556,2.1597222222222223,-0.2708333333333333,113.05902777777777,25.555555555555557,0.0,240334.47916666666,34608165.0,0.0,-4841646,76.66666666666667,87.45138888888889,80.63194444444444,47.1875,47.50694444444444,34.02777777777778,48.270833333333336,42.888888888888886,28.243055555555557,-3.0,15.5,0.08194444444444446,1.8243055555555554,105.22916666666667,47.93055555555556,49.041666666666664,48.604166666666664,44.5625,1441.8951388888888,0.9972222222222222,50.0,399.4895833333333,397.2659722222222,399.85347222222225,1214.90625,1231.4722222222222,1201.2152777777778,2108.7,54.1,47.270833333333336,0.44930555555555557,9.85763888888889,282.2951388888889,-201.73611111111111,-151.8,-228.3,3.479861111111111,1438.288888888889,2000.0,53.0,279.75347222222223,-869.6541666666667,-259.4,-1000.0,115.13055555555555,759.9222222222222,1000.0,259.4,153.53194444444443,56.81944444444444,113.32499999999999,T11,2.6,20.2,11.14375,2.8816666666666664,2.5,18.3,10.73263888888889,2.2965277777777775,22.0,28.0,24.51388888888889,1005.0,1008.0,1006.4583333333334,45.0,78.0,56.208333333333336,0.0,0.0,0.0,0.0,219.90277777777777,211.71527777777777,406.40972222222223,,0
2017-07-05 00:00:00+00:00,1747.9,0.0,1160.888888888889,101.18055555555556,51.25,65.90277777777777,66.77777777777777,66.55555555555556,37.72222222222222,50.97222222222222,56.80555555555556,31.930555555555557,15.4,0.0,10.208333333333334,23.2,0.4,5.768055555555556,1.0069444444444444,2.0541666666666667,152.22916666666666,23.041666666666668,-332.8333333333333,67837.77777777778,4860359.0,-384.77777777777777,-1117429,54.111111111111114,59.916666666666664,56.5,39.56944444444444,42.09722222222222,30.27777777777778,43.19444444444444,32.0,24.63888888888889,-3.1,90.0,6.666666666666667,2.486111111111111,81.34722222222223,39.388888888888886,40.52777777777778,40.458333333333336,38.736111111111114,404.9611111111111,0.8375,49.99583333333333,399.3013888888889,397.1402777777778,397.7138888888889,353.15972222222223,372.70972222222224,353.7583333333333,2101.6,-50.0,39.625,0.9375,5.634722222222222,105.05277777777778,-93.09166666666667,590.1,-989.6,23.8375,417.4375,2000.0,0.0,107.00833333333334,-674.5958333333333,0.0,-1000.0,94.33611111111111,666.098611111111,1000.0,0.0,103.08472222222223,46.09722222222222,150.16527777777776,T11,0.4,16.5,5.015277777777778,0.9143750000000002,0.0,16.6,4.953472222222222,0.9462499999999999,21.0,26.0,22.90972222222222,1006.0,1008.0,1007.1111111111111,65.0,84.0,75.83333333333333,0.0,0.0,0.0,0.0,97.10416666666667,95.86111111111111,407.00694444444446,,0
2017-07-06 00:00:00+00:00,1462.2,0.0,784.7338028169014,156.75352112676057,37.57746478873239,46.521126760563384,47.08450704225352,46.943661971830984,34.7887323943662,45.25352112676056,48.50704225352113,29.211267605633804,12.9,0.0,6.783098591549296,15.1,0.4,3.4591549295774646,0.7887323943661971,-3.870422535211268,235.712676056338,21.3943661971831,-629.2253521126761,9884.718309859154,657141.0,-760.6338028169014,-518299,40.394366197183096,43.098591549295776,40.08450704225352,37.436619718309856,37.87323943661972,30.690140845070424,39.71830985915493,27.492957746478872,24.211267605633804,-2.4,90.0,13.01549295774648,5.618309859154929,58.943661971830984,36.74647887323944,37.929577464788736,37.985915492957744,37.0,55.540845070422534,0.6422535211267606,49.99718309859155,398.8,396.58309859154934,396.212676056338,79.27746478873239,91.41549295774648,82.39154929577465,543.4,-50.0,35.605633802816904,1.4901408450704225,3.536619718309859,39.640845070422536,-43.84084507042253,705.6,-1000.0,56.24788732394366,69.54366197183099,548.6,0.0,41.4056338028169,-264.17042253521123,0.0,-1000.0,148.6281690140845,264.17042253521123,1000.0,0.0,148.6281690140845,43.225352112676056,239.58732394366197,T11,0.2,9.1,4.192361111111111,0.43895833333333334,0.0,9.2,4.236111111111111,0.4684027777777778,19.0,24.0,20.930555555555557,1007.0,1010.0,1008.2222222222222,47.0,88.0,75.23611111111111,0.0,0.0,0.0,0.0,80.66666666666667,81.59722222222223,408.19444444444446,,0
2017-07-07 00:00:00+00:00,1679.2,0.0,819.4090277777777,91.58958333333334,39.63194444444444,50.854166666666664,51.520833333333336,51.361111111111114,33.56944444444444,47.388888888888886,50.041666666666664,29.0625,14.9,0.0,7.177083333333333,35.3,0.4,4.120138888888889,0.8979166666666667,5.173611111111111,248.11111111111111,22.104166666666668,-523.875,32702.229166666668,4633681.0,-516.2361111111111,-1364576,46.076388888888886,50.041666666666664,46.145833333333336,36.50694444444444,39.25,32.020833333333336,40.770833333333336,28.20138888888889,25.5625,-3.2,89.7,9.950694444444444,1.9305555555555556,65.36111111111111,36.083333333333336,37.166666666666664,37.236111111111114,35.90972222222222,193.09027777777777,0.7847222222222222,50.0,399.19375,397.1326388888889,397.31041666666664,180.34791666666666,191.39236111111111,181.94305555555556,1513.0,-50.0,36.75694444444444,0.8145833333333333,4.125,72.94652777777777,-56.84930555555556,800.1,-662.2,24.90625,200.14791666666667,1536.6,0.0,73.45416666666667,-431.40694444444443,0.0,-1000.0,66.11319444444445,431.3979166666667,1000.0,0.0,66.16527777777779,43.55555555555556,245.42777777777778,T11,0.0,12.6,4.268055555555556,0.43006944444444445,0.0,12.9,4.263194444444444,0.45437500000000003,17.0,23.0,20.61111111111111,1008.0,1011.0,1009.2916666666666,56.0,93.0,76.09722222222223,0.0,0.0,0.0,0.0,82.06944444444444,82.10416666666667,409.25694444444446,,0
2017-07-08 00:00:00+00:00,1654.6,0.0,1250.5277777777778,93.5375,44.083333333333336,59.21527777777778,60.50694444444444,59.97222222222222,34.208333333333336,49.9375,55.208333333333336,28.333333333333332,14.7,0.0,11.075694444444444,29.6,0.4,4.870138888888889,1.0180555555555555,0.05486111111111095,225.05069444444445,22.131944444444443,-188.18055555555554,34192.131944444445,4896573.0,-186.9375,-1746232,49.354166666666664,54.40972222222222,49.75694444444444,38.68055555555556,41.30555555555556,32.75,43.416666666666664,29.65972222222222,26.03472222222222,-3.2,89.7,0.5840277777777777,2.223611111111111,86.23611111111111,38.375,39.50694444444444,39.52777777777778,38.05555555555556,204.00902777777776,0.7840277777777778,50.00069444444445,399.1326388888889,396.74791666666664,397.3388888888889,198.87291666666667,217.1638888888889,202.17916666666667,966.0,-50.2,39.75,0.8284722222222222,4.940972222222222,83.81597222222223,-72.80555555555556,741.1,-999.4,52.55416666666667,208.5388888888889,987.1,0.0,83.68263888888889,-644.7666666666667,0.0,-1000.0,171.86319444444445,644.7666666666667,1000.0,0.0,171.86319444444445,44.72222222222222,224.99305555555554,T11,1.4,10.3,5.197916666666667,0.4756944444444444,1.4,10.1,5.267361111111111,0.5127777777777778,19.0,23.0,20.84027777777778,1009.0,1011.0,1010.1458333333334,67.0,93.0,81.97916666666667,0.0,0.0,0.0,0.0,100.84027777777777,102.16666666666667,410.1111111111111,,0
2017-07-09 00:00:00+00:00,1525.6,0.0,999.2166666666667,167.57430555555555,40.68055555555556,52.3125,53.22222222222222,52.916666666666664,37.09722222222222,47.25694444444444,51.263888888888886,30.118055555555557,13.5,0.0,8.832638888888889,37.8,0.4,3.7437500000000004,0.8326388888888889,-0.12708333333333346,242.26250000000002,23.09722222222222,-551.2222222222222,11021.611111111111,1507737.0,-614.7083333333334,-962042,48.270833333333336,52.8125,48.18055555555556,37.958333333333336,40.44444444444444,34.05555555555556,41.84027777777778,29.666666666666668,27.944444444444443,-2.5,89.7,6.160416666666666,4.735416666666667,71.15277777777777,37.47222222222222,38.59722222222222,38.65277777777778,37.59722222222222,62.82083333333334,0.6423611111111112,50.0,399.19444444444446,396.80069444444445,396.76458333333335,91.77083333333333,102.76597222222222,94.33472222222223,636.7,-50.2,37.923611111111114,1.5138888888888888,3.8187499999999996,40.05416666666667,-40.13055555555556,712.6,-998.7,67.62847222222223,74.63055555555555,645.3,0.0,43.12152777777778,-293.8618055555555,0.0,-1000.0,149.35208333333333,293.8618055555555,1000.0,0.0,149.35208333333333,40.55555555555556,242.38333333333333,T11,0.5,8.6,4.034027777777777,0.3698611111111111,0.5,8.8,4.063194444444445,0.39798611111111115,19.0,27.0,21.76388888888889,1006.0,1011.0,1008.4166666666666,56.0,92.0,80.68055555555556,0.0,0.0,0.0,0.0,77.48611111111111,77.93055555555556,408.34722222222223,,0
2017-07-10 00:00:00+00:00,1649.8,0.0,684.8944444444445,69.31666666666666,42.541666666666664,48.55555555555556,49.13194444444444,49.013888888888886,37.298611111111114,46.78472222222222,49.0,32.0,14.6,0.0,5.879861111111111,29.2,0.4,3.4055555555555554,0.7138888888888889,-4.128472222222222,247.2548611111111,25.166666666666668,-645.9027777777778,14976.465277777777,2063599.0,-625.8125,-948122,49.833333333333336,54.30555555555556,49.55555555555556,37.798611111111114,40.229166666666664,35.84027777777778,41.15972222222222,31.17361111111111,29.875,-3.0,89.7,12.613194444444444,1.7493055555555557,61.333333333333336,37.104166666666664,38.21527777777778,38.34722222222222,37.50694444444444,85.97291666666666,0.7375,50.00069444444445,399.01180555555555,397.03263888888887,396.2527777777778,89.56041666666667,102.47916666666667,95.03194444444445,1078.3,-50.1,36.770833333333336,0.6486111111111111,3.4312500000000004,35.00069444444445,-39.49305555555556,712.7,-897.1,23.688194444444445,92.91388888888889,1099.0,0.0,35.25902777777778,-278.89444444444445,0.0,-1000.0,66.03819444444444,278.89444444444445,1000.0,0.0,66.03819444444444,40.09722222222222,253.8840277777778,T11,0.1,9.5,3.6041666666666665,0.28861111111111115,0.0,9.6,3.5902777777777777,0.29256944444444444,19.0,29.0,23.819444444444443,1003.0,1007.0,1005.1527777777778,24.0,97.0,70.89583333333333,0.0,1.0,0.006944444444444444,0.0,68.74305555555556,68.45833333333333,405.125,,0
2017-07-11 00:00:00+00:00,1694.7,0.0,767.5,73.07013888888889,47.951388888888886,52.99305555555556,53.59027777777778,53.451388888888886,39.861111111111114,48.270833333333336,50.951388888888886,35.451388888888886,15.0,0.0,6.69375,40.5,0.4,3.851388888888889,0.8270833333333334,8.375,130.98819444444445,28.875,-573.1944444444445,21768.6875,3052153.0,-600.2430555555555,-1197842,53.375,57.69444444444444,52.99305555555556,40.736111111111114,43.416666666666664,37.31944444444444,44.361111111111114,33.97222222222222,31.59027777777778,-3.3,86.2,11.019444444444444,1.5729166666666667,65.48611111111111,40.06944444444444,41.201388888888886,41.270833333333336,40.708333333333336,127.20694444444445,0.7590277777777779,50.00069444444445,398.5881944444444,396.71527777777777,396.4458333333333,121.60208333333334,133.34444444444443,124.18541666666667,1681.0,-52.2,40.25694444444444,0.6895833333333333,3.796527777777778,58.80694444444445,-49.924305555555556,599.2,-719.1,17.084027777777777,134.84375,1713.6,0.0,59.34861111111112,-369.8076388888889,0.0,-1000.0,110.48472222222222,369.6618055555556,1000.0,0.0,110.86180555555556,44.99305555555556,130.1138888888889,T11,0.0,11.5,4.113888888888889,0.7206944444444444,0.0,10.6,4.088888888888889,0.4142361111111111,21.0,35.0,27.520833333333332,1005.0,1007.0,1005.5,25.0,86.0,48.63194444444444,0.0,0.0,0.0,0.0,79.01388888888889,78.52083333333333,405.47222222222223,,0
2017-07-12 00:00:00+00:00,1711.2,0.0,1164.392361111111,71.03055555555555,61.99305555555556,70.5,71.27083333333333,71.03472222222223,42.25694444444444,52.71527777777778,59.013888888888886,38.270833333333336,15.1,0.0,10.246527777777779,49.7,0.4,5.827777777777778,1.0027777777777778,4.975,118.67222222222222,31.90972222222222,-619.2152777777778,75900.56944444444,10840517.0,-605.4097222222222,-2265606,65.86111111111111,71.59722222222223,66.74305555555556,44.38194444444444,47.09722222222222,39.576388888888886,47.15277777777778,39.86805555555556,34.145833333333336,-3.3,89.8,5.813194444444445,1.6722222222222223,84.90277777777777,44.19444444444444,45.27777777777778,45.27777777777778,44.05555555555556,451.6458333333333,0.8652777777777778,50.00208333333333,398.56597222222223,396.6965277777778,396.7215277777778,390.93958333333336,410.6326388888889,396.7583333333333,2101.4,-51.4,43.30555555555556,0.65625,5.701388888888889,88.29374999999999,-94.38958333333333,744.3,-794.6,15.6875,458.5083333333333,2000.0,0.0,89.82499999999999,-665.0451388888889,0.0,-1000.0,84.01875000000001,657.6347222222222,1000.0,0.0,85.8111111111111,56.145833333333336,116.20069444444445,T11,0.5,12.5,5.203472222222222,0.9490277777777778,0.4,12.0,5.820138888888889,0.5594444444444444,26.0,39.0,30.819444444444443,1006.0,1009.0,1007.2847222222222,21.0,42.0,33.326388888888886,0.0,0.0,0.0,0.0,100.86111111111111,113.22916666666667,407.2291666666667,,0
2017-07-13 00:00:00+00:00,1726.9,0.0,1012.9104166666667,67.8375,58.50694444444444,64.71527777777777,65.4375,65.22916666666667,44.729166666666664,51.77777777777778,56.625,39.423611111111114,15.3,0.0,8.86111111111111,25.1,0.4,5.115972222222222,0.8479166666666668,5.447916666666667,96.39722222222223,33.72222222222222,-596.375,53143.375,7566767.0,-631.9097222222222,-1786329,64.81944444444444,69.84722222222223,64.81944444444444,45.416666666666664,48.21527777777778,40.96527777777778,48.833333333333336,40.236111111111114,35.583333333333336,-3.2,89.7,7.807638888888889,1.6062500000000002,78.25694444444444,44.94444444444444,46.09722222222222,46.125,45.50694444444444,315.27916666666664,0.8069444444444445,50.00069444444445,398.50694444444446,396.46805555555557,396.18333333333334,279.8576388888889,300.8909722222222,289.39444444444445,2101.4,-51.5,44.895833333333336,0.6083333333333333,4.970138888888889,71.95486111111111,-74.48333333333333,538.9,-919.2,30.109027777777776,323.12708333333336,2000.0,0.0,72.76875000000001,-582.5777777777778,0.0,-1000.0,62.86527777777778,579.057638888889,1000.0,0.0,65.02569444444445,52.59027777777778,118.44166666666666,T11,0.0,11.9,4.076388888888889,0.6822222222222222,0.0,11.0,4.279166666666667,0.4726388888888889,29.0,38.0,32.736111111111114,1006.0,1008.0,1007.0902777777778,28.0,43.0,34.416666666666664,0.0,0.0,0.0,0.0,78.34722222222223,82.3125,407.0486111111111,,0
2017-07-14 00:00:00+00:00,1647.7,0.0,838.9875,76.24375,55.75694444444444,57.458333333333336,58.22222222222222,58.06944444444444,42.78472222222222,51.236111111111114,53.333333333333336,36.666666666666664,14.6,0.0,7.30138888888889,19.3,0.4,3.763888888888889,0.7340277777777778,1.4597222222222221,117.27222222222223,30.72222222222222,-782.4027777777778,15228.444444444445,2080223.0,-790.7430555555555,-1199882,57.104166666666664,61.65277777777778,56.99305555555556,42.02777777777778,45.729166666666664,39.52777777777778,46.5,36.5,33.826388888888886,-2.8,76.3,8.564583333333333,1.9215277777777777,73.52083333333333,41.3125,42.479166666666664,42.541666666666664,42.11805555555556,86.67291666666667,0.6888888888888889,50.0,399.21666666666664,397.1458333333333,396.55069444444445,110.83680555555556,126.51597222222222,117.49791666666667,737.3,-51.6,42.138888888888886,0.6756944444444444,3.6979166666666665,38.391666666666666,-50.010416666666664,753.6,-1000.0,67.34652777777778,95.9625,744.9,0.0,38.94444444444444,-372.75416666666666,0.0,-1000.0,117.31041666666667,372.75416666666666,1000.0,0.0,117.31041666666667,50.3125,100.80277777777778,T11,0.0,9.7,3.4604166666666667,0.49486111111111114,0.0,8.7,3.577777777777778,0.4020138888888889,23.0,35.0,29.604166666666668,1005.0,1008.0,1006.7152777777778,34.0,73.0,51.270833333333336,0.0,0.0,0.0,0.0,65.88194444444444,68.27083333333333,406.6111111111111,,0
2017-07-15 00:00:00+00:00,1730.1,0.0,1358.896527777778,82.97708333333334,60.576388888888886,70.6875,71.56944444444444,71.27083333333333,40.52777777777778,52.916666666666664,59.93055555555556,34.416666666666664,15.3,0.0,12.035416666666666,38.1,0.4,6.284722222222222,1.1173611111111112,0.22361111111111098,104.23263888888889,28.291666666666668,-211.1875,81303.63194444444,11677313.0,-163.76388888888889,-2684903,61.0,67.04166666666667,61.75,42.513888888888886,44.791666666666664,36.97222222222222,45.486111111111114,37.52777777777778,31.354166666666668,-3.2,89.7,0.05486111111111103,1.8145833333333334,89.29861111111111,42.361111111111114,43.486111111111114,43.423611111111114,41.65277777777778,486.5486111111111,0.8923611111111112,50.00138888888889,399.2451388888889,396.50972222222225,397.3236111111111,415.62916666666666,445.12708333333336,421.5951388888889,2100.5,-50.3,41.8125,0.7395833333333334,6.167361111111111,125.11805555555556,-111.87777777777778,549.5,-482.4,13.122916666666667,490.35138888888895,2000.0,0.0,125.21805555555557,-802.9020833333333,0.0,-1000.0,93.7513888888889,790.0041666666667,1000.0,0.0,106.44027777777778,55.333333333333336,104.00416666666666,T11,0.8,16.9,6.971527777777777,1.2181944444444444,0.8,14.7,6.933333333333334,0.665138888888889,23.0,33.0,27.368055555555557,1006.0,1009.0,1007.3611111111111,45.0,91.0,66.96527777777777,0.0,0.0,0.0,0.0,136.24305555555554,135.52083333333334,407.31944444444446,,0
2017-07-16 00:00:00+00:00,1762.8,1214.4,1523.353472222222,45.43958333333333,65.22222222222223,83.45138888888889,83.95833333333333,83.70138888888889,40.791666666666664,55.229166666666664,63.99305555555556,34.40277777777778,15.6,10.7,13.493055555555555,38.7,0.7000000000000001,8.136111111111111,1.375,-0.23194444444444443,88.31736111111111,27.8125,0.0,162065.43055555556,23337422.0,0.0,-4350195,70.18055555555556,78.35416666666667,71.81944444444444,45.06944444444444,46.666666666666664,35.770833333333336,47.888888888888886,40.61805555555556,29.930555555555557,-3.4,7.7,-1.4,0.5923611111111111,99.33333333333333,45.3125,46.44444444444444,46.22222222222222,43.36805555555556,972.3354166666666,0.9520833333333333,50.0,399.5027777777778,396.51666666666665,398.71527777777777,824.5701388888889,851.870138888889,817.21875,2104.2,-8.8,45.69444444444444,0.4041666666666667,8.020138888888889,156.55902777777777,-181.25347222222223,0.1,-228.4,4.014583333333333,971.7090277777778,2000.0,0.0,156.56458333333333,-942.3951388888888,0.0,-1000.0,62.239583333333336,873.2013888888889,1000.0,0.0,83.36250000000001,59.00694444444444,88.55833333333334,T11,4.1,18.3,10.325694444444444,2.6339583333333336,5.4,17.2,10.875,0.7943055555555555,24.0,31.0,26.6875,1007.0,1009.0,1007.8819444444445,34.0,83.0,61.49305555555556,0.0,0.0,0.0,0.0,203.5625,214.59722222222223,407.86805555555554,,0
2017-07-17 00:00:00+00:00,1781.9,0.0,1583.8895833333333,63.10208333333334,71.33333333333333,90.80555555555556,91.13194444444444,90.79166666666667,45.125,53.638888888888886,64.41666666666667,35.673611111111114,15.8,0.0,14.030555555555557,44.7,0.6000000000000001,9.01875,1.7534722222222223,-0.1826388888888889,95.79513888888889,27.479166666666668,-24.868055555555557,195661.79861111112,28171717.0,-22.40972222222222,-4710583,71.88194444444444,81.36111111111111,75.30555555555556,45.86805555555556,47.701388888888886,35.048611111111114,48.048611111111114,42.21527777777778,29.368055555555557,-3.2,89.8,-0.5687500000000001,1.4118055555555555,101.45138888888889,46.4375,47.576388888888886,47.28472222222222,43.97222222222222,1173.8604166666667,0.9798611111111111,50.0,399.3798611111111,396.7722222222222,399.1,992.532638888889,1015.6298611111112,983.2361111111111,2108.0,-50.1,46.02777777777778,0.5527777777777778,8.868055555555555,227.0027777777778,-196.26875,3.0,-230.2,5.1194444444444445,1174.0222222222224,2000.0,0.0,225.4451388888889,-915.7305555555556,0.0,-1000.0,68.78333333333333,841.2055555555556,1000.0,0.0,97.19236111111111,58.423611111111114,95.97986111111112,T11,4.1,21.7,11.425,3.4688194444444442,4.5,19.7,12.3625,1.3000694444444445,24.0,29.0,26.208333333333332,1004.0,1008.0,1005.8125,48.0,74.0,58.44444444444444,0.0,0.0,0.0,0.0,225.61111111111111,244.375,405.7638888888889,,0
2017-07-18 00:00:00+00:00,1801.4,0.0,1339.6791666666666,93.03472222222223,69.11111111111111,81.875,82.39583333333333,82.04861111111111,43.291666666666664,52.65972222222222,61.52777777777778,36.625,15.8,0.0,11.809722222222222,38.6,0.4,7.637499999999999,1.573611111111111,1.4743055555555555,144.55347222222224,28.944444444444443,-510.4375,147829.83333333334,21213992.0,-444.09027777777777,-3416921,67.95138888888889,76.18055555555556,70.81944444444444,45.46527777777778,47.38194444444444,36.71527777777778,47.729166666666664,41.583333333333336,30.92361111111111,-3.2,89.7,4.71875,2.1354166666666665,92.70138888888889,45.625,46.75,46.576388888888886,44.19444444444444,883.9784722222222,0.9215277777777777,50.0,399.4763888888889,397.1513888888889,398.2340277777778,749.8409722222223,772.4854166666667,750.0840277777778,2105.8,-50.0,45.013888888888886,0.8333333333333334,7.470138888888889,217.29097222222222,-142.36041666666668,384.6,-469.9,11.334722222222222,906.6388888888889,2000.0,0.0,222.39791666666667,-748.9534722222222,0.0,-1000.0,61.865972222222226,703.0354166666667,1000.0,0.0,97.30277777777778,54.611111111111114,143.08888888888887,T11,0.7000000000000001,21.6,8.050694444444444,1.9706249999999998,0.8,18.8,7.739583333333333,1.2629861111111111,24.0,33.0,27.868055555555557,1003.0,1007.0,1004.2569444444445,30.0,83.0,51.84722222222222,0.0,0.0,0.0,0.0,157.97222222222223,151.65972222222223,404.19444444444446,,0
2017-07-19 00:00:00+00:00,1670.1,0.0,1099.523611111111,112.53958333333334,54.44444444444444,57.111111111111114,58.13194444444444,57.763888888888886,38.40972222222222,50.666666666666664,54.923611111111114,30.618055555555557,14.8,0.0,9.727083333333333,35.7,0.4,4.61875,0.9812500000000001,0.9541666666666665,235.51944444444447,24.40972222222222,-418.7291666666667,30926.583333333332,4393134.0,-471.375,-1704106,52.15277777777778,57.30555555555556,52.458333333333336,38.86805555555556,41.951388888888886,34.798611111111114,43.50694444444444,31.96527777777778,29.22222222222222,-3.1,89.7,4.272916666666666,2.6569444444444446,77.60416666666667,38.388888888888886,39.50694444444444,39.53472222222222,38.34722222222222,183.0284722222222,0.7333333333333334,49.99930555555555,399.10555555555555,396.7298611111111,396.7104166666667,186.91111111111113,205.46875,193.3097222222222,1282.2,-50.4,39.625,1.0138888888888888,4.653472222222223,73.18333333333334,-70.99791666666667,639.8,-990.6,67.69722222222222,190.6222222222222,1294.1,0.0,73.86597222222223,-538.0180555555556,0.0,-1000.0,139.1236111111111,538.0180555555556,1000.0,0.0,139.1236111111111,41.798611111111114,234.5625,T11,0.7000000000000001,10.6,4.859027777777778,0.43833333333333335,0.5,10.9,4.854166666666667,0.4707638888888889,20.0,26.0,22.881944444444443,1006.0,1009.0,1007.4097222222222,60.0,98.0,80.95138888888889,0.0,0.0,0.0,0.0,93.99305555555556,93.89583333333333,407.3263888888889,,0
2017-07-20 00:00:00+00:00,1683.3,114.5,1183.9048611111111,83.96111111111111,54.25694444444444,58.86805555555556,59.8125,59.548611111111114,35.71527777777778,50.673611111111114,55.65972222222222,29.819444444444443,14.9,0.0,10.489583333333334,37.1,0.5,4.963888888888889,1.032638888888889,0.8256944444444443,236.45347222222225,23.21527777777778,-329.84027777777777,40693.868055555555,5812417.0,-352.8263888888889,-1799523,52.451388888888886,57.40277777777778,52.53472222222222,38.65972222222222,41.49305555555556,33.40972222222222,42.94444444444444,30.96527777777778,27.28472222222222,-3.3,65.9,2.6368055555555556,1.5527777777777778,79.78472222222223,38.395833333333336,39.513888888888886,39.52777777777778,37.986111111111114,242.2298611111111,0.7444444444444445,50.00069444444445,398.37638888888887,396.4201388888889,396.8777777777778,240.04097222222222,253.2722222222222,242.78333333333336,1380.3,-50.1,39.18055555555556,0.7423611111111111,4.987500000000001,90.82083333333334,-75.01319444444444,688.2,-916.9,61.29305555555556,247.59305555555557,1406.8,0.0,91.69027777777778,-587.5013888888889,0.0,-1000.0,120.86805555555556,587.5013888888889,1000.0,0.0,120.86805555555556,44.451388888888886,235.62708333333336,T11,1.2,11.7,4.960416666666666,0.4388194444444445,1.1,12.6,5.011805555555556,0.4675694444444444,20.0,25.0,21.82638888888889,1005.0,1009.0,1007.0555555555555,48.0,96.0,76.5625,0.0,0.0,0.0,0.0,96.01388888888889,97.11111111111111,406.9861111111111,,0
2017-07-21 00:00:00+00:00,1692.0,0.0,1143.4576388888888,102.97777777777777,51.18055555555556,58.111111111111114,59.05555555555556,58.638888888888886,34.40972222222222,50.59027777777778,55.458333333333336,28.84722222222222,15.0,0.0,10.118055555555555,38.0,0.4,5.228472222222222,1.0388888888888888,2.7416666666666667,249.4111111111111,22.28472222222222,-434.52777777777777,49785.86111111111,7106591.0,-450.0486111111111,-1910191,52.875,58.18055555555556,53.15277777777778,38.28472222222222,41.076388888888886,32.958333333333336,42.65277777777778,30.07638888888889,26.46527777777778,-3.3,89.7,4.154861111111111,2.127083333333333,79.3125,38.02777777777778,39.18055555555556,39.201388888888886,37.576388888888886,296.06180555555557,0.8166666666666668,50.0,399.09027777777777,397.06180555555557,397.7555555555556,264.1166666666667,278.72222222222223,265.9222222222222,1827.9,-51.1,39.03472222222222,0.9173611111111111,5.240972222222222,90.35138888888889,-79.62222222222222,655.8,-865.1,21.75277777777778,304.63194444444446,1853.1,0.0,92.79236111111112,-626.5826388888888,0.0,-1000.0,101.41388888888889,626.2534722222222,1000.0,0.0,102.16180555555555,41.90277777777778,246.66944444444445,T11,1.2,10.5,5.265277777777778,0.524375,1.0,10.5,5.340277777777778,0.5426388888888889,19.0,23.0,20.84027777777778,1005.0,1008.0,1006.4027777777778,54.0,86.0,70.56944444444444,0.0,0.0,0.0,0.0,102.06944444444444,103.61805555555556,406.3333333333333,,0
2017-07-22 00:00:00+00:00,1653.6,0.0,1167.2513888888889,95.80138888888888,47.96527777777778,58.173611111111114,59.298611111111114,58.88194444444444,35.06944444444444,49.19444444444444,53.97222222222222,29.680555555555557,14.7,0.0,10.339583333333332,35.6,0.4,4.475,0.9437500000000001,-0.5041666666666665,237.4576388888889,23.125,-303.59722222222223,26415.993055555555,3760187.0,-329.2916666666667,-1452083,49.548611111111114,54.423611111111114,49.833333333333336,38.78472222222222,41.145833333333336,33.236111111111114,42.673611111111114,30.4375,26.88888888888889,-3.0,89.7,2.5791666666666666,2.391666666666667,81.11111111111111,38.47222222222222,39.611111111111114,39.625,38.15972222222222,156.66666666666666,0.70625,50.0,399.0388888888889,396.8152777777778,397.0076388888889,167.93263888888887,184.78194444444443,173.4763888888889,960.4,-51.9,38.84027777777778,0.8555555555555556,4.552777777777778,60.13472222222222,-60.514583333333334,836.4,-987.7,70.97222222222223,162.47916666666666,984.6,0.0,60.48888888888889,-512.54375,0.0,-1000.0,141.94652777777776,512.54375,1000.0,0.0,141.94652777777776,39.88194444444444,237.9611111111111,T11,1.3,9.6,4.835416666666666,0.3288888888888889,1.3,9.7,4.847222222222222,0.38125,18.0,27.0,21.71527777777778,1006.0,1009.0,1007.0138888888889,42.0,93.0,73.27083333333333,0.0,0.0,0.0,0.0,93.45833333333333,93.63888888888889,406.97222222222223,,0
2017-07-23 00:00:00+00:00,1668.4,0.0,700.1993055555555,80.80416666666666,43.43055555555556,48.645833333333336,49.201388888888886,49.09027777777778,36.763888888888886,47.09722222222222,49.47222222222222,32.15972222222222,14.7,0.0,5.971527777777777,20.7,0.4,3.632638888888889,0.745138888888889,-0.6861111111111113,238.1951388888889,25.506944444444443,-601.9375,19558.277777777777,2729716.0,-647.3472222222222,-1035476,50.333333333333336,54.77777777777778,50.083333333333336,38.388888888888886,40.3125,35.0,41.166666666666664,31.166666666666668,29.180555555555557,-3.2,89.7,12.368055555555555,1.7326388888888888,60.18055555555556,37.71527777777778,38.875,39.0,38.111111111111114,113.74305555555556,0.7541666666666668,50.0,398.92777777777775,397.09027777777777,396.83194444444445,108.44791666666667,119.3152777777778,111.86041666666667,1127.1,-51.9,36.81944444444444,0.7722222222222223,3.65625,37.67986111111111,-43.13402777777778,382.9,-574.3,13.479861111111111,121.25833333333334,1134.8,0.0,39.537499999999994,-332.59444444444443,0.0,-1000.0,58.81319444444445,332.59444444444443,1000.0,0.0,58.81319444444445,39.52777777777778,241.38680555555553,T11,0.2,9.7,3.638888888888889,0.29625,0.0,9.9,3.607638888888889,0.31625,19.0,30.0,23.979166666666668,1008.0,1011.0,1009.4791666666666,40.0,96.0,69.65972222222223,0.0,0.0,0.0,0.0,69.38194444444444,68.88888888888889,409.44444444444446,,0
2017-07-24 00:00:00+00:00,1682.4,0.0,628.1034722222222,64.09722222222223,44.09027777777778,49.854166666666664,50.40277777777778,50.30555555555556,38.041666666666664,46.986111111111114,48.875,34.048611111111114,14.9,0.0,5.4118055555555555,21.3,0.4,3.39375,0.7229166666666668,-7.70763888888889,228.6513888888889,26.916666666666668,-696.1527777777778,19217.708333333332,2667103.0,-697.0486111111111,-1110199,51.895833333333336,56.451388888888886,51.979166666666664,39.333333333333336,42.138888888888886,36.604166666666664,43.104166666666664,31.805555555555557,30.63888888888889,-3.2,69.4,13.568055555555555,1.2770833333333333,61.00694444444444,38.583333333333336,39.708333333333336,39.861111111111114,39.31944444444444,111.12291666666665,0.7513888888888889,50.0,398.6076388888889,396.86875,396.09236111111113,108.99861111111112,121.78472222222223,114.77430555555556,1428.7,-50.0,38.791666666666664,0.575,3.3958333333333335,39.94652777777778,-46.268055555555556,774.9,-975.3,18.15972222222222,119.00555555555555,1447.2,0.0,41.69236111111111,-306.7298611111111,0.0,-1000.0,62.545138888888886,306.7291666666667,1000.0,0.0,62.55486111111111,40.9375,241.36041666666668,T11,0.0,11.6,3.561111111111111,0.2813888888888889,0.0,11.7,3.5465277777777775,0.29888888888888887,19.0,31.0,25.21527777777778,1007.0,1011.0,1009.3055555555555,37.0,97.0,65.72222222222223,0.0,0.0,0.0,0.0,67.91666666666667,67.78472222222223,409.2638888888889,,0
2017-07-25 00:00:00+00:00,1475.2,0.0,736.620138888889,87.77083333333333,42.479166666666664,49.84027777777778,50.59027777777778,50.395833333333336,38.93055555555556,47.9375,50.05555555555556,32.708333333333336,13.0,0.0,6.39375,34.5,0.4,3.2534722222222223,0.7465277777777778,-1.7652777777777777,195.8201388888889,26.319444444444443,-756.1111111111111,6863.5,879457.0,-916.0416666666666,-796548,50.94444444444444,55.49305555555556,50.65277777777778,38.65972222222222,41.15277777777778,37.05555555555556,41.833333333333336,32.06944444444444,31.47222222222222,-3.8,89.7,11.947916666666666,2.6631944444444446,62.84027777777778,37.986111111111114,39.173611111111114,39.24305555555556,38.583333333333336,36.64861111111111,0.6340277777777779,50.00069444444445,398.9423611111111,397.1298611111111,396.10069444444446,62.35069444444444,72.4388888888889,66.30416666666666,509.9,-50.3,37.520833333333336,0.8479166666666667,3.2777777777777777,30.868055555555557,-33.171527777777776,611.3,-972.7,51.135416666666664,46.86736111111111,514.7,0.0,32.162499999999994,-197.44097222222223,0.0,-1000.0,124.77361111111112,197.44097222222223,1000.0,0.0,124.77361111111112,39.43055555555556,197.575,T11,0.4,8.3,3.470833333333333,0.2521527777777778,0.5,8.2,3.4006944444444445,0.27847222222222223,20.0,30.0,24.82638888888889,1004.0,1008.0,1005.9930555555555,46.0,100.0,70.59027777777777,0.0,1.0,0.006944444444444444,0.0,66.13888888888889,64.80555555555556,405.9375,,0
2017-07-26 00:00:00+00:00,1665.6,0.0,749.245138888889,170.08888888888887,44.52777777777778,49.31944444444444,49.9375,49.791666666666664,40.1875,48.38194444444444,50.96527777777778,33.25694444444444,14.8,0.0,6.495833333333334,37.6,0.4,3.5326388888888887,0.8131944444444446,5.247916666666667,199.54027777777776,26.3125,-817.2916666666666,13959.472222222223,1892472.0,-985.0694444444445,-877956,51.61805555555556,56.0,51.22222222222222,39.354166666666664,42.513888888888886,36.951388888888886,43.583333333333336,31.90972222222222,30.868055555555557,-3.1,89.7,11.954166666666667,4.643750000000001,62.49305555555556,38.69444444444444,39.77777777777778,39.923611111111114,39.44444444444444,78.84166666666667,0.6694444444444445,50.0,398.87291666666664,397.0625,396.7055555555555,92.04374999999999,100.90208333333334,95.16874999999999,1018.5,-51.1,39.55555555555556,1.5618055555555557,3.5381944444444446,38.31944444444444,-36.579861111111114,807.0,-1000.0,42.925,93.69166666666666,1198.5,0.0,42.44305555555556,-234.07916666666668,0.0,-1000.0,100.9986111111111,234.07916666666668,1000.0,0.0,100.9986111111111,39.86805555555556,194.28611111111113,T11,0.2,8.8,3.595138888888889,0.43451388888888887,0.0,8.9,3.4409722222222223,0.46090277777777783,19.0,33.0,24.79861111111111,1005.0,1007.0,1005.9930555555555,44.0,99.0,74.06944444444444,0.0,0.0,0.0,0.0,68.61111111111111,65.52777777777777,405.94444444444446,,0
2017-07-27 00:00:00+00:00,1662.1,0.0,864.25,115.12430555555557,48.770833333333336,55.576388888888886,56.34027777777778,56.173611111111114,41.625,50.40972222222222,53.3125,35.145833333333336,14.7,0.0,7.586805555555555,19.1,0.4,3.9368055555555554,0.7333333333333334,12.309722222222222,173.21249999999998,29.229166666666668,-689.2777777777778,18142.034722222223,2513193.0,-784.5486111111111,-1113122,54.59027777777778,59.02777777777778,54.208333333333336,40.90972222222222,44.38194444444444,38.59027777777778,45.291666666666664,34.9375,33.083333333333336,-3.1,89.7,8.734027777777778,3.0652777777777778,71.40972222222223,40.291666666666664,41.458333333333336,41.541666666666664,40.923611111111114,104.72083333333333,0.6791666666666667,49.99930555555555,398.68125,396.82500000000005,396.7326388888889,121.09027777777777,132.32777777777778,124.89930555555556,1015.7,-50.1,41.111111111111114,1.0604166666666666,3.925694444444444,37.31458333333333,-46.35486111111111,658.2,-949.8,52.53819444444444,114.93402777777777,1059.0,0.0,40.65208333333333,-381.50416666666666,0.0,-1000.0,92.72361111111111,381.50416666666666,1000.0,0.0,92.72361111111111,43.56944444444444,195.89930555555554,T11,0.2,9.4,3.834027777777778,0.37388888888888894,0.2,9.2,3.9756944444444446,0.3288888888888889,23.0,35.0,27.84027777777778,1005.0,1008.0,1006.2013888888889,40.0,76.0,57.375,0.0,0.0,0.0,0.0,73.45833333333333,76.15972222222223,406.13194444444446,,0
2017-07-28 00:00:00+00:00,1573.5,0.0,631.0680555555556,86.1263888888889,42.97222222222222,49.38194444444444,49.986111111111114,49.875,42.55555555555556,47.708333333333336,48.74305555555556,35.625,14.0,0.0,5.502777777777777,17.5,0.4,2.9402777777777778,0.6173611111111111,6.054166666666666,213.09305555555557,28.979166666666668,-667.8263888888889,6203.888888888889,797195.0,-784.7222222222222,-682260,53.625,57.84722222222222,53.22222222222222,40.520833333333336,43.80555555555556,38.90972222222222,44.611111111111114,34.55555555555556,33.291666666666664,-2.5,89.7,13.723611111111111,2.70625,61.34027777777778,39.798611111111114,40.986111111111114,41.09027777777778,40.770833333333336,33.22083333333333,0.6402777777777778,50.0,399.18680555555557,397.42083333333335,396.84305555555557,50.26111111111111,58.46458333333333,52.650000000000006,628.7,-52.2,40.27777777777778,0.7659722222222222,2.941666666666667,25.052083333333332,-28.45138888888889,593.3,-622.8,28.613194444444446,43.19236111111111,638.1,0.0,26.03402777777778,-169.32638888888889,0.0,-1000.0,92.63958333333333,169.32638888888889,1000.0,0.0,92.63958333333333,40.958333333333336,174.54097222222222,T11,0.0,8.6,3.2506944444444446,0.25062500000000004,0.0,8.4,3.2381944444444444,0.2536111111111111,23.0,33.0,27.319444444444443,1006.0,1008.0,1007.1597222222222,19.0,79.0,49.611111111111114,0.0,0.0,0.0,0.0,61.763888888888886,61.5625,407.11805555555554,,0
2017-07-29 00:00:00+00:00,1480.4,0.0,534.5895833333333,179.8548611111111,41.416666666666664,45.958333333333336,46.30555555555556,46.270833333333336,41.63194444444444,46.52777777777778,47.96527777777778,34.298611111111114,13.1,0.0,4.577777777777778,14.0,0.4,2.9166666666666665,0.6743055555555556,8.442361111111111,220.80902777777777,27.131944444444443,-1056.8055555555557,2497.5416666666665,207466.0,-1140.8125,-358115,51.56944444444444,55.833333333333336,51.06944444444444,39.048611111111114,42.18055555555556,37.416666666666664,43.09027777777778,32.423611111111114,31.625,-2.4,89.7,16.515972222222224,5.104166666666667,53.6875,38.173611111111114,39.270833333333336,39.46527777777778,39.3125,8.649305555555555,0.6437500000000002,49.99930555555555,399.1090277777778,397.20416666666665,396.13750000000005,29.11736111111111,35.16041666666667,32.635416666666664,602.2,-50.6,38.81944444444444,1.661111111111111,2.929861111111111,17.876388888888886,-14.934027777777779,533.4,-674.6,27.822916666666668,26.36111111111111,624.6,0.0,23.98611111111111,-72.48263888888889,0.0,-1000.0,66.46527777777777,72.48263888888889,1000.0,0.0,66.46527777777777,39.013888888888886,237.35347222222222,T11,0.6000000000000001,8.6,3.2472222222222222,0.26256944444444447,0.4,8.7,3.2020833333333334,0.2790972222222222,19.0,31.0,25.3125,1006.0,1009.0,1007.7916666666666,38.0,99.0,67.75694444444444,0.0,0.0,0.0,0.0,61.6875,60.75694444444444,407.74305555555554,,0
2017-07-30 00:00:00+00:00,1521.9,0.0,709.5805555555556,116.11736111111112,43.666666666666664,49.388888888888886,50.0625,49.86805555555556,41.083333333333336,47.375,49.354166666666664,33.416666666666664,13.5,0.0,6.231944444444444,20.9,0.4,3.1305555555555555,0.7166666666666667,-12.324305555555556,212.11111111111111,26.694444444444443,-805.7222222222222,5492.8125,674937.0,-972.6736111111111,-707219,51.625,56.06944444444444,51.048611111111114,39.298611111111114,42.458333333333336,37.173611111111114,43.50694444444444,32.513888888888886,31.458333333333332,-2.4,89.7,11.995138888888889,3.597916666666667,63.15277777777778,38.645833333333336,39.763888888888886,39.84027777777778,39.395833333333336,28.125,0.61875,49.99861111111111,399.34722222222223,397.3305555555555,396.37708333333336,58.82777777777778,66.89722222222223,61.81666666666667,481.4,-52.2,39.40277777777778,1.0444444444444445,3.152083333333333,28.15486111111111,-29.47291666666667,662.5,-927.5,58.821527777777774,41.087500000000006,488.4,0.0,30.470833333333335,-161.51666666666668,0.0,-1000.0,114.56736111111111,161.51666666666668,1000.0,0.0,114.56736111111111,39.30555555555556,259.4506944444445,T11,0.0,8.4,3.5618055555555554,0.26166666666666666,0.0,8.6,3.5631944444444446,0.31020833333333336,21.0,31.0,24.993055555555557,1003.0,1008.0,1005.1388888888889,48.0,98.0,69.65277777777777,0.0,0.0,0.0,0.0,67.95138888888889,67.99305555555556,405.09722222222223,,0
2017-07-31 00:00:00+00:00,1642.9,57.2,1113.3458333333333,88.17500000000001,47.951388888888886,57.326388888888886,58.4375,57.979166666666664,38.6875,49.729166666666664,54.208333333333336,30.958333333333332,14.6,0.0,9.845833333333333,38.1,0.4,4.343055555555555,1.0097222222222222,2.4631944444444445,223.0013888888889,24.70138888888889,-313.9375,22642.25,3215274.0,-370.1041666666667,-1676688,51.21527777777778,55.96527777777778,51.041666666666664,38.84027777777778,41.99305555555556,35.041666666666664,43.24305555555556,31.9375,29.493055555555557,-2.8,82.8,3.292361111111111,2.2201388888888887,78.72916666666667,38.361111111111114,39.50694444444444,39.520833333333336,38.25,133.96249999999998,0.7354166666666667,49.99861111111111,398.8201388888889,396.6701388888889,396.6625,140.63472222222222,156.92430555555555,144.4361111111111,884.4,-50.9,39.1875,0.788888888888889,4.392361111111111,73.86388888888888,-69.91319444444444,779.0,-970.5,51.06458333333333,140.10972222222222,893.9,0.0,74.05347222222223,-512.3506944444445,0.0,-1000.0,216.3638888888889,512.3506944444445,1000.0,0.0,216.3638888888889,40.80555555555556,223.04513888888889,T11,1.1,9.7,4.822222222222222,0.4349305555555556,1.1,9.9,4.851388888888889,0.49124999999999996,21.0,28.0,23.180555555555557,1002.0,1005.0,1003.6666666666666,35.0,96.0,75.83333333333333,0.0,0.0,0.0,0.0,93.18055555555556,93.84027777777777,403.6388888888889,,0
2017-08-01 00:00:00+00:00,1511.4,0.0,940.6611111111112,137.56180555555557,43.40972222222222,54.0,54.93055555555556,54.625,37.895833333333336,48.548611111111114,52.125,31.145833333333332,13.4,0.0,8.243749999999999,36.2,0.4,3.6944444444444446,0.83125,0.015277777777778013,240.0548611111111,24.1875,-580.7708333333334,11423.381944444445,1561334.0,-702.5347222222222,-1037487,49.888888888888886,54.53472222222222,49.61805555555556,38.36805555555556,41.513888888888886,34.333333333333336,42.80555555555556,30.729166666666668,28.40972222222222,-2.4,89.7,7.098611111111111,3.875,72.96527777777777,37.81944444444444,38.951388888888886,39.013888888888886,38.02777777777778,65.05763888888889,0.6381944444444445,49.99861111111111,398.6027777777778,396.65555555555557,396.3069444444444,95.94444444444444,106.47222222222223,99.62013888888889,548.7,-53.1,38.8125,1.2576388888888888,3.744444444444445,42.03541666666667,-43.12708333333333,736.4,-1000.0,74.85138888888889,76.15347222222222,552.9,0.0,43.78888888888889,-312.1361111111111,0.0,-1000.0,162.1375,312.1361111111111,1000.0,0.0,162.1375,39.65277777777778,240.03750000000002,T11,0.0,8.5,3.836111111111111,0.3943055555555556,0.0,8.6,3.877083333333333,0.4239583333333334,20.0,27.0,22.76388888888889,1004.0,1010.0,1006.5972222222222,40.0,91.0,69.22916666666667,0.0,0.0,0.0,0.0,73.5625,74.28472222222223,406.50694444444446,,0
2017-08-02 00:00:00+00:00,1676.8,0.0,587.2826388888889,47.87916666666667,42.798611111111114,46.111111111111114,46.63194444444444,46.49305555555556,37.36805555555556,45.923611111111114,47.263888888888886,33.52777777777778,14.9,0.0,5.018750000000001,20.9,0.4,3.40625,0.7222222222222222,-8.689583333333333,214.32638888888889,26.083333333333332,-600.3958333333334,23178.5625,3251255.0,-558.0208333333334,-1143677,51.041666666666664,55.5,51.0,38.61805555555556,41.048611111111114,35.77777777777778,42.00694444444444,30.555555555555557,29.90277777777778,-3.3,84.8,14.033333333333333,0.851388888888889,57.125,37.90972222222222,39.05555555555556,39.138888888888886,38.458333333333336,135.50486111111113,0.7986111111111112,49.99930555555555,398.9298611111111,397.02916666666664,396.3284722222222,125.94305555555555,138.0076388888889,130.65416666666667,1436.9,-50.0,37.701388888888886,0.4402777777777778,3.4006944444444445,45.212500000000006,-47.66458333333333,621.8,-999.5,14.104166666666666,140.98055555555555,1447.0,0.0,44.71319444444444,-332.4298611111111,0.0,-1000.0,41.25486111111111,332.4291666666667,1000.0,0.0,41.25833333333333,38.55555555555556,218.01527777777778,T11,0.0,10.2,3.4722222222222223,0.32430555555555557,0.0,10.2,3.4090277777777778,0.3464583333333333,19.0,32.0,24.65277777777778,1008.0,1010.0,1008.4791666666666,30.0,92.0,61.40972222222222,0.0,0.0,0.0,0.0,66.02777777777777,64.90277777777777,408.4583333333333,,0
2017-08-03 00:00:00+00:00,1590.1,0.0,529.2576388888889,93.01805555555556,43.736111111111114,46.708333333333336,47.173611111111114,47.09722222222222,39.736111111111114,46.59722222222222,47.263888888888886,35.25,14.1,0.0,4.502083333333333,19.0,0.4,2.9006944444444445,0.6430555555555556,-3.3062500000000004,231.76666666666668,28.48611111111111,-757.875,8038.583333333333,1048420.0,-732.4861111111111,-579329,51.77777777777778,55.99305555555556,51.541666666666664,40.0625,42.55555555555556,37.69444444444444,43.4375,32.84722222222222,31.75,-2.9,89.7,15.425694444444446,2.3881944444444447,55.986111111111114,39.24305555555556,40.34027777777778,40.451388888888886,40.18055555555556,43.693749999999994,0.7270833333333333,49.99930555555555,399.2319444444445,397.3277777777778,396.5569444444444,51.80347222222222,60.47152777777777,55.574305555555554,578.7,-50.9,39.09722222222222,0.8715277777777778,2.9055555555555554,22.064583333333335,-24.143749999999997,543.4,-830.3,15.938194444444443,52.88958333333333,589.1,0.0,23.404166666666665,-191.04652777777778,0.0,-1000.0,62.52291666666666,191.04652777777778,1000.0,0.0,62.52291666666666,39.861111111111114,265.09375,T11,0.0,8.2,2.9986111111111113,0.2495138888888889,0.0,8.5,2.9868055555555557,0.2689583333333333,21.0,33.0,26.76388888888889,1006.0,1010.0,1008.5416666666666,23.0,91.0,55.99305555555556,0.0,0.0,0.0,0.0,56.65972222222222,56.513888888888886,408.49305555555554,,0
2017-08-04 00:00:00+00:00,1439.2,0.0,332.21805555555557,105.14027777777778,42.22222222222222,44.625,44.951388888888886,44.9375,44.138888888888886,46.0625,46.0625,37.486111111111114,12.7,0.0,2.6576388888888887,18.4,0.4,2.4118055555555555,0.5541666666666667,7.023611111111111,227.7263888888889,32.19444444444444,-1153.388888888889,1169.1805555555557,2277.0,-1441.5972222222222,-309212,55.11805555555556,59.291666666666664,54.34722222222222,41.388888888888886,45.173611111111114,41.0,45.88194444444444,36.201388888888886,35.40277777777778,-2.4,89.7,20.03611111111111,2.982638888888889,51.65972222222222,40.479166666666664,41.625,41.875,42.173611111111114,0.08819444444444431,0.6131944444444445,49.99861111111111,398.9770833333333,397.34166666666664,396.03125,18.44097222222222,22.85763888888889,21.379166666666666,348.5,-50.4,41.49305555555556,0.9784722222222223,2.413888888888889,10.345833333333333,-12.848611111111111,618.1,-697.6,14.131944444444445,12.995138888888889,445.6,0.0,13.195833333333333,-35.65625,0.0,-1000.0,34.63055555555556,35.65625,1000.0,0.0,34.63055555555556,40.3125,198.19722222222222,T11,0.0,7.4,2.8069444444444445,0.18381944444444442,0.0,7.5,2.7784722222222222,0.19215277777777778,22.0,38.0,30.29861111111111,1005.0,1008.0,1006.1944444444445,17.0,77.0,41.1875,0.0,0.0,0.0,0.0,52.701388888888886,52.15972222222222,406.13194444444446,,0
2017-08-05 00:00:00+00:00,1441.0,0.0,420.7993055555555,101.37083333333334,44.645833333333336,47.75,48.138888888888886,48.104166666666664,46.13194444444444,48.916666666666664,49.31944444444444,39.125,12.7,0.0,3.5069444444444446,20.8,0.4,2.6416666666666666,0.5729166666666666,-1.3354166666666663,189.4076388888889,33.263888888888886,-1101.0694444444443,1581.4027777777778,69167.0,-1353.8194444444443,-366078,57.19444444444444,61.15277777777778,56.0,42.888888888888886,46.770833333333336,42.201388888888886,47.38194444444444,37.61805555555556,36.763888888888886,-2.4,89.8,19.047222222222224,2.9534722222222225,55.104166666666664,42.013888888888886,43.201388888888886,43.31944444444444,43.791666666666664,2.8791666666666664,0.5909722222222222,49.99861111111111,398.6486111111111,396.88125,395.5541666666667,25.65625,30.72361111111111,28.62847222222222,334.3,-50.5,43.19444444444444,0.9444444444444444,2.6319444444444446,11.430555555555555,-15.262500000000001,513.1,-690.9,22.5625,19.411805555555556,447.5,0.0,16.665277777777778,-47.27430555555556,0.0,-1000.0,39.18611111111111,47.27430555555556,1000.0,0.0,39.18611111111111,42.958333333333336,185.7472222222222,T11,0.0,8.9,3.004861111111111,0.28125,0.0,8.5,2.9972222222222222,0.2808333333333333,27.0,38.0,31.34027777777778,1004.0,1007.0,1005.6944444444445,21.0,50.0,35.041666666666664,0.0,0.0,0.0,0.0,56.833333333333336,56.673611111111114,405.6458333333333,,0
2017-08-06 00:00:00+00:00,1487.2,0.0,372.09513888888887,66.87569444444445,43.513888888888886,46.138888888888886,46.52777777777778,46.520833333333336,44.923611111111114,47.625,48.00694444444444,37.96527777777778,13.2,0.0,3.0743055555555556,19.5,0.4,2.647222222222222,0.60625,1.2368055555555553,215.0326388888889,31.743055555555557,-1028.8819444444443,3733.7361111111113,389500.0,-1324.375,-539324,55.923611111111114,59.93055555555556,54.736111111111114,41.93055555555556,45.201388888888886,41.736111111111114,45.65972222222222,36.21527777777778,35.826388888888886,-2.7,89.7,20.884027777777778,2.240277777777778,53.43055555555556,41.00694444444444,42.166666666666664,42.34027777777778,42.53472222222222,16.226388888888888,0.6180555555555557,50.0,398.87083333333334,397.04791666666665,395.24375,31.24236111111111,38.66458333333333,34.150000000000006,499.1,-49.5,41.423611111111114,0.6236111111111111,2.6576388888888887,13.220833333333333,-22.455555555555556,806.5,-787.7,12.681944444444445,28.35486111111111,620.4,0.0,17.36111111111111,-98.14305555555556,0.0,-1000.0,41.170833333333334,98.14305555555556,1000.0,0.0,41.170833333333334,41.50694444444444,216.30347222222224,T11,0.0,8.6,3.0006944444444446,0.30180555555555555,0.0,8.4,3.0083333333333333,0.2888888888888889,23.0,36.0,30.09027777777778,1005.0,1007.0,1005.8958333333334,26.0,79.0,43.3125,0.0,0.0,0.0,0.0,56.61805555555556,56.88194444444444,405.88194444444446,,0
2017-08-07 00:00:00+00:00,1765.2,0.0,915.1993055555556,152.24027777777778,54.80555555555556,61.18055555555556,61.875,61.701388888888886,44.326388888888886,52.31944444444444,55.81944444444444,37.34722222222222,15.5,0.0,8.085416666666667,26.3,0.4,4.40625,0.9284722222222224,8.192361111111111,194.9798611111111,31.01388888888889,-759.1666666666666,26938.01388888889,3769753.0,-718.2222222222222,-1232393,58.72222222222222,63.28472222222222,58.40277777777778,43.00694444444444,45.93055555555556,40.111111111111114,46.81944444444444,37.59722222222222,34.708333333333336,-3.0,89.7,16.52777777777778,4.700694444444444,73.63888888888889,42.451388888888886,43.583333333333336,43.673611111111114,43.15277777777778,157.07083333333333,0.7715277777777778,49.99930555555555,399.04791666666665,396.93819444444443,396.71527777777777,155.6236111111111,168.26944444444445,159.92083333333332,2101.6,-52.1,42.229166666666664,1.3631944444444446,4.363194444444444,70.75347222222223,-51.359027777777776,831.3,-999.9,38.6125,180.53333333333333,2000.0,0.0,76.70416666666667,-395.8277777777778,0.0,-1000.0,130.52777777777777,393.38472222222225,1000.0,0.0,130.99583333333334,48.423611111111114,196.78611111111113,T11,0.5,14.1,4.522916666666666,0.731875,0.2,13.0,4.643750000000001,0.6250694444444445,25.0,37.0,29.729166666666668,1004.0,1008.0,1005.7708333333334,16.0,75.0,45.18055555555556,0.0,0.0,0.0,0.0,87.24305555555556,89.625,405.71527777777777,,0
2017-08-08 00:00:00+00:00,1691.6,48.2,1166.0111111111112,93.23541666666667,55.513888888888886,63.520833333333336,64.47916666666667,64.15277777777777,41.6875,51.21527777777778,56.798611111111114,35.06944444444444,15.0,0.0,10.3125,37.1,0.4,5.145138888888889,0.9437500000000001,-0.7597222222222222,310.28263888888887,28.29861111111111,-347.0833333333333,51745.791666666664,7401419.0,-392.0625,-1912884,60.125,65.20138888888889,59.96527777777778,42.25,44.798611111111114,36.99305555555556,45.43055555555556,35.65972222222222,31.51388888888889,-3.3,71.0,3.561111111111111,1.9868055555555557,80.23611111111111,42.041666666666664,43.138888888888886,43.208333333333336,41.923611111111114,308.32916666666665,0.7729166666666667,49.99930555555555,399.00694444444446,396.6770833333333,396.90972222222223,277.88958333333335,297.23125000000005,283.12916666666666,1856.7,-50.1,41.583333333333336,0.8381944444444445,5.127083333333333,82.24444444444445,-79.72222222222223,629.6,-799.5,35.111111111111114,313.84513888888887,1895.3,0.0,82.71805555555555,-567.3347222222222,0.0,-1000.0,88.93263888888889,566.911111111111,1000.0,0.0,90.64166666666667,49.43055555555556,311.0541666666667,T11,1.0,13.1,5.304861111111111,0.429375,1.0,12.9,5.289583333333334,0.43083333333333335,22.0,32.0,26.833333333333332,1005.0,1008.0,1006.4097222222222,14.0,67.0,39.326388888888886,0.0,0.0,0.0,0.0,102.91666666666667,102.67361111111111,406.30555555555554,,0
2017-08-09 00:00:00+00:00,1658.9,0.0,860.7145833333333,96.0,41.68055555555556,51.80555555555556,52.736111111111114,52.40277777777778,36.513888888888886,48.854166666666664,51.65972222222222,30.27777777777778,14.7,0.0,7.570138888888888,36.1,0.4,3.9402777777777778,0.8506944444444444,9.268055555555556,267.25694444444446,23.506944444444443,-679.6527777777778,19554.9375,2718041.0,-756.9861111111111,-1192589,50.479166666666664,55.34722222222222,50.52777777777778,37.81944444444444,41.00694444444444,33.5625,42.34722222222222,29.756944444444443,27.368055555555557,-3.0,89.7,8.955555555555556,2.220833333333333,70.00694444444444,37.201388888888886,38.3125,38.354166666666664,37.388888888888886,113.22430555555555,0.7125,50.00069444444445,399.1020833333333,396.9263888888889,396.79097222222225,118.86597222222223,131.68958333333333,122.07638888888889,1068.5,-50.1,38.49305555555556,0.8743055555555556,3.96875,55.63055555555556,-49.65972222222222,584.8,-703.8,29.318055555555556,122.8423611111111,1084.1,0.0,57.59861111111112,-382.15833333333336,0.0,-1000.0,113.9048611111111,382.15833333333336,1000.0,0.0,113.9048611111111,43.416666666666664,257.9847222222222,T11,0.6000000000000001,10.0,4.409027777777777,0.3385416666666667,0.0,10.2,4.442361111111111,0.35270833333333335,20.0,24.0,21.82638888888889,1007.0,1009.0,1008.0347222222222,47.0,78.0,63.93055555555556,0.0,0.0,0.0,0.0,84.97916666666667,85.54166666666667,407.9791666666667,,0
2017-08-10 00:00:00+00:00,1815.2,0.0,1345.0791666666667,90.51388888888889,57.47222222222222,74.70138888888889,75.27083333333333,74.79166666666667,40.0625,52.1875,59.548611111111114,31.868055555555557,15.8,0.0,11.886805555555556,43.8,0.4,7.128472222222222,1.4409722222222223,0.01875000000000016,147.38888888888889,24.51388888888889,-214.4375,129011.04861111111,18546716.0,-249.73611111111111,-3172029,61.36805555555556,68.95138888888889,62.986111111111114,43.22222222222222,44.59027777777778,33.486111111111114,46.236111111111114,36.145833333333336,27.11111111111111,-3.3,83.5,2.1319444444444446,2.526388888888889,91.19444444444444,43.291666666666664,44.40277777777778,44.25,41.729166666666664,772.79375,0.8430555555555556,50.0,398.76458333333335,396.30833333333334,397.1645833333333,671.2034722222222,694.9243055555556,676.1604166666667,2106.8,-52.5,44.02777777777778,0.8236111111111112,7.025,142.5388888888889,-132.16319444444446,698.0,-997.4,57.420138888888886,776.4486111111112,2000.0,0.0,142.7625,-695.4888888888888,0.0,-1000.0,128.86458333333334,639.7229166666667,1000.0,0.0,144.3638888888889,54.229166666666664,147.3736111111111,T11,0.3,20.8,7.605555555555556,1.636111111111111,0.2,18.3,7.374305555555556,0.9563194444444445,20.0,29.0,23.28472222222222,1008.0,1011.0,1009.2291666666666,54.0,93.0,77.05555555555556,0.0,0.0,0.0,0.0,149.02083333333334,144.3125,409.18055555555554,,0
2017-08-11 00:00:00+00:00,1825.5,1228.2,1641.0916666666667,35.74930555555555,78.52777777777777,103.35416666666667,103.35416666666667,102.89583333333333,47.208333333333336,57.43055555555556,67.5,35.541666666666664,16.1,10.9,14.536805555555556,39.8,0.5,10.559027777777779,1.9812500000000002,0.19097222222222224,90.38611111111112,26.20138888888889,0.0,254846.48611111112,36697894.0,0.0,-4878598,79.10416666666667,91.11805555555556,83.77083333333333,49.27777777777778,49.61805555555556,34.3125,50.34027777777778,45.083333333333336,28.6875,-3.2,14.8,1.0333333333333334,1.7326388888888888,109.97916666666667,49.99305555555556,51.111111111111114,50.638888888888886,46.52777777777778,1529.101388888889,0.9944444444444444,50.0,399.53819444444446,396.9347222222222,399.30625,1282.461111111111,1308.0868055555557,1277.1305555555555,2107.2,145.3,50.00694444444444,0.3048611111111111,10.360416666666667,197.03055555555557,-203.27430555555554,-138.1,-243.7,3.3687500000000004,1526.7069444444444,2000.0,142.8,195.50486111111113,-839.0916666666667,-583.3,-1000.0,91.41944444444444,711.4368055555556,1000.0,406.1,115.64097222222222,70.11111111111111,90.19722222222222,T11,3.7,22.7,12.083333333333334,4.192986111111111,3.8,20.3,12.604166666666666,1.3972222222222221,23.0,29.0,25.15277777777778,1007.0,1011.0,1008.7638888888889,44.0,85.0,67.1875,0.0,0.0,0.0,0.0,238.6875,249.09722222222223,408.71527777777777,,0
2017-08-12 00:00:00+00:00,1830.1,1211.9,1624.2687500000002,43.954166666666666,78.11805555555556,100.15277777777777,100.11111111111111,99.82638888888889,44.4375,55.611111111111114,66.06944444444444,35.888888888888886,16.0,10.7,14.395833333333334,37.4,0.5,10.456944444444444,2.0277777777777777,-0.22499999999999995,92.96805555555555,26.131944444444443,-2.6666666666666665,237913.39583333334,34259145.0,-2.4375,-4766136,79.31944444444444,90.8125,83.47222222222223,48.59722222222222,49.229166666666664,34.15972222222222,50.104166666666664,43.833333333333336,28.52777777777778,-3.3,17.0,1.498611111111111,1.9569444444444446,108.43055555555556,49.263888888888886,50.40277777777778,50.041666666666664,46.104166666666664,1427.4618055555557,0.9868055555555555,50.0,399.4555555555555,396.9263888888889,399.4916666666667,1201.9076388888889,1222.7555555555555,1191.4368055555556,2110.1,-50.4,49.354166666666664,0.3770833333333334,10.219444444444443,181.07569444444445,-198.58402777777778,9.1,-225.6,3.8020833333333335,1425.263888888889,2000.0,0.0,179.93402777777777,-829.0631944444444,0.0,-1000.0,83.04236111111112,725.4090277777777,1000.0,0.0,99.91805555555555,65.89583333333333,93.19236111111111,T11,2.7,23.5,12.522222222222222,4.042083333333334,2.3,21.0,12.950694444444444,1.4827083333333333,22.0,29.0,25.11111111111111,1007.0,1009.0,1008.4236111111111,41.0,74.0,59.84027777777778,0.0,0.0,0.0,0.0,247.43055555555554,256.1736111111111,408.36805555555554,,0
2017-08-13 00:00:00+00:00,1813.2,1223.3,1632.875,43.84375,77.34027777777777,98.34722222222223,98.34027777777777,98.02777777777777,45.72222222222222,54.861111111111114,65.79861111111111,35.458333333333336,16.0,10.8,14.46388888888889,38.1,0.6000000000000001,10.102083333333333,2.0395833333333333,-0.21180555555555555,94.1625,26.22222222222222,0.0,238980.75,34413228.0,0.0,-4873745,77.82638888888889,89.08333333333333,81.98611111111111,48.15277777777778,48.611111111111114,34.40277777777778,49.263888888888886,43.729166666666664,28.666666666666668,-3.4,15.2,0.1986111111111111,1.7048611111111112,106.54166666666667,48.84027777777778,50.00694444444444,49.638888888888886,45.68055555555556,1433.8375,0.9930555555555556,50.00069444444445,399.6986111111111,397.18680555555557,399.66875000000005,1205.9083333333333,1227.4909722222224,1196.1513888888887,2109.9,-7.2,48.125,0.3840277777777778,9.868055555555555,250.8125,-203.07430555555555,0.9,-230.7,3.6180555555555554,1431.1236111111111,2000.0,0.0,249.19166666666666,-870.1243055555556,0.0,-1000.0,101.75833333333334,763.9763888888889,1000.0,0.0,139.82777777777778,59.583333333333336,94.36250000000001,T11,4.8,22.7,12.586805555555555,4.295555555555556,6.4,20.3,12.929166666666667,1.5138194444444446,23.0,29.0,25.006944444444443,1004.0,1009.0,1006.1319444444445,51.0,77.0,66.47222222222223,0.0,0.0,0.0,0.0,248.8125,255.73611111111111,406.09722222222223,,0
2017-08-14 00:00:00+00:00,1804.0,1229.4,1628.1319444444443,52.02152777777778,74.74305555555556,94.95138888888889,95.05555555555556,94.61805555555556,45.145833333333336,54.18055555555556,65.36805555555556,35.50694444444444,15.9,10.9,14.415972222222223,37.3,0.5,9.693750000000001,2.0145833333333334,-1.2409722222222221,97.13958333333333,26.82638888888889,0.0,226014.97916666666,32546157.0,0.0,-4800249,74.45138888888889,84.97916666666667,78.65972222222223,47.53472222222222,48.15277777777778,34.81944444444444,48.645833333333336,43.520833333333336,29.07638888888889,-3.2,11.9,-0.7479166666666667,1.3840277777777779,104.0625,48.229166666666664,49.326388888888886,49.02777777777778,45.270833333333336,1356.1756944444444,0.9965277777777778,50.0,399.2555555555556,396.9034722222222,398.88750000000005,1139.84375,1163.5,1136.9645833333334,2108.5,129.5,47.076388888888886,0.4583333333333333,9.430555555555555,299.6638888888889,-200.00833333333333,-138.3,-229.2,3.7819444444444446,1353.507638888889,2000.0,124.8,297.57222222222225,-913.3208333333334,-583.3,-1000.0,103.46666666666667,816.8395833333333,1000.0,406.1,150.89444444444445,56.888888888888886,98.37916666666666,T11,4.0,19.6,11.575182481751824,3.258102189781022,5.0,17.1,11.428467153284672,1.2232846715328467,10.0,29.0,25.54014598540146,1004.0,1008.0,1005.2481751824818,0.0,78.0,65.84057971014492,0.0,0.0,0.0,1.0,228.2246376811594,225.78985507246378,405.1811594202899,,0
2017-08-15 00:00:00+00:00,1695.6,0.0,1176.1819444444445,112.55347222222223,51.263888888888886,64.97916666666667,65.98611111111111,65.64583333333333,40.00694444444444,52.138888888888886,57.38194444444444,34.44444444444444,15.0,0.0,10.400694444444445,21.3,0.4,5.293749999999999,0.9597222222222224,-0.12013888888888892,161.48680555555555,27.458333333333332,-457.24305555555554,51734.006944444445,7383858.0,-451.9166666666667,-2062512,57.24305555555556,63.27777777777778,59.06944444444444,41.0,44.65277777777778,37.0,45.1875,34.791666666666664,31.305555555555557,-3.2,89.7,3.21875,2.4770833333333333,84.45138888888889,40.75694444444444,41.86805555555556,41.854166666666664,40.548611111111114,307.6451388888889,0.8256944444444445,49.99791666666667,399.06458333333336,396.7576388888889,396.7923611111111,272.16041666666666,294.8909722222222,279.8833333333333,1739.6,-50.2,41.229166666666664,1.0076388888888888,5.222916666666666,79.25694444444444,-85.96458333333334,669.8,-808.1,24.125694444444445,315.36875,1759.9,0.0,80.7201388888889,-623.0631944444444,0.0,-1000.0,101.08125000000001,622.2993055555556,1000.0,0.0,103.39583333333333,45.65972222222222,159.10277777777776,T11,0.3,15.3,5.715277777777778,1.0247222222222223,0.4,14.1,6.095138888888889,0.5044444444444445,23.0,31.0,26.04861111111111,1007.0,1010.0,1008.6041666666666,52.0,86.0,71.25,0.0,0.0,0.0,0.0,111.07638888888889,118.70833333333333,408.5138888888889,,0
2017-08-16 00:00:00+00:00,1584.8,0.0,484.80902777777777,45.80763888888889,40.38194444444444,46.02777777777778,46.541666666666664,46.4375,41.486111111111114,46.65972222222222,47.354166666666664,36.4375,14.0,0.0,4.069444444444445,17.2,0.4,2.915277777777778,0.6166666666666667,-20.506944444444443,240.46875,29.47222222222222,-723.3958333333334,10011.25,1337453.0,-764.0972222222222,-705439,53.388888888888886,57.50694444444444,52.84027777777778,40.729166666666664,43.43055555555556,38.395833333333336,44.09722222222222,33.888888888888886,32.798611111111114,-2.8,89.7,16.127083333333335,1.0215277777777778,56.5625,39.88194444444444,41.0,41.083333333333336,40.97222222222222,55.72083333333333,0.7395833333333335,50.00069444444445,398.8284722222222,397.0083333333333,396.1715277777778,58.39513888888889,67.51597222222222,62.27916666666667,641.8,-50.0,39.673611111111114,0.38749999999999996,2.926388888888889,21.80138888888889,-29.387500000000003,308.0,-480.9,8.648611111111112,63.11319444444444,664.2,0.0,22.252083333333335,-228.50069444444443,0.0,-1000.0,46.1875,228.50069444444443,1000.0,0.0,46.1875,39.97222222222222,260.9736111111111,T11,0.0,9.0,3.0777777777777775,0.1971527777777778,0.0,9.2,3.0506944444444444,0.20791666666666667,23.0,34.0,27.881944444444443,1008.0,1011.0,1009.6388888888889,16.0,80.0,48.4375,0.0,0.0,0.0,0.0,58.06944444444444,57.65277777777778,409.56944444444446,,0
2017-08-17 00:00:00+00:00,1766.9,0.0,1084.563829787234,111.03333333333333,50.50714285714286,62.98581560283688,63.695035460992905,63.47517730496454,40.9645390070922,50.687943262411345,56.326241134751776,35.46099290780142,15.6,0.0,9.594326241134752,30.3,0.4,5.504255319148936,1.000709219858156,7.419148936170212,106.62624113475177,28.56737588652482,-421.4113475177305,63878.51063829787,8947449.0,-510.8510638297872,-1987442,60.163120567375884,65.43262411347517,60.191489361702125,42.54609929078014,44.91489361702128,37.05673758865248,45.808510638297875,35.97163120567376,31.25531914893617,-3.4,90.0,9.417021276595744,2.884397163120567,77.31914893617021,42.212765957446805,43.340425531914896,43.340425531914896,42.12765957446808,381.20354609929075,0.7578571428571429,49.99787234042553,399.0333333333333,396.88652482269504,397.16028368794326,345.02127659574467,361.2411347517731,350.2106382978723,2101.4,-49.2,42.0354609929078,0.9829787234042553,5.360283687943262,104.34751773049645,-84.74397163120567,547.4,-737.9,41.721985815602835,402.38510638297873,2000.0,0.0,109.94255319148935,-532.8241134751772,0.0,-1000.0,67.23829787234042,523.2496453900709,1000.0,0.0,73.33475177304965,49.54609929078014,129.84113475177304,T11,0.5,17.5,5.778472222222223,1.1872222222222222,0.6000000000000001,16.0,5.748611111111111,0.6811805555555556,22.0,33.0,27.3125,1007.0,1010.0,1008.3611111111111,32.0,84.0,61.104166666666664,0.0,0.0,0.0,0.0,112.42361111111111,111.78472222222223,408.31944444444446,,0
2017-08-18 00:00:00+00:00,1745.9,0.0,1309.2666666666667,79.98124999999999,52.486111111111114,70.95138888888889,71.81944444444444,71.54861111111111,40.09027777777778,53.52777777777778,60.27777777777778,35.99305555555556,15.4,0.0,11.540277777777778,24.6,0.4,6.209722222222222,1.13125,-0.7881944444444446,122.03333333333333,28.944444444444443,-309.74305555555554,83992.32638888889,12050291.0,-297.96527777777777,-2814235,65.11805555555556,71.04861111111111,66.24305555555556,43.69444444444444,45.479166666666664,37.1875,45.520833333333336,36.75694444444444,31.48611111111111,-3.4,62.1,1.3708333333333333,0.8958333333333334,88.13888888888889,43.520833333333336,44.673611111111114,44.5625,42.96527777777778,502.0416666666667,0.8881944444444445,50.0,398.8277777777778,396.71736111111113,397.1222222222222,432.74375,455.73125000000005,439.46805555555557,2098.0,-50.0,41.74305555555556,0.7069444444444444,6.097222222222222,124.2784722222222,-117.25069444444443,633.4,-997.8,19.12291666666667,505.28125,2000.0,0.0,124.28888888888888,-771.0291666666667,0.0,-1000.0,79.38194444444444,765.5902777777778,1000.0,0.0,85.18055555555556,56.145833333333336,125.31597222222223,T11,0.2,15.6,5.883333333333334,1.3979861111111112,0.0,13.5,6.5875,0.6299305555555557,24.0,34.0,27.833333333333332,1005.0,1009.0,1007.3402777777778,40.0,81.0,65.08333333333333,0.0,0.0,0.0,0.0,114.52777777777777,128.59722222222223,407.28472222222223,,0
2017-08-19 00:00:00+00:00,1826.9,0.0,821.2291666666666,79.30208333333333,47.46527777777778,59.916666666666664,60.173611111111114,60.00694444444444,42.958333333333336,49.625,53.326388888888886,36.708333333333336,16.0,0.0,7.11388888888889,28.4,0.4,4.986805555555556,0.9513888888888888,11.100694444444445,126.69652777777777,29.6875,-574.7291666666666,72262.29861111111,10323009.0,-812.3680555555555,-1818202,61.111111111111114,66.83333333333333,61.236111111111114,43.833333333333336,45.395833333333336,38.0,46.236111111111114,37.11805555555556,32.34722222222222,-3.4,86.3,11.67361111111111,1.8145833333333334,69.02777777777777,43.361111111111114,44.479166666666664,44.50694444444444,43.423611111111114,430.1534722222222,0.7388888888888889,50.00069444444445,399.1277777777778,397.0756944444445,396.5173611111111,371.8354166666667,387.2673611111111,376.7319444444445,2102.7,-50.0,42.68055555555556,0.7020833333333333,4.909027777777777,73.8125,-75.76805555555556,462.5,-986.0,15.329166666666667,437.05625,2000.0,0.0,75.89513888888888,-393.97083333333336,0.0,-1000.0,48.20972222222222,367.43125,1000.0,0.0,49.07013888888889,48.361111111111114,165.5861111111111,T11,0.0,17.6,4.666666666666667,1.2755555555555556,0.0,18.3,5.043749999999999,0.7219444444444444,24.0,34.0,28.34027777777778,1005.0,1007.0,1006.4305555555555,34.0,74.0,54.24305555555556,0.0,0.0,0.0,0.0,90.0,97.69444444444444,406.3611111111111,,0
2017-08-20 00:00:00+00:00,1798.1,0.0,1362.8326388888888,46.46180555555556,66.69444444444444,90.67361111111111,90.79861111111111,90.67361111111111,45.666666666666664,55.18055555555556,64.17361111111111,36.923611111111114,15.9,0.0,12.033333333333333,38.3,0.9,10.120833333333334,2.054861111111111,-0.5673611111111111,103.77708333333334,28.25,-534.875,193067.56944444444,27724708.0,-459.2708333333333,-3968235,76.81944444444444,86.96527777777777,80.38888888888889,48.05555555555556,49.201388888888886,36.361111111111114,49.583333333333336,44.09027777777778,30.395833333333332,-3.2,89.8,15.211805555555555,1.9819444444444447,98.94444444444444,48.13194444444444,49.3125,49.0,46.03472222222222,1155.2215277777777,0.9493055555555555,50.0,399.80625,397.0444444444445,399.2868055555556,974.7680555555556,997.9604166666666,971.7618055555556,2104.0,-44.8,47.923611111111114,0.3826388888888889,9.833333333333334,194.50347222222223,-165.34861111111113,3.9,-251.4,4.6305555555555555,1420.3520833333334,2000.0,46.5,263.8333333333333,-719.6972222222222,0.0,-1000.0,90.22708333333334,631.9993055555556,1000.0,0.0,113.54513888888889,66.3125,104.34791666666666,T11,4.3,20.3,11.690972222222221,2.2735416666666666,5.0,17.6,10.98125,1.3211111111111111,25.0,31.0,27.15972222222222,1006.0,1008.0,1007.125,49.0,80.0,65.8125,0.0,0.0,0.0,0.0,230.84722222222223,216.67361111111111,407.0625,,0
2017-08-21 00:00:00+00:00,1805.7,1173.2,1626.9333333333334,55.581944444444446,77.29166666666667,97.08333333333333,97.38888888888889,97.05555555555556,46.520833333333336,54.986111111111114,65.79861111111111,36.65277777777778,15.9,10.4,14.410416666666666,39.6,0.6000000000000001,9.709722222222222,2.0034722222222223,-0.7666666666666667,109.52222222222223,27.8125,0.0,218725.36805555556,31496453.0,0.0,-4714141,76.07638888888889,86.79861111111111,80.14583333333333,48.88194444444444,49.729166666666664,35.875,50.208333333333336,45.22222222222222,30.055555555555557,-3.2,13.0,-0.32152777777777775,1.55625,107.89583333333333,49.201388888888886,50.333333333333336,49.986111111111114,46.520833333333336,1312.3993055555557,0.9888888888888889,49.99861111111111,399.5152777777778,396.8527777777778,399.1958333333333,1103.396527777778,1128.9250000000002,1096.88125,2104.0,37.3,48.875,0.4895833333333333,9.365972222222222,262.1354166666667,-196.42013888888889,-131.8,-234.4,4.000694444444445,1308.8895833333333,2000.0,21.4,261.3638888888889,-894.2680555555556,-105.0,-1000.0,102.81319444444445,798.8534722222222,1000.0,105.0,138.80208333333334,66.02083333333333,110.28194444444445,T11,2.9,17.5,10.382638888888888,2.0331944444444443,3.4,16.3,9.96736111111111,1.4778472222222223,24.0,31.0,26.770833333333332,1006.0,1008.0,1007.3888888888889,46.0,78.0,64.29861111111111,0.0,0.0,0.0,0.0,204.66666666666666,196.34027777777777,407.3333333333333,,0
2017-08-22 00:00:00+00:00,1718.7,5.7,1510.2708333333333,75.30486111111111,63.3125,76.11805555555556,76.85416666666667,76.47222222222223,38.361111111111114,53.47222222222222,62.36805555555556,35.28472222222222,15.2,0.0,13.374305555555557,45.8,0.5,7.543055555555556,1.3430555555555557,-0.5486111111111112,95.61597222222223,27.944444444444443,-49.041666666666664,126989.69444444444,18279455.0,-42.49305555555556,-3949899,66.52777777777777,73.52083333333333,68.26388888888889,44.270833333333336,45.826388888888886,35.423611111111114,46.541666666666664,37.99305555555556,29.770833333333332,-3.2,86.2,-1.2270833333333335,1.1159722222222224,95.20138888888889,44.19444444444444,45.3125,45.138888888888886,42.88194444444444,761.6666666666666,0.9319444444444444,50.0,398.7604166666667,396.2236111111111,397.72013888888887,650.8652777777778,675.2694444444445,649.6479166666667,2098.2,-50.0,43.36805555555556,0.66875,7.313888888888889,174.4263888888889,-164.57638888888889,8.6,-275.0,9.302777777777777,765.6097222222222,2000.0,0.0,172.09583333333333,-915.7368055555556,0.0,-1000.0,59.412499999999994,893.0423611111112,1000.0,0.0,83.80000000000001,52.74305555555556,96.17361111111111,T11,3.0,16.0,8.635416666666666,1.9599305555555557,3.7,14.1,8.933333333333334,0.6060416666666666,23.0,32.0,26.708333333333332,1005.0,1009.0,1007.5277777777778,31.0,78.0,56.18055555555556,0.0,0.0,0.0,0.0,169.61111111111111,175.80555555555554,407.47222222222223,,0
2017-08-23 00:00:00+00:00,1709.7,0.0,1263.072222222222,95.76944444444445,60.72222222222222,68.57638888888889,69.61805555555556,69.3125,39.166666666666664,53.125,59.701388888888886,36.21527777777778,15.1,0.0,11.165972222222223,34.5,0.4,6.106944444444444,1.0597222222222222,3.3229166666666665,111.725,28.79861111111111,-357.0625,74318.99305555556,10650517.0,-371.09722222222223,-2510950,63.076388888888886,68.81944444444444,64.36111111111111,42.736111111111114,45.111111111111114,36.53472222222222,45.09722222222222,36.36805555555556,30.930555555555557,-3.7,89.7,2.4583333333333335,1.0256944444444445,86.04861111111111,42.43055555555556,43.5625,43.53472222222222,42.06944444444444,443.75347222222223,0.9055555555555556,50.0,399.00625,396.76250000000005,397.0777777777778,376.91875000000005,401.4125,385.75694444444446,1605.3,-50.8,41.0,0.8583333333333334,5.963888888888889,110.74305555555556,-104.62222222222222,172.0,-204.9,8.159722222222221,448.1986111111111,1633.8,0.0,112.46944444444445,-789.3930555555556,0.0,-1000.0,47.636805555555554,789.1444444444445,1000.0,0.0,48.331944444444446,49.52777777777778,120.89722222222223,T11,0.2,12.3,5.785416666666666,1.2124305555555557,0.0,11.1,6.330555555555556,0.4697916666666667,24.0,34.0,27.59722222222222,1006.0,1008.0,1006.9513888888889,27.0,70.0,46.354166666666664,0.0,0.0,0.0,0.0,112.56944444444444,123.46527777777777,406.8888888888889,,0
2017-08-24 00:00:00+00:00,1683.0,0.0,856.3368055555555,103.57152777777777,51.93055555555556,56.43055555555556,57.21527777777778,57.020833333333336,41.52777777777778,50.083333333333336,53.05555555555556,35.104166666666664,14.9,0.0,7.5,19.1,0.4,3.870833333333333,0.7375,-0.7111111111111111,109.81527777777778,29.27777777777778,-716.5763888888889,17208.569444444445,2374847.0,-838.0555555555555,-1125064,54.88194444444444,59.395833333333336,54.52777777777778,40.854166666666664,44.38194444444444,37.65277777777778,45.326388888888886,35.18055555555556,32.18055555555556,-3.2,89.8,9.086111111111112,2.8208333333333333,71.00694444444444,40.201388888888886,41.3125,41.388888888888886,40.875,98.94513888888889,0.6881944444444446,49.99861111111111,399.5833333333333,397.30555555555554,397.11805555555554,114.57986111111111,128.2840277777778,119.07430555555555,898.5,-50.1,41.30555555555556,0.9430555555555556,3.8256944444444443,41.729166666666664,-46.826388888888886,562.2,-958.1,48.27152777777778,108.72777777777777,908.6,0.0,42.386805555555554,-360.54791666666665,0.0,-1000.0,109.98472222222222,360.54791666666665,1000.0,0.0,109.98472222222222,43.53472222222222,103.02083333333333,T11,0.4,12.5,4.000694444444445,0.6217361111111112,0.4,11.3,4.110416666666667,0.44416666666666665,23.0,35.0,27.9375,1006.0,1008.0,1007.2361111111111,18.0,75.0,45.84027777777778,0.0,0.0,0.0,0.0,76.70833333333333,79.03472222222223,407.2083333333333,,0
2017-08-25 00:00:00+00:00,1704.7,0.0,1017.6479166666666,141.62708333333333,55.72222222222222,60.298611111111114,61.05555555555556,60.875,41.388888888888886,51.99305555555556,56.138888888888886,35.013888888888886,15.1,0.0,8.954166666666667,22.3,0.4,4.729166666666667,0.9506944444444445,2.301388888888889,115.3861111111111,28.86111111111111,-746.3819444444445,38869.45138888889,5489716.0,-787.8819444444445,-1806709,58.18055555555556,62.97222222222222,57.888888888888886,41.611111111111114,44.47222222222222,36.75694444444444,45.111111111111114,35.44444444444444,31.381944444444443,-3.2,89.8,6.370138888888889,3.1493055555555554,75.19444444444444,41.041666666666664,42.15277777777778,42.21527777777778,41.25694444444444,228.76041666666666,0.776388888888889,50.0,399.09166666666664,396.5875,396.9090277777778,213.03055555555557,231.12569444444443,216.45833333333334,2043.5,-50.8,41.09027777777778,1.2902777777777779,4.651388888888889,84.67430555555556,-75.26666666666667,648.1,-869.4,32.45,238.63750000000002,2000.0,0.0,84.73750000000001,-502.31874999999997,0.0,-1000.0,126.84722222222223,498.8215277777778,1000.0,0.0,127.30347222222223,45.5,113.08055555555556,T11,0.4,13.7,4.987500000000001,0.9321527777777777,0.3,12.6,5.029861111111111,0.6866666666666666,23.0,34.0,27.75,1005.0,1008.0,1006.4166666666666,27.0,72.0,50.65972222222222,0.0,0.0,0.0,0.0,96.54166666666667,97.40277777777777,406.3611111111111,,0
2017-08-26 00:00:00+00:00,1724.4,0.0,1260.070138888889,104.1548611111111,57.02777777777778,66.63194444444444,67.54166666666667,67.22222222222223,40.02777777777778,52.486111111111114,59.09027777777778,35.0625,15.2,0.0,11.124305555555557,34.4,0.4,5.986805555555556,1.151388888888889,0.3881944444444444,103.43819444444445,29.041666666666668,-286.5138888888889,71313.70138888889,10227917.0,-330.52777777777777,-2793632,62.020833333333336,67.53472222222223,62.520833333333336,42.9375,44.701388888888886,36.708333333333336,45.354166666666664,36.361111111111114,31.0625,-3.3,89.8,1.9215277777777777,1.5270833333333333,84.63888888888889,42.52777777777778,43.666666666666664,43.59027777777778,42.173611111111114,426.1625,0.8680555555555556,50.00138888888889,399.0090277777778,396.2986111111111,397.36319444444445,370.6479166666667,393.29375000000005,371.87708333333336,2086.7,-51.0,41.548611111111114,0.9354166666666668,5.853472222222222,134.39375,-116.41111111111111,418.8,-769.5,14.640277777777776,431.8034722222222,2000.0,0.0,137.41527777777776,-773.776388888889,0.0,-1000.0,79.99930555555555,769.9138888888889,1000.0,0.0,85.48194444444444,49.15277777777778,105.55833333333334,T11,0.0,15.8,6.483333333333333,1.3486805555555557,0.0,13.7,6.711111111111111,0.63875,24.0,34.0,27.979166666666668,1002.0,1006.0,1004.3888888888889,38.0,75.0,55.69444444444444,0.0,0.0,0.0,0.0,126.49305555555556,131.08333333333334,404.3611111111111,,0
2017-08-27 00:00:00+00:00,1824.5,0.0,1383.8194444444443,74.66388888888889,59.458333333333336,73.42361111111111,74.15972222222223,73.90277777777777,39.28472222222222,52.875,60.388888888888886,33.263888888888886,16.1,0.0,12.247916666666667,39.6,0.4,6.7131944444444445,1.2430555555555556,-1.238888888888889,172.6263888888889,26.27777777777778,-310.2013888888889,105157.91666666667,15098072.0,-255.39583333333334,-2749029,64.35416666666667,71.15972222222223,65.875,42.576388888888886,44.166666666666664,34.416666666666664,44.50694444444444,36.708333333333336,28.680555555555557,-3.2,89.7,0.5722222222222223,1.49375,90.54861111111111,42.40972222222222,43.458333333333336,43.395833333333336,41.145833333333336,629.0979166666667,0.8791666666666668,50.00069444444445,399.4888888888889,396.8597222222222,397.9847222222222,543.2618055555555,566.9937500000001,545.2076388888888,2102.0,-50.0,41.15277777777778,0.6597222222222222,6.605555555555556,142.32916666666668,-114.52291666666666,564.2,-900.5,33.94166666666667,634.3659722222222,2000.0,0.0,143.68263888888887,-766.7111111111111,0.0,-1000.0,101.11805555555556,743.6819444444444,1000.0,0.0,118.22638888888888,53.96527777777778,168.86666666666667,T11,0.4,18.1,6.300000000000001,1.5735416666666666,0.3,17.9,6.245138888888889,1.4211111111111112,22.0,29.0,25.26388888888889,1002.0,1007.0,1004.875,60.0,85.0,75.40972222222223,0.0,6.0,0.09027777777777778,0.0,122.79861111111111,121.79166666666667,404.84027777777777,,0
2017-08-28 00:00:00+00:00,1695.9,0.0,842.3256944444444,125.31041666666667,41.21527777777778,51.4375,52.1875,51.958333333333336,36.0,47.798611111111114,51.076388888888886,30.291666666666668,15.0,0.0,7.385416666666667,36.2,0.4,3.9736111111111114,0.8395833333333333,-0.7381944444444445,268.80069444444445,23.34027777777778,-594.9444444444445,27337.034722222223,3850854.0,-668.3819444444445,-1298281,50.291666666666664,55.09722222222222,50.40277777777778,37.708333333333336,40.30555555555556,33.625,41.576388888888886,29.48611111111111,27.63888888888889,-3.2,89.7,9.460416666666667,2.785416666666667,66.875,37.104166666666664,38.201388888888886,38.3125,37.19444444444444,160.43958333333333,0.7555555555555556,49.99930555555555,399.15277777777777,396.82916666666665,396.88194444444446,154.96388888888887,168.3673611111111,158.0638888888889,1460.6,-50.0,37.5625,1.1527777777777777,4.003472222222222,62.110416666666666,-54.11666666666667,577.4,-832.6,32.27361111111111,168.67916666666667,1500.1,0.0,63.38194444444444,-401.8923611111111,0.0,-1000.0,87.98263888888889,401.8881944444445,1000.0,0.0,87.99722222222222,38.701388888888886,269.54305555555555,T11,0.0,10.4,4.329861111111111,0.33708333333333335,0.0,10.4,4.344444444444445,0.355,20.0,25.0,21.86111111111111,1006.0,1008.0,1007.1805555555555,52.0,88.0,74.88194444444444,0.0,0.0,0.0,0.0,83.36111111111111,83.77083333333333,407.125,,0
2017-08-29 00:00:00+00:00,1721.5,0.0,799.651388888889,107.22361111111111,40.666666666666664,50.125,50.86805555555556,50.6875,34.84722222222222,47.763888888888886,50.65972222222222,28.95138888888889,15.3,0.0,6.947916666666667,70.0,0.4,3.9618055555555554,1.874305555555556,-8.323611111111111,210.97500000000002,21.868055555555557,-615.0347222222222,22755.840277777777,3188280.0,-721.4305555555555,-1110439,48.361111111111114,53.041666666666664,48.375,37.458333333333336,39.611111111111114,32.52777777777778,41.173611111111114,28.055555555555557,26.208333333333332,-5.0,89.7,10.804861111111112,2.902083333333333,68.32638888888889,36.77777777777778,37.916666666666664,38.00694444444444,36.84722222222222,132.82777777777778,0.6881944444444446,49.99861111111111,399.41319444444446,397.15416666666664,397.2888888888889,139.8361111111111,150.79166666666666,142.95694444444445,2039.8,-50.0,37.229166666666664,0.9812500000000001,4.034722222222222,54.52361111111111,-46.31319444444445,632.8,-872.8,42.541666666666664,149.26458333333332,2000.0,0.0,75.90902777777778,-367.7444444444444,0.0,-1000.0,74.35694444444444,367.7034722222222,1000.0,0.0,74.40625,36.81944444444444,219.29930555555555,T11,0.0,12.4,3.997916666666667,0.3031944444444445,0.0,12.2,3.9930555555555554,0.30854166666666666,17.0,23.0,20.541666666666668,1006.0,1008.0,1006.6180555555555,68.0,96.0,81.66666666666667,0.0,39.0,1.8125,0.0,76.65972222222223,76.63888888888889,406.59027777777777,,0
2017-08-30 00:00:00+00:00,1597.9,0.0,401.51458333333335,57.451388888888886,34.43055555555556,40.125,40.52777777777778,40.423611111111114,36.00694444444444,42.548611111111114,42.80555555555556,31.03472222222222,14.1,0.0,3.2895833333333333,19.7,0.4,2.5013888888888887,0.5854166666666667,-8.328472222222222,127.10694444444445,23.833333333333332,-672.1180555555555,6009.479166666667,768580.0,-635.0138888888889,-555198,47.0625,51.24305555555556,46.74305555555556,35.77777777777778,38.625,34.041666666666664,39.75,28.13888888888889,28.3125,-2.4,89.7,17.31875,1.4819444444444445,49.1875,34.88194444444444,36.041666666666664,36.173611111111114,35.388888888888886,32.01111111111111,0.7493055555555556,49.99930555555555,399.19444444444446,397.1194444444444,396.7652777777778,43.28194444444445,50.63194444444444,45.2625,864.2,-49.5,35.4375,0.4722222222222222,2.533333333333333,21.561805555555555,-23.127083333333335,934.8,-785.6,21.34375,38.50555555555556,881.6,0.0,20.543055555555554,-156.04930555555555,0.0,-1000.0,68.68680555555555,156.04930555555555,1000.0,0.0,68.68680555555555,33.40277777777778,150.42361111111111,T11,0.0,10.5,2.6368055555555556,0.3481944444444445,0.0,9.3,2.584027777777778,0.31243055555555554,19.0,28.0,22.3125,1006.0,1008.0,1007.3263888888889,48.0,91.0,74.3125,0.0,0.0,0.0,0.0,49.34027777777778,48.375,407.27777777777777,,0
2017-08-31 00:00:00+00:00,1696.2,0.0,851.2652777777778,109.61944444444445,42.541666666666664,52.458333333333336,53.15277777777778,52.951388888888886,37.416666666666664,49.4375,52.513888888888886,32.451388888888886,15.0,0.0,7.422222222222222,23.7,0.4,3.9770833333333337,0.8145833333333333,-1.3166666666666667,92.30694444444445,25.88888888888889,-674.9583333333334,21821.875,3045156.0,-809.2361111111111,-1306510,51.388888888888886,55.69444444444444,50.90972222222222,39.11805555555556,41.5625,34.6875,42.5,31.51388888888889,29.01388888888889,-3.1,89.7,9.522222222222222,2.6145833333333335,66.8125,38.44444444444444,39.611111111111114,39.673611111111114,38.833333333333336,126.90069444444445,0.7000000000000001,50.00069444444445,398.9638888888889,396.61319444444445,396.77916666666664,132.78819444444446,145.15277777777777,134.5597222222222,1499.6,-50.7,38.46527777777778,1.0076388888888888,3.995833333333333,67.5,-54.43402777777778,520.4,-925.5,38.30138888888889,135.91250000000002,1542.0,0.0,67.8736111111111,-381.04305555555555,0.0,-1000.0,128.7173611111111,381.0375,1000.0,0.0,128.71458333333334,41.05555555555556,103.62013888888889,T11,0.5,11.3,4.090972222222223,0.7663888888888889,0.5,10.0,4.156944444444445,0.49118055555555556,20.0,30.0,24.805555555555557,1005.0,1008.0,1006.6527777777778,40.0,83.0,61.270833333333336,0.0,0.0,0.0,0.0,78.55555555555556,80.04166666666667,406.5416666666667,,0
2017-09-01 00:00:00+00:00,1749.8,1207.9,1548.9194444444445,76.84097222222222,64.71527777777777,76.75,77.56944444444444,77.20833333333333,38.1875,53.27777777777778,62.86805555555556,33.18055555555556,15.5,10.7,13.722222222222221,41.3,0.5,7.730555555555556,1.3423611111111111,-0.08333333333333333,96.97777777777777,26.75,0.0,135790.92361111112,19553893.0,0.0,-4333493,67.35416666666667,74.5,68.34722222222223,43.9375,44.40277777777778,34.833333333333336,44.77777777777778,37.854166666666664,29.11111111111111,-3.3,7.2,-1.8770833333333334,0.4173611111111111,93.81944444444444,43.9375,45.048611111111114,44.90972222222222,42.423611111111114,814.754861111111,0.9701388888888888,49.99791666666667,398.8513888888889,396.15,397.7972222222222,691.4868055555556,721.1763888888888,691.4243055555556,2100.5,19.8,41.638888888888886,0.675,7.636805555555556,200.71666666666667,-180.56319444444443,13.1,-356.9,7.7875000000000005,814.5562500000001,2000.0,10.8,201.3513888888889,-980.313888888889,-52.7,-1000.0,30.568055555555556,965.5798611111111,1000.0,52.7,47.45763888888889,56.94444444444444,97.06319444444445,T11,1.3,17.7,8.739583333333334,1.9765972222222221,1.4,15.1,8.860416666666667,0.8220138888888889,23.0,29.0,25.743055555555557,1006.0,1008.0,1006.8194444444445,51.0,81.0,67.04166666666667,0.0,0.0,0.0,0.0,171.71527777777777,174.16666666666666,406.75694444444446,,0
2017-09-02 00:00:00+00:00,1792.5,1205.1,1606.5500000000002,56.35347222222222,66.81944444444444,90.24305555555556,90.68055555555556,90.29861111111111,42.951388888888886,54.36805555555556,64.81944444444444,35.388888888888886,15.9,10.7,14.238194444444446,46.1,0.6000000000000001,9.053472222222222,1.7256944444444444,-0.22847222222222222,92.08055555555556,27.020833333333332,0.0,197861.42361111112,28492045.0,0.0,-4454189,73.45833333333333,83.15277777777777,76.63194444444444,47.0625,47.479166666666664,34.604166666666664,47.99305555555556,41.923611111111114,28.78472222222222,-3.2,12.9,-0.7875000000000001,1.25625,103.20138888888889,47.36805555555556,48.486111111111114,48.111111111111114,44.88194444444444,1187.2312499999998,0.9833333333333333,50.0,399.6652777777778,396.7409722222222,398.99027777777775,996.6104166666667,1027.1472222222224,992.8958333333334,2102.1,3.8,46.13194444444444,0.4986111111111111,8.911805555555555,241.18888888888887,-185.59166666666667,-18.9,-221.1,4.152083333333334,1184.9458333333334,2000.0,2.7,240.5861111111111,-911.4000000000001,-13.2,-1000.0,89.23611111111111,836.2708333333334,1000.0,13.2,120.44652777777777,64.68055555555556,92.30972222222222,T11,2.9,19.3,10.485416666666667,2.7758333333333334,3.4,17.2,10.736805555555556,1.1774305555555555,24.0,29.0,25.993055555555557,1008.0,1010.0,1008.7708333333334,53.0,81.0,70.22222222222223,0.0,0.0,0.0,0.0,206.625,211.70833333333334,408.6736111111111,,0
2017-09-03 00:00:00+00:00,1701.3,0.0,1309.9187499999998,93.28541666666666,52.270833333333336,68.02777777777777,69.03472222222223,68.68055555555556,38.31944444444444,53.104166666666664,59.395833333333336,33.68055555555556,15.1,0.0,11.598611111111111,26.0,0.4,5.947916666666667,1.0402777777777779,0.19583333333333333,144.30694444444444,26.930555555555557,-335.7986111111111,74646.19444444444,10700699.0,-319.2916666666667,-2638610,64.10416666666667,70.22222222222223,65.21527777777777,41.90277777777778,43.63194444444444,35.6875,43.96527777777778,34.416666666666664,30.07638888888889,-3.2,89.7,1.2652777777777777,1.9104166666666669,87.11805555555556,41.604166666666664,42.71527777777778,42.6875,40.979166666666664,445.8597222222222,0.8756944444444446,50.0,399.06111111111113,396.4611111111111,397.125,387.48819444444445,413.99861111111113,391.725,1697.5,-51.0,40.020833333333336,0.8402777777777778,5.934027777777778,95.48194444444444,-109.91874999999999,834.0,-932.3,24.572916666666668,451.87638888888887,1727.8,0.0,95.95208333333333,-736.1180555555555,0.0,-1000.0,110.93194444444445,735.55,1000.0,0.0,112.41388888888889,52.55555555555556,144.10833333333332,T11,0.7000000000000001,13.5,6.239583333333333,1.176388888888889,0.6000000000000001,12.7,6.836111111111111,0.5591666666666666,23.0,32.0,25.75,1006.0,1010.0,1007.8333333333334,47.0,94.0,66.5,0.0,0.0,0.0,0.0,121.65972222222223,133.59722222222223,407.75,,0
2017-09-04 00:00:00+00:00,1677.8,0.0,845.2506944444444,63.87569444444445,42.09027777777778,53.0625,53.86805555555556,53.59027777777778,37.06944444444444,49.041666666666664,51.701388888888886,31.11111111111111,14.9,0.0,7.325694444444445,25.6,0.4,3.8604166666666666,0.7993055555555556,-4.927777777777778,243.05555555555554,24.569444444444443,-492.06944444444446,24172.527777777777,3409985.0,-564.6388888888889,-1361848,50.61805555555556,55.479166666666664,50.770833333333336,38.145833333333336,40.81944444444444,34.236111111111114,41.94444444444444,30.65277777777778,28.479166666666668,-2.8,65.8,8.818055555555555,1.2020833333333334,68.94444444444444,37.47222222222222,38.638888888888886,38.71527777777778,37.625,142.11041666666668,0.7590277777777779,49.99930555555555,398.8076388888889,396.6618055555556,396.51180555555555,137.58888888888887,150.52083333333334,139.50208333333333,940.7,-50.0,37.923611111111114,0.5951388888888889,3.947222222222222,54.15138888888889,-56.75069444444444,520.7,-858.5,23.538194444444443,147.19930555555555,1002.0,0.0,55.049305555555556,-439.84236111111113,0.0,-1000.0,98.32986111111111,439.84236111111113,1000.0,0.0,98.32986111111111,42.333333333333336,250.4972222222222,T11,0.0,9.8,4.264583333333333,0.3284722222222223,0.0,10.2,4.272916666666666,0.35638888888888887,21.0,27.0,23.15972222222222,1007.0,1011.0,1008.3402777777778,48.0,97.0,80.27083333333333,0.0,1.0,0.006944444444444444,0.0,82.04166666666667,82.34027777777777,408.28472222222223,,0
2017-09-05 00:00:00+00:00,1722.7,14.1,1043.228472222222,95.01319444444444,44.458333333333336,57.020833333333336,57.798611111111114,57.576388888888886,37.145833333333336,50.375,54.541666666666664,32.736111111111114,15.3,0.0,9.114583333333334,39.1,0.4,4.81875,1.0055555555555555,-2.3944444444444444,146.51875,26.083333333333332,-440.3888888888889,41191.15277777778,5868113.0,-469.3333333333333,-1837693,53.84722222222222,58.770833333333336,53.97222222222222,39.90972222222222,42.229166666666664,34.46527777777778,43.298611111111114,32.34722222222222,28.84722222222222,-3.1,83.9,5.597222222222222,1.65625,73.65972222222223,39.36805555555556,40.548611111111114,40.5625,39.298611111111114,244.48194444444445,0.8138888888888889,49.99930555555555,398.7395833333333,396.34513888888887,396.78333333333336,223.44375000000002,241.51041666666666,226.7375,2018.7,-50.1,39.34722222222222,0.8784722222222222,4.7756944444444445,96.87986111111111,-76.55138888888888,774.1,-947.8,33.40347222222223,250.3659722222222,2000.0,0.0,97.75,-575.0055555555556,0.0,-1000.0,110.98333333333333,574.7388888888888,1000.0,0.0,111.94375,47.020833333333336,148.91180555555556,T11,0.3,14.1,4.633333333333334,0.9563888888888888,0.0,12.7,4.470138888888889,0.5942361111111112,21.0,30.0,24.854166666666668,1010.0,1013.0,1011.1180555555555,51.0,97.0,76.38194444444444,0.0,0.0,0.0,0.0,89.47222222222223,86.23611111111111,411.03472222222223,,0
2017-09-06 00:00:00+00:00,1725.3,73.4,1430.5104166666667,76.5326388888889,52.99305555555556,71.77777777777777,72.63194444444444,72.35416666666667,37.65972222222222,53.375,61.1875,34.666666666666664,15.3,0.0,12.66875,37.8,0.4,6.840277777777778,1.15625,-0.22986111111111113,93.975,27.76388888888889,-169.97222222222223,103631.06944444444,14898399.0,-142.52777777777777,-3109841,64.44444444444444,70.61111111111111,65.44444444444444,43.625,44.854166666666664,35.423611111111114,45.28472222222222,36.21527777777778,29.75,-3.3,77.7,-0.8152777777777778,0.6312500000000001,90.95833333333333,43.52777777777778,44.65277777777778,44.541666666666664,42.5,620.786111111111,0.9340277777777778,49.99861111111111,399.1090277777778,396.6423611111111,397.88472222222225,529.1597222222222,554.5791666666667,531.6958333333333,2099.6,-50.0,41.75,0.6854166666666667,6.775,135.31597222222223,-129.55694444444444,542.2,-897.0,14.006250000000001,622.5798611111111,2000.0,0.0,136.18680555555557,-889.9097222222222,0.0,-1000.0,60.05972222222223,878.8916666666667,1000.0,0.0,69.07291666666667,58.50694444444444,94.20902777777778,T11,0.7000000000000001,13.3,6.624305555555555,1.344375,0.7000000000000001,13.2,7.038194444444445,0.7449305555555555,23.0,33.0,26.805555555555557,1008.0,1013.0,1010.2222222222222,28.0,82.0,56.638888888888886,0.0,0.0,0.0,0.0,129.36805555555554,137.64583333333334,410.18055555555554,,0
2017-09-07 00:00:00+00:00,1702.7,0.0,1286.6999999999998,82.71527777777777,50.458333333333336,67.00694444444444,68.01388888888889,67.82638888888889,38.138888888888886,52.826388888888886,58.75694444444444,34.63194444444444,15.1,0.0,11.363888888888889,42.9,0.4,5.734722222222222,1.0256944444444445,-1.2333333333333334,103.98333333333333,27.305555555555557,-255.38194444444446,59110.444444444445,8475129.0,-241.10416666666666,-2372390,59.30555555555556,64.66666666666667,60.19444444444444,41.236111111111114,44.30555555555556,35.34027777777778,44.75,34.75,29.868055555555557,-3.2,89.7,0.8847222222222222,1.2131944444444445,88.31944444444444,40.90972222222222,42.041666666666664,42.02777777777778,40.55555555555556,353.06458333333336,0.8673611111111111,49.99791666666667,399.32916666666665,396.8930555555555,397.88750000000005,307.7347222222222,328.6847222222222,307.32430555555555,1825.8,-50.7,40.75,0.73125,5.617361111111111,103.57638888888889,-98.8375,217.1,-203.0,11.744444444444445,356.6076388888889,1845.0,0.0,103.56458333333333,-748.58125,0.0,-1000.0,97.39930555555556,748.0999999999999,1000.0,0.0,98.42847222222223,53.86805555555556,105.20694444444445,T11,1.2,12.7,6.225,1.1746527777777778,0.7000000000000001,12.0,6.133333333333334,0.6538194444444445,23.0,31.0,26.333333333333332,1006.0,1009.0,1007.3194444444445,40.0,71.0,56.479166666666664,0.0,0.0,0.0,0.0,121.34027777777777,119.52083333333333,407.27777777777777,,0
2017-09-08 00:00:00+00:00,1514.6,0.0,1005.0819444444444,118.47847222222224,44.895833333333336,57.048611111111114,58.145833333333336,57.75694444444444,39.166666666666664,49.604166666666664,53.520833333333336,32.61805555555556,13.4,0.0,8.870833333333334,16.7,0.4,4.134027777777778,0.7708333333333334,1.645138888888889,165.69166666666666,27.0,-544.2569444444445,17989.8125,2512158.0,-651.5208333333334,-1419730,52.5625,57.21527777777778,52.458333333333336,39.84722222222222,43.1875,36.645833333333336,44.40277777777778,32.958333333333336,31.03472222222222,-2.8,83.0,5.515972222222222,3.1944444444444446,76.39583333333333,39.173611111111114,40.28472222222222,40.333333333333336,39.50694444444444,104.69166666666666,0.713888888888889,49.99930555555555,398.9291666666667,396.55902777777777,397.09305555555557,116.20694444444445,130.00208333333333,116.29374999999999,601.5,-50.9,40.40972222222222,1.0805555555555555,4.172222222222222,42.06805555555556,-59.16736111111111,875.0,-850.5,37.11666666666667,115.00486111111111,629.6,0.0,43.99930555555555,-436.47569444444446,0.0,-1000.0,131.30763888888887,436.47569444444446,1000.0,0.0,131.30763888888887,42.666666666666664,164.04583333333332,T11,0.2,9.6,4.734027777777778,0.4420138888888889,0.2,8.7,4.840277777777778,0.34368055555555554,22.0,33.0,25.694444444444443,1004.0,1007.0,1005.6388888888889,41.0,86.0,65.625,0.0,0.0,0.0,0.0,91.5,93.51388888888889,405.5833333333333,,0
2017-09-09 00:00:00+00:00,1736.1,0.0,1051.0854166666666,58.08888888888888,48.99305555555556,60.00694444444444,60.56944444444444,60.25,35.72222222222222,49.270833333333336,54.770833333333336,30.180555555555557,15.4,0.0,9.163194444444445,38.9,0.4,5.709722222222222,1.1319444444444444,3.738194444444444,266.6222222222222,22.75,-375.74305555555554,92133.82638888889,13213162.0,-441.5138888888889,-2562191,59.24305555555556,65.35416666666667,59.645833333333336,40.22222222222222,40.46527777777778,32.236111111111114,41.34027777777778,31.0,25.73611111111111,-3.2,67.8,7.136805555555556,0.46388888888888885,72.14583333333333,39.875,41.048611111111114,40.986111111111114,39.0,550.5805555555556,0.8604166666666667,50.0,398.8701388888889,396.4909722222222,396.66041666666666,468.0736111111112,490.13263888888895,473.6715277777778,2098.7,-29.8,37.923611111111114,0.5541666666666667,5.707638888888889,139.30694444444444,-106.77013888888888,443.9,-667.8,8.672916666666667,553.5854166666667,2000.0,0.0,140.14791666666667,-625.9298611111111,0.0,-1000.0,29.53472222222222,611.6381944444444,1000.0,0.0,50.681250000000006,46.93055555555556,262.8798611111111,T11,0.0,12.8,5.809722222222223,0.5215972222222223,0.0,13.2,5.850694444444445,0.5405555555555556,18.0,24.0,21.375,1004.0,1006.0,1004.9236111111111,55.0,97.0,79.5,0.0,1.0,0.013888888888888888,0.0,112.97916666666667,113.75694444444444,404.8888888888889,,0
2017-09-10 00:00:00+00:00,1710.1,0.0,1075.1097222222222,107.80000000000001,49.1875,57.729166666666664,58.548611111111114,58.388888888888886,34.38194444444444,50.27777777777778,55.11805555555556,29.208333333333332,15.1,0.0,9.440277777777778,29.1,0.4,5.089583333333334,1.088888888888889,-0.8930555555555557,303.21736111111113,22.125,-402.6111111111111,52479.70138888889,7499101.0,-453.1458333333333,-2152997,55.451388888888886,60.86805555555556,55.6875,38.65277777777778,41.13194444444444,31.493055555555557,42.40277777777778,29.930555555555557,25.125,-3.2,89.7,5.105555555555556,1.848611111111111,77.93055555555556,38.104166666666664,39.21527777777778,39.22222222222222,37.708333333333336,312.4486111111111,0.8444444444444446,49.99583333333333,398.84375,396.28194444444443,396.7409722222222,271.8069444444444,293.50972222222225,275.7236111111111,1905.0,-50.0,38.65972222222222,1.0006944444444443,5.1625,94.9701388888889,-89.70972222222223,440.4,-726.9,11.475000000000001,318.52708333333334,1952.0,0.0,98.05625,-644.4145833333333,0.0,-1000.0,69.77222222222223,643.9756944444445,1000.0,0.0,71.69236111111111,47.548611111111114,304.1111111111111,T11,0.0,13.5,5.793055555555556,0.5543055555555556,0.0,13.4,5.780555555555555,0.5554166666666667,16.0,25.0,20.770833333333332,1005.0,1008.0,1006.6180555555555,36.0,71.0,52.46527777777778,0.0,0.0,0.0,0.0,112.65277777777777,112.38888888888889,406.56944444444446,,0
2017-09-11 00:00:00+00:00,1432.8,0.0,279.118309859155,50.71338028169014,35.75352112676056,41.88028169014085,42.09154929577465,41.985915492957744,36.936619718309856,42.79577464788732,41.96478873239437,32.147887323943664,12.6,0.0,2.269718309859155,15.7,0.4,2.7471830985915493,0.5563380281690141,18.777464788732395,169.7711267605634,25.41549295774648,-843.169014084507,1914.7042253521126,152155.0,-992.3239436619718,-352600,48.21830985915493,52.20422535211268,47.82394366197183,36.19718309859155,38.816901408450704,33.514084507042256,40.76056338028169,29.338028169014084,27.725352112676056,-2.4,90.0,40.484507042253526,3.101408450704225,43.67605633802817,35.316901408450704,36.29577464788732,36.267605633802816,35.943661971830984,6.450704225352113,0.669718309859155,49.995070422535214,399.3978873239437,397.5485915492958,396.8845070422535,23.02957746478873,27.53098591549296,24.53380281690141,403.2,-49.9,35.11267605633803,0.45211267605633804,2.5098591549295772,9.719014084507041,-14.984507042253522,543.0,-700.4,15.777464788732395,23.963380281690142,410.7,0.0,16.5612676056338,-55.46760563380281,0.0,-1000.0,33.38309859154929,55.46760563380281,1000.0,0.0,33.38309859154929,36.985915492957744,183.95211267605634,T11,0.0,9.5,3.3402777777777777,0.24993055555555557,0.0,9.4,3.357638888888889,0.21930555555555553,18.0,31.0,23.86111111111111,1005.0,1008.0,1006.0277777777778,26.0,80.0,48.375,0.0,0.0,0.0,0.0,63.513888888888886,63.9375,405.9861111111111,,0
2017-09-12 00:00:00+00:00,1681.2,0.0,448.5119718309859,56.86971830985915,45.32394366197183,51.66901408450704,51.936619718309856,51.767605633802816,42.147887323943664,46.478873239436616,47.971830985915496,36.58450704225352,14.9,0.0,3.859154929577465,19.6,0.4,3.9225352112676055,0.7985915492957747,5.754929577464789,209.99647887323943,30.119718309859156,-522.3450704225352,13562.18309859155,1851659.0,-552.4366197183099,-697310,54.070422535211264,57.978873239436616,53.232394366197184,40.24647887323944,43.61971830985915,36.66197183098591,45.929577464788736,35.971830985915496,31.697183098591548,-3.0,90.0,41.492253521126756,3.4570422535211267,55.57746478873239,39.45070422535211,40.45070422535211,40.49295774647887,40.41549295774648,78.2450704225352,0.7338028169014085,50.0,399.2464788732394,397.219014084507,397.48591549295776,86.72042253521126,93.70704225352112,88.53098591549295,962.9,-50.1,40.16901408450704,0.48732394366197185,3.72112676056338,27.907042253521126,-29.460563380281688,583.4,-929.3,31.123943661971833,141.61830985915492,1903.6,0.0,55.06197183098592,-209.18450704225353,0.0,-1000.0,41.070422535211264,209.18450704225353,1000.0,0.0,41.070422535211264,44.13380281690141,224.50070422535214,T11,0.0,10.8,4.199305555555556,0.43986111111111115,0.0,10.7,4.139583333333333,0.42944444444444446,23.0,36.0,29.02777777777778,1005.0,1009.0,1006.5486111111111,11.0,58.0,31.76388888888889,0.0,0.0,0.0,0.0,80.6875,79.54166666666667,406.5138888888889,,0
2017-09-13 00:00:00+00:00,1779.0,135.6,1538.9583333333333,54.918055555555554,67.93055555555556,81.09722222222223,81.63194444444444,81.5,39.4375,53.75694444444444,62.71527777777778,34.84027777777778,15.7,0.0,13.634027777777778,37.5,0.5,7.868055555555555,1.338888888888889,-0.5736111111111112,89.78194444444445,26.354166666666668,-18.1875,150184.125,21623895.0,-15.368055555555555,-4158308,70.36805555555556,77.63194444444444,71.625,42.74305555555556,45.9375,34.13194444444444,46.333333333333336,39.986111111111114,28.34027777777778,-3.2,66.8,-1.4993055555555557,0.61875,97.11111111111111,42.763888888888886,43.895833333333336,43.673611111111114,40.84027777777778,901.0458333333333,0.9451388888888889,49.99930555555555,398.9916666666667,396.63680555555555,399.2576388888889,773.3604166666667,785.776388888889,753.6888888888889,2101.1,-44.2,43.65972222222222,0.47847222222222224,7.77013888888889,170.18402777777777,-173.26666666666668,158.0,-367.9,7.321527777777778,900.5708333333333,2000.0,0.0,170.5236111111111,-909.8097222222223,0.0,-1000.0,58.48055555555556,866.25,1000.0,0.0,79.32430555555555,61.736111111111114,90.35763888888889,T11,1.4,18.6,9.875,2.3448611111111113,1.3,16.4,10.131944444444445,0.7816666666666667,22.0,31.0,25.20138888888889,1009.0,1012.0,1010.8472222222222,25.0,78.0,59.861111111111114,0.0,0.0,0.0,0.0,194.49305555555554,199.65277777777777,410.78472222222223,,0
2017-09-14 00:00:00+00:00,1696.5,0.0,746.8319444444445,91.76805555555556,44.9375,49.56944444444444,50.298611111111114,50.104166666666664,36.65972222222222,48.173611111111114,50.076388888888886,32.125,15.0,0.0,6.478472222222222,19.6,0.4,3.6458333333333335,0.7027777777777778,14.233333333333333,177.40972222222223,24.36111111111111,-701.5347222222222,21037.98611111111,2928451.0,-759.4583333333334,-1129835,51.333333333333336,56.229166666666664,51.923611111111114,37.125,40.673611111111114,33.625,41.673611111111114,30.70138888888889,28.13888888888889,-3.1,89.6,11.333333333333334,2.784027777777778,62.88194444444444,36.43055555555556,37.513888888888886,37.63194444444444,36.69444444444444,122.02291666666666,0.7541666666666668,49.99930555555555,399.0173611111111,396.88194444444446,396.9743055555556,120.60694444444445,132.84027777777777,123.45902777777779,1482.9,-50.0,37.451388888888886,0.8368055555555556,3.654861111111111,42.74513888888889,-47.06527777777777,514.5,-942.5,23.93263888888889,130.91597222222222,1498.8,0.0,43.75347222222222,-337.68819444444443,0.0,-1000.0,92.17500000000001,337.6798611111111,1000.0,0.0,92.23194444444444,41.09722222222222,155.66805555555555,T11,0.0,9.9,3.826388888888889,0.30173611111111115,0.0,10.2,3.9833333333333334,0.28430555555555553,20.0,26.0,22.90277777777778,1007.0,1013.0,1010.7222222222222,49.0,93.0,75.80555555555556,0.0,0.0,0.0,0.0,73.21527777777777,76.41666666666667,410.6458333333333,,0
2017-09-15 00:00:00+00:00,1699.9,0.0,997.7888888888889,76.44305555555555,46.895833333333336,54.19444444444444,54.916666666666664,54.74305555555556,33.84027777777778,48.416666666666664,52.611111111111114,29.84027777777778,15.1,0.0,8.708333333333334,38.3,0.4,4.894444444444444,0.9416666666666667,-4.442361111111111,266.2548611111111,22.006944444444443,-400.4791666666667,50674.57638888889,7239470.0,-443.2916666666667,-1940370,51.638888888888886,56.5625,51.833333333333336,37.90972222222222,40.24305555555556,31.631944444444443,41.708333333333336,30.006944444444443,24.95138888888889,-3.3,89.6,7.127083333333333,1.3416666666666668,71.68055555555556,37.38194444444444,38.5,38.52777777777778,36.979166666666664,301.6506944444444,0.8298611111111112,49.99861111111111,398.90486111111113,396.81666666666666,397.3701388888889,265.84722222222223,279.18958333333336,264.9458333333333,1637.2,-35.7,37.81944444444444,0.6979166666666666,4.9006944444444445,82.21111111111111,-80.85138888888889,421.0,-428.6,11.424305555555556,306.42569444444445,1660.3,0.0,82.93194444444445,-576.6881944444444,0.0,-1000.0,70.04583333333333,576.6423611111111,1000.0,0.0,70.4076388888889,42.875,270.6958333333333,T11,0.3,11.5,5.217361111111111,0.36340277777777774,0.0,12.0,5.250694444444445,0.3788888888888889,19.0,22.0,20.680555555555557,1005.0,1009.0,1006.7916666666666,39.0,93.0,69.33333333333333,0.0,0.0,0.0,0.0,101.09027777777777,101.77777777777777,406.75694444444446,,0
2017-09-16 00:00:00+00:00,1697.0,0.0,875.9305555555555,69.37222222222222,45.395833333333336,52.18055555555556,52.895833333333336,52.71527777777778,31.875,47.548611111111114,50.84027777777778,28.520833333333332,15.0,0.0,7.663194444444445,37.5,0.4,4.460416666666666,0.8506944444444444,-2.284027777777778,260.6673611111111,20.84722222222222,-628.3125,37804.618055555555,5353390.0,-682.8125,-1507287,51.166666666666664,56.36805555555556,51.6875,36.72222222222222,39.104166666666664,30.82638888888889,40.44444444444444,27.979166666666668,24.166666666666668,-3.0,89.6,9.502777777777778,1.3340277777777778,68.72222222222223,36.076388888888886,37.22222222222222,37.263888888888886,35.826388888888886,223.01388888888889,0.7805555555555556,49.99722222222223,398.81111111111113,396.62916666666666,397.08402777777775,204.05069444444445,216.50069444444443,205.72916666666666,1469.5,-44.1,36.36805555555556,0.6493055555555556,4.500694444444445,55.956944444444446,-62.787499999999994,838.6,-831.0,21.609027777777776,231.5652777777778,1490.8,0.0,58.18333333333333,-461.2590277777778,0.0,-1000.0,63.58819444444445,461.2458333333333,1000.0,0.0,63.641666666666666,39.40972222222222,262.95902777777775,T11,0.4,12.0,4.529166666666667,0.3491666666666667,0.0,12.1,4.570833333333334,0.36125,18.0,22.0,19.63888888888889,1005.0,1009.0,1006.9444444444445,42.0,77.0,62.395833333333336,0.0,0.0,0.0,0.0,87.34722222222223,88.18055555555556,406.90277777777777,,0
2017-09-17 00:00:00+00:00,1631.2,28.9,767.0631944444444,69.06805555555555,35.798611111111114,45.520833333333336,46.18055555555556,45.93055555555556,32.25,43.15972222222222,46.09027777777778,28.458333333333332,14.4,0.0,6.616666666666666,22.5,0.4,3.4055555555555554,0.6826388888888889,2.0659722222222223,226.67916666666667,20.916666666666668,-459.86805555555554,10331.645833333334,1421541.0,-498.0416666666667,-863433,44.861111111111114,49.18055555555556,44.770833333333336,35.4375,37.236111111111114,31.46527777777778,39.166666666666664,26.666666666666668,25.291666666666668,-2.7,65.5,10.891666666666667,1.7111111111111112,57.145833333333336,34.74305555555556,35.875,35.951388888888886,34.611111111111114,59.22291666666667,0.6763888888888889,49.99861111111111,398.67083333333335,396.47569444444446,396.53194444444443,79.42361111111111,88.56597222222223,80.99444444444445,729.3,-50.7,33.99305555555556,0.6701388888888888,3.442361111111111,31.904166666666665,-36.01111111111111,576.5,-892.6,48.02847222222223,65.43958333333333,752.2,0.0,32.19027777777777,-258.7722222222222,0.0,-1000.0,101.42152777777778,258.7722222222222,1000.0,0.0,101.42152777777778,34.43055555555556,224.61944444444444,T11,0.0,8.6,3.636805555555556,0.2271527777777778,0.0,8.4,3.522222222222222,0.269375,16.0,23.0,19.53472222222222,1009.0,1012.0,1010.25,53.0,90.0,73.9375,0.0,0.0,0.0,0.0,69.45138888888889,67.14583333333333,410.19444444444446,,0
2017-09-18 00:00:00+00:00,1697.0,0.0,811.3409722222223,75.04652777777778,39.09027777777778,49.44444444444444,50.06944444444444,49.86805555555556,31.743055555555557,46.40972222222222,49.645833333333336,28.59027777777778,15.0,0.0,7.086805555555555,25.1,0.4,4.422916666666667,0.8347222222222223,-6.113888888888889,272.21944444444443,21.25,-562.9166666666666,38050.47222222222,5398208.0,-596.6944444444445,-1542108,48.38194444444444,53.166666666666664,48.604166666666664,35.90972222222222,38.326388888888886,30.45138888888889,39.86805555555556,27.70138888888889,23.82638888888889,-3.1,89.6,11.212499999999999,0.9520833333333333,63.15277777777778,35.28472222222222,36.47222222222222,36.5625,35.05555555555556,224.90833333333333,0.7972222222222223,49.99861111111111,398.6784722222222,396.5777777777778,396.6451388888889,201.75347222222223,213.84305555555557,203.3861111111111,1292.8,-50.0,35.513888888888886,0.6993055555555556,4.436805555555555,70.6,-64.23888888888888,517.7,-607.6,10.837499999999999,231.68124999999998,1316.7,0.0,72.39236111111111,-448.10069444444446,0.0,-1000.0,32.047916666666666,448.10069444444446,1000.0,0.0,32.047916666666666,38.166666666666664,278.3256944444445,T11,0.0,10.9,4.468055555555555,0.28979166666666667,0.0,10.9,4.495138888888889,0.30513888888888885,17.0,23.0,20.020833333333332,1011.0,1014.0,1012.8194444444445,51.0,90.0,68.68055555555556,0.0,0.0,0.0,0.0,86.15972222222223,86.71527777777777,412.78472222222223,,0
2017-09-19 00:00:00+00:00,1590.8,0.0,463.65902777777774,47.04375,35.13194444444444,42.354166666666664,42.916666666666664,42.69444444444444,33.77777777777778,44.02777777777778,44.048611111111114,29.9375,14.1,0.0,3.9597222222222226,31.7,0.4,2.567361111111111,0.5430555555555556,28.690277777777776,241.45694444444447,22.618055555555557,-666.4305555555555,7679.298611111111,1009856.0,-686.9375,-644291,46.34027777777778,50.791666666666664,46.513888888888886,34.94444444444444,38.09722222222222,32.826388888888886,39.27777777777778,27.493055555555557,26.479166666666668,-3.0,89.7,16.16111111111111,1.5104166666666667,52.72222222222222,34.11805555555556,35.31944444444444,35.423611111111114,34.388888888888886,42.075,0.7194444444444446,49.99930555555555,398.9770833333333,397.0465277777778,396.11249999999995,53.72708333333333,62.04236111111111,56.297222222222224,680.4,-49.8,34.86805555555556,0.4125,2.615972222222222,22.976388888888888,-26.870833333333334,522.2,-802.7,22.206249999999997,47.64652777777778,718.0,0.0,21.459722222222222,-182.40069444444444,0.0,-1000.0,65.25,182.40069444444444,1000.0,0.0,65.25,33.923611111111114,225.24375,T11,0.0,9.3,2.7916666666666665,0.17131944444444447,0.0,9.5,2.7444444444444445,0.19034722222222222,18.0,25.0,20.97222222222222,1011.0,1014.0,1012.875,46.0,94.0,73.30555555555556,0.0,1.0,0.006944444444444444,0.0,52.395833333333336,51.798611111111114,412.7986111111111,,0
2017-09-20 00:00:00+00:00,1707.1,0.0,1025.3381944444445,97.65069444444445,47.55555555555556,56.59722222222222,57.354166666666664,57.166666666666664,35.11805555555556,48.986111111111114,53.423611111111114,31.03472222222222,15.1,0.0,9.072916666666666,31.4,0.4,4.718055555555555,0.8506944444444444,0.8222222222222223,103.15972222222223,24.34722222222222,-329.24305555555554,42034.555555555555,6005568.0,-381.21527777777777,-1634159,52.75,57.31944444444444,52.451388888888886,38.236111111111114,40.40972222222222,33.38194444444444,41.583333333333336,32.479166666666664,27.444444444444443,-3.1,74.5,5.891666666666667,1.55625,71.38194444444444,37.80555555555556,38.97222222222222,39.00694444444444,37.520833333333336,250.28263888888887,0.7506944444444446,49.99861111111111,399.2652777777778,396.87430555555557,398.03472222222223,234.6222222222222,245.13680555555553,230.1923611111111,1646.1,-42.0,37.6875,0.8638888888888889,4.709722222222222,87.62986111111111,-68.0875,605.7,-792.5,27.046527777777776,256.1111111111111,1660.2,0.0,88.72916666666667,-516.1756944444445,0.0,-1000.0,78.77222222222223,516.0479166666667,1000.0,0.0,79.20625000000001,43.63194444444444,119.8409722222222,T11,0.5,14.0,4.750694444444445,0.8827777777777778,0.5,12.6,4.709027777777778,0.6463194444444444,19.0,29.0,23.319444444444443,1008.0,1013.0,1010.0833333333334,28.0,68.0,51.15972222222222,0.0,0.0,0.0,0.0,91.70138888888889,90.92361111111111,410.0763888888889,,0
2017-09-21 00:00:00+00:00,1700.6,0.0,1142.361111111111,123.58680555555556,50.34722222222222,58.326388888888886,59.25694444444444,59.02777777777778,35.520833333333336,49.916666666666664,54.97222222222222,30.8125,15.0,0.0,10.113888888888889,23.1,0.4,4.905555555555555,0.8416666666666667,-0.1902777777777778,132.27152777777778,24.0625,-524.2916666666666,40819.52777777778,5802511.0,-605.4444444444445,-1621549,54.03472222222222,59.173611111111114,54.21527777777778,38.729166666666664,41.78472222222222,33.895833333333336,43.076388888888886,32.19444444444444,27.54861111111111,-3.2,89.6,4.319444444444445,3.4569444444444444,78.97916666666667,38.34722222222222,39.458333333333336,39.46527777777778,38.05555555555556,241.74791666666664,0.7395833333333334,50.00069444444445,399.3375,397.01458333333335,398.03125,239.04305555555553,251.44375000000002,237.60347222222222,1243.5,-50.9,39.24305555555556,1.1069444444444445,4.845833333333333,50.738194444444446,-67.55486111111111,638.3,-986.4,62.888888888888886,251.48402777777775,1258.9,0.0,52.20972222222222,-502.69513888888895,0.0,-1000.0,113.01666666666667,502.69513888888895,1000.0,0.0,113.01666666666667,43.604166666666664,132.46527777777777,T11,0.6000000000000001,9.6,4.372916666666667,0.6409027777777778,0.4,9.3,4.894444444444444,0.4695138888888889,19.0,29.0,22.82638888888889,1006.0,1009.0,1007.7638888888889,35.0,81.0,59.0,0.0,0.0,0.0,0.0,84.26388888888889,94.75694444444444,407.7083333333333,,0
2017-09-22 00:00:00+00:00,1709.7,0.0,1169.3944444444444,84.90208333333334,51.06944444444444,60.333333333333336,61.291666666666664,61.0,34.69444444444444,49.625,55.3125,30.916666666666668,15.2,0.0,10.360416666666667,22.7,0.4,5.274305555555555,0.9381944444444444,0.22569444444444445,101.24652777777777,23.67361111111111,-258.4861111111111,50668.958333333336,7259107.0,-347.4375,-2115987,53.861111111111114,58.86805555555556,53.78472222222222,39.19444444444444,41.22222222222222,32.99305555555556,42.30555555555556,32.513888888888886,26.82638888888889,-3.2,86.2,3.8659722222222226,1.7458333333333333,79.16666666666667,38.75,39.916666666666664,39.90972222222222,38.326388888888886,302.48125000000005,0.7562500000000001,49.99722222222223,398.6076388888889,396.18819444444443,397.17291666666665,286.1423611111111,301.3256944444445,284.7944444444445,1732.3,-49.9,38.46527777777778,0.7513888888888889,5.233333333333333,95.14791666666666,-88.15555555555555,554.3,-808.8,50.43263888888889,308.0798611111111,1783.9,0.0,96.19930555555555,-623.4986111111111,0.0,-1000.0,97.42986111111111,623.0062499999999,1000.0,0.0,98.83541666666666,45.05555555555556,101.02083333333333,T11,0.9,14.1,5.591666666666667,1.063125,1.1,12.8,5.666666666666667,0.5597916666666667,18.0,27.0,22.52777777777778,1007.0,1010.0,1008.3472222222222,42.0,92.0,69.06944444444444,0.0,0.0,0.0,0.0,108.63888888888889,110.16666666666667,408.30555555555554,,0
2017-09-23 00:00:00+00:00,1769.9,1186.2,1551.5569444444445,94.67638888888888,66.08333333333333,76.1875,76.90277777777777,76.64583333333333,35.65277777777778,53.5625,62.541666666666664,32.74305555555556,15.6,10.5,13.740277777777777,38.2,0.5,7.8381944444444445,1.5381944444444444,-0.24097222222222225,107.17638888888888,24.46527777777778,0.0,141094.88888888888,20317664.0,0.0,-3907495,66.90972222222223,73.93055555555556,68.06944444444444,41.604166666666664,44.083333333333336,33.28472222222222,44.770833333333336,37.729166666666664,26.583333333333332,-3.2,7.1,-1.834027777777778,0.4930555555555556,94.30555555555556,41.72222222222222,42.861111111111114,42.65277777777778,39.854166666666664,846.4937500000001,0.9854166666666667,49.99791666666667,399.0854166666667,396.6201388888889,398.95000000000005,719.6875,737.6270833333333,707.7569444444445,2103.4,-4.7,41.71527777777778,0.8354166666666667,7.754861111111111,243.24930555555557,-162.8111111111111,0.1,-215.0,4.761805555555556,846.1319444444445,2000.0,0.0,243.7451388888889,-983.9354166666667,0.0,-1000.0,35.79375,960.4270833333334,1000.0,0.0,61.81597222222222,58.326388888888886,107.42638888888888,T11,2.6,17.3,9.1375,1.7257638888888889,2.3,15.1,8.613194444444444,0.9358333333333333,21.0,27.0,23.416666666666668,1008.0,1012.0,1009.2708333333334,54.0,85.0,70.82638888888889,0.0,0.0,0.0,0.0,179.64583333333334,169.25694444444446,409.22222222222223,,0
2017-09-24 00:00:00+00:00,1709.7,0.0,1309.228472222222,76.19722222222222,54.34722222222222,64.82638888888889,65.79861111111111,65.54166666666667,34.604166666666664,53.625,59.270833333333336,31.993055555555557,15.1,0.0,11.577083333333333,36.1,0.4,5.995138888888889,1.025,0.7590277777777776,99.8375,24.65972222222222,-189.77777777777777,68373.63194444444,9818476.0,-193.83333333333334,-2505133,57.520833333333336,63.09722222222222,58.416666666666664,39.388888888888886,42.49305555555556,33.729166666666664,43.34027777777778,34.166666666666664,27.20138888888889,-3.2,89.7,0.47361111111111104,1.1402777777777777,87.125,39.05555555555556,40.22222222222222,40.138888888888886,38.263888888888886,409.07708333333335,0.901388888888889,49.99930555555555,398.8826388888889,396.3256944444445,397.73749999999995,356.03541666666666,375.6791666666667,353.19444444444446,2037.4,-50.1,39.55555555555556,0.6784722222222223,5.881944444444445,97.36041666666667,-104.37986111111111,598.1,-949.6,17.740277777777777,411.6590277777778,2000.0,0.0,97.57916666666667,-824.5659722222222,0.0,-1000.0,99.92083333333333,819.3881944444444,1000.0,0.0,102.95833333333333,48.84722222222222,104.07430555555555,T11,0.5,13.5,5.779166666666667,1.258125,0.0,13.1,6.120833333333334,0.6011111111111112,21.0,28.0,23.583333333333332,1011.0,1013.0,1011.6944444444445,44.0,84.0,69.97222222222223,0.0,0.0,0.0,0.0,112.47222222222223,119.22916666666667,411.625,,0
2017-09-25 00:00:00+00:00,1646.5,0.0,616.6756944444445,53.31458333333333,38.84722222222222,46.729166666666664,47.388888888888886,47.173611111111114,36.28472222222222,46.166666666666664,47.895833333333336,32.111111111111114,14.6,0.0,5.321527777777778,20.1,0.4,3.240972222222222,0.6569444444444446,9.769444444444444,229.45694444444447,24.569444444444443,-554.0902777777778,12645.881944444445,1741219.0,-624.9583333333334,-970100,49.416666666666664,53.78472222222222,49.3125,36.923611111111114,40.125,34.36805555555556,41.1875,30.229166666666668,28.194444444444443,-2.9,61.9,13.172916666666667,1.1534722222222222,58.65972222222222,36.111111111111114,37.25,37.375,36.541666666666664,72.53194444444445,0.7270833333333333,49.99722222222223,398.71527777777777,396.54583333333335,396.47222222222223,76.60069444444444,86.20902777777778,77.52222222222223,880.3,-48.3,36.854166666666664,0.4666666666666667,3.298611111111111,28.84791666666667,-40.43472222222223,387.1,-412.0,12.542361111111111,78.98888888888888,891.1,0.0,29.387500000000003,-269.4770833333333,0.0,-1000.0,71.05833333333334,269.4770833333333,1000.0,0.0,71.05833333333334,42.451388888888886,222.17777777777778,T11,0.0,9.7,3.831944444444444,0.19958333333333333,0.0,9.8,3.8840277777777774,0.20333333333333334,19.0,28.0,22.930555555555557,1011.0,1013.0,1012.0138888888889,41.0,92.0,70.02777777777777,0.0,0.0,0.0,0.0,73.34722222222223,74.47222222222223,411.9861111111111,,0
2017-09-26 00:00:00+00:00,1537.2,0.0,371.61041666666665,35.50902777777778,35.1875,40.701388888888886,41.09722222222222,41.048611111111114,35.27777777777778,43.59722222222222,44.013888888888886,31.604166666666668,13.6,0.0,2.945138888888889,18.2,0.4,2.627083333333333,0.46875,-3.3631944444444444,266.36875,23.72222222222222,-775.9027777777778,4378.270833333333,518740.0,-870.4861111111111,-453153,47.673611111111114,51.93055555555556,47.40277777777778,35.770833333333336,38.986111111111114,33.291666666666664,40.0,28.47222222222222,27.38888888888889,-2.5,89.7,19.099305555555556,0.9118055555555556,49.395833333333336,34.888888888888886,36.020833333333336,36.166666666666664,35.53472222222222,21.606250000000003,0.7048611111111112,50.00069444444445,398.6930555555556,396.72847222222225,396.45416666666665,31.42361111111111,36.33402777777778,32.80972222222223,549.4,-50.0,35.638888888888886,0.375,2.6368055555555556,14.498611111111112,-18.881944444444443,547.8,-633.3,9.086111111111112,28.559722222222224,577.1,0.0,14.222916666666666,-109.28055555555555,0.0,-1000.0,40.697916666666664,109.28055555555555,1000.0,0.0,40.697916666666664,36.84722222222222,277.22777777777776,T11,0.0,9.2,2.7965277777777775,0.16131944444444446,0.0,8.9,2.788888888888889,0.1713888888888889,19.0,25.0,22.26388888888889,1009.0,1012.0,1010.6388888888889,28.0,85.0,58.31944444444444,0.0,0.0,0.0,0.0,52.604166666666664,52.50694444444444,410.59722222222223,,0
2017-09-27 00:00:00+00:00,1781.4,0.0,1371.6770833333333,58.013888888888886,61.40972222222222,73.91666666666667,74.36111111111111,74.01388888888889,36.55555555555556,51.25,59.048611111111114,32.03472222222222,15.8,0.0,12.134722222222223,31.1,0.4,7.365972222222222,1.3020833333333333,-4.147916666666666,112.61319444444445,23.54861111111111,-158.73611111111111,140036.64583333334,20142420.0,-156.78472222222223,-3335277,62.46527777777778,69.85416666666667,64.10416666666667,41.520833333333336,43.104166666666664,31.8125,44.22222222222222,36.854166666666664,24.97222222222222,-3.3,47.3,2.04375,0.9631944444444446,86.875,41.486111111111114,42.63194444444444,42.43055555555556,39.638888888888886,839.2958333333333,0.9055555555555556,49.99652777777778,399.0229166666667,396.7006944444445,398.21180555555554,719.1659722222222,738.0118055555555,716.5784722222222,2101.0,-39.1,41.548611111111114,0.5125,7.283333333333333,171.32291666666666,-138.94444444444446,800.0,-872.6,28.545833333333334,840.7111111111111,2000.0,0.0,171.59722222222223,-778.2041666666667,0.0,-1000.0,72.28402777777778,731.2270833333333,1000.0,0.0,96.48124999999999,55.53472222222222,116.76249999999999,T11,0.4,18.1,8.054166666666667,1.5923611111111111,0.3,16.0,7.688194444444444,0.8020138888888888,20.0,26.0,22.541666666666668,1010.0,1012.0,1010.9305555555555,41.0,87.0,72.25694444444444,0.0,1.0,0.013888888888888888,0.0,157.99305555555554,150.81944444444446,410.84027777777777,,0
2017-09-28 00:00:00+00:00,1780.6,1183.8,1497.2319444444445,69.56805555555555,61.854166666666664,75.69444444444444,76.29861111111111,76.04166666666667,36.576388888888886,52.9375,61.36805555555556,33.423611111111114,15.7,10.5,13.263194444444444,35.7,0.5,7.538194444444445,1.4284722222222224,-0.25,103.82569444444444,24.29861111111111,-0.5069444444444444,134016.01388888888,19298233.0,-0.5833333333333334,-3943345,63.576388888888886,70.72916666666667,65.63888888888889,41.888888888888886,44.53472222222222,32.13194444444444,45.166666666666664,36.94444444444444,25.868055555555557,-3.3,10.6,-1.463888888888889,0.7340277777777778,95.76388888888889,41.826388888888886,42.951388888888886,42.75694444444444,40.020833333333336,804.1256944444444,0.9416666666666667,49.99652777777778,399.06597222222223,396.6166666666667,399.00694444444446,690.307638888889,704.6631944444445,675.3895833333333,2102.0,-32.5,42.229166666666664,0.6152777777777778,7.476388888888888,205.22777777777776,-164.31180555555557,9.0,-224.1,6.300000000000001,803.120138888889,2000.0,0.0,205.01388888888889,-924.0034722222222,0.0,-1000.0,88.11666666666666,887.7965277777778,1000.0,0.0,110.41041666666666,50.666666666666664,104.07013888888889,T11,2.6,17.2,9.185416666666667,1.8831250000000002,2.4,15.9,8.964583333333334,0.8534722222222223,22.0,26.0,23.47222222222222,1011.0,1013.0,1012.0486111111111,44.0,79.0,65.35416666666667,0.0,0.0,0.0,0.0,180.69444444444446,176.41666666666666,411.99305555555554,,0
2017-09-29 00:00:00+00:00,1763.3,36.3,1540.5986111111113,69.77430555555556,66.71527777777777,80.31944444444444,80.86111111111111,80.44444444444444,36.298611111111114,53.541666666666664,62.61805555555556,33.229166666666664,15.6,0.0,13.643055555555556,38.2,0.6000000000000001,8.020833333333334,1.4854166666666666,-0.32013888888888886,94.90833333333333,24.041666666666668,-96.92361111111111,161292.74305555556,23212198.0,-80.0,-4110013,65.65972222222223,73.65972222222223,67.97916666666667,42.78472222222222,44.69444444444444,32.74305555555556,45.30555555555556,38.951388888888886,25.90972222222222,-3.3,80.4,-1.03125,0.8673611111111111,96.17361111111111,42.826388888888886,43.979166666666664,43.72222222222222,40.729166666666664,967.2215277777777,0.9618055555555556,50.00069444444445,398.9513888888889,396.6458333333333,399.0263888888889,824.7215277777777,839.5201388888888,811.2166666666667,2101.4,-50.0,42.604166666666664,0.6166666666666667,7.981249999999999,232.52430555555554,-171.2486111111111,9.0,-216.2,6.841666666666667,967.592361111111,2000.0,0.0,232.32638888888889,-912.7479166666667,0.0,-1000.0,75.84375,866.0020833333333,1000.0,0.0,110.62222222222222,51.50694444444444,95.23402777777778,T11,2.1,17.1,9.002777777777778,2.2371527777777778,2.1,14.9,9.5,0.9027083333333334,21.0,27.0,23.131944444444443,1011.0,1014.0,1012.0902777777778,46.0,77.0,64.82638888888889,0.0,0.0,0.0,0.0,177.04861111111111,186.9375,412.0138888888889,,0
2017-09-30 00:00:00+00:00,1689.3,0.0,1115.0395833333334,100.98402777777778,48.34722222222222,58.86805555555556,59.708333333333336,59.56944444444444,35.44444444444444,51.138888888888886,55.59027777777778,31.34722222222222,15.0,0.0,9.838194444444445,34.4,0.4,4.922916666666667,0.8833333333333333,7.199305555555556,120.26527777777778,24.48611111111111,-471.5,42452.32638888889,6045234.0,-495.4861111111111,-1920992,54.50694444444444,59.81944444444444,55.236111111111114,38.8125,42.145833333333336,33.861111111111114,43.18055555555556,33.111111111111114,27.305555555555557,-4.8,89.6,4.090277777777778,2.7118055555555554,80.34722222222223,38.30555555555556,39.40277777777778,39.451388888888886,38.00694444444444,251.85763888888889,0.8013888888888889,50.00069444444445,398.93125,396.47569444444446,397.4604166666667,237.58194444444447,251.9638888888889,233.21875,1212.6,-50.4,39.19444444444444,0.9055555555555556,4.870138888888889,72.41944444444444,-80.06944444444444,755.5,-999.6,35.775,258.14930555555554,1220.4,0.0,71.57916666666667,-599.9520833333333,0.0,-1000.0,124.29930555555555,599.9520833333333,1000.0,0.0,124.29930555555555,43.104166666666664,135.55624999999998,T11,0.4,12.4,5.300694444444444,0.7803472222222223,0.0,11.5,5.167361111111111,0.4647916666666667,20.0,29.0,23.333333333333332,1009.0,1013.0,1011.1527777777778,45.0,77.0,60.84027777777778,0.0,0.0,0.0,0.0,102.81944444444444,100.15972222222223,411.0833333333333,,0
2017-10-01 00:00:00+00:00,1723.2,0.0,1161.6895833333333,81.17916666666666,49.798611111111114,61.94444444444444,62.8125,62.46527777777778,35.833333333333336,50.388888888888886,55.93055555555556,31.868055555555557,15.3,0.0,10.234027777777778,23.2,0.4,5.425000000000001,0.9333333333333333,2.8291666666666666,100.19097222222223,24.354166666666668,-243.95833333333334,63216.15277777778,9067997.0,-346.38194444444446,-2314929,55.50694444444444,60.9375,55.75,39.583333333333336,42.013888888888886,33.104166666666664,43.076388888888886,33.40972222222222,26.95138888888889,-3.2,86.1,5.229861111111111,1.5611111111111111,79.30555555555556,39.229166666666664,40.361111111111114,40.395833333333336,38.645833333333336,377.8375,0.8006944444444444,49.99930555555555,399.30069444444445,396.4090277777778,397.1111111111111,339.8958333333333,362.6111111111111,342.19166666666666,2099.6,-50.0,39.40277777777778,0.7034722222222222,5.4,100.96111111111111,-96.45138888888889,624.2,-786.8,39.65763888888889,381.25138888888887,2000.0,0.0,100.92916666666666,-662.35625,0.0,-1000.0,86.69652777777777,657.9333333333333,1000.0,0.0,91.24027777777778,43.78472222222222,99.85347222222222,T11,1.1,15.3,6.173611111111111,0.9156944444444446,1.0,13.4,6.061805555555555,0.4516666666666667,20.0,28.0,23.256944444444443,1008.0,1012.0,1010.1180555555555,43.0,75.0,59.875,0.0,0.0,0.0,0.0,120.33333333333333,118.08333333333333,410.06944444444446,,0
2017-10-02 00:00:00+00:00,1805.9,1207.5,1619.013888888889,49.364583333333336,70.45833333333333,95.04166666666667,95.07638888888889,94.78472222222223,42.986111111111114,55.791666666666664,65.35416666666667,34.40277777777778,15.9,10.7,14.345138888888888,41.8,0.5,10.072222222222223,1.8444444444444446,-0.31805555555555554,98.92569444444445,24.125,0.0,228486.61805555556,32902073.0,0.0,-4591239,75.33333333333333,86.15972222222223,78.78472222222223,44.826388888888886,47.78472222222222,32.763888888888886,49.125,43.4375,26.256944444444443,-3.2,17.7,1.0763888888888888,1.676388888888889,107.75694444444444,45.291666666666664,46.40972222222222,46.05555555555556,42.02777777777778,1370.9979166666667,0.9895833333333334,49.99722222222223,399.2708333333333,396.66319444444446,399.2652777777778,1153.8506944444443,1176.0923611111111,1143.4562500000002,2105.5,-8.9,48.236111111111114,0.42638888888888893,9.920833333333333,174.40972222222223,-191.3013888888889,0.6000000000000001,-288.5,4.356944444444444,1368.2645833333333,2000.0,0.0,173.81875000000002,-833.9513888888889,0.0,-1000.0,84.76736111111111,727.870138888889,1000.0,0.0,97.39513888888888,60.8125,99.24583333333334,T11,2.5,22.8,11.469444444444443,2.532777777777778,2.5,20.2,10.995138888888889,1.2929166666666667,20.0,27.0,23.131944444444443,1011.0,1013.0,1011.6458333333334,47.0,79.0,65.31944444444444,0.0,0.0,0.0,0.0,226.45833333333334,217.10416666666666,411.50694444444446,,0
2017-10-03 00:00:00+00:00,1805.9,1180.3,1612.476388888889,63.22430555555555,70.5,92.26388888888889,92.44444444444444,92.16666666666667,43.229166666666664,53.298611111111114,64.3125,35.25694444444444,16.0,10.5,14.285416666666666,38.4,0.4,9.356944444444444,1.9791666666666667,-0.6673611111111111,100.74583333333334,24.5,0.0,215793.00694444444,31074193.0,0.0,-4749461,71.34027777777777,81.82638888888889,75.40277777777777,44.65277777777778,46.854166666666664,33.24305555555556,47.30555555555556,43.00694444444444,26.631944444444443,-3.2,14.5,-0.3416666666666667,1.3097222222222222,104.05555555555556,44.986111111111114,46.09722222222222,45.75694444444444,41.9375,1294.6479166666666,0.9819444444444445,49.99861111111111,399.19930555555555,396.7006944444445,399.17291666666665,1093.1104166666667,1113.7180555555556,1082.8020833333333,2105.3,-43.2,45.5,0.5527777777777778,9.334027777777777,265.2576388888889,-197.89097222222222,0.5,-255.0,4.826388888888889,1292.0923611111111,2000.0,0.0,264.51180555555555,-895.5111111111112,0.0,-1000.0,94.6,804.3909722222222,1000.0,0.0,131.64027777777778,59.145833333333336,101.41111111111111,T11,2.7,22.8,11.538194444444445,3.1781944444444448,2.8,20.8,11.463194444444445,1.406736111111111,21.0,27.0,23.52777777777778,1010.0,1012.0,1010.9236111111111,45.0,78.0,62.486111111111114,0.0,0.0,0.0,0.0,227.8125,226.29861111111111,410.8958333333333,,0
2017-10-04 00:00:00+00:00,1834.2,0.0,1535.1888888888889,81.26944444444445,70.31944444444444,85.45138888888889,85.77083333333333,85.48611111111111,40.951388888888886,54.0625,63.47222222222222,33.56944444444444,16.0,0.0,13.587499999999999,39.0,0.4,8.686805555555557,1.8152777777777775,-0.6361111111111111,105.12916666666666,24.243055555555557,-159.61805555555554,182579.375,26268445.0,-127.96527777777777,-4187452,72.81944444444444,82.0,75.59027777777777,43.34722222222222,45.72222222222222,33.048611111111114,46.479166666666664,40.486111111111114,26.45138888888889,-3.2,89.7,0.60625,2.05,99.49305555555556,43.548611111111114,44.673611111111114,44.3125,41.048611111111114,1094.576388888889,0.9680555555555556,49.99583333333333,399.3638888888889,396.77430555555554,399.3520833333333,928.3402777777778,946.2972222222221,915.311111111111,2103.3,-50.9,44.388888888888886,0.7229166666666668,8.59236111111111,239.7548611111111,-174.47430555555556,9.2,-220.8,8.049305555555556,1094.3937500000002,2000.0,0.0,239.1472222222222,-854.6708333333333,0.0,-1000.0,99.16805555555555,790.7784722222223,1000.0,0.0,128.93194444444444,55.020833333333336,105.76944444444445,T11,0.9,23.1,11.32638888888889,2.2290972222222223,0.9,20.4,10.55,1.3313194444444445,20.0,27.0,23.23611111111111,1011.0,1013.0,1012.0416666666666,46.0,81.0,64.75,0.0,0.0,0.0,0.0,223.52777777777777,208.08333333333334,411.9583333333333,,0
2017-10-05 00:00:00+00:00,1804.1,1199.7,1643.8729166666667,37.61597222222222,80.01388888888889,104.53472222222223,104.24305555555556,103.97916666666667,46.958333333333336,54.88194444444444,66.02083333333333,35.21527777777778,15.9,10.6,14.565277777777778,38.3,0.6000000000000001,10.827777777777778,2.107638888888889,-0.4694444444444445,90.57638888888889,23.944444444444443,-3.236111111111111,269686.05555555556,38834326.0,-2.826388888888889,-4782354,81.875,94.77777777777777,86.60416666666667,46.270833333333336,48.979166666666664,32.72222222222222,50.25,46.604166666666664,26.02777777777778,-3.2,15.5,2.0472222222222225,2.3368055555555554,112.68055555555556,46.90277777777778,48.041666666666664,47.520833333333336,42.923611111111114,1618.1826388888887,0.9944444444444444,49.99722222222223,400.01944444444445,397.5368055555556,400.12847222222223,1355.2270833333334,1377.5868055555557,1347.052777777778,2104.8,-50.9,49.951388888888886,0.3298611111111111,10.761805555555556,170.4361111111111,-199.26666666666668,10.5,-223.3,4.051388888888889,1614.4576388888888,2000.0,0.0,170.00416666666666,-763.46875,0.0,-1000.0,113.24375,621.5472222222222,1000.0,0.0,120.18333333333334,60.951388888888886,91.03888888888889,T11,1.9,20.8,11.452777777777778,3.649097222222222,1.9,19.2,11.95486111111111,1.4460416666666667,21.0,26.0,22.979166666666668,1010.0,1013.0,1011.4444444444445,56.0,77.0,67.9375,0.0,0.0,0.0,0.0,226.09027777777777,236.25,411.4166666666667,,0
2017-10-06 00:00:00+00:00,1685.7,0.0,837.7652777777778,46.21180555555556,47.270833333333336,54.90972222222222,55.71527777777778,55.5625,36.13194444444444,49.923611111111114,52.81944444444444,33.1875,15.0,0.0,7.271527777777777,16.0,0.4,4.206944444444444,0.6541666666666667,5.802083333333333,162.0,25.708333333333332,-551.4722222222222,32832.993055555555,4648539.0,-695.2986111111111,-1537175,55.083333333333336,60.65277777777778,56.291666666666664,39.59722222222222,43.25694444444444,35.861111111111114,44.229166666666664,32.65277777777778,28.993055555555557,-3.2,83.9,9.336111111111112,0.64375,72.63888888888889,38.99305555555556,40.083333333333336,40.15277777777778,39.291666666666664,193.68819444444443,0.7673611111111112,49.99930555555555,399.1784722222222,396.89166666666665,396.6958333333333,174.16458333333333,192.05694444444444,178.68263888888887,1209.6,-50.0,40.24305555555556,0.46388888888888885,4.184722222222223,35.2,-64.07152777777777,528.6,-901.2,12.245833333333332,198.61805555555554,1226.4,0.0,35.797222222222224,-476.2006944444444,0.0,-1000.0,48.143055555555556,476.2006944444444,1000.0,0.0,48.143055555555556,41.548611111111114,166.18541666666667,T11,0.0,12.6,4.534722222222222,0.4396527777777778,0.0,11.2,4.772222222222222,0.25194444444444447,20.0,30.0,24.34027777777778,1009.0,1011.0,1009.8819444444445,35.0,76.0,55.13194444444444,0.0,0.0,0.0,0.0,87.41666666666667,92.23611111111111,409.86805555555554,,0
2017-10-07 00:00:00+00:00,1751.9,0.0,1045.6229166666667,60.3111111111111,51.31944444444444,62.4375,62.84027777777778,62.59027777777778,37.958333333333336,48.888888888888886,54.4375,33.479166666666664,15.5,0.0,9.156944444444443,35.5,0.4,5.642361111111111,1.0909722222222222,6.774305555555555,119.20555555555555,24.881944444444443,-268.74305555555554,92772.09027777778,13320481.0,-277.97222222222223,-2421857,57.673611111111114,63.61805555555556,58.18055555555556,40.270833333333336,42.43055555555556,34.19444444444444,43.236111111111114,35.076388888888886,27.993055555555557,-3.3,89.7,7.205555555555555,1.1749999999999998,73.8125,39.916666666666664,41.041666666666664,41.00694444444444,39.03472222222222,555.0118055555555,0.8395833333333333,49.99791666666667,399.05555555555554,396.69097222222223,397.4923611111111,481.5513888888888,493.87152777777777,475.06874999999997,2100.4,-35.6,39.826388888888886,0.5666666666666667,5.59375,141.59583333333333,-100.91180555555555,560.2,-584.2,17.991666666666667,557.3256944444444,2000.0,0.0,141.33194444444445,-567.8631944444445,0.0,-1000.0,65.05486111111111,539.3062500000001,1000.0,0.0,82.91527777777777,47.47222222222222,94.92152777777778,T11,0.0,17.7,6.065972222222222,1.0904166666666668,0.0,15.6,5.865277777777778,0.5997916666666667,20.0,28.0,23.73611111111111,1008.0,1011.0,1009.0486111111111,41.0,78.0,56.72222222222222,0.0,0.0,0.0,0.0,118.14583333333333,114.27777777777777,409.00694444444446,,0
2017-10-08 00:00:00+00:00,1765.6,61.3,1505.711111111111,77.34652777777778,63.0,75.65972222222223,76.375,76.06944444444444,35.854166666666664,53.375,61.96527777777778,32.40277777777778,15.6,0.0,13.340277777777779,42.7,0.4,7.441666666666666,1.3250000000000002,-0.11250000000000002,106.55416666666666,24.02777777777778,-75.13194444444444,129941.89583333333,18700815.0,-59.770833333333336,-3655363,65.79166666666667,73.00694444444444,67.58333333333333,41.361111111111114,43.701388888888886,32.90277777777778,44.22222222222222,36.81944444444444,26.0625,-3.2,75.8,-1.3583333333333334,0.7541666666666668,93.38194444444444,41.40972222222222,42.55555555555556,42.40972222222222,39.701388888888886,779.1479166666667,0.9465277777777779,49.99722222222223,399.04375000000005,396.56388888888887,398.62847222222223,665.4729166666667,684.3743055555556,655.3111111111111,2101.2,-50.1,41.00694444444444,0.6833333333333333,7.356249999999999,182.29583333333332,-152.31319444444443,221.6,-216.0,7.995833333333334,779.7076388888888,2000.0,0.0,182.61944444444444,-902.3520833333333,0.0,-1000.0,59.12569444444445,875.7708333333334,1000.0,0.0,77.43541666666667,52.375,106.67291666666667,T11,1.8,17.0,8.899305555555555,1.4631944444444445,1.9,15.5,8.515972222222222,0.6677083333333333,21.0,27.0,23.006944444444443,1009.0,1011.0,1010.1944444444445,47.0,79.0,65.0625,0.0,0.0,0.0,0.0,175.00694444444446,167.43055555555554,410.1458333333333,,0
2017-10-09 00:00:00+00:00,1460.2,0.0,627.1624999999999,74.80416666666666,40.03472222222222,48.38194444444444,49.05555555555556,48.90972222222222,35.40277777777778,46.22222222222222,48.31944444444444,32.06944444444444,12.9,0.0,5.397222222222222,18.2,0.4,3.098611111111111,0.6006944444444444,5.766666666666667,137.2625,24.40972222222222,-699.8611111111111,8737.368055555555,1157402.0,-968.1180555555555,-844229,49.55555555555556,54.020833333333336,49.40277777777778,37.75,40.951388888888886,34.09722222222222,41.9375,30.15277777777778,27.625,-2.9,89.6,13.766666666666667,2.1215277777777777,61.94444444444444,37.00694444444444,38.083333333333336,38.19444444444444,37.576388888888886,48.22986111111111,0.6263888888888889,49.99583333333333,398.9923611111111,396.82430555555555,396.8305555555555,65.32430555555555,74.58263888888888,67.06597222222223,551.9,-38.0,37.701388888888886,0.7041666666666667,3.1868055555555554,18.46527777777778,-35.18055555555556,519.0,-779.2,28.670833333333334,56.18611111111111,561.4,0.0,20.561805555555555,-215.46875,0.0,-1000.0,59.25416666666667,215.46875,1000.0,0.0,59.25416666666667,39.361111111111114,143.99374999999998,T11,0.0,8.6,3.8722222222222222,0.2775694444444444,0.0,8.6,3.9930555555555554,0.1922222222222222,19.0,30.0,22.770833333333332,1009.0,1012.0,1010.4375,40.0,86.0,67.31944444444444,0.0,0.0,0.0,0.0,74.20138888888889,76.60416666666667,410.36805555555554,,0
2017-10-10 00:00:00+00:00,1709.2,0.0,1163.8854166666667,69.625,49.40277777777778,62.416666666666664,63.361111111111114,62.97222222222222,36.21527777777778,50.59027777777778,56.47222222222222,31.020833333333332,15.1,0.0,10.292361111111111,26.1,0.4,5.438194444444445,0.9506944444444445,-3.267361111111111,102.83055555555556,24.36111111111111,-242.46527777777777,50400.13888888889,7222710.0,-259.25,-2185067,54.28472222222222,59.201388888888886,54.201388888888886,39.513888888888886,41.798611111111114,33.388888888888886,43.041666666666664,33.520833333333336,27.01388888888889,-3.2,89.7,7.300694444444444,1.6333333333333333,79.77083333333333,39.0,40.13194444444444,40.13194444444444,38.59027777777778,300.9145833333333,0.8152777777777778,49.99722222222223,399.0784722222222,396.6069444444445,397.85555555555555,272.2125,287.9534722222222,268.59375,1667.0,-50.0,39.31944444444444,0.6312500000000001,5.492361111111111,85.98611111111111,-91.06458333333333,589.3,-696.0,21.615972222222222,337.19097222222223,1696.4,0.0,96.70833333333333,-668.7708333333334,0.0,-1000.0,95.71666666666667,668.3854166666666,1000.0,0.0,97.30694444444445,53.50694444444444,106.09444444444445,T11,0.8,11.8,5.642361111111111,0.8447222222222223,0.7000000000000001,11.7,5.633333333333334,0.6104166666666667,20.0,29.0,23.20138888888889,1009.0,1012.0,1010.3958333333334,35.0,77.0,55.763888888888886,0.0,0.0,0.0,0.0,109.63194444444444,109.42361111111111,410.2986111111111,,0
2017-10-11 00:00:00+00:00,1768.8,0.0,1444.5493055555555,75.31180555555555,59.15277777777778,73.45138888888889,74.03472222222223,73.90972222222223,35.986111111111114,53.59027777777778,61.44444444444444,32.05555555555556,15.7,0.0,12.796527777777778,38.5,0.4,7.240972222222222,1.31875,-0.08541666666666668,102.98541666666667,24.333333333333332,-95.40972222222223,120154.80555555556,17288552.0,-86.95138888888889,-3408798,64.47916666666667,71.34722222222223,65.73611111111111,41.56944444444444,43.625,32.638888888888886,44.71527777777778,36.77777777777778,25.875,-3.2,89.7,-0.8305555555555556,1.3229166666666667,94.17361111111111,41.38194444444444,42.513888888888886,42.34027777777778,39.791666666666664,720.3638888888888,0.9381944444444444,49.99930555555555,398.6986111111111,396.22291666666666,398.2638888888889,616.5340277777777,633.7326388888889,608.1590277777777,2100.8,-51.0,41.638888888888886,0.6673611111111112,7.1729166666666675,176.55,-142.03472222222223,8.5,-218.0,9.102083333333333,726.0819444444445,2000.0,0.0,176.2173611111111,-913.5131944444444,0.0,-1000.0,81.07569444444444,884.661111111111,1000.0,0.0,96.23680555555556,55.701388888888886,103.06597222222223,T11,0.8,14.7,7.668749999999999,1.343611111111111,0.5,14.9,7.878472222222222,0.7967361111111111,20.0,30.0,23.22222222222222,1011.0,1014.0,1011.9027777777778,28.0,76.0,57.50694444444444,0.0,1.0,0.006944444444444444,0.0,150.1875,154.34722222222223,411.84027777777777,,0
2017-10-12 00:00:00+00:00,1777.3,0.0,1311.2875,103.87083333333334,60.09722222222222,75.48611111111111,75.99305555555556,75.77083333333333,39.99305555555556,53.19444444444444,60.34722222222222,34.27777777777778,15.7,0.0,11.577083333333333,43.3,0.4,6.90625,1.3208333333333335,-2.490972222222222,113.43333333333334,26.13888888888889,-344.6666666666667,119268.41666666667,17125020.0,-351.52777777777777,-2923265,63.666666666666664,71.16666666666667,65.78472222222223,41.84027777777778,44.979166666666664,33.548611111111114,45.576388888888886,38.59027777777778,27.868055555555557,-3.2,86.2,2.492361111111111,2.370138888888889,90.38194444444444,41.80555555555556,42.875,42.736111111111114,40.30555555555556,713.5270833333333,0.8791666666666668,50.0,399.15763888888887,396.68611111111113,398.59375,616.2666666666667,630.7562499999999,608.3527777777778,2102.6,-50.1,42.65972222222222,0.9361111111111112,6.823611111111111,160.96041666666667,-121.7798611111111,792.1,-706.7,24.481944444444444,718.0784722222222,2000.0,0.0,161.44097222222223,-721.5444444444444,0.0,-1000.0,108.73680555555556,674.0374999999999,1000.0,0.0,124.4361111111111,54.90972222222222,115.91597222222224,T11,0.2,18.1,6.484027777777778,1.6009027777777778,0.0,18.2,6.385416666666667,1.1909027777777779,22.0,30.0,25.02777777777778,1012.0,1016.0,1014.25,28.0,72.0,49.93055555555556,0.0,0.0,0.0,0.0,126.5625,124.5625,414.2013888888889,,0
2017-10-13 00:00:00+00:00,1700.5,0.0,1213.0909722222223,105.38611111111112,52.96527777777778,64.53472222222223,65.38194444444444,65.25,37.93055555555556,52.423611111111114,58.486111111111114,34.541666666666664,15.1,0.0,10.728472222222223,25.1,0.4,5.659722222222222,0.9583333333333334,-0.45625000000000004,107.97083333333333,28.243055555555557,-428.21527777777777,60688.92361111111,8677543.0,-406.68055555555554,-2214658,60.048611111111114,65.34722222222223,60.65277777777778,40.361111111111114,43.916666666666664,35.53472222222222,44.375,36.61805555555556,30.11111111111111,-3.1,89.6,2.540972222222222,1.7020833333333334,82.9375,39.958333333333336,41.076388888888886,41.083333333333336,39.513888888888886,361.5423611111111,0.8861111111111112,49.99722222222223,398.93958333333336,396.4111111111111,397.3701388888889,313.1381944444445,334.4138888888889,315.3590277777778,2076.0,-46.6,40.34722222222222,0.952777777777778,5.601388888888889,96.80138888888888,-92.28611111111111,409.1,-741.3,13.374305555555557,366.50347222222223,2000.0,0.0,96.82013888888889,-747.7520833333333,0.0,-1000.0,74.39444444444445,744.8368055555555,1000.0,0.0,76.20069444444444,49.84722222222222,108.42083333333333,T11,1.4,11.7,5.684027777777778,0.9052083333333333,1.0,11.4,5.763888888888889,0.6073611111111111,24.0,32.0,27.17361111111111,1014.0,1017.0,1014.8958333333334,19.0,39.0,28.51388888888889,0.0,0.0,0.0,0.0,110.51388888888889,112.20138888888889,414.84027777777777,,0
2017-10-14 00:00:00+00:00,1707.3,0.0,1291.0875,91.41736111111112,54.03472222222222,65.29166666666667,66.30555555555556,65.94444444444444,37.958333333333336,52.770833333333336,59.05555555555556,33.47222222222222,15.1,0.0,11.420833333333333,37.3,0.4,5.735416666666667,0.9833333333333333,-0.2736111111111111,95.31041666666667,27.46527777777778,-301.4375,64039.583333333336,9178291.0,-279.6458333333333,-2504688,58.99305555555556,64.40277777777777,59.458333333333336,40.00694444444444,43.40277777777778,34.86805555555556,44.21527777777778,36.270833333333336,29.458333333333332,-3.3,89.7,0.8652777777777777,1.6020833333333333,85.61111111111111,39.638888888888886,40.74305555555556,40.736111111111114,38.97222222222222,382.4138888888889,0.8847222222222223,49.99791666666667,398.87638888888887,396.25972222222225,397.05902777777777,330.4895833333333,355.79999999999995,335.47013888888887,1702.7,-50.0,40.298611111111114,0.8222222222222223,5.752083333333333,90.86666666666666,-104.35486111111112,556.8,-406.0,13.190277777777778,386.16041666666666,1720.1,0.0,91.12222222222222,-769.213888888889,0.0,-1000.0,68.66180555555555,769.0479166666667,1000.0,0.0,69.40972222222223,47.298611111111114,95.5875,T11,1.6,16.0,6.598611111111111,0.9794444444444443,1.4,15.0,6.629861111111111,0.5349999999999999,23.0,31.0,26.47222222222222,1013.0,1016.0,1014.1944444444445,20.0,52.0,31.82638888888889,0.0,0.0,0.0,0.0,128.84027777777777,129.51388888888889,414.09722222222223,,0
2017-10-15 00:00:00+00:00,1809.5,1186.2,1579.2458333333334,67.95069444444444,62.40277777777778,85.39583333333333,85.72916666666667,85.50694444444444,40.166666666666664,55.361111111111114,64.50694444444444,33.763888888888886,15.9,10.5,13.988194444444444,39.5,0.4,9.079166666666667,1.6576388888888889,-0.12291666666666666,108.83472222222223,24.27777777777778,-9.88888888888889,181500.20138888888,26134604.0,-7.784722222222222,-4200667,72.27777777777777,81.35416666666667,74.65277777777777,43.24305555555556,46.11805555555556,32.84027777777778,47.15972222222222,39.96527777777778,26.63888888888889,-3.2,17.3,0.3590277777777777,1.1152777777777778,100.90277777777777,43.548611111111114,44.625,44.395833333333336,40.99305555555556,1088.9486111111112,0.9715277777777778,49.99791666666667,399.2416666666667,396.6076388888889,399.16805555555555,922.2118055555555,941.3631944444444,908.5701388888889,2105.3,-50.0,45.11805555555556,0.5951388888888889,8.973611111111111,170.30208333333334,-175.02569444444444,9.4,-223.3,6.316666666666666,1087.8166666666666,2000.0,0.0,170.53055555555557,-872.9444444444445,0.0,-1000.0,60.10902777777778,812.4548611111111,1000.0,0.0,70.88333333333334,58.74305555555556,108.96527777777777,T11,1.8,22.3,11.049305555555556,1.915486111111111,2.2,21.1,10.425,1.307638888888889,21.0,27.0,23.395833333333332,1011.0,1015.0,1013.1736111111111,40.0,74.0,59.80555555555556,0.0,0.0,0.0,0.0,217.99305555555554,205.5625,413.1388888888889,,0
2017-10-16 00:00:00+00:00,1824.6,1188.0,1650.8034722222224,51.50694444444444,72.95138888888889,94.83333333333333,94.65277777777777,94.47916666666667,43.208333333333336,53.59722222222222,65.13888888888889,34.25,16.1,10.5,14.625,37.1,0.6000000000000001,10.06111111111111,2.125,-0.3298611111111111,114.78125,23.458333333333332,0.0,244020.27777777778,35138920.0,0.0,-4855047,74.13888888888889,85.40277777777777,78.10416666666667,45.30555555555556,46.395833333333336,32.5625,46.94444444444444,42.86805555555556,25.625,-3.2,14.6,0.10972222222222222,1.786111111111111,105.09722222222223,45.798611111111114,46.99305555555556,46.53472222222222,42.208333333333336,1464.1673611111112,0.9993055555555556,49.99861111111111,399.5104166666667,397.20000000000005,399.9465277777778,1233.5694444444443,1250.1104166666667,1218.4270833333333,2105.6,119.2,45.56944444444444,0.4444444444444444,9.95138888888889,288.2763888888889,-202.29513888888889,-141.6,-224.0,3.9680555555555554,1460.7645833333333,2000.0,106.3,287.3486111111111,-873.0708333333333,-520.7,-1000.0,110.54027777777777,762.4666666666667,1000.0,406.1,156.07430555555555,59.486111111111114,115.11736111111112,T11,3.1,20.4,10.488888888888889,2.5874305555555552,3.0,17.7,10.24861111111111,2.245902777777778,21.0,26.0,22.45138888888889,1012.0,1015.0,1013.6111111111111,54.0,78.0,66.98611111111111,0.0,0.0,0.0,0.0,206.69444444444446,201.97916666666666,413.56944444444446,,0
2017-10-17 00:00:00+00:00,1790.3,36.8,1531.023611111111,60.518750000000004,67.92361111111111,86.71527777777777,87.0625,86.71527777777777,43.236111111111114,55.423611111111114,63.798611111111114,32.736111111111114,15.9,0.0,13.560416666666667,29.1,0.5,8.445138888888888,1.5256944444444445,-0.2972222222222222,126.82986111111111,23.03472222222222,-44.02777777777778,175983.45833333334,25335280.0,-35.013888888888886,-3688782,67.95138888888889,78.09027777777777,72.14583333333333,42.77777777777778,45.4375,32.423611111111114,46.013888888888886,40.020833333333336,25.36111111111111,-3.1,84.5,-0.1743055555555556,1.2840277777777778,101.29166666666667,42.9375,44.083333333333336,43.77777777777778,40.36805555555556,1055.5152777777778,0.9590277777777777,49.99722222222223,398.77777777777777,396.2291666666667,397.73125000000005,887.6055555555555,914.4541666666667,890.7020833333333,2104.3,-50.7,44.02777777777778,0.5340277777777778,8.403472222222222,150.50416666666666,-153.70277777777778,652.3,-580.8,11.449305555555556,1054.2972222222222,2000.0,0.0,150.04027777777776,-831.5805555555556,0.0,-1000.0,98.07499999999999,757.3895833333333,1000.0,0.0,103.29930555555556,52.47222222222222,127.12152777777777,T11,0.8,15.1,6.388194444444444,1.729513888888889,0.8,15.0,6.260416666666667,1.6811805555555557,20.0,33.0,22.006944444444443,1010.0,1015.0,1012.0069444444445,53.0,83.0,72.69444444444444,0.0,0.0,0.0,0.0,124.55555555555556,122.13888888888889,411.9861111111111,,0
2017-10-18 00:00:00+00:00,1769.5,0.0,1412.5784722222222,94.85624999999999,56.38194444444444,66.60416666666667,67.40277777777777,67.08333333333333,32.56944444444444,52.44444444444444,59.69444444444444,28.95138888888889,15.6,0.0,12.510416666666666,48.6,0.4,6.678472222222222,1.3395833333333333,0.1618055555555556,240.5256944444444,20.34722222222222,-124.71527777777777,103517.3125,14888533.0,-116.22222222222223,-3134736,61.5,68.27083333333333,63.06944444444444,40.145833333333336,41.63194444444444,29.8125,43.22222222222222,31.930555555555557,22.0625,-3.4,89.6,-0.5402777777777777,1.1111111111111112,89.9375,40.00694444444444,41.145833333333336,41.05555555555556,38.548611111111114,620.2923611111112,0.9215277777777777,50.0,398.4625,395.97013888888887,396.89930555555554,530.2826388888889,556.2131944444444,537.1791666666667,2101.6,-50.7,40.076388888888886,0.8423611111111111,6.788888888888889,190.5388888888889,-130.59583333333333,594.9,-734.7,21.864583333333332,622.0041666666667,2000.0,0.0,190.80555555555554,-876.4416666666667,0.0,-1000.0,67.74722222222222,864.3736111111111,1000.0,0.0,81.625,43.21527777777778,240.35694444444445,T11,1.2,15.8,6.452083333333333,0.9491666666666667,1.2,16.5,6.444444444444445,1.0164583333333335,16.0,21.0,19.319444444444443,1006.0,1010.0,1007.5763888888889,62.0,97.0,86.25,0.0,103.0,2.9375,0.0,125.9375,125.72222222222223,407.52777777777777,,0
2017-10-19 00:00:00+00:00,1805.6,0.0,1298.4048611111111,69.04236111111112,55.13194444444444,65.89583333333333,66.625,66.34027777777777,33.19444444444444,51.375,57.8125,29.083333333333332,15.9,0.0,11.492361111111112,29.1,0.4,6.426388888888889,1.1833333333333333,1.1722222222222223,281.4583333333333,20.493055555555557,-119.40277777777777,88092.25,12668092.0,-111.22916666666667,-2680398,56.75,63.291666666666664,58.263888888888886,40.3125,41.44444444444444,29.881944444444443,43.13194444444444,31.73611111111111,22.57638888888889,-3.1,89.6,5.272916666666666,1.5486111111111112,88.38888888888889,40.0,41.13194444444444,41.03472222222222,38.791666666666664,527.84375,0.8680555555555556,50.0,399.16805555555555,396.6930555555556,397.7340277777778,460.12361111111113,481.53749999999997,463.5520833333333,2101.1,-42.5,39.888888888888886,0.6034722222222223,6.542361111111111,108.57430555555555,-111.68263888888889,616.4,-797.9,30.98263888888889,557.2,2000.0,0.0,116.39166666666668,-745.7034722222222,0.0,-1000.0,82.45972222222223,726.70625,1000.0,0.0,86.47916666666667,42.55555555555556,280.2861111111111,T11,1.8,19.1,6.563194444444445,0.5940972222222222,1.7000000000000002,19.4,6.613888888888889,0.6077777777777778,17.0,21.0,19.52777777777778,1002.0,1012.0,1006.8958333333334,65.0,93.0,82.81944444444444,0.0,7.0,0.13194444444444445,0.0,128.20138888888889,129.11111111111111,406.84027777777777,,0
2017-10-20 00:00:00+00:00,1668.1,0.0,879.6708333333333,73.0375,42.00694444444444,50.451388888888886,51.27777777777778,51.0,32.68055555555556,46.25694444444444,49.77777777777778,29.333333333333332,14.8,0.0,7.656944444444444,21.4,0.4,3.814583333333333,0.7013888888888888,0.9291666666666666,285.3076388888889,21.805555555555557,-441.4861111111111,17275.833333333332,2424147.0,-487.94444444444446,-1142188,47.81944444444444,52.541666666666664,48.28472222222222,37.263888888888886,39.77777777777778,30.645833333333332,41.361111111111114,29.055555555555557,24.256944444444443,-3.1,89.6,8.270138888888889,2.0131944444444443,69.47222222222223,36.576388888888886,37.71527777777778,37.798611111111114,36.59027777777778,100.99305555555556,0.7118055555555556,49.99861111111111,399.22013888888887,397.09166666666664,396.7527777777778,111.04166666666667,124.57708333333332,116.36874999999999,788.1,-48.6,37.236111111111114,0.7006944444444445,3.896527777777778,35.425,-47.58680555555556,625.6,-868.6,42.36388888888889,108.24097222222223,796.2,0.0,37.110416666666666,-388.8409722222222,0.0,-1000.0,96.90694444444445,388.8409722222222,1000.0,0.0,96.90694444444445,36.458333333333336,284.3777777777778,T11,0.0,7.8,3.795138888888889,0.20145833333333335,0.0,8.1,3.773611111111111,0.20645833333333333,18.0,24.0,20.59027777777778,1011.0,1014.0,1012.7847222222222,59.0,93.0,79.58333333333333,0.0,0.0,0.0,0.0,72.66666666666667,72.24305555555556,412.74305555555554,,0
2017-10-21 00:00:00+00:00,1685.0,0.0,642.2479166666667,100.17569444444445,39.673611111111114,47.52777777777778,48.05555555555556,47.854166666666664,34.5625,45.05555555555556,47.47222222222222,30.47222222222222,14.9,0.0,5.444444444444445,36.7,0.4,3.3354166666666667,0.7465277777777778,-0.05277777777777771,179.84444444444443,23.118055555555557,-591.6458333333334,12758.104166666666,1751969.0,-635.8541666666666,-851577,47.361111111111114,51.65277777777778,47.09722222222222,36.208333333333336,38.798611111111114,31.53472222222222,39.96527777777778,29.243055555555557,25.770833333333332,-2.7,89.7,13.662500000000001,2.367361111111111,56.63194444444444,35.423611111111114,36.604166666666664,36.770833333333336,35.72222222222222,73.00763888888889,0.7187500000000001,49.99861111111111,399.31388888888887,397.22291666666666,396.6201388888889,78.11041666666667,89.05277777777778,82.44236111111111,855.7,-50.0,35.736111111111114,0.9493055555555555,3.398611111111111,38.806250000000006,-35.46458333333333,527.9,-890.4,22.322222222222223,81.45416666666667,897.4,0.0,41.17777777777778,-262.4951388888889,0.0,-1000.0,83.92777777777778,262.4951388888889,1000.0,0.0,83.92777777777778,36.34027777777778,169.91319444444446,T11,0.0,10.2,3.9270833333333335,0.3186111111111111,0.0,9.8,3.8618055555555557,0.30951388888888887,18.0,27.0,22.041666666666668,1013.0,1016.0,1014.2847222222222,51.0,96.0,74.61805555555556,0.0,0.0,0.0,0.0,75.19444444444444,74.08333333333333,414.21527777777777,,0
2017-10-22 00:00:00+00:00,1507.3,0.0,691.9895833333334,89.11250000000001,39.34722222222222,48.38194444444444,49.048611111111114,48.88194444444444,34.93055555555556,46.24305555555556,49.06944444444444,31.07638888888889,13.4,0.0,5.981944444444444,15.9,0.4,3.2583333333333333,0.6222222222222222,-2.14375,146.19305555555556,23.53472222222222,-710.8263888888889,7694.0625,1005589.0,-912.9652777777778,-822657,48.25694444444444,52.50694444444444,47.86805555555556,37.395833333333336,40.00694444444444,32.625,41.15277777777778,29.47222222222222,26.4375,-3.0,67.0,12.444444444444445,2.182638888888889,60.09027777777778,36.673611111111114,37.791666666666664,37.895833333333336,37.138888888888886,41.895833333333336,0.6034722222222223,49.99722222222223,399.0548611111111,396.9513888888889,396.45624999999995,74.99166666666666,84.17013888888889,79.24722222222222,562.3,-50.9,36.958333333333336,0.8027777777777777,3.314583333333333,20.171527777777776,-34.291666666666664,609.0,-999.7,62.364583333333336,52.80486111111111,566.4,0.0,23.134722222222223,-210.5597222222222,0.0,-1000.0,75.16388888888889,210.5597222222222,1000.0,0.0,75.16388888888889,37.236111111111114,135.84166666666667,T11,0.0,9.1,2.933333333333333,0.23902777777777778,0.0,8.1,2.964583333333333,0.21715277777777778,19.0,28.0,22.381944444444443,1013.0,1016.0,1014.3819444444445,35.0,86.0,64.74305555555556,0.0,0.0,0.0,0.0,55.395833333333336,56.173611111111114,414.3333333333333,,0
2017-10-23 00:00:00+00:00,1791.6,1206.3,1600.3402777777778,52.55277777777778,68.66666666666667,83.21527777777777,83.50694444444444,83.25,36.84027777777778,53.93055555555556,63.71527777777778,31.5625,15.7,10.7,14.179166666666667,40.3,0.6000000000000001,8.723611111111111,1.5277777777777777,0.570138888888889,96.28125,21.944444444444443,0.0,191904.51388888888,27634250.0,0.0,-4331940,67.80555555555556,76.74305555555556,70.13888888888889,43.173611111111114,44.173611111111114,31.166666666666668,45.21527777777778,38.416666666666664,23.86111111111111,-3.2,10.7,-1.3180555555555555,0.8159722222222222,99.20138888888889,43.479166666666664,44.61805555555556,44.27777777777778,40.72222222222222,1151.4395833333333,0.9916666666666667,49.99930555555555,398.5173611111111,396.28194444444443,398.3590277777778,972.1979166666666,991.0201388888888,964.6701388888889,2102.1,109.7,43.13194444444444,0.4618055555555556,8.73263888888889,208.5951388888889,-180.50416666666666,-93.9,-220.4,3.7312499999999997,1149.9416666666666,2000.0,106.0,208.74791666666667,-945.8951388888888,-519.3,-1000.0,55.582638888888894,881.6777777777778,1000.0,406.1,91.08819444444445,57.03472222222222,95.70347222222222,T11,3.1,18.4,10.067361111111111,2.2991666666666664,4.7,16.7,10.104861111111111,0.7693055555555556,19.0,24.0,20.881944444444443,1012.0,1015.0,1013.6875,59.0,84.0,72.50694444444444,0.0,0.0,0.0,0.0,198.43055555555554,199.06944444444446,413.6388888888889,,0
2017-10-24 00:00:00+00:00,1824.2,1193.7,1641.8604166666667,53.44722222222222,72.45138888888889,94.14583333333333,94.02777777777777,93.77777777777777,42.49305555555556,54.78472222222222,65.1875,32.708333333333336,16.0,10.6,14.549305555555556,39.1,0.6000000000000001,9.754861111111111,2.054861111111111,-0.14652777777777778,110.5923611111111,21.708333333333332,0.0,238450.9375,34336935.0,0.0,-4713633,75.28472222222223,86.47916666666667,79.25694444444444,44.486111111111114,45.951388888888886,31.22222222222222,46.68055555555556,41.173611111111114,23.90277777777778,-3.4,13.9,-0.2520833333333334,1.6645833333333333,105.15972222222223,45.05555555555556,46.15972222222222,45.72222222222222,41.43055555555556,1430.6458333333333,0.9972222222222222,49.99861111111111,398.9152777777778,396.87569444444443,399.4868055555555,1207.9347222222223,1220.451388888889,1192.1048611111112,2103.7,99.1,45.4375,0.4625000000000001,9.761111111111111,279.2604166666667,-196.39583333333334,-148.9,-219.6,3.165972222222222,1426.8208333333334,2000.0,96.1,278.0027777777778,-878.5180555555556,-470.8,-1000.0,111.29652777777778,770.0305555555556,1000.0,406.1,150.3152777777778,54.833333333333336,110.74097222222223,T11,3.9,17.6,11.052083333333334,2.0496527777777778,4.3,17.6,10.582638888888889,1.649375,19.0,24.0,20.92361111111111,1012.0,1014.0,1012.8611111111111,48.0,81.0,67.9375,0.0,0.0,0.0,0.0,218.125,208.79861111111111,412.8125,,0
2017-10-25 00:00:00+00:00,1768.7,1193.7,1531.9118055555555,77.54791666666667,51.46527777777778,72.0625,72.69444444444444,72.4375,33.72222222222222,54.291666666666664,62.354166666666664,30.805555555555557,15.6,10.6,13.569444444444445,37.5,0.4,7.694444444444445,1.3305555555555555,-0.4444444444444444,112.86388888888888,21.583333333333332,0.0,132834.875,19128222.0,0.0,-3682143,63.36805555555556,70.51388888888889,65.34722222222223,41.09722222222222,43.18055555555556,30.70138888888889,44.40277777777778,34.020833333333336,23.57638888888889,-3.3,7.1,-1.7548611111111112,0.4972222222222223,93.97222222222223,41.111111111111114,42.21527777777778,42.0625,39.34722222222222,796.9756944444445,0.9763888888888889,49.99861111111111,398.81458333333336,396.68055555555554,398.9125,681.2277777777778,692.901388888889,667.1548611111111,2099.6,7.0,41.333333333333336,0.6840277777777778,7.583333333333333,171.64236111111111,-153.42013888888889,-34.0,-218.3,4.234027777777778,796.3722222222223,2000.0,4.2,172.08125,-972.7305555555556,-20.7,-1000.0,38.4375,946.0291666666667,1000.0,20.7,53.15694444444445,45.90277777777778,113.3111111111111,T11,2.4,14.5,8.116666666666667,1.3004166666666666,2.5,14.1,7.922222222222222,0.9379861111111111,18.0,25.0,20.78472222222222,1012.0,1015.0,1013.7777777777778,45.0,78.0,64.65972222222223,0.0,0.0,0.0,0.0,159.19444444444446,155.38888888888889,413.7361111111111,,0
2017-10-26 00:00:00+00:00,1825.7,1200.5,1574.2652777777778,53.70902777777778,61.923611111111114,84.20833333333333,84.5,84.20833333333333,38.895833333333336,55.013888888888886,63.958333333333336,31.645833333333332,15.9,10.7,13.945833333333333,41.4,0.4,8.814583333333333,1.4965277777777777,0.2236111111111111,94.9048611111111,22.541666666666668,0.0,183477.5,26420760.0,0.0,-4309769,71.44444444444444,80.57638888888889,73.97916666666667,42.77777777777778,45.44444444444444,31.354166666666668,46.90972222222222,39.201388888888886,24.32638888888889,-3.2,13.9,-0.23958333333333337,1.2131944444444445,101.36111111111111,43.076388888888886,44.145833333333336,43.875,40.479166666666664,1100.822222222222,0.9805555555555555,49.99791666666667,398.7388888888889,396.5152777777778,398.71458333333334,933.0999999999999,949.8312500000001,922.1798611111111,2104.2,-28.5,45.048611111111114,0.4701388888888889,8.790972222222223,139.79166666666666,-179.56458333333333,0.1,-227.0,3.904166666666667,1098.96875,2000.0,0.0,140.12083333333334,-883.7840277777777,0.0,-1000.0,61.26180555555556,817.4576388888888,1000.0,0.0,65.42291666666667,53.24305555555556,94.67847222222223,T11,4.0,21.2,10.917361111111111,2.6888194444444444,4.2,20.0,10.675,0.8925694444444444,19.0,26.0,21.76388888888889,1014.0,1016.0,1014.9444444444445,36.0,74.0,57.15972222222222,0.0,0.0,0.0,0.0,215.31944444444446,210.52777777777777,414.84027777777777,,0
2017-10-27 00:00:00+00:00,1735.0,167.8,1482.40625,70.04374999999999,62.611111111111114,72.96527777777777,73.73611111111111,73.40972222222223,34.03472222222222,53.451388888888886,61.520833333333336,31.333333333333332,15.3,1.6,13.131944444444445,29.9,0.4,7.284722222222222,1.2347222222222223,-0.44999999999999996,95.8138888888889,22.708333333333332,-35.11805555555556,125409.40972222222,18053898.0,-27.46527777777778,-3732842,63.916666666666664,71.3125,65.95833333333333,41.4375,43.5,31.270833333333332,44.5,35.611111111111114,24.291666666666668,-3.3,57.8,-1.5347222222222223,0.4965277777777778,93.93055555555556,41.31944444444444,42.43055555555556,42.25694444444444,39.6875,752.245138888889,0.9479166666666666,49.99861111111111,398.4486111111111,395.99305555555554,397.6625,643.26875,664.2444444444444,639.4555555555556,2100.5,-48.9,41.31944444444444,0.6243055555555556,7.2979166666666675,162.63402777777776,-155.54652777777778,554.8,-870.1,8.903472222222222,752.5111111111112,2000.0,0.0,163.26944444444445,-941.8347222222224,0.0,-1000.0,52.52777777777778,914.9111111111112,1000.0,0.0,71.71041666666666,54.75694444444444,96.26180555555555,T11,1.0,15.8,9.140972222222222,1.2943055555555556,1.3,14.3,8.658333333333333,0.4925694444444445,19.0,27.0,21.8125,1015.0,1017.0,1015.5833333333334,36.0,80.0,61.236111111111114,0.0,0.0,0.0,0.0,179.82638888888889,170.19444444444446,415.55555555555554,,0
2017-10-28 00:00:00+00:00,1750.4,0.0,1299.048611111111,79.11388888888888,52.736111111111114,66.04861111111111,66.83333333333333,66.49305555555556,34.15277777777778,50.951388888888886,57.69444444444444,29.79861111111111,15.5,0.0,11.500694444444443,38.5,0.4,6.169444444444444,1.057638888888889,0.18541666666666662,89.13819444444444,22.1875,-266.7916666666667,90406.27777777778,12980084.0,-284.6388888888889,-2770569,57.9375,64.45833333333333,59.21527777777778,40.354166666666664,41.895833333333336,31.38888888888889,43.15277777777778,33.28472222222222,24.51388888888889,-3.2,89.6,1.865277777777778,1.7166666666666666,85.9375,40.15277777777778,41.298611111111114,41.201388888888886,39.020833333333336,540.8416666666667,0.8055555555555556,49.99930555555555,398.98749999999995,396.4604166666667,397.0777777777778,483.98749999999995,505.7680555555556,487.1604166666667,2099.6,-49.0,39.958333333333336,0.7104166666666667,6.158333333333333,124.40833333333333,-115.45833333333333,608.6,-979.5,54.42291666666667,547.4555555555556,2000.0,0.0,122.09930555555555,-695.8791666666667,0.0,-1000.0,80.31875,674.5215277777778,1000.0,0.0,93.375,48.826388888888886,88.95555555555556,T11,1.0,18.8,6.481249999999999,1.254375,1.1,16.9,6.945833333333334,0.6047916666666667,19.0,24.0,21.208333333333332,1011.0,1015.0,1012.8680555555555,34.0,77.0,52.173611111111114,0.0,0.0,0.0,0.0,126.54861111111111,135.77083333333334,412.7916666666667,,0
2017-10-29 00:00:00+00:00,1759.8,31.4,1395.4226666666666,51.702,49.8,70.3,71.03333333333333,70.74,33.36666666666667,52.79333333333334,60.026666666666664,29.793333333333333,15.5,0.0,12.363999999999999,34.6,0.4,6.8406666666666665,1.0733333333333333,-0.02533333333333332,90.90599999999999,21.7,-126.15333333333334,110567.14666666667,16566151.0,-119.18666666666667,-3348984,60.32666666666667,67.80666666666667,62.333333333333336,40.79333333333334,42.473333333333336,30.69333333333333,43.70666666666666,33.64,23.733333333333334,-3.2,84.5,-0.43866666666666665,0.7260000000000001,91.73333333333333,40.56666666666667,41.7,41.54,39.04666666666667,662.6166666666667,0.9146666666666666,50.001333333333335,398.906,396.1786666666667,397.478,566.9966666666667,592.9046666666667,569.0753333333333,2100.8,-51.0,40.6,0.45666666666666667,6.818666666666666,106.682,-133.936,616.1,-847.7,19.050666666666665,663.8633333333333,2000.0,0.0,107.29466666666667,-868.1193333333333,0.0,-1000.0,79.79666666666667,833.2533333333333,1000.0,0.0,88.59866666666666,48.166666666666664,90.93466666666667,T11,1.7000000000000002,17.3,7.342361111111111,1.4052777777777778,1.3,16.1,7.785416666666666,0.4650694444444444,18.0,25.0,20.694444444444443,1009.0,1013.0,1010.7847222222222,45.0,79.0,67.79861111111111,0.0,0.0,0.0,0.0,143.77083333333334,152.65972222222223,410.72222222222223,,0
2017-10-30 00:00:00+00:00,1686.9,0.0,989.9513888888889,118.85277777777777,39.97222222222222,52.104166666666664,53.111111111111114,52.791666666666664,32.895833333333336,47.104166666666664,51.520833333333336,29.09722222222222,15.0,0.0,8.725,39.2,0.4,4.135416666666667,0.7562500000000001,0.5597222222222222,115.25902777777777,20.70138888888889,-522.0486111111111,21707.42361111111,3050692.0,-699.5694444444445,-1304163,47.201388888888886,51.888888888888886,47.486111111111114,38.333333333333336,39.423611111111114,31.07638888888889,40.861111111111114,27.819444444444443,24.42361111111111,-3.1,89.6,6.423611111111111,3.3020833333333335,71.52083333333333,37.833333333333336,38.916666666666664,38.96527777777778,37.708333333333336,127.10277777777777,0.6756944444444445,49.99861111111111,398.90972222222223,396.52708333333334,396.2548611111111,133.90625,152.37430555555557,141.1798611111111,993.4,-50.1,36.888888888888886,1.1020833333333333,4.169444444444444,34.32361111111111,-54.36597222222222,643.9,-923.4,47.230555555555554,136.66944444444445,998.7,0.0,37.702083333333334,-406.5423611111111,0.0,-1000.0,96.11736111111111,406.5423611111111,1000.0,0.0,96.11736111111111,36.854166666666664,117.20694444444445,T11,0.2,10.1,4.102083333333334,0.4303472222222222,0.0,10.9,4.565972222222222,0.29,16.0,25.0,19.458333333333332,1006.0,1009.0,1007.4236111111111,48.0,88.0,73.39583333333333,0.0,0.0,0.0,0.0,78.78472222222223,88.11805555555556,407.38194444444446,,0
2017-10-31 00:00:00+00:00,1774.8,0.0,1534.2993055555555,77.525,50.65277777777778,72.63888888888889,73.32638888888889,72.86805555555556,32.00694444444444,53.13194444444444,61.81944444444444,30.229166666666668,15.6,0.0,13.586805555555555,37.9,0.7000000000000001,7.840972222222222,1.3986111111111112,0.09791666666666665,106.88749999999999,20.8125,-18.84027777777778,144612.625,20821505.0,-18.368055555555557,-3934341,62.520833333333336,70.02083333333333,64.54166666666667,41.576388888888886,41.97222222222222,29.875,43.25,33.28472222222222,22.541666666666668,-3.2,89.6,-1.501388888888889,0.8583333333333334,93.5625,41.68055555555556,42.75694444444444,42.604166666666664,39.645833333333336,867.598611111111,0.9909722222222221,49.99722222222223,398.65625,396.2277777777778,398.03819444444446,733.7555555555556,755.7458333333333,730.4944444444444,2100.1,-46.5,40.52777777777778,0.6895833333333333,7.809722222222222,214.9673611111111,-163.92847222222224,-17.5,-269.0,5.245833333333334,869.8444444444444,2000.0,0.0,213.76944444444445,-976.8520833333334,0.0,-1000.0,40.15277777777778,944.7013888888889,1000.0,0.0,69.54652777777778,47.25694444444444,106.78819444444444,T11,2.9,16.9,9.461805555555555,1.3098611111111111,3.3,14.8,8.797222222222222,0.8075694444444445,17.0,24.0,19.833333333333332,1007.0,1011.0,1008.8888888888889,52.0,84.0,71.38194444444444,0.0,0.0,0.0,0.0,186.1875,172.90972222222223,408.84027777777777,,0
2017-11-01 00:00:00+00:00,1814.0,1184.2,1589.9055555555556,72.86736111111111,54.65277777777778,80.15277777777777,80.54861111111111,80.28472222222223,36.486111111111114,54.604166666666664,63.729166666666664,30.756944444444443,16.0,10.5,14.086111111111112,37.4,0.4,8.711805555555555,1.6861111111111111,-0.5638888888888889,117.68958333333333,21.11111111111111,-1.3819444444444444,180386.65972222222,25975480.0,-0.9305555555555556,-4228656,68.875,77.72222222222223,71.34027777777777,42.229166666666664,44.041666666666664,30.354166666666668,45.24305555555556,36.451388888888886,23.02777777777778,-3.3,12.0,-0.9750000000000001,1.0375,98.34027777777777,42.541666666666664,43.645833333333336,43.36805555555556,39.90972222222222,1082.3506944444443,0.9888888888888889,49.99583333333333,399.38750000000005,396.85,399.31041666666664,914.5875000000001,934.8229166666666,902.9006944444444,2103.7,-50.0,43.00694444444444,0.6423611111111112,8.60625,224.4138888888889,-176.1986111111111,7.2,-277.2,5.272916666666666,1080.6569444444444,2000.0,0.0,224.72291666666666,-927.0423611111112,0.0,-1000.0,60.485416666666666,873.4722222222222,1000.0,0.0,84.69513888888889,50.923611111111114,118.2513888888889,T11,1.4,17.1,8.350000000000001,2.505902777777778,1.7000000000000002,16.5,8.236805555555556,2.305347222222222,18.0,24.0,20.21527777777778,1009.0,1011.0,1009.9861111111111,54.0,81.0,71.28472222222223,0.0,0.0,0.0,0.0,163.88194444444446,161.65972222222223,409.9583333333333,,0
2017-11-02 00:00:00+00:00,1709.1,0.0,1133.61875,102.93958333333333,42.65972222222222,57.104166666666664,58.11805555555556,57.791666666666664,32.03472222222222,49.083333333333336,54.25,28.375,15.1,0.0,9.997916666666667,23.3,0.4,4.933333333333334,0.9826388888888888,-2.6305555555555555,153.81944444444446,20.71527777777778,-357.75694444444446,40693.17361111111,5808298.0,-423.65972222222223,-1899915,52.36805555555556,57.986111111111114,53.27777777777778,38.6875,40.38194444444444,30.46527777777778,42.0,29.194444444444443,23.791666666666668,-3.3,89.6,3.3583333333333334,2.3055555555555554,80.75694444444444,38.173611111111114,39.298611111111114,39.30555555555556,37.791666666666664,241.9763888888889,0.7861111111111111,49.99930555555555,398.5513888888889,396.41805555555555,396.7472222222222,222.76944444444445,241.08749999999998,226.44236111111113,1857.4,-50.3,38.30555555555556,0.9263888888888889,4.910416666666666,84.19305555555555,-79.16736111111112,529.6,-655.2,31.293055555555554,247.61180555555555,1892.0,0.0,84.95138888888889,-604.8062500000001,0.0,-1000.0,140.91041666666666,604.1479166666667,1000.0,0.0,142.4659722222222,39.11805555555556,156.4576388888889,T11,0.7000000000000001,12.6,4.646527777777778,0.8434027777777778,0.6000000000000001,13.0,4.409722222222222,0.8813888888888889,18.0,22.0,19.631944444444443,1007.0,1011.0,1009.1527777777778,61.0,90.0,79.99305555555556,0.0,0.0,0.0,0.0,89.68055555555556,84.94444444444444,409.13194444444446,,0
2017-11-03 00:00:00+00:00,1713.7,0.0,1127.4013888888887,69.65833333333333,41.395833333333336,55.86805555555556,56.93055555555556,56.50694444444444,31.57638888888889,47.861111111111114,53.208333333333336,28.07638888888889,15.2,0.0,9.946527777777778,42.9,0.4,4.807638888888889,0.8763888888888889,-0.5673611111111112,175.32847222222222,20.305555555555557,-294.38194444444446,35698.305555555555,5098167.0,-362.7638888888889,-1750921,47.798611111111114,52.63194444444444,48.30555555555556,38.6875,39.611111111111114,30.006944444444443,41.361111111111114,28.09027777777778,23.083333333333332,-3.4,89.6,2.9048611111111113,1.6291666666666667,78.76388888888889,38.166666666666664,39.27777777777778,39.27777777777778,37.708333333333336,212.43402777777777,0.7541666666666668,49.99930555555555,398.6645833333333,396.53472222222223,396.9263888888889,213.1236111111111,229.5027777777778,219.14930555555554,2096.4,-50.1,37.583333333333336,0.6312500000000001,4.816666666666666,67.55416666666666,-72.95347222222222,674.7,-925.6,67.70138888888889,216.97777777777776,2000.0,0.0,68.33402777777778,-629.4361111111111,0.0,-1000.0,107.71597222222222,629.075,1000.0,0.0,108.46388888888889,37.40972222222222,175.89236111111111,T11,0.6000000000000001,13.2,4.460416666666666,0.45055555555555554,0.0,13.2,4.388194444444444,0.50375,17.0,21.0,19.180555555555557,1004.0,1008.0,1006.1944444444445,65.0,93.0,81.0625,0.0,39.0,0.5763888888888888,0.0,86.10416666666667,84.52777777777777,406.13194444444446,,0
2017-11-04 00:00:00+00:00,1747.1,139.9,1485.2340277777778,92.21597222222222,48.05555555555556,67.89583333333333,68.76388888888889,68.39583333333333,30.59722222222222,53.013888888888886,60.923611111111114,28.5625,15.5,0.0,13.154166666666667,35.6,0.5,7.151388888888889,1.4180555555555556,0.034722222222222196,258.8354166666667,20.020833333333332,-20.70138888888889,120895.02083333333,17405899.0,-18.28472222222222,-3377560,64.3125,71.09027777777777,65.56944444444444,40.416666666666664,41.625,29.17361111111111,43.3125,31.90972222222222,21.493055555555557,-3.3,44.0,-1.667361111111111,0.6111111111111112,92.14583333333333,40.375,41.513888888888886,41.30555555555556,38.645833333333336,725.2402777777778,0.9694444444444444,49.99930555555555,398.6666666666667,396.225,397.4604166666667,610.8062500000001,637.3104166666667,615.6569444444444,2100.0,-50.1,40.375,0.8152777777777778,7.286111111111111,205.4076388888889,-140.72361111111113,313.7,-369.6,8.50138888888889,725.588888888889,2000.0,0.0,205.8097222222222,-951.9569444444444,0.0,-1000.0,46.74583333333333,937.4708333333333,1000.0,0.0,65.9,44.22222222222222,258.8041666666667,T11,1.6,14.5,7.4375,0.788125,1.5,14.6,7.5256944444444445,0.8028472222222223,16.0,20.0,19.02777777777778,1004.0,1012.0,1007.4652777777778,61.0,90.0,76.10416666666667,0.0,12.0,0.20833333333333334,0.0,145.59027777777777,147.25694444444446,407.4166666666667,,0
2017-11-05 00:00:00+00:00,1554.5,0.0,913.6840277777778,54.39652777777778,37.604166666666664,50.00694444444444,51.02777777777778,50.59027777777778,29.59722222222222,44.05555555555556,47.923611111111114,27.02777777777778,13.8,0.0,7.988194444444444,31.9,0.4,3.6944444444444446,0.7444444444444445,-4.35,318.1722222222222,18.493055555555557,-333.43055555555554,14241.986111111111,2002834.0,-360.8541666666667,-1290126,45.06944444444444,49.666666666666664,45.18055555555556,36.81944444444444,37.611111111111114,27.95138888888889,39.354166666666664,25.756944444444443,21.09722222222222,-3.1,89.6,7.164583333333334,1.7409722222222221,69.5625,36.208333333333336,37.30555555555556,37.354166666666664,35.88194444444444,83.42986111111111,0.6548611111111112,49.99861111111111,398.86875,396.43402777777777,395.78263888888887,114.42222222222222,132.41805555555555,121.38194444444444,650.7,-44.4,34.75694444444444,0.48750000000000004,3.7777777777777777,35.980555555555554,-53.83611111111111,658.4,-931.2,83.15069444444444,87.86250000000001,682.0,0.0,36.41736111111111,-376.62291666666664,0.0,-1000.0,125.86250000000001,376.62291666666664,1000.0,0.0,125.86250000000001,34.361111111111114,322.52708333333334,T11,0.4,7.8,3.9402777777777778,0.19340277777777778,0.6000000000000001,8.1,3.904166666666667,0.19770833333333332,14.0,20.0,17.15277777777778,1011.0,1015.0,1013.0972222222222,58.0,89.0,76.55555555555556,0.0,0.0,0.0,0.0,75.56944444444444,74.8125,413.0416666666667,,0
2017-11-06 00:00:00+00:00,1700.7,60.1,1056.476388888889,61.02638888888888,42.736111111111114,53.65277777777778,54.5,54.22222222222222,28.95138888888889,47.11805555555556,52.020833333333336,26.98611111111111,15.1,0.0,9.306249999999999,23.1,0.4,4.846527777777777,0.8243055555555556,2.9048611111111113,94.55625,18.680555555555557,-300.25,43001.97222222222,6149046.0,-368.1875,-1800778,47.736111111111114,52.416666666666664,47.548611111111114,37.22222222222222,38.21527777777778,28.458333333333332,39.861111111111114,27.03472222222222,21.194444444444443,-3.2,60.5,5.446527777777778,0.7423611111111111,73.01388888888889,36.861111111111114,37.97222222222222,38.013888888888886,36.19444444444444,256.21180555555554,0.7527777777777778,49.99791666666667,399.0368055555556,396.87847222222223,397.2131944444444,246.00416666666666,261.5138888888889,249.48958333333334,1661.2,-36.2,35.59722222222222,0.5715277777777777,4.850694444444445,68.79722222222222,-75.02847222222222,602.1,-935.0,50.81458333333333,260.1173611111111,1678.0,0.0,69.59097222222222,-564.9847222222222,0.0,-1000.0,58.44166666666667,564.8819444444445,1000.0,0.0,58.91388888888889,37.84027777777778,119.09861111111111,T11,0.3,12.5,4.585416666666666,0.6360416666666667,0.0,11.4,4.819444444444445,0.2702083333333334,14.0,22.0,17.67361111111111,1009.0,1014.0,1011.2638888888889,51.0,80.0,68.15277777777777,0.0,0.0,0.0,0.0,88.40277777777777,93.25,411.1875,,0
2017-11-07 00:00:00+00:00,1523.3,0.0,891.2061538461538,125.66538461538461,38.353846153846156,50.253846153846155,51.146153846153844,50.776923076923076,29.369230769230768,43.776923076923076,47.9,26.623076923076923,13.5,0.0,7.852307692307692,22.3,0.4,3.8069230769230766,0.6915384615384615,-1.4046153846153846,72.79461538461538,17.923076923076923,-552.2692307692307,11521.346153846154,1425979.0,-668.9615384615385,-704954,43.8,48.03846153846154,43.66923076923077,37.52307692307692,37.36923076923077,26.76923076923077,38.90769230769231,25.046153846153846,20.084615384615386,-3.0,90.0,9.887692307692308,4.016923076923077,68.44615384615385,36.99230769230769,38.1,38.19230769230769,36.8,65.78846153846153,0.6353846153846154,49.99692307692308,399.15153846153845,397.0784615384615,397.3346153846154,101.23076923076923,110.51153846153846,104.69615384615385,540.7,-50.1,34.8,1.126923076923077,3.786153846153846,25.880769230769232,-32.61769230769231,621.7,-875.4,79.67307692307692,76.15461538461538,544.8,0.0,27.223076923076924,-303.23846153846154,0.0,-1000.0,89.83769230769231,303.23846153846154,1000.0,0.0,89.83769230769231,35.02307692307692,71.43461538461538,T11,0.5,8.7,3.4722222222222223,0.24298611111111112,0.5,8.5,3.658333333333333,0.22951388888888888,13.0,21.0,16.916666666666668,1009.0,1012.0,1010.1041666666666,35.0,81.0,62.47222222222222,0.0,0.0,0.0,0.0,66.08333333333333,69.86805555555556,410.00694444444446,,0
2017-11-08 00:00:00+00:00,1480.2,0.0,477.24305555555554,69.88402777777777,30.208333333333332,37.326388888888886,37.701388888888886,37.59027777777778,29.84722222222222,39.166666666666664,41.104166666666664,26.5625,13.1,0.0,4.072222222222222,18.8,0.4,2.8277777777777775,0.6048611111111112,-3.838194444444445,166.08125,18.569444444444443,-603.4375,3810.9444444444443,461882.0,-701.0833333333334,-412521,41.69444444444444,45.56944444444444,41.0,32.96527777777778,34.84722222222222,28.07638888888889,36.145833333333336,23.21527777777778,21.694444444444443,-2.4,89.6,18.558333333333334,2.195138888888889,43.0,32.46527777777778,33.19444444444444,33.31944444444444,31.770833333333332,19.24722222222222,0.65,49.99930555555555,399.2104166666667,397.41875000000005,396.8208333333333,35.486805555555556,41.03263888888889,38.33472222222222,446.1,-50.8,29.979166666666668,0.6888888888888889,2.8597222222222225,13.05,-17.157638888888886,579.0,-846.7,26.518749999999997,28.707638888888887,452.5,0.0,15.237499999999999,-103.16874999999999,0.0,-1000.0,46.71458333333333,103.16874999999999,1000.0,0.0,46.71458333333333,33.604166666666664,157.42708333333334,T11,0.0,7.3,3.0395833333333333,0.1497222222222222,0.0,7.2,3.082638888888889,0.1309722222222222,14.0,22.0,17.3125,1011.0,1014.0,1011.9930555555555,27.0,86.0,63.763888888888886,0.0,0.0,0.0,0.0,57.56944444444444,58.40972222222222,411.8888888888889,,0
2017-11-09 00:00:00+00:00,1691.3,0.0,867.5111111111112,113.62777777777778,36.56944444444444,48.458333333333336,49.236111111111114,49.041666666666664,28.833333333333332,44.5625,48.701388888888886,25.625,15.0,0.0,7.570833333333334,36.5,0.4,3.933333333333333,0.84375,-0.8513888888888888,72.67847222222223,16.98611111111111,-516.8472222222222,20843.159722222223,2926987.0,-642.6875,-1287095,43.53472222222222,47.826388888888886,42.93055555555556,36.56944444444444,36.333333333333336,25.833333333333332,37.791666666666664,23.930555555555557,18.92361111111111,-3.1,89.6,9.242361111111112,2.9229166666666666,65.06944444444444,35.895833333333336,37.02777777777778,37.104166666666664,35.604166666666664,121.96875,0.6916666666666668,49.99861111111111,398.99861111111113,396.9138888888889,397.3673611111111,132.45069444444445,142.45208333333332,133.05069444444445,1420.2,-48.5,33.263888888888886,1.0618055555555557,3.988194444444444,49.943749999999994,-53.62847222222222,615.0,-883.4,45.24583333333333,130.3013888888889,1441.2,0.0,51.702777777777776,-374.94097222222223,0.0,-1000.0,105.03541666666666,374.9402777777778,1000.0,0.0,105.04513888888889,40.875,78.525,T11,0.0,9.8,3.9770833333333337,0.41868055555555556,0.0,9.7,3.951388888888889,0.4011805555555556,12.0,20.0,15.715277777777779,1011.0,1017.0,1013.0763888888889,34.0,71.0,53.013888888888886,0.0,0.0,0.0,0.0,76.15972222222223,75.71527777777777,412.99305555555554,,0
2017-11-10 00:00:00+00:00,1772.3,0.0,869.1368055555555,107.42430555555556,44.958333333333336,56.986111111111114,57.173611111111114,57.06944444444444,30.395833333333332,46.5,51.020833333333336,25.40972222222222,15.6,0.0,7.602777777777778,37.5,0.4,5.202083333333333,1.06875,0.7326388888888888,58.70902777777778,16.180555555555557,-579.2916666666666,81510.18055555556,11654046.0,-640.0902777777778,-1792650,51.8125,57.895833333333336,52.34027777777778,35.9375,36.541666666666664,24.79861111111111,37.3125,25.680555555555557,17.756944444444443,-3.0,86.2,12.170833333333333,3.115972222222222,63.111111111111114,35.69444444444444,36.673611111111114,36.583333333333336,33.99305555555556,485.5423611111112,0.7722222222222223,49.99444444444444,399.15763888888887,397.16319444444446,397.7555555555556,424.03472222222223,432.7604166666667,422.87916666666666,2101.4,-42.4,33.5,0.9923611111111111,5.258333333333334,96.98194444444444,-74.6888888888889,552.8,-835.6,24.850694444444443,503.10138888888895,2000.0,0.0,93.02291666666666,-375.45694444444445,0.0,-1000.0,70.88333333333334,342.49583333333334,1000.0,0.0,81.72291666666666,43.541666666666664,57.99444444444445,T11,0.0,14.9,4.815277777777777,0.7930555555555556,0.0,14.8,4.75625,0.7526388888888889,10.0,19.0,15.090277777777779,1016.0,1020.0,1017.7986111111111,30.0,55.0,40.701388888888886,0.0,0.0,0.0,0.0,93.06944444444444,91.97222222222223,417.77777777777777,,0
2017-11-11 00:00:00+00:00,1672.7,0.0,816.3826388888889,130.74513888888887,38.854166666666664,48.173611111111114,48.833333333333336,48.63194444444444,29.97222222222222,44.583333333333336,48.59027777777778,27.40972222222222,14.8,0.0,7.182638888888889,23.3,0.4,3.9243055555555557,0.8381944444444445,-1.4722222222222223,94.75,18.631944444444443,-589.3958333333334,13133.777777777777,1806392.0,-793.75,-1144748,44.74305555555556,48.923611111111114,44.28472222222222,37.263888888888886,37.15277777777778,26.875,38.50694444444444,25.32638888888889,20.055555555555557,-2.9,89.6,14.804166666666667,4.054861111111111,62.145833333333336,36.59722222222222,37.77777777777778,37.84722222222222,36.638888888888886,75.27152777777778,0.6076388888888888,49.99791666666667,398.70208333333335,396.4423611111111,396.3013888888889,110.59166666666667,120.22916666666667,113.89930555555556,1313.9,-50.9,34.09027777777778,1.19375,3.9868055555555557,39.82222222222222,-47.68888888888889,638.4,-999.9,81.12569444444445,112.04166666666667,1356.9,0.0,51.62986111111111,-282.0756944444445,0.0,-1000.0,106.32916666666667,282.0756944444445,1000.0,0.0,106.32916666666667,43.96527777777778,83.72916666666667,T11,0.0,11.8,4.2243055555555555,0.4428472222222222,0.0,11.6,4.237500000000001,0.42215277777777777,13.0,23.0,17.54861111111111,1015.0,1020.0,1017.3472222222222,31.0,54.0,43.104166666666664,0.0,0.0,0.0,0.0,81.27777777777777,81.58333333333333,417.25,,0
2017-11-12 00:00:00+00:00,1498.4,0.0,619.1534722222223,63.24930555555555,35.604166666666664,44.65277777777778,45.208333333333336,45.0,30.34722222222222,41.486111111111114,43.84722222222222,27.36111111111111,13.3,0.0,5.356944444444444,16.2,0.4,2.9743055555555555,0.5673611111111111,7.53125,210.0201388888889,18.76388888888889,-546.7569444444445,7235.944444444444,963246.0,-626.4722222222222,-620375,43.30555555555556,47.36805555555556,42.86805555555556,34.86805555555556,36.13194444444444,28.1875,37.65972222222222,24.25,21.75,-2.4,89.6,13.494444444444445,1.834027777777778,54.826388888888886,34.201388888888886,35.354166666666664,35.46527777777778,34.104166666666664,40.12569444444445,0.6645833333333333,49.99930555555555,398.9173611111111,396.80833333333334,395.9479166666667,55.62083333333333,65.50486111111111,59.487500000000004,605.6,-49.9,32.72222222222222,0.5833333333333334,3.042361111111111,18.295833333333334,-25.831944444444446,545.7,-669.5,28.891666666666666,47.93194444444444,612.6,0.0,19.367361111111112,-198.26875,0.0,-1000.0,71.38194444444444,198.26875,1000.0,0.0,71.38194444444444,38.53472222222222,172.49444444444444,T11,0.0,7.3,3.1631944444444446,0.15381944444444445,0.0,7.5,3.1402777777777775,0.160625,15.0,22.0,17.395833333333332,1012.0,1016.0,1013.6180555555555,37.0,87.0,56.59027777777778,0.0,0.0,0.0,0.0,59.84027777777778,59.479166666666664,413.5416666666667,,0
2017-11-13 00:00:00+00:00,1474.2,0.0,573.7458333333333,52.65555555555556,34.02777777777778,43.28472222222222,43.81944444444444,43.6875,28.270833333333332,41.43055555555556,43.736111111111114,25.5,13.0,0.0,4.959722222222222,29.3,0.4,3.0131944444444443,0.6291666666666668,-5.945833333333333,283.5256944444444,17.15972222222222,-569.7569444444445,8021.451388888889,1073045.0,-660.9305555555555,-665176,41.354166666666664,45.583333333333336,40.826388888888886,33.958333333333336,35.05555555555556,26.70138888888889,36.61805555555556,22.73611111111111,20.125,-2.5,89.6,14.840972222222222,1.4472222222222222,52.854166666666664,33.354166666666664,34.291666666666664,34.361111111111114,32.833333333333336,44.71319444444444,0.6756944444444445,49.99722222222223,398.76458333333335,396.90416666666664,396.0826388888889,56.177083333333336,63.70694444444444,58.54652777777778,638.2,-39.1,30.79861111111111,0.47847222222222224,3.0770833333333334,18.61875,-27.74722222222222,537.7,-599.8,18.921527777777776,52.568749999999994,648.2,0.0,20.03472222222222,-199.27499999999998,0.0,-1000.0,54.550694444444446,199.27499999999998,1000.0,0.0,54.550694444444446,36.1875,291.9715277777778,T11,0.0,8.0,2.9749999999999996,0.15305555555555556,0.0,8.2,2.9520833333333334,0.15993055555555558,12.0,20.0,15.916666666666666,1008.0,1012.0,1010.1736111111111,46.0,93.0,72.38194444444444,0.0,1.0,0.006944444444444444,0.0,56.19444444444444,55.75,410.1111111111111,,0
2017-11-14 00:00:00+00:00,1599.2,0.0,316.9152777777778,48.37152777777778,27.59027777777778,33.61805555555556,33.791666666666664,33.63194444444444,27.70138888888889,35.979166666666664,36.520833333333336,24.65277777777778,14.2,0.0,2.6354166666666665,23.2,0.4,2.527083333333333,0.5944444444444446,32.50138888888889,142.95416666666668,16.71527777777778,-536.1388888888889,6934.784722222223,921404.0,-538.7847222222222,-417484,39.36805555555556,43.541666666666664,38.763888888888886,31.979166666666668,33.13194444444444,25.48611111111111,33.986111111111114,21.125,19.145833333333332,-2.6,89.6,19.115277777777777,0.9923611111111111,35.8125,31.5625,32.125,32.1875,29.78472222222222,38.390972222222224,0.7166666666666667,49.99236111111111,399.1611111111111,397.3805555555556,396.8020833333333,43.552083333333336,49.77430555555556,46.5625,696.3,-49.4,27.506944444444443,0.44999999999999996,2.545138888888889,9.189583333333333,-17.424305555555556,514.2,-618.6,15.606944444444444,44.87083333333333,728.6,0.0,10.610416666666667,-142.08819444444444,0.0,-1000.0,17.602083333333333,142.08819444444444,1000.0,0.0,17.602083333333333,30.3125,190.44097222222223,T11,0.0,8.9,2.5166666666666666,0.2525,0.0,7.8,2.5381944444444446,0.19569444444444445,11.0,20.0,15.256944444444445,1008.0,1011.0,1009.1527777777778,20.0,80.0,54.826388888888886,0.0,0.0,0.0,0.0,47.013888888888886,47.43055555555556,409.13194444444446,,0
2017-11-15 00:00:00+00:00,1756.7,0.0,1528.8392857142858,65.59357142857144,52.364285714285714,69.50714285714285,70.18571428571428,69.82857142857142,28.385714285714286,54.33571428571429,62.32142857142857,26.064285714285713,15.5,0.0,13.536428571428571,38.7,0.5,7.765,1.282857142857143,0.04142857142857142,97.39214285714286,17.12142857142857,-41.24285714285714,139496.76428571428,19523773.0,-34.92142857142857,-3631680,65.24285714285715,71.37857142857143,64.81428571428572,40.47142857142857,41.09285714285714,26.514285714285716,43.07142857142857,30.614285714285714,18.585714285714285,-3.2,90.0,0.09071428571428564,0.7507142857142857,91.69285714285714,40.457142857142856,41.6,41.48571428571429,38.41428571428571,836.6742857142857,0.962857142857143,49.99785714285714,398.5885714285714,396.78214285714284,398.7457142857143,720.3071428571428,731.9257142857143,708.3035714285714,2100.8,-41.1,40.56428571428572,0.5764285714285714,7.710714285714285,166.39428571428573,-155.59642857142856,697.8,-983.9,20.157857142857143,850.605,2000.0,0.0,170.37285714285716,-950.5071428571429,0.0,-1000.0,29.195714285714285,933.6971428571429,1000.0,0.0,48.00214285714286,53.00714285714286,97.35285714285715,T11,2.3,16.8,8.48125,1.437361111111111,2.3,14.9,8.318055555555555,0.5745138888888889,14.0,19.0,16.15972222222222,1009.0,1012.0,1010.1458333333334,53.0,83.0,70.22222222222223,0.0,0.0,0.0,0.0,166.59027777777777,163.20833333333334,409.9791666666667,,0
2017-11-16 00:00:00+00:00,1695.0,0.0,792.0298611111111,59.46944444444445,35.84722222222222,46.708333333333336,47.38194444444444,47.24305555555556,27.944444444444443,44.24305555555556,47.583333333333336,25.256944444444443,15.0,0.0,6.884027777777778,17.8,0.4,3.8194444444444446,0.6979166666666666,-0.9118055555555552,132.47430555555556,17.27777777777778,-460.6388888888889,21041.479166666668,2963639.0,-308.0486111111111,-1058465,45.09027777777778,49.770833333333336,44.833333333333336,36.263888888888886,36.111111111111114,27.40972222222222,37.69444444444444,24.77777777777778,20.368055555555557,-3.0,89.6,10.091666666666667,1.4944444444444445,63.3125,35.53472222222222,36.71527777777778,36.75,35.173611111111114,123.4701388888889,0.788888888888889,49.99722222222223,399.7888888888889,397.78333333333336,398.60555555555555,133.20694444444445,141.29861111111111,132.47847222222222,1160.4,-37.3,33.395833333333336,0.5375000000000001,3.8784722222222223,20.25,-44.11666666666667,764.3,-900.6,44.43402777777778,130.56458333333333,1245.0,0.0,21.907638888888886,-372.3986111111111,0.0,-1000.0,41.672222222222224,372.3986111111111,1000.0,0.0,41.672222222222224,34.68055555555556,113.38541666666667,T11,0.0,9.5,3.5013888888888887,0.2640277777777778,0.0,9.2,4.054861111111111,0.18069444444444444,13.0,22.0,16.006944444444443,1010.0,1012.0,1010.7291666666666,47.0,85.0,72.29166666666667,0.0,0.0,0.0,0.0,66.66666666666667,77.81944444444444,410.72222222222223,,0
2017-11-17 00:00:00+00:00,1689.9,58.8,1331.9715277777777,38.329861111111114,42.24305555555556,57.40972222222222,58.65972222222222,58.041666666666664,27.916666666666668,49.208333333333336,55.59722222222222,24.54861111111111,15.0,0.0,11.809027777777779,21.7,0.4,5.4125,0.8868055555555556,0.05347222222222221,91.73055555555555,17.319444444444443,-52.97222222222222,51487.583333333336,7406582.0,-46.90972222222222,-2363502,46.34027777777778,51.013888888888886,45.86805555555556,39.53472222222222,38.0,27.444444444444443,40.34722222222222,26.520833333333332,19.9375,-3.1,81.1,-0.9465277777777779,0.7284722222222223,85.68055555555556,39.11805555555556,40.291666666666664,40.24305555555556,38.229166666666664,308.62361111111113,0.8534722222222223,49.99652777777778,398.025,396.0111111111111,397.56319444444443,281.20000000000005,290.7861111111111,269.98055555555555,1090.2,-50.0,36.90972222222222,0.3368055555555556,5.5,59.93402777777778,-98.48819444444445,553.1,-809.9,16.663888888888888,309.8701388888889,1113.2,0.0,59.9701388888889,-757.2229166666667,0.0,-1000.0,116.70833333333333,757.2229166666667,1000.0,0.0,116.70833333333333,38.72222222222222,91.67083333333333,T11,1.4,10.0,5.370138888888889,0.7086805555555555,1.6,9.5,5.747916666666667,0.260625,14.0,20.0,16.180555555555557,1009.0,1012.0,1011.0208333333334,54.0,84.0,72.84027777777777,0.0,0.0,0.0,0.0,104.14583333333333,111.70138888888889,410.9791666666667,,0
2017-11-18 00:00:00+00:00,1705.9,134.2,1418.5875,60.96666666666667,48.479166666666664,60.423611111111114,61.5625,61.0,27.506944444444443,52.145833333333336,58.88194444444444,24.77777777777778,15.1,0.0,12.572916666666666,35.4,0.4,6.334027777777778,1.051388888888889,0.26458333333333334,90.96666666666667,17.041666666666668,-8.027777777777779,83694.875,12050905.0,-7.208333333333333,-2967388,50.513888888888886,56.166666666666664,50.50694444444444,39.736111111111114,38.875,27.243055555555557,41.09027777777778,27.958333333333332,19.416666666666668,-3.4,69.1,-1.5854166666666667,0.41250000000000003,88.54861111111111,39.513888888888886,40.65972222222222,40.625,38.25,502.1152777777778,0.9256944444444445,49.99652777777778,398.48819444444445,396.0548611111111,397.3326388888889,430.75694444444446,454.0083333333333,427.83124999999995,1779.5,-49.9,38.138888888888886,0.5361111111111111,6.426388888888889,103.74027777777778,-123.63819444444445,12.0,-246.0,6.800694444444444,502.4798611111112,1803.4,0.0,104.40138888888889,-906.6395833333333,0.0,-1000.0,61.15138888888888,905.1416666666667,1000.0,0.0,63.65277777777778,40.63194444444444,90.69583333333334,T11,1.7000000000000002,12.8,5.939583333333333,1.1904861111111111,1.7000000000000002,11.4,6.728472222222222,0.5238888888888888,13.0,20.0,15.930555555555555,1009.0,1011.0,1010.1041666666666,51.0,83.0,71.14583333333333,0.0,0.0,0.0,0.0,115.52777777777777,131.43055555555554,410.09027777777777,,0
2017-11-19 00:00:00+00:00,1749.8,1179.5,1580.8055555555557,58.18958333333333,50.513888888888886,72.02777777777777,72.625,72.32638888888889,28.319444444444443,54.25,62.958333333333336,26.65277777777778,15.4,10.4,14.008333333333333,37.0,0.4,8.065277777777778,1.3368055555555556,-0.2041666666666667,91.25694444444444,17.38888888888889,0.0,161189.9375,23211351.0,0.0,-4169638,66.75,74.50694444444444,67.46527777777777,41.020833333333336,41.63194444444444,27.26388888888889,43.40972222222222,31.805555555555557,19.208333333333332,-3.3,5.0,-1.9395833333333334,0.3319444444444445,95.05555555555556,41.020833333333336,42.22222222222222,41.94444444444444,38.68055555555556,967.2055555555556,0.9805555555555555,49.99861111111111,398.75208333333336,396.42291666666665,398.6118055555555,821.64375,841.5861111111111,808.8902777777778,2098.8,-45.1,41.041666666666664,0.5090277777777777,8.096527777777778,168.30694444444444,-173.73819444444445,0.5,-219.1,4.940277777777777,967.0840277777778,2000.0,0.0,169.18680555555557,-981.4145833333334,0.0,-1000.0,27.893749999999997,953.3034722222224,1000.0,0.0,50.30694444444444,48.21527777777778,91.45763888888888,T11,2.8,15.8,8.479166666666666,1.8852777777777778,3.2,14.4,9.439583333333333,0.5854861111111112,14.0,20.0,16.4375,1009.0,1012.0,1010.9861111111111,55.0,80.0,70.58333333333333,0.0,0.0,0.0,0.0,166.44444444444446,185.83333333333334,410.96527777777777,,0
2017-11-20 00:00:00+00:00,1721.6,166.3,1478.929861111111,67.97291666666666,47.208333333333336,66.41666666666667,67.34722222222223,67.04166666666667,29.3125,53.604166666666664,61.041666666666664,26.95138888888889,15.2,1.6,13.095833333333333,26.3,0.4,7.00625,1.1013888888888888,0.056944444444444436,97.90347222222222,18.5,-35.791666666666664,109068.04861111111,15700646.0,-25.479166666666668,-3408734,60.166666666666664,66.47916666666667,60.3125,40.05555555555556,41.36805555555556,28.09722222222222,42.96527777777778,31.38888888888889,20.15972222222222,-3.2,58.4,-1.7381944444444446,0.49097222222222225,91.79166666666667,39.94444444444444,41.03472222222222,40.923611111111114,38.38194444444444,654.129861111111,0.9548611111111112,49.99722222222223,398.74861111111113,396.55902777777777,398.62152777777777,562.5798611111111,577.5729166666666,548.0805555555556,2080.2,-41.0,40.05555555555556,0.5958333333333333,7.032638888888889,122.38680555555555,-142.02569444444444,11.7,-215.1,5.613194444444444,654.8145833333333,2000.0,0.0,123.14722222222223,-948.8409722222223,0.0,-1000.0,42.543055555555554,945.1826388888888,1000.0,0.0,46.86805555555556,44.145833333333336,97.85277777777777,T11,2.0,13.9,7.495138888888889,1.1888194444444444,2.1,13.5,7.876388888888889,0.44409722222222225,15.0,22.0,17.5,1012.0,1014.0,1012.7083333333334,42.0,80.0,64.16666666666667,0.0,0.0,0.0,0.0,146.91666666666666,154.375,412.6875,,0
2017-11-21 00:00:00+00:00,1683.6,0.0,1083.101388888889,83.76736111111111,41.576388888888886,53.548611111111114,54.625,54.173611111111114,30.34027777777778,47.298611111111114,52.451388888888886,26.895833333333332,14.9,0.0,9.588194444444445,22.3,0.4,4.520138888888889,0.7715277777777778,0.3652777777777778,113.37083333333334,19.375,-376.36805555555554,29672.520833333332,4218643.0,-371.7013888888889,-1786984,46.68055555555556,51.354166666666664,46.50694444444444,38.61805555555556,38.84722222222222,29.368055555555557,40.513888888888886,27.229166666666668,22.354166666666668,-2.9,89.6,4.040277777777778,2.221527777777778,77.20138888888889,37.9375,39.0625,39.125,37.645833333333336,175.76875,0.7826388888888889,49.99583333333333,399.0083333333333,396.75694444444446,398.14444444444445,174.23611111111111,184.86874999999998,167.35555555555555,1051.5,-50.2,36.875,0.7520833333333333,4.638888888888889,44.674305555555556,-74.45277777777778,714.9,-857.6,29.765972222222224,182.3875,1074.8,0.0,46.63055555555556,-563.3,0.0,-1000.0,88.50277777777778,563.3,1000.0,0.0,88.50277777777778,36.013888888888886,113.01041666666667,T11,1.2,9.2,4.995833333333334,0.4322916666666667,0.9,8.9,5.054861111111111,0.2803472222222222,15.0,23.0,18.20138888888889,1010.0,1014.0,1012.1180555555555,27.0,71.0,48.31944444444444,0.0,0.0,0.0,0.0,96.77083333333333,97.99305555555556,412.09027777777777,,0
2017-11-22 00:00:00+00:00,1659.2,0.0,1035.7784722222223,94.59027777777777,41.395833333333336,54.61805555555556,55.708333333333336,55.21527777777778,30.73611111111111,46.47222222222222,51.25694444444444,27.555555555555557,14.7,0.0,9.177777777777777,19.7,0.4,4.252083333333333,0.7805555555555556,-0.15555555555555556,128.60000000000002,18.70138888888889,-393.4583333333333,22059.256944444445,3119877.0,-355.7083333333333,-1289589,45.90972222222222,50.31944444444444,45.479166666666664,38.3125,39.111111111111114,29.23611111111111,40.513888888888886,26.61111111111111,22.36111111111111,-3.1,89.6,5.077777777777778,2.682638888888889,75.82638888888889,37.638888888888886,38.75694444444444,38.80555555555556,37.40277777777778,129.99583333333334,0.7395833333333334,49.99722222222223,398.46458333333334,396.46180555555554,396.8888888888889,143.68055555555554,154.5125,142.38333333333333,728.8,-50.0,36.854166666666664,0.8451388888888889,4.360416666666667,38.97708333333333,-53.703472222222224,564.1,-882.1,55.299305555555556,138.2472222222222,742.6,0.0,41.09513888888889,-475.34583333333336,0.0,-1000.0,107.99930555555555,475.34583333333336,1000.0,0.0,107.99930555555555,36.72222222222222,128.7576388888889,T11,1.0,10.2,4.361805555555556,0.3459027777777778,0.9,9.3,4.407638888888889,0.32208333333333333,14.0,22.0,17.319444444444443,1007.0,1011.0,1008.3333333333334,31.0,67.0,46.604166666666664,0.0,0.0,0.0,0.0,84.08333333333333,84.92361111111111,408.2986111111111,,0
2017-11-23 00:00:00+00:00,1530.5,87.5,753.9916666666667,98.7798611111111,36.69444444444444,46.59027777777778,47.291666666666664,47.111111111111114,31.54861111111111,43.513888888888886,46.81944444444444,27.92361111111111,13.5,0.0,6.652083333333334,18.4,0.4,3.4534722222222225,0.6527777777777778,1.4152777777777776,148.4048611111111,20.069444444444443,-708.1944444444445,6544.520833333333,840430.0,-590.2152777777778,-708957,44.77777777777778,48.958333333333336,44.25,36.55555555555556,37.71527777777778,30.368055555555557,38.88194444444444,26.09722222222222,23.95138888888889,-2.4,59.9,11.758333333333333,2.55,60.25694444444444,35.958333333333336,37.104166666666664,37.22222222222222,36.138888888888886,35.010416666666664,0.6666666666666666,49.99652777777778,398.75,396.9034722222222,396.0875,75.38055555555555,81.61458333333333,78.51249999999999,464.8,-50.8,34.854166666666664,0.8902777777777777,3.479861111111111,21.858333333333334,-29.522222222222222,599.6,-922.8,77.46388888888889,48.96875,480.3,0.0,26.05972222222222,-184.36458333333334,0.0,-1000.0,85.30486111111111,184.36458333333334,1000.0,0.0,85.30486111111111,34.21527777777778,146.98125,T11,0.9,7.2,3.5284722222222222,0.2536805555555556,1.0,7.0,3.2729166666666667,0.26868055555555553,15.0,23.0,18.98611111111111,1008.0,1013.0,1010.5625,21.0,70.0,39.451388888888886,0.0,0.0,0.0,0.0,67.38888888888889,62.111111111111114,410.4791666666667,,0
2017-11-24 00:00:00+00:00,1414.5,0.0,548.6395833333333,66.31666666666666,35.72222222222222,42.833333333333336,43.31944444444444,43.229166666666664,33.49305555555556,42.25694444444444,44.395833333333336,30.32638888888889,12.5,0.0,4.704166666666667,14.1,0.4,2.9715277777777778,0.5034722222222222,6.109027777777778,128.0611111111111,22.17361111111111,-659.5625,2706.902777777778,294813.0,-450.4236111111111,-418547,46.208333333333336,50.104166666666664,45.423611111111114,36.736111111111114,38.50694444444444,31.958333333333332,39.74305555555556,27.70138888888889,25.555555555555557,-2.4,84.7,15.74513888888889,1.7736111111111112,52.986111111111114,36.03472222222222,37.18055555555556,37.326388888888886,36.59027777777778,12.284722222222221,0.7236111111111111,49.99861111111111,399.2993055555555,397.19444444444446,396.7784722222222,38.5125,43.13402777777778,39.09375,227.2,-44.2,35.52777777777778,0.5881944444444445,2.9673611111111113,8.120833333333334,-17.424999999999997,445.2,-480.9,35.506249999999994,22.422916666666666,232.4,0.0,10.378472222222221,-79.94583333333334,0.0,-1000.0,29.87013888888889,79.94583333333334,1000.0,0.0,29.87013888888889,33.923611111111114,121.95208333333332,T11,0.0,8.0,3.7451388888888886,0.15618055555555554,0.0,7.0,3.5909722222222222,0.12097222222222223,18.0,27.0,21.0,1011.0,1013.0,1012.0138888888889,21.0,46.0,31.555555555555557,0.0,0.0,0.0,0.0,71.59027777777777,68.63194444444444,411.97222222222223,,0
2017-11-25 00:00:00+00:00,1641.8,0.0,491.2243055555556,65.90972222222223,38.826388888888886,41.59722222222222,41.97222222222222,41.958333333333336,33.36805555555556,42.94444444444444,44.56944444444444,28.95138888888889,14.5,0.0,4.134027777777778,16.5,0.4,2.939583333333333,0.5229166666666667,6.2555555555555555,205.90277777777777,21.368055555555557,-806.375,5806.875,720072.0,-526.5,-432273,45.71527777777778,49.65972222222222,45.05555555555556,35.111111111111114,37.24305555555556,30.90277777777778,38.361111111111114,26.708333333333332,24.770833333333332,-2.7,89.6,17.5625,1.8395833333333331,48.38194444444444,34.24305555555556,35.34027777777778,35.486111111111114,34.611111111111114,30.002777777777776,0.8104166666666667,49.99930555555555,398.9548611111111,396.9791666666667,395.2472222222222,42.15555555555555,47.952083333333334,45.451388888888886,720.4,-44.9,33.99305555555556,0.663888888888889,2.9854166666666666,18.343055555555555,-18.029861111111114,480.1,-792.3,18.577083333333334,39.26111111111111,742.1,0.0,19.558333333333334,-135.98125,0.0,-1000.0,49.21458333333333,135.98125,1000.0,0.0,49.21458333333333,33.59027777777778,207.14305555555555,T11,0.0,7.6,3.3256944444444443,0.12833333333333333,0.2,7.5,3.2319444444444443,0.1298611111111111,18.0,24.0,20.291666666666668,1011.0,1014.0,1012.7222222222222,21.0,93.0,41.3125,0.0,0.0,0.0,0.0,63.263888888888886,61.27777777777778,412.6875,,0
2017-11-26 00:00:00+00:00,1700.3,0.0,692.9611111111111,49.66041666666667,38.145833333333336,44.27777777777778,44.666666666666664,44.47222222222222,31.0625,43.611111111111114,46.25694444444444,27.07638888888889,15.1,0.0,5.957638888888889,21.0,0.4,3.970138888888889,0.6527777777777778,-0.8395833333333336,143.53611111111113,19.569444444444443,-376.0486111111111,41517.45138888889,5924364.0,-127.625,-1534523,46.6875,51.298611111111114,46.03472222222222,34.90972222222222,36.104166666666664,29.3125,38.31944444444444,26.430555555555557,22.48611111111111,-3.2,89.6,14.091666666666667,0.8506944444444444,52.729166666666664,34.22222222222222,35.34722222222222,35.40277777777778,33.69444444444444,246.87361111111113,0.9458333333333333,49.99861111111111,398.85555555555555,396.5826388888889,396.1027777777778,216.2826388888889,227.49444444444444,215.61319444444445,1544.2,-33.0,33.111111111111114,0.4395833333333333,4.00625,48.02291666666667,-63.94444444444444,395.4,-582.6,6.946527777777778,251.10902777777775,1580.1,0.0,48.43958333333333,-401.05833333333334,0.0,-1000.0,19.30902777777778,401.02916666666664,1000.0,0.0,19.488194444444446,35.986111111111114,126.8736111111111,T11,0.0,14.2,4.506944444444445,0.5704861111111111,0.0,12.5,4.372222222222223,0.2578472222222222,16.0,23.0,18.47222222222222,1014.0,1018.0,1016.2361111111111,43.0,89.0,71.81944444444444,0.0,0.0,0.0,0.0,86.75694444444444,84.40277777777777,416.15972222222223,,0
2017-11-27 00:00:00+00:00,1766.8,1195.6,1585.31875,66.80208333333333,51.604166666666664,74.29166666666667,74.80555555555556,74.52083333333333,30.72222222222222,55.25,63.798611111111114,27.145833333333332,15.6,10.6,14.041666666666666,39.1,0.6000000000000001,8.17013888888889,1.4451388888888888,-0.12083333333333332,99.68819444444445,17.791666666666668,0.0,165228.19444444444,23792860.0,0.0,-4194839,66.65972222222223,74.40277777777777,67.45833333333333,41.25,42.125,27.375,43.645833333333336,32.951388888888886,19.5,-3.2,8.3,-1.8222222222222224,0.5090277777777777,95.1875,41.47222222222222,42.61805555555556,42.38194444444444,39.06944444444444,991.3166666666667,0.9916666666666667,49.99791666666667,398.8097222222222,396.61041666666665,399.1534722222222,844.0625,859.4409722222222,824.5138888888889,2102.3,120.1,41.513888888888886,0.5861111111111111,8.230555555555556,207.68055555555554,-174.78125,-106.8,-216.1,4.045833333333333,990.5701388888889,2000.0,102.3,208.32291666666666,-980.0347222222222,-501.2,-1000.0,34.20763888888889,945.7166666666667,1000.0,406.1,64.06458333333333,50.75,99.80972222222222,T11,3.9,16.4,9.375,1.5854861111111112,3.8,14.4,9.115972222222222,0.6780555555555555,16.0,19.0,16.84027777777778,1015.0,1019.0,1016.8194444444445,64.0,82.0,74.90277777777777,0.0,0.0,0.0,0.0,184.52083333333334,179.29861111111111,416.7986111111111,,0
2017-11-28 00:00:00+00:00,1710.6,0.0,1358.0777777777778,80.78541666666666,44.36805555555556,61.49305555555556,62.49305555555556,62.0,29.21527777777778,52.99305555555556,59.111111111111114,25.8125,15.1,0.0,12.022916666666667,28.7,0.4,6.159722222222222,1.1916666666666667,0.015277777777777736,138.0951388888889,18.25,-104.68055555555556,81202.95833333333,11678151.0,-74.00694444444444,-2543395,54.40972222222222,60.208333333333336,54.423611111111114,39.986111111111114,40.201388888888886,27.54861111111111,42.44444444444444,29.5,20.083333333333332,-3.2,62.4,-0.8423611111111111,0.7423611111111111,89.43055555555556,39.548611111111114,40.6875,40.583333333333336,38.423611111111114,486.63680555555555,0.9388888888888888,49.99513888888889,398.9798611111111,396.6409722222222,398.0784722222222,417.8180555555556,437.4736111111111,413.4423611111111,2097.8,-50.0,39.40277777777778,0.71875,6.298611111111111,129.63055555555556,-105.98541666666667,428.8,-879.3,15.016666666666667,487.8256944444444,2000.0,0.0,130.09375,-896.0090277777778,0.0,-1000.0,79.80902777777777,887.0180555555556,1000.0,0.0,86.62222222222222,40.28472222222222,138.07847222222222,T11,0.4,12.7,6.084027777777778,0.8588194444444445,0.5,12.5,6.009722222222222,0.8438194444444445,15.0,20.0,17.4375,1005.0,1015.0,1009.9513888888889,61.0,91.0,77.47222222222223,0.0,1.0,0.006944444444444444,0.0,118.61805555555556,117.01388888888889,409.9166666666667,,0
2017-11-29 00:00:00+00:00,1818.8,1199.1,1532.5347222222222,67.85138888888889,57.666666666666664,79.15972222222223,79.54861111111111,79.25694444444444,37.048611111111114,54.5625,63.00694444444444,29.04861111111111,16.0,10.6,13.575694444444444,41.2,0.5,8.340277777777779,1.7618055555555554,-0.1111111111111111,264.72222222222223,18.70138888888889,0.0,170430.5,24541992.0,0.0,-3841602,63.958333333333336,72.75694444444444,66.40277777777777,42.604166666666664,42.895833333333336,28.604166666666668,44.208333333333336,35.208333333333336,20.51388888888889,-3.2,16.6,-0.6666666666666666,1.2513888888888889,98.34722222222223,42.729166666666664,43.9375,43.56944444444444,40.104166666666664,1022.5618055555556,0.9861111111111112,49.99722222222223,398.6638888888889,396.5826388888889,398.59791666666666,864.9006944444444,882.0659722222222,854.1590277777777,2106.0,-0.4,42.11805555555556,0.5993055555555555,8.434027777777779,216.5,-160.06180555555557,0.0,-249.0,5.277083333333334,1020.2652777777779,2000.0,0.0,216.11180555555555,-915.1340277777776,0.0,-1000.0,79.59791666666666,854.7118055555555,1000.0,0.0,103.2826388888889,50.520833333333336,264.8388888888889,T11,3.3,20.8,8.818055555555555,1.5251388888888888,3.4,20.9,8.875,1.5440972222222222,12.0,20.0,17.73611111111111,998.0,1005.0,1000.5208333333334,73.0,97.0,88.19444444444444,0.0,52.0,0.875,0.0,173.39583333333334,174.45833333333334,400.4583333333333,,0
2017-11-30 00:00:00+00:00,1777.1,0.0,1108.7958333333333,71.99444444444445,44.083333333333336,54.111111111111114,54.84027777777778,54.548611111111114,26.63888888888889,48.36805555555556,53.50694444444444,21.916666666666668,15.6,0.0,9.738194444444444,38.3,0.4,5.0680555555555555,1.3125,-0.24583333333333343,289.6,12.222222222222221,-275.1111111111111,59051.604166666664,8463818.0,-193.84722222222223,-2180553,46.708333333333336,52.111111111111114,46.5625,34.895833333333336,34.55555555555556,21.979166666666668,35.673611111111114,22.770833333333332,14.61111111111111,-3.6,89.6,4.5569444444444445,1.582638888888889,73.58333333333333,34.59027777777778,35.5625,35.52777777777778,32.65277777777778,352.65972222222223,0.8604166666666667,49.99722222222223,398.4215277777778,396.3034722222222,397.2944444444445,314.4798611111111,326.3854166666667,308.1013888888889,2101.7,-50.0,32.0,0.6583333333333333,5.24375,116.44444444444444,-90.86319444444445,468.3,-764.4,19.105555555555554,360.8465277777778,2000.0,0.0,115.5298611111111,-612.6111111111111,0.0,-1000.0,114.08055555555555,601.3354166666667,1000.0,0.0,125.25902777777777,34.0625,309.8673611111111,T11,0.5,16.5,6.80625,0.5054166666666666,0.4,16.1,6.678472222222222,0.4896527777777778,7.0,14.0,11.145833333333334,1000.0,1013.0,1005.1111111111111,41.0,85.0,61.18055555555556,0.0,0.0,0.0,0.0,133.11805555555554,130.41666666666666,405.0833333333333,,0
2017-12-01 00:00:00+00:00,1685.9,0.0,1005.5812500000001,68.46388888888889,38.166666666666664,50.99305555555556,51.979166666666664,51.541666666666664,25.20138888888889,49.43055555555556,53.729166666666664,23.03472222222222,14.9,0.0,8.79375,35.2,0.4,4.466666666666667,1.0583333333333333,-0.5666666666666665,239.78541666666666,11.569444444444445,-285.3888888888889,29381.805555555555,4189884.0,-230.20833333333334,-1842014,40.145833333333336,44.69444444444444,39.638888888888886,33.875,34.25694444444444,20.833333333333332,35.38194444444444,21.055555555555557,13.67361111111111,-3.2,89.6,7.7979166666666675,1.853472222222222,71.00694444444444,33.423611111111114,34.43055555555556,34.423611111111114,31.92361111111111,174.5951388888889,0.7875000000000001,49.99861111111111,398.81388888888887,396.43888888888887,397.025,175.52777777777777,190.14722222222224,174.34861111111113,1078.0,-50.0,31.59027777777778,0.6340277777777777,4.614583333333333,62.262499999999996,-76.7513888888889,695.0,-1000.2,45.28611111111111,196.71944444444443,1108.9,0.0,67.06805555555555,-534.4756944444445,0.0,-1000.0,118.1236111111111,534.4756944444445,1000.0,0.0,118.1236111111111,32.19444444444444,225.35555555555555,T11,0.0,10.1,5.321527777777778,0.4313194444444444,0.0,9.9,5.254166666666666,0.4202083333333333,6.0,14.0,10.347222222222221,1012.0,1015.0,1013.125,29.0,64.0,49.854166666666664,0.0,0.0,0.0,0.0,103.27777777777777,101.88888888888889,413.09722222222223,,0
2017-12-02 00:00:00+00:00,1670.4,15.9,721.0583333333333,68.42638888888888,32.979166666666664,42.291666666666664,42.923611111111114,42.666666666666664,24.895833333333332,42.958333333333336,45.84722222222222,22.541666666666668,14.8,0.0,6.289583333333333,34.3,0.4,3.413888888888889,0.9458333333333334,-1.05,77.88819444444444,11.458333333333334,-452.5416666666667,9470.944444444445,1298652.0,-250.38888888888889,-897846,37.5625,41.52777777777778,36.8125,31.84722222222222,32.895833333333336,20.96527777777778,32.74305555555556,19.208333333333332,14.215277777777779,-3.1,83.7,12.253472222222221,1.7791666666666666,51.49305555555556,31.625,32.3125,32.354166666666664,29.270833333333332,54.105555555555554,0.7909722222222223,49.99722222222223,398.9715277777778,396.6361111111111,396.5173611111111,73.24722222222222,81.34375,73.31666666666666,1011.0,-50.7,27.8125,0.6631944444444444,3.5194444444444444,31.824305555555554,-37.39722222222222,740.7,-983.4,41.78888888888889,64.37777777777778,1041.0,0.0,35.50416666666667,-230.8513888888889,0.0,-1000.0,103.80000000000001,230.8513888888889,1000.0,0.0,103.80000000000001,29.0625,71.44791666666667,T11,0.0,9.6,3.3277777777777775,0.2640972222222222,0.0,9.4,3.25,0.2557638888888889,7.0,13.0,10.208333333333334,1013.0,1016.0,1014.3263888888889,31.0,68.0,51.020833333333336,0.0,0.0,0.0,0.0,63.361111111111114,61.72222222222222,414.2708333333333,,0
2017-12-03 00:00:00+00:00,1700.1,0.0,1199.038888888889,81.78125,40.736111111111114,53.076388888888886,54.173611111111114,53.61805555555556,24.5,49.47222222222222,55.25,22.069444444444443,15.0,0.0,10.59236111111111,36.6,0.4,5.317361111111111,1.0694444444444444,-0.4694444444444445,46.419444444444444,11.625,-170.84027777777777,51163.54861111111,7342952.0,-174.54861111111111,-2307988,41.763888888888886,46.361111111111114,41.15277777777778,34.638888888888886,34.34027777777778,20.791666666666668,35.888888888888886,21.79861111111111,13.430555555555555,-3.2,89.6,2.079861111111111,1.5958333333333334,76.27777777777777,34.201388888888886,35.27777777777778,35.263888888888886,32.666666666666664,305.94097222222223,0.8361111111111111,49.99861111111111,398.3902777777778,395.72013888888887,396.51666666666665,281.11319444444445,303.98541666666665,284.1618055555556,1520.2,-47.8,32.4375,0.7513888888888889,5.386805555555556,79.89861111111111,-96.15277777777777,681.8,-978.4,49.45902777777778,309.6381944444445,1642.7,0.0,81.34444444444445,-735.5743055555555,0.0,-1000.0,99.34722222222223,735.5305555555556,1000.0,0.0,99.42222222222222,38.666666666666664,41.89513888888889,T11,0.2,11.5,3.9499999999999997,0.6961111111111111,0.2,10.1,4.1875,0.5586111111111111,7.0,15.0,10.555555555555555,1015.0,1021.0,1017.4097222222222,20.0,67.0,45.923611111111114,0.0,0.0,0.0,0.0,75.67361111111111,80.55555555555556,417.3333333333333,,0
2017-12-04 00:00:00+00:00,1798.3,0.0,1609.0479166666667,39.18680555555555,58.25,81.32638888888889,81.43055555555556,80.98611111111111,28.916666666666668,55.61805555555556,64.40972222222223,23.694444444444443,15.8,0.0,14.252777777777778,36.6,0.5,9.049305555555556,1.5798611111111112,0.2958333333333333,81.73263888888889,13.38888888888889,-26.256944444444443,215033.33333333334,30961020.0,-13.791666666666666,-4288731,63.736111111111114,73.59722222222223,66.54861111111111,39.298611111111114,38.11805555555556,23.28472222222222,39.28472222222222,30.76388888888889,15.166666666666666,-3.2,86.2,0.5243055555555555,1.0791666666666666,94.63194444444444,39.65277777777778,40.798611111111114,40.520833333333336,35.638888888888886,1290.0888888888887,0.9979166666666666,49.99791666666667,398.62361111111113,396.67291666666665,398.4326388888889,1084.1291666666666,1106.2472222222223,1079.5881944444445,2102.4,-46.0,37.78472222222222,0.3458333333333334,9.2375,197.78194444444443,-178.69722222222222,1.4,-261.0,4.5881944444444445,1316.240277777778,2000.0,176.0,203.86874999999998,-905.3819444444445,0.0,-1000.0,78.11180555555556,815.7736111111111,1000.0,0.0,111.08055555555556,55.201388888888886,81.42291666666667,T11,2.7,19.6,8.755555555555555,2.770555555555555,4.0,17.1,9.763194444444444,0.9572916666666667,10.0,15.0,12.42361111111111,1020.0,1023.0,1021.3472222222222,52.0,68.0,61.90972222222222,0.0,0.0,0.0,0.0,172.05555555555554,192.1875,421.3263888888889,,0
2017-12-05 00:00:00+00:00,1786.8,0.0,1610.4833333333333,62.04236111111111,61.44444444444444,81.85416666666667,82.0,81.64583333333333,32.84722222222222,55.59722222222222,64.45138888888889,25.02777777777778,15.8,0.0,14.26736111111111,40.0,0.6000000000000001,8.955555555555556,1.6979166666666667,-0.12222222222222223,96.81041666666667,14.48611111111111,-11.13888888888889,210933.89583333334,30372877.0,-8.291666666666666,-4539385,67.875,78.18055555555556,70.96527777777777,41.09722222222222,39.770833333333336,24.77777777777778,40.791666666666664,32.15277777777778,16.541666666666668,-3.2,86.1,-0.4666666666666668,1.5118055555555556,96.54861111111111,41.458333333333336,42.55555555555556,42.22222222222222,37.729166666666664,1265.5083333333334,0.9923611111111111,49.99791666666667,398.5423611111111,396.5340277777778,398.9861111111111,1071.1138888888888,1086.6986111111112,1054.523611111111,2102.1,-46.6,39.22222222222222,0.5493055555555556,9.15763888888889,226.57222222222222,-189.13888888888889,8.2,-224.2,4.631944444444445,1275.0555555555557,2000.0,0.0,224.44166666666666,-909.4881944444445,0.0,-1000.0,80.19236111111111,827.9979166666667,1000.0,0.0,107.86180555555556,49.18055555555556,96.94444444444444,T11,4.2,18.4,11.440972222222221,1.9427083333333333,3.9,17.6,10.714583333333334,0.9221527777777777,12.0,16.0,13.458333333333334,1022.0,1025.0,1023.4236111111111,57.0,72.0,64.34722222222223,0.0,0.0,0.0,0.0,225.9375,211.41666666666666,423.40972222222223,,0
2017-12-06 00:00:00+00:00,1876.2,0.0,1304.9666666666667,48.63055555555556,47.61805555555556,71.75694444444444,72.0,71.63194444444444,27.180555555555557,54.888888888888886,61.4375,26.48611111111111,16.0,0.0,11.539583333333333,36.4,0.5,8.320833333333333,1.3854166666666667,2.2104166666666667,96.9076388888889,14.527777777777779,-30.51388888888889,146087.5625,21032216.0,29.59722222222222,-3506301,64.88194444444444,72.51388888888889,65.61805555555556,40.5,40.729166666666664,24.069444444444443,42.833333333333336,29.82638888888889,16.506944444444443,-3.3,89.6,15.32222222222222,0.5166666666666667,88.26388888888889,40.486111111111114,41.55555555555556,41.229166666666664,38.31944444444444,876.2833333333333,0.9569444444444445,49.99305555555556,398.8173611111111,396.74930555555557,398.60833333333335,743.9430555555556,757.8458333333333,732.5465277777778,2101.2,-2.1,39.8125,0.4159722222222222,8.402083333333334,168.4263888888889,-146.09722222222223,1.0,-217.0,3.533333333333333,1056.2902777777776,2000.0,108.8,204.66597222222222,-797.1166666666667,0.0,-1000.0,25.04513888888889,765.7027777777778,1000.0,0.0,53.78958333333333,43.548611111111114,94.68194444444445,T11,2.8,15.6,9.146527777777777,1.5690277777777777,3.9,14.1,9.191666666666666,0.6109027777777778,12.0,17.0,13.659722222222221,1021.0,1024.0,1022.7291666666666,54.0,75.0,65.79861111111111,0.0,0.0,0.0,0.0,179.80555555555554,180.73611111111111,422.625,,0
2017-12-07 00:00:00+00:00,1695.0,0.0,760.841958041958,53.35944055944056,41.04195804195804,55.42657342657343,55.69230769230769,54.91608391608391,26.524475524475523,47.04895104895105,48.34965034965035,25.6013986013986,15.0,0.0,6.713286713286713,38.5,0.4,6.283216783216783,0.9454545454545455,4.508391608391609,83.45454545454545,14.797202797202797,-204.74125874125875,33240.79720279721,4724154.0,-28.3986013986014,-1294740,44.04895104895105,48.48251748251748,43.75524475524475,36.19580419580419,35.98601398601399,21.937062937062937,38.22377622377623,24.832167832167833,16.062937062937063,-3.2,90.0,37.5013986013986,1.5902097902097903,58.06993006993007,35.58041958041958,36.48251748251748,36.16783216783217,34.81118881118881,198.64475524475526,0.8440559440559441,49.9979020979021,399.56573426573425,397.2307692307692,397.55454545454546,181.6986013986014,196.686013986014,186.22867132867134,1482.8,-40.9,32.65734265734266,0.45104895104895104,6.287412587412588,50.455244755244756,-54.411188811188815,661.1,-799.1,29.295804195804198,499.2923076923077,2000.0,0.0,105.80489510489511,-456.8342657342657,0.0,-1000.0,55.67132867132867,456.8251748251748,1000.0,0.0,55.731468531468536,37.83216783216783,78.94125874125875,T11,1.7000000000000002,12.0,5.5875,0.9411111111111112,1.8,11.1,6.435416666666667,0.32625,12.0,17.0,13.875,1021.0,1023.0,1021.6736111111111,55.0,80.0,68.70833333333333,0.0,0.0,0.0,0.0,108.63888888888889,125.59722222222223,421.65972222222223,,0
2017-12-08 00:00:00+00:00,1626.2,0.0,633.1701388888889,39.53263888888889,32.09027777777778,41.52777777777778,42.15277777777778,41.888888888888886,25.875,40.375,42.958333333333336,23.756944444444443,14.4,0.0,5.502777777777777,34.4,0.4,3.211111111111111,0.7166666666666667,-0.10416666666666673,210.56180555555557,14.48611111111111,-482.27777777777777,9633.194444444445,1317730.0,-269.2361111111111,-646409,39.09027777777778,43.40972222222222,38.63194444444444,33.53472222222222,34.28472222222222,23.493055555555557,34.5625,20.791666666666668,17.319444444444443,-2.9,81.0,13.276388888888889,1.0618055555555557,53.520833333333336,33.270833333333336,33.9375,33.97222222222222,31.208333333333332,54.90763888888889,0.8,49.99861111111111,398.84791666666666,397.0423611111111,395.1166666666667,67.13402777777777,79.48958333333333,75.07638888888889,799.0,-48.2,29.34027777777778,0.3652777777777778,3.2840277777777778,21.646527777777777,-26.918750000000003,574.4,-797.3,32.96944444444445,62.544444444444444,824.4,0.0,23.54513888888889,-234.12291666666664,0.0,-1000.0,71.30694444444445,234.12291666666664,1000.0,0.0,71.30694444444445,29.395833333333332,175.67361111111111,T11,0.0,7.4,3.1041666666666665,0.13916666666666666,0.0,7.4,3.21875,0.13270833333333332,10.0,18.0,13.395833333333334,1020.0,1022.0,1021.0486111111111,30.0,86.0,64.24305555555556,0.0,0.0,0.0,0.0,58.71527777777778,61.048611111111114,421.02777777777777,,0
2017-12-09 00:00:00+00:00,1671.9,0.0,1079.0493055555555,88.49652777777777,37.638888888888886,50.61805555555556,51.673611111111114,51.22222222222222,26.930555555555557,44.38194444444444,49.958333333333336,24.625,14.8,0.0,9.567361111111111,19.4,0.4,4.275,0.8104166666666667,0.17777777777777778,301.9506944444445,15.92361111111111,-295.34027777777777,23475.993055555555,3338017.0,-280.6388888888889,-1355359,41.84722222222222,46.395833333333336,41.43055555555556,38.111111111111114,36.298611111111114,25.743055555555557,37.958333333333336,23.84027777777778,18.395833333333332,-3.2,89.6,4.293055555555556,2.4034722222222222,72.8125,37.63194444444444,38.8125,38.84027777777778,37.111111111111114,139.10069444444446,0.6875,49.99791666666667,398.3854166666667,396.15972222222223,395.15625,153.7736111111111,176.22083333333333,167.73055555555555,894.2,-45.4,34.166666666666664,0.7875000000000001,4.4125,43.28888888888889,-56.44305555555556,589.5,-707.6,73.48055555555555,145.84722222222223,930.8,0.0,44.453472222222224,-460.31041666666664,0.0,-1000.0,112.0951388888889,460.31041666666664,1000.0,0.0,112.0951388888889,33.736111111111114,301.78194444444443,T11,0.7000000000000001,8.1,4.478472222222222,0.16965277777777776,0.2,8.5,4.459027777777778,0.17423611111111112,12.0,17.0,14.895833333333334,1018.0,1021.0,1019.4930555555555,68.0,93.0,85.375,0.0,0.0,0.0,0.0,86.23611111111111,85.91666666666667,419.36805555555554,,0
2017-12-10 00:00:00+00:00,1797.4,0.0,1181.0270833333334,89.29166666666667,47.94444444444444,59.99305555555556,60.59722222222222,60.201388888888886,29.53472222222222,49.083333333333336,54.9375,25.770833333333332,15.9,0.0,10.436805555555557,38.6,0.4,5.864583333333333,1.2472222222222222,0.17222222222222225,271.64930555555554,16.694444444444443,-364.6666666666667,94572.43055555556,13565919.0,-318.1736111111111,-2184767,52.951388888888886,59.4375,53.43055555555556,39.333333333333336,38.125,26.38888888888889,39.90277777777778,27.28472222222222,18.86111111111111,-3.1,89.6,5.091666666666667,2.2652777777777775,78.69444444444444,39.18055555555556,40.354166666666664,40.25,37.6875,565.2750000000001,0.8159722222222222,49.99930555555555,398.64652777777775,396.41319444444446,396.12361111111113,492.8236111111112,515.8055555555555,502.64374999999995,2102.8,-50.0,37.111111111111114,0.8236111111111111,6.036111111111111,111.05069444444445,-91.03333333333333,649.9,-814.8,41.21666666666667,570.0194444444445,2000.0,0.0,112.20277777777778,-540.8291666666667,0.0,-1000.0,91.63888888888889,507.6111111111111,1000.0,0.0,101.46805555555555,39.826388888888886,271.47847222222225,T11,0.3,19.1,6.050000000000001,0.818125,0.3,18.8,6.078472222222222,0.8333333333333334,13.0,18.0,15.569444444444445,1004.0,1020.0,1013.9097222222222,72.0,96.0,88.09722222222223,0.0,4.0,0.16666666666666666,0.0,117.80555555555556,118.45833333333333,413.8611111111111,,0
2017-12-11 00:00:00+00:00,1878.6,0.0,1268.857638888889,77.11527777777778,58.78472222222222,75.83333333333333,76.02777777777777,75.82638888888889,38.25,52.361111111111114,59.125,26.28472222222222,16.4,0.0,11.181249999999999,40.4,0.4,8.947222222222223,2.029166666666667,-1.5840277777777778,279.86249999999995,14.57638888888889,-362.3125,156772.73611111112,22523102.0,-242.79861111111111,-3316010,61.354166666666664,71.17361111111111,64.42361111111111,38.81944444444444,39.15972222222222,24.97222222222222,40.208333333333336,30.895833333333332,17.5625,-3.2,89.7,9.383333333333333,2.361111111111111,87.93055555555556,38.99305555555556,40.00694444444444,39.78472222222222,35.90277777777778,938.4006944444445,0.9333333333333333,49.99861111111111,399.0736111111111,396.84166666666664,398.01874999999995,793.9979166666667,815.6312499999999,792.6263888888889,2103.6,-45.4,38.229166666666664,0.7034722222222222,9.024305555555555,95.02083333333333,-138.15069444444444,576.7,-652.0,13.020138888888889,1009.8694444444445,2000.0,0.0,83.01180555555555,-629.4138888888889,0.0,-1000.0,48.962500000000006,563.9916666666667,1000.0,0.0,50.89791666666667,45.81944444444444,281.44375,T11,0.0,25.8,9.477777777777778,2.0196527777777775,0.0,25.8,9.4875,2.062361111111111,9.0,18.0,13.597222222222221,991.0,1004.0,998.1180555555555,51.0,97.0,77.86805555555556,0.0,24.0,0.8472222222222222,0.0,186.55555555555554,186.83333333333334,398.06944444444446,,0
2017-12-12 00:00:00+00:00,1729.4,0.0,1263.045138888889,90.4625,43.71527777777778,54.541666666666664,55.548611111111114,55.166666666666664,24.67361111111111,51.68055555555556,57.09027777777778,21.555555555555557,15.3,0.0,11.172222222222222,44.1,0.4,5.389583333333333,1.3791666666666667,2.91875,193.1125,10.840277777777779,-150.15277777777777,60032.958333333336,8623121.0,-152.71527777777777,-2579941,45.645833333333336,50.833333333333336,45.298611111111114,35.138888888888886,34.708333333333336,20.458333333333332,36.326388888888886,22.53472222222222,12.86111111111111,-4.1,89.6,0.9472222222222223,1.6791666666666667,80.00694444444444,34.74305555555556,35.861111111111114,35.791666666666664,33.03472222222222,359.19722222222225,0.8263888888888888,49.99791666666667,398.64652777777775,396.2590277777778,397.09444444444443,324.0715277777778,343.5111111111111,322.19097222222223,2096.8,-50.0,32.97222222222222,0.8076388888888889,5.586111111111111,124.85624999999999,-107.51111111111112,740.3,-773.3,30.283333333333335,362.1534722222222,2000.0,0.0,126.04861111111111,-727.8451388888889,0.0,-1000.0,120.8097222222222,723.7895833333333,1000.0,0.0,125.45833333333333,34.520833333333336,197.69791666666666,T11,0.3,14.1,6.907638888888889,0.6841666666666666,0.4,13.7,6.774305555555555,0.6548611111111111,6.0,13.0,9.708333333333334,1001.0,1016.0,1008.4097222222222,43.0,86.0,63.736111111111114,0.0,0.0,0.0,0.0,134.95833333333334,132.26388888888889,408.3541666666667,,0
2017-12-13 00:00:00+00:00,1673.4,0.0,678.2506944444444,60.493750000000006,35.55555555555556,43.90972222222222,44.666666666666664,44.43055555555556,25.26388888888889,43.923611111111114,46.583333333333336,23.166666666666668,14.8,0.0,5.902777777777778,34.8,0.4,3.432638888888889,0.7493055555555556,-0.6048611111111112,68.96597222222222,13.38888888888889,-577.2291666666666,12521.861111111111,1720025.0,-431.3125,-903326,39.388888888888886,43.708333333333336,38.645833333333336,33.013888888888886,33.86805555555556,22.979166666666668,34.38194444444444,20.506944444444443,16.09027777777778,-2.8,86.2,16.58263888888889,1.7381944444444446,56.61805555555556,32.59722222222222,33.423611111111114,33.486111111111114,31.20138888888889,71.65972222222223,0.75,49.99930555555555,398.74652777777777,396.8173611111111,395.75,99.30347222222223,107.78888888888889,102.55277777777778,968.2,-50.0,29.90972222222222,0.538888888888889,3.466666666666667,29.11111111111111,-37.65208333333333,626.3,-1000.0,64.33888888888889,80.72777777777777,982.0,0.0,31.38819444444444,-264.90833333333336,0.0,-1000.0,66.71527777777777,264.90833333333336,1000.0,0.0,66.71527777777777,30.395833333333332,67.07430555555555,T11,0.0,9.1,3.2631944444444443,0.3378472222222222,0.3,8.1,3.404166666666667,0.22097222222222224,9.0,17.0,12.48611111111111,1016.0,1021.0,1018.7013888888889,35.0,70.0,50.125,0.0,0.0,0.0,0.0,61.94444444444444,64.75,418.6736111111111,,0
2017-12-14 00:00:00+00:00,1675.2,0.0,623.4333333333333,76.84930555555555,32.11805555555556,39.3125,39.8125,39.56944444444444,25.59027777777778,40.02777777777778,42.78472222222222,23.256944444444443,14.8,0.0,5.490972222222222,20.7,0.4,3.259027777777778,0.7625000000000001,-0.9604166666666667,288.3986111111111,13.833333333333334,-534.1180555555555,9388.138888888889,1274979.0,-325.0,-663922,38.125,42.05555555555556,37.326388888888886,31.67361111111111,33.03472222222222,23.15277777777778,33.020833333333336,20.243055555555557,16.88888888888889,-2.7,80.7,14.128472222222221,1.9083333333333334,46.30555555555556,31.395833333333332,32.076388888888886,32.13194444444444,29.229166666666668,53.109027777777776,0.8111111111111112,49.99861111111111,398.57708333333335,396.8548611111111,394.9118055555556,69.20208333333333,78.41736111111112,73.88194444444444,916.9,-50.0,27.833333333333332,0.7041666666666667,3.334722222222222,28.402083333333334,-27.632638888888888,671.8,-708.0,42.537499999999994,62.3138888888889,934.0,0.0,31.077777777777776,-202.4486111111111,0.0,-1000.0,72.23888888888888,202.4486111111111,1000.0,0.0,72.23888888888888,28.944444444444443,274.3611111111111,T11,0.0,9.4,3.4319444444444445,0.17222222222222222,0.0,9.3,3.4166666666666665,0.17145833333333335,10.0,16.0,12.847222222222221,1014.0,1020.0,1017.4444444444445,42.0,97.0,66.82638888888889,0.0,1.0,0.006944444444444444,0.0,65.46527777777777,65.07638888888889,417.3888888888889,,0
2017-12-15 00:00:00+00:00,1758.3,0.0,1282.9854166666667,102.92152777777778,52.201388888888886,61.166666666666664,61.86805555555556,61.423611111111114,28.4375,48.09027777777778,55.27777777777778,25.59722222222222,15.5,0.0,11.366666666666667,39.5,0.4,6.06875,1.2506944444444443,-0.34375,272.4375,16.32638888888889,-246.6875,95656.15277777778,13738959.0,-242.15277777777777,-2468103,52.61805555555556,58.951388888888886,53.0625,37.8125,37.673611111111114,25.78472222222222,39.40277777777778,27.67361111111111,18.319444444444443,-3.2,89.6,2.7416666666666667,2.4368055555555554,79.88194444444444,37.74305555555556,38.93055555555556,38.78472222222222,36.03472222222222,572.4645833333333,0.8006944444444444,49.99722222222223,399.02986111111113,396.5680555555556,396.83124999999995,504.15625,528.8041666666667,510.73541666666665,2101.7,-50.2,36.47222222222222,0.9208333333333333,6.18125,146.90069444444444,-102.84861111111111,623.8,-859.9,53.41597222222222,580.0638888888889,2000.0,0.0,144.6048611111111,-626.1868055555556,0.0,-1000.0,97.53680555555555,601.8548611111112,1000.0,0.0,113.72708333333334,40.354166666666664,272.7840277777778,T11,1.2,14.3,6.020833333333333,0.5100694444444445,1.0,15.6,6.073611111111111,0.5238194444444445,14.0,17.0,15.256944444444445,1007.0,1014.0,1009.9027777777778,81.0,97.0,92.93055555555556,0.0,12.0,0.18055555555555555,0.0,117.25694444444444,118.28472222222223,409.7638888888889,,0
2017-12-16 00:00:00+00:00,1702.2,0.0,1264.4180555555556,63.76944444444444,49.826388888888886,56.270833333333336,57.416666666666664,56.895833333333336,25.20138888888889,51.3125,57.05555555555556,21.95138888888889,15.1,0.0,11.190972222222221,35.7,0.4,5.572916666666667,1.1819444444444445,1.7270833333333333,169.52777777777777,12.625,-79.52777777777777,61527.65972222222,8848531.0,-38.291666666666664,-2655869,47.1875,52.763888888888886,47.173611111111114,35.708333333333336,35.49305555555556,22.32638888888889,37.236111111111114,23.833333333333332,14.631944444444445,-3.3,86.1,3.5243055555555554,0.9270833333333334,81.75694444444444,35.21527777777778,36.326388888888886,36.24305555555556,33.645833333333336,368.69722222222225,0.8861111111111112,49.99722222222223,398.46666666666664,395.6791666666667,396.25069444444443,321.7902777777778,351.9888888888889,328.10555555555555,1691.3,-50.0,33.77777777777778,0.5687500000000001,5.793055555555556,99.35763888888889,-110.65833333333333,602.9,-895.7,23.84375,372.25208333333336,1725.7,0.0,101.51666666666667,-803.5374999999999,0.0,-1000.0,95.92777777777778,803.4590277777778,1000.0,0.0,96.27430555555556,34.513888888888886,185.30347222222224,T11,0.0,11.1,5.516666666666667,0.6034722222222223,0.0,11.2,5.447222222222222,0.5771527777777777,7.0,17.0,11.541666666666666,1007.0,1015.0,1010.1458333333334,42.0,95.0,67.73611111111111,0.0,1.0,0.006944444444444444,0.0,107.14583333333333,105.84027777777777,410.0763888888889,,0
2017-12-17 00:00:00+00:00,1690.5,32.9,1171.0986111111113,74.89444444444445,41.4375,52.236111111111114,53.486111111111114,52.84722222222222,25.34027777777778,49.173611111111114,54.548611111111114,22.92361111111111,15.0,0.0,10.379861111111111,35.9,0.4,4.725,0.890277777777778,0.41250000000000003,59.322916666666664,13.270833333333334,-176.71527777777777,33180.65972222222,4752567.0,-179.25694444444446,-1926654,41.326388888888886,45.94444444444444,40.86805555555556,35.84027777777778,35.09722222222222,23.04861111111111,36.80555555555556,22.5,15.86111111111111,-3.2,84.8,2.079861111111111,1.8187499999999999,77.20833333333333,35.27777777777778,36.423611111111114,36.423611111111114,34.19444444444444,198.0701388888889,0.7104166666666667,49.99861111111111,398.5625,395.8618055555555,395.9611111111111,210.74374999999998,234.3201388888889,218.8138888888889,1148.3,-50.0,33.263888888888886,0.6666666666666666,4.814583333333333,52.34166666666667,-80.23611111111111,551.6,-954.1,86.95555555555556,202.08194444444445,1176.5,0.0,52.761805555555554,-597.379861111111,0.0,-1000.0,101.87152777777777,597.379861111111,1000.0,0.0,101.87152777777777,32.451388888888886,58.91180555555555,T11,0.0,9.7,3.5284722222222222,0.41888888888888887,0.0,8.7,3.839583333333333,0.3542361111111111,9.0,19.0,12.277777777777779,1015.0,1022.0,1018.1111111111111,41.0,70.0,55.048611111111114,0.0,0.0,0.0,0.0,67.32638888888889,73.47916666666667,418.0625,,0
2017-12-18 00:00:00+00:00,1712.9,20.1,1170.5895833333334,69.76111111111112,49.3125,56.13194444444444,56.93055555555556,56.5625,25.020833333333332,50.09722222222222,55.4375,22.20138888888889,15.1,0.0,10.313194444444443,22.4,0.4,5.815972222222222,0.9888888888888889,-1.8034722222222221,70.90347222222222,13.375,-265.06944444444446,80259.36111111111,11519181.0,-190.59027777777777,-2159933,48.986111111111114,55.24305555555556,49.354166666666664,34.90972222222222,35.28472222222222,23.256944444444443,36.68055555555556,24.27777777777778,15.680555555555555,-3.2,84.5,4.147222222222222,1.176388888888889,76.96527777777777,34.701388888888886,35.6875,35.583333333333336,32.52777777777778,479.9736111111111,0.9041666666666666,49.99583333333333,398.6333333333333,396.41319444444446,396.43958333333336,411.36527777777775,434.54375000000005,415.84722222222223,2097.7,-37.6,33.5,0.6388888888888888,5.85,80.72222222222223,-89.98611111111111,479.6,-547.9,16.601388888888888,484.22222222222223,2000.0,0.0,81.99722222222222,-691.1791666666667,0.0,-1000.0,45.983333333333334,671.6097222222222,1000.0,0.0,53.03263888888889,38.041666666666664,67.70208333333333,T11,1.0,12.4,4.875,0.7172916666666667,1.0,11.1,5.311111111111111,0.399375,11.0,16.0,12.368055555555555,1019.0,1022.0,1020.6736111111111,49.0,81.0,66.59027777777777,0.0,0.0,0.0,0.0,94.26388888888889,103.08333333333333,420.63194444444446,,0
2017-12-19 00:00:00+00:00,1754.9,0.0,1223.5208333333333,97.4986111111111,47.854166666666664,57.354166666666664,58.104166666666664,57.74305555555556,27.11111111111111,49.423611111111114,55.49305555555556,24.020833333333332,15.5,0.0,10.829166666666667,23.5,0.4,5.511805555555556,1.1687500000000002,-0.22986111111111107,133.16319444444446,14.222222222222221,-216.13888888888889,68956.0,9898545.0,-211.59722222222223,-2519624,48.229166666666664,53.59027777777778,47.923611111111114,37.270833333333336,36.625,23.46527777777778,37.88194444444444,25.180555555555557,16.02777777777778,-2.9,89.6,2.959722222222222,2.654166666666667,76.88194444444444,36.916666666666664,38.05555555555556,37.97222222222222,35.423611111111114,412.49375,0.7937500000000001,49.99722222222223,398.6173611111111,396.2347222222222,396.7972222222222,374.6097222222222,395.2888888888889,376.64374999999995,2101.8,-50.1,34.68055555555556,0.8729166666666667,5.624305555555555,123.86874999999999,-104.98750000000001,602.9,-853.9,51.168055555555554,426.0388888888889,2000.0,0.0,119.80833333333334,-631.1708333333333,0.0,-1000.0,140.95069444444445,616.2798611111111,1000.0,0.0,153.29861111111111,39.763888888888886,135.89583333333334,T11,0.2,15.8,5.876388888888889,0.8917361111111111,0.3,15.0,5.653472222222223,0.7261111111111112,8.0,20.0,13.083333333333334,1017.0,1022.0,1018.5277777777778,34.0,83.0,56.80555555555556,0.0,0.0,0.0,0.0,114.39583333333333,109.875,418.46527777777777,,0
2017-12-20 00:00:00+00:00,1696.0,0.0,1001.03125,83.47777777777777,41.21527777777778,49.229166666666664,50.06944444444444,49.770833333333336,26.34027777777778,46.09027777777778,50.708333333333336,23.42361111111111,15.0,0.0,8.83125,35.0,0.4,4.576388888888889,0.8472222222222222,-0.8652777777777778,100.63819444444444,14.666666666666666,-404.4236111111111,33992.59027777778,4836696.0,-350.77777777777777,-1526354,43.513888888888886,48.36805555555556,43.27777777777778,36.611111111111114,35.5,24.395833333333332,37.111111111111114,22.96527777777778,17.20138888888889,-3.1,89.6,6.455555555555556,2.2652777777777775,70.43055555555556,36.09027777777778,37.173611111111114,37.1875,35.333333333333336,201.51805555555555,0.8090277777777778,50.00277777777777,398.71180555555554,396.5159722222222,396.08958333333334,189.4451388888889,207.55208333333334,194.56805555555556,1510.8,-50.9,33.0625,0.7562500000000001,4.597916666666666,46.59166666666667,-63.614583333333336,613.6,-845.1,36.8875,208.76944444444445,1524.8,0.0,48.12361111111111,-517.0743055555555,0.0,-1000.0,80.58333333333333,517.0569444444444,1000.0,0.0,80.67222222222222,33.576388888888886,96.49791666666667,T11,0.2,12.1,4.442361111111111,0.5304166666666666,0.3,10.4,4.6194444444444445,0.300625,11.0,17.0,13.631944444444445,1022.0,1025.0,1022.9513888888889,44.0,75.0,61.0625,0.0,0.0,0.0,0.0,85.61111111111111,89.13888888888889,422.90277777777777,,0
2017-12-21 00:00:00+00:00,1729.4,0.0,1054.9381944444444,85.70347222222222,45.736111111111114,54.333333333333336,54.916666666666664,54.666666666666664,26.17361111111111,48.229166666666664,53.27777777777778,23.520833333333332,15.3,0.0,9.274305555555555,39.4,0.4,5.353472222222222,1.05625,1.6736111111111112,88.20972222222223,14.1875,-250.14583333333334,63568.54861111111,9117849.0,-102.625,-2074040,46.11805555555556,50.986111111111114,45.55555555555556,35.791666666666664,35.833333333333336,24.65972222222222,36.986111111111114,24.479166666666668,17.208333333333332,-3.1,63.8,6.18125,0.9513888888888888,67.69444444444444,35.666666666666664,36.50694444444444,36.451388888888886,33.56944444444444,379.90416666666664,0.9388888888888888,49.99791666666667,398.78541666666666,396.55555555555554,396.5673611111111,325.0881944444444,344.49583333333334,330.36527777777775,2096.9,-49.9,32.951388888888886,0.788888888888889,5.425694444444444,110.02847222222222,-86.41597222222222,407.6,-807.1,9.838888888888889,384.97569444444446,2000.0,0.0,112.08125000000001,-645.3284722222222,0.0,-1000.0,39.34722222222222,640.4701388888889,1000.0,0.0,45.828472222222224,38.923611111111114,86.53680555555555,T11,0.6000000000000001,12.7,5.532638888888889,0.7095138888888889,0.5,12.7,5.329861111111111,0.4935416666666667,9.0,17.0,13.215277777777779,1023.0,1029.0,1025.75,47.0,81.0,63.166666666666664,0.0,0.0,0.0,0.0,107.55555555555556,103.42361111111111,425.7013888888889,,0
2017-12-22 00:00:00+00:00,1642.6,0.0,935.2305555555556,74.57638888888889,37.74305555555556,47.375,48.201388888888886,47.888888888888886,26.243055555555557,46.1875,50.041666666666664,23.479166666666668,14.6,0.0,8.231944444444444,35.7,0.4,4.004861111111111,0.7506944444444446,0.034722222222222196,187.3861111111111,14.784722222222221,-399.30555555555554,18902.36111111111,2664440.0,-304.9583333333333,-1144215,41.80555555555556,46.458333333333336,41.40277777777778,35.833333333333336,34.90277777777778,23.98611111111111,36.52777777777778,22.944444444444443,16.90972222222222,-3.1,89.6,7.334722222222222,2.134027777777778,66.68055555555556,35.458333333333336,36.479166666666664,36.513888888888886,34.68055555555556,111.02569444444445,0.7048611111111112,49.99861111111111,398.53125,396.375,395.54305555555555,141.17152777777778,155.97430555555556,148.4486111111111,867.4,-47.8,32.15277777777778,0.6701388888888888,4.014583333333333,22.093055555555555,-47.610416666666666,648.9,-959.1,91.98055555555555,117.98611111111111,885.4,0.0,23.56736111111111,-377.92083333333335,0.0,-1000.0,65.48194444444444,377.92083333333335,1000.0,0.0,65.48194444444444,32.333333333333336,187.35902777777778,T11,0.0,9.8,4.063888888888889,0.218125,0.0,9.4,4.151388888888889,0.14298611111111112,11.0,17.0,13.61111111111111,1024.0,1030.0,1027.2152777777778,46.0,82.0,66.09722222222223,0.0,0.0,0.0,0.0,78.00694444444444,79.77083333333333,427.1666666666667,,0
2017-12-23 00:00:00+00:00,1704.0,0.0,857.7069444444445,119.04027777777777,38.31944444444444,46.333333333333336,46.958333333333336,46.69444444444444,26.729166666666668,43.361111111111114,47.229166666666664,23.569444444444443,15.1,0.0,7.5368055555555555,21.9,0.4,4.151388888888889,0.8604166666666667,-3.6770833333333326,171.9986111111111,14.61111111111111,-476.43055555555554,36073.28472222222,5125950.0,-352.18055555555554,-1235646,42.03472222222222,46.625,41.513888888888886,34.93055555555556,34.4375,25.42361111111111,35.666666666666664,22.34027777777778,18.03472222222222,-3.1,89.6,9.72013888888889,3.009722222222222,59.50694444444444,34.72222222222222,35.59027777777778,35.576388888888886,33.083333333333336,213.58472222222224,0.7770833333333333,50.0,398.99652777777777,396.74583333333334,395.62430555555557,211.04166666666666,226.1673611111111,218.6138888888889,1871.0,-51.0,31.270833333333332,1.0527777777777778,4.197222222222222,50.87222222222223,-51.50902777777778,621.2,-752.6,61.94583333333334,222.6326388888889,1891.4,0.0,52.16458333333333,-333.70208333333335,0.0,-1000.0,63.12013888888888,331.06875,1000.0,0.0,66.37569444444445,33.59027777777778,128.1638888888889,T11,0.4,13.8,4.2243055555555555,0.5175694444444444,0.0,13.8,4.057638888888889,0.5089583333333334,9.0,16.0,13.590277777777779,1022.0,1025.0,1022.9930555555555,59.0,95.0,80.60416666666667,0.0,0.0,0.0,0.0,81.25694444444444,77.93055555555556,422.9583333333333,,0
2017-12-24 00:00:00+00:00,1753.1,1191.5,1490.959027777778,79.44861111111112,54.8125,65.17361111111111,66.02083333333333,65.70138888888889,27.041666666666668,54.416666666666664,61.40277777777778,24.5625,15.4,10.6,13.20625,29.8,0.4,7.156944444444444,1.327777777777778,0.14722222222222223,115.34375,15.61111111111111,0.0,115133.10416666667,16579167.0,0.0,-3571512,59.604166666666664,66.02083333333333,59.3125,40.25694444444444,39.94444444444444,25.32638888888889,41.798611111111114,29.5,17.32638888888889,-3.1,7.2,-1.7951388888888888,0.4388888888888889,91.09027777777777,40.18055555555556,41.31944444444444,41.173611111111114,38.361111111111114,690.8479166666667,0.9604166666666667,49.99930555555555,399.1486111111111,396.4847222222222,398.34166666666664,587.5250000000001,613.9930555555555,580.0666666666667,2100.2,-22.3,39.06944444444444,0.7,7.1506944444444445,183.825,-148.80347222222224,0.5,-237.0,5.1625,690.6020833333333,2000.0,0.0,184.5236111111111,-950.313888888889,0.0,-1000.0,54.64375,935.4298611111111,1000.0,0.0,71.77916666666667,49.88194444444444,115.1902777777778,T11,1.5,16.6,7.8374999999999995,1.5771527777777778,1.5,14.9,7.548611111111111,1.2861805555555557,13.0,17.0,14.722222222222221,1019.0,1024.0,1021.0347222222222,59.0,83.0,73.78472222222223,0.0,0.0,0.0,0.0,153.61805555555554,147.90277777777777,420.97222222222223,,0
2017-12-25 00:00:00+00:00,1748.1,0.0,1375.9416666666666,63.93541666666667,41.25,57.361111111111114,58.451388888888886,58.02777777777778,25.868055555555557,51.59027777777778,58.173611111111114,22.430555555555557,15.5,0.0,12.188194444444443,70.0,0.4,6.2444444444444445,1.265277777777778,-0.275,181.5923611111111,14.86111111111111,-23.020833333333332,74355.30555555556,10703849.0,-6.375,-2518261,48.416666666666664,54.09722222222222,48.541666666666664,37.46527777777778,36.69444444444444,24.375,38.798611111111114,26.5,16.67361111111111,-3.1,89.6,-1.3986111111111112,0.7729166666666667,86.15972222222223,37.18055555555556,38.298611111111114,38.208333333333336,35.625,445.9798611111111,0.9319444444444444,49.99861111111111,399.16805555555555,396.4798611111111,396.90833333333336,374.65,410.33958333333334,390.0423611111111,2098.0,-51.0,35.43055555555556,0.5625,6.271527777777778,91.82361111111112,-104.91666666666667,763.5,-848.0,18.38888888888889,448.0423611111111,2000.0,0.0,93.46458333333334,-921.3916666666667,0.0,-1000.0,53.295138888888886,917.7715277777778,1000.0,0.0,55.56805555555556,41.18055555555556,181.85277777777776,T11,0.9,13.5,4.9743055555555555,0.600625,0.9,13.7,4.887499999999999,0.649513888888889,12.0,16.0,13.819444444444445,1017.0,1020.0,1018.3888888888889,67.0,94.0,82.45833333333333,0.0,9.0,0.2986111111111111,0.0,96.29166666666667,94.5625,418.3611111111111,,0
2017-12-26 00:00:00+00:00,1761.2,0.0,1377.2305555555556,55.45416666666667,41.979166666666664,59.72222222222222,60.736111111111114,60.201388888888886,26.854166666666668,51.31944444444444,57.916666666666664,23.02777777777778,15.5,0.0,12.206944444444444,42.8,0.4,6.057638888888889,1.1277777777777778,-0.601388888888889,273.7736111111111,15.430555555555555,-67.32638888888889,83489.52777777778,12012797.0,-43.701388888888886,-2664181,51.388888888888886,57.423611111111114,51.6875,35.701388888888886,36.50694444444444,25.03472222222222,38.270833333333336,27.354166666666668,17.29861111111111,-3.0,89.6,-0.8611111111111112,0.9618055555555556,85.48611111111111,35.548611111111114,36.6875,36.59027777777778,33.604166666666664,500.5270833333333,0.8805555555555555,49.99861111111111,398.41041666666666,396.03194444444443,396.02916666666664,431.2840277777778,465.65277777777777,446.22222222222223,2101.2,-50.1,35.201388888888886,0.49097222222222225,6.277083333333334,103.72777777777777,-110.97430555555555,617.9,-874.1,35.145833333333336,501.25694444444446,2000.0,0.0,104.08333333333333,-829.2923611111112,0.0,-1000.0,82.54166666666667,818.7402777777778,1000.0,0.0,88.07708333333333,40.25,274.3840277777778,T11,1.4,12.9,5.704166666666667,0.4620833333333334,1.4,13.0,5.734027777777778,0.47458333333333336,13.0,16.0,14.29861111111111,1014.0,1018.0,1016.4097222222222,60.0,96.0,79.91666666666667,0.0,18.0,0.375,0.0,110.85416666666667,111.45833333333333,416.3611111111111,,0
2017-12-27 00:00:00+00:00,1827.0,61.0,1587.3590277777778,55.82361111111111,64.45138888888889,86.08333333333333,86.22916666666667,85.84722222222223,38.138888888888886,55.201388888888886,64.07638888888889,27.98611111111111,16.1,0.0,14.064583333333333,38.2,0.4,9.245833333333334,2.020138888888889,-0.25416666666666665,283.53125,16.26388888888889,-27.368055555555557,213412.78472222222,30727501.0,-19.86111111111111,-4401585,67.22916666666667,78.42361111111111,70.93055555555556,42.854166666666664,41.916666666666664,26.17361111111111,42.99305555555556,34.69444444444444,18.28472222222222,-3.1,84.2,0.6041666666666666,1.7458333333333333,100.20138888888889,43.21527777777778,44.34027777777778,43.923611111111114,39.638888888888886,1280.2604166666667,0.9770833333333333,49.99930555555555,399.0729166666667,396.55625,398.09027777777777,1073.4263888888888,1106.7659722222222,1075.5472222222222,2105.6,-43.7,41.75,0.4847222222222222,9.43611111111111,193.91250000000002,-183.39999999999998,422.3,-649.2,9.316666666666666,1278.0069444444443,2000.0,0.0,193.70833333333334,-834.7333333333333,0.0,-1000.0,90.88611111111112,746.0180555555556,1000.0,0.0,109.48958333333333,58.020833333333336,283.78819444444446,T11,2.3,22.1,10.100694444444445,1.4678472222222223,2.4,22.1,10.152777777777779,1.4879861111111112,12.0,17.0,15.277777777777779,1010.0,1015.0,1011.8333333333334,68.0,95.0,79.34722222222223,0.0,6.0,0.10416666666666667,0.0,198.92361111111111,200.07638888888889,411.75694444444446,,0
2017-12-28 00:00:00+00:00,1767.2,1192.6,1529.5180555555555,75.91111111111111,58.104166666666664,71.52777777777777,72.22916666666667,71.68055555555556,30.13888888888889,53.125,61.5,26.9375,15.6,10.6,13.55,39.8,0.5,7.684722222222222,1.6041666666666667,-0.4041666666666666,274.7034722222222,16.881944444444443,0.0,151527.13194444444,21819907.0,0.0,-3990882,61.770833333333336,70.15277777777777,63.84027777777778,41.263888888888886,40.77777777777778,26.444444444444443,42.50694444444444,31.444444444444443,18.5625,-3.3,8.1,-1.5555555555555556,0.6305555555555555,93.59722222222223,41.333333333333336,42.46527777777778,42.270833333333336,39.013888888888886,909.2243055555556,0.9652777777777778,49.99722222222223,398.6,396.13125,396.99861111111113,765.6673611111112,800.995138888889,775.245138888889,2101.9,-17.5,40.048611111111114,0.6680555555555556,7.879166666666666,221.21458333333334,-166.28750000000002,556.7,-767.7,14.043055555555556,908.2118055555555,2000.0,0.0,221.51041666666666,-939.8159722222222,0.0,-1000.0,62.00277777777777,903.0527777777778,1000.0,0.0,86.75694444444444,48.19444444444444,275.0986111111111,T11,2.0,13.9,8.146527777777777,0.7185416666666666,2.2,14.2,8.234027777777778,0.7263888888888889,14.0,17.0,15.868055555555555,1011.0,1016.0,1013.2569444444445,75.0,96.0,86.6875,0.0,2.0,0.041666666666666664,0.0,159.95138888888889,161.58333333333334,413.18055555555554,,0
2017-12-29 00:00:00+00:00,1688.7,0.0,1148.978472222222,92.57569444444444,41.111111111111114,55.09722222222222,56.270833333333336,55.80555555555556,28.881944444444443,47.333333333333336,52.736111111111114,25.84722222222222,15.0,0.0,10.176388888888887,42.8,0.4,4.434722222222223,0.9090277777777778,-0.2722222222222222,304.04375000000005,16.979166666666668,-223.61111111111111,27772.444444444445,3967031.0,-218.36111111111111,-1696558,45.72222222222222,50.65972222222222,45.75694444444444,39.013888888888886,38.666666666666664,26.78472222222222,40.208333333333336,26.13888888888889,19.42361111111111,-3.1,89.6,2.3680555555555554,2.4965277777777777,81.20138888888889,38.361111111111114,39.513888888888886,39.55555555555556,37.895833333333336,165.30902777777777,0.7638888888888888,50.00069444444445,398.32916666666665,396.07430555555555,395.5798611111111,162.30555555555554,187.76319444444445,172.44305555555556,1183.9,-45.7,36.55555555555556,0.8270833333333333,4.655555555555555,60.0326388888889,-70.63263888888889,592.3,-907.3,47.273611111111116,169.26388888888889,1211.4,0.0,60.729166666666664,-591.0965277777777,0.0,-1000.0,145.06736111111113,591.0965277777777,1000.0,0.0,145.06736111111113,38.46527777777778,304.3041666666667,T11,1.0,9.7,5.180555555555555,0.2525,1.0,9.6,5.152777777777778,0.2559722222222222,14.0,18.0,16.006944444444443,1016.0,1020.0,1018.0486111111111,58.0,95.0,81.49305555555556,0.0,0.0,0.0,0.0,100.41666666666667,99.84722222222223,417.9791666666667,,0
2017-12-30 00:00:00+00:00,1447.9,0.0,402.17777777777775,33.25902777777778,30.04861111111111,37.611111111111114,38.020833333333336,37.86805555555556,28.395833333333332,38.375,39.24305555555556,25.569444444444443,12.8,0.0,3.2993055555555553,37.9,0.4,2.408333333333333,0.5944444444444446,1.3756944444444446,188.08680555555554,17.145833333333332,-612.9930555555555,3008.9305555555557,345013.0,-290.80555555555554,-397901,40.770833333333336,45.145833333333336,40.229166666666664,33.0,34.111111111111114,26.59722222222222,35.763888888888886,21.916666666666668,19.819444444444443,-2.4,45.7,17.55625,0.7298611111111112,46.81944444444444,32.40972222222222,33.361111111111114,33.486111111111114,32.048611111111114,14.375,0.8131944444444446,49.99930555555555,398.41041666666666,397.11249999999995,394.3256944444445,38.40694444444444,44.22569444444444,41.20972222222222,328.9,-44.6,30.180555555555557,0.3020833333333333,2.4437499999999996,11.50138888888889,-16.58888888888889,626.3,-947.4,39.860416666666666,20.313194444444445,330.7,0.0,11.496527777777779,-87.80347222222223,0.0,-1000.0,44.95625,87.80347222222223,1000.0,0.0,44.95625,29.305555555555557,159.21875,T11,0.0,7.9,2.763888888888889,0.14020833333333335,0.0,7.8,2.7618055555555556,0.1320138888888889,13.0,20.0,15.791666666666666,1018.0,1021.0,1019.0694444444445,67.0,97.0,81.63888888888889,0.0,1.0,0.013888888888888888,0.0,51.99305555555556,51.888888888888886,419.0208333333333,,0
2017-12-31 00:00:00+00:00,1688.5,0.0,959.7708333333334,97.24583333333334,36.138888888888886,47.111111111111114,47.94444444444444,47.55555555555556,27.9375,43.083333333333336,48.083333333333336,24.23611111111111,15.0,0.0,8.386805555555556,22.2,0.4,4.386111111111111,0.9104166666666667,-3.377083333333333,241.18888888888887,16.458333333333332,-292.9375,35434.27777777778,5060355.0,-180.80555555555554,-1509089,42.645833333333336,47.291666666666664,42.236111111111114,36.416666666666664,35.90972222222222,26.57638888888889,37.451388888888886,24.041666666666668,19.40277777777778,-3.1,89.6,6.9625,1.9666666666666666,63.90972222222222,36.0625,36.958333333333336,36.916666666666664,34.736111111111114,210.83680555555554,0.83125,50.0,398.66041666666666,396.3513888888889,394.9715277777778,197.54097222222222,222.8111111111111,213.56180555555557,1455.0,-42.5,32.486111111111114,0.9208333333333333,4.541666666666667,66.58958333333334,-62.86944444444445,581.9,-947.5,49.94444444444444,216.7,1468.2,0.0,67.24930555555555,-516.0076388888889,0.0,-1000.0,67.21041666666666,516.0027777777777,1000.0,0.0,67.24791666666667,35.236111111111114,244.5701388888889,T11,0.0,9.9,4.536111111111111,0.25375,0.0,10.1,4.552777777777778,0.268125,12.0,18.0,15.38888888888889,1018.0,1026.0,1020.6527777777778,66.0,97.0,87.65277777777777,0.0,0.0,0.0,0.0,87.49305555555556,87.875,420.59027777777777,,0
